0.0  55.24763364862561
1.68  24.571283353660288
3.36  8.571806112595556
5.04  34.04912853400355
6.72  58.32745810360176
8.4  40.739375452589684
10.08  10.745800905465146
11.76  18.587475736483817
13.44  17.79586808093819
15.12  20.52862242053258
16.8  0.0
18.48  0.0
20.16  3.2795965441014676
21.84  25.209424945695257
23.52  4.912202537472721
25.2  0.0
26.88  0.0
28.56  19.52361061290842
30.24  18.929504826297457
31.919999999999998  0.0
33.6  0.0
35.28  5.809299345193409
36.96  25.162618294169302
38.64  2.367289921567247
40.32  0.0
42.0  0.0
43.68  21.04836273000668
45.36  17.13357383959127
47.04  0.0
48.72  0.0
50.4  8.278601838802349
52.08  24.854191472682476
53.76  0.0
55.44  0.0
57.12  0.0
58.8  22.35427131617955
60.48  15.15950207089051
62.16  0.0
63.839999999999996  0.0
65.52  10.661830252409537
67.2  24.287351249167802
68.88  0.0
70.56  0.0
72.24  0.0
73.92  23.427758610072047
75.6  13.02781429172774
77.28  0.0
78.96  0.0
80.64  12.934205740851622
82.32  23.467991161169216
84.0  0.0
85.67999999999999  0.0
87.36  0.0
89.03999999999999  24.257663375401066
90.72  10.760674035029663
92.39999999999999  0.0
94.08  0.0
95.75999999999999  15.072102016332396
97.44  22.40463023969404
99.11999999999999  0.0
100.8  0.0
102.47999999999999  0.0
104.16  24.835356946293444
105.83999999999999  8.381653156965955
107.52  0.0
109.2  0.0
110.88  17.05329099509756
112.56  21.10832443534973
114.24  0.0
115.92  0.0
117.6  2.2585726611471095
119.28  25.15483294104299
120.96  5.915486756212529
122.64  0.0
124.32  0.0
126.0  18.85717390672858
127.67999999999999  19.59255166767892
129.35999999999999  0.0
131.04  0.0
132.72  4.805069963977084
134.4  25.212769711517957
136.07999999999998  3.387815998780022
137.76  0.0
139.44  0.0
141.12  20.46499546318664
142.79999999999998  17.87307169285896
144.48  0.0
146.16  0.0
147.84  7.301608108902181
149.51999999999998  25.008564878921398
151.2  0.8249215222951847
152.88  0.0
154.56  0.0
156.23999999999998  21.860038860839865
157.92  15.967762246743792
159.6  0.0
161.28  0.0
162.96  9.72223014954487
164.64  24.544341596829177
166.32  0.0
168.0  0.0
