0.0  0.6350230086583486  100.0
0.12  0.6302283759609758
0.24  0.6252340050330609
0.36  0.6200414787401964
0.48  0.6146524427493395
0.6  0.6090686050072508
0.72  0.6032917351991948
0.84  0.5973236641880738
0.96  0.5911662834341725
1.08  0.5848215443956983
1.2  0.5782914579103047
1.3199999999999998  0.5715780935577972
1.44  0.5646835790042221
1.56  0.5576100993275444
1.68  0.550359896325132
1.7999999999999998  0.5429352678032632
1.92  0.5353385668488817
2.04  0.5275722010838348
2.16  0.5196386319018248
2.28  0.5115403736883204
2.4  0.5032799930236717
2.52  0.49486010786968515
2.6399999999999997  0.4862833867399128
2.76  0.47755254785392
2.88  0.46867035827580106
3.0  0.4596396330372131
3.12  0.4504632342452092
3.2399999999999998  0.44114407017514995
3.36  0.4316850943489845
3.48  0.4220893045991915
3.5999999999999996  0.41235974211867543
3.7199999999999998  0.40249949049692224
3.84  0.39251167474271714
3.96  0.38239946029373606
4.08  0.372166052013324
4.2  0.361814693174777
4.32  0.3513486644334528
4.4399999999999995  0.3407712827870325
4.56  0.33008590052426456
4.68  0.31929590416252485
4.8  0.3084047133745272
4.92  0.29741577990452733
5.04  0.28633258647436177
5.16  0.2751586456796685
5.279999999999999  0.2638974988766413
5.3999999999999995  0.2525527150596668
5.52  0.24112788973020452
5.64  0.22962664375726421
5.76  0.21805262222984403
5.88  0.20640949330169353
6.0  0.19470094702876475
6.12  0.1829306941997243
6.24  0.1711024651598927
6.359999999999999  0.15922000862898653
6.4799999999999995  0.1472870905130366
6.6  0.13530749271086026
6.72  0.12328501191546434
6.84  0.11122345841075906
6.96  0.09912665486396594
7.08  0.08699843511409872
7.199999999999999  0.0748426429569069
7.319999999999999  0.0626631309266601
7.4399999999999995  0.05046375907516612
7.56  0.03824839374840405
7.68  0.026020906361163998
7.8  0.013785172170079518
7.92  0.0015450690454433536
8.04  0.0
8.16  0.0
8.28  0.0
8.4  0.0
8.52  0.0
8.64  0.0
8.76  0.0
8.879999999999999  0.0
9.0  0.0
9.12  0.0
9.24  0.0
9.36  0.0
9.48  0.0
9.6  0.0
9.719999999999999  0.0
9.84  0.0
9.959999999999999  0.0
10.08  0.0
10.2  0.0
10.32  0.0
10.44  0.0
10.559999999999999  0.0
10.68  0.0
10.799999999999999  0.0
10.92  0.0
11.04  0.0
11.16  0.0
11.28  0.0
11.4  0.0
11.52  0.0
11.639999999999999  0.0
11.76  0.0
11.879999999999999  0.0
12.0  0.0
12.12  0.0
12.24  0.0
12.36  0.0
12.48  0.0
12.6  0.0
12.719999999999999  0.0
12.84  0.0
12.959999999999999  0.0
13.08  0.0
13.2  0.0
13.32  0.0
13.44  0.0
13.559999999999999  0.0
13.68  0.0
13.799999999999999  0.0
13.92  0.0
14.04  0.0
14.16  0.0
14.28  0.0
14.399999999999999  0.0
14.52  0.0
14.639999999999999  0.0
14.76  0.0
14.879999999999999  0.0
15.0  0.0
15.12  0.0
15.24  0.0
15.36  0.0
15.479999999999999  0.0
15.6  0.0
15.719999999999999  0.0
15.84  0.0
15.959999999999999  0.0
16.08  0.0
16.2  0.0
16.32  0.0
16.439999999999998  0.0
16.56  0.0
16.68  0.0
16.8  0.0
16.919999999999998  0.0
17.04  0.0
17.16  0.0
17.28  0.0
17.4  0.0
17.52  0.0
17.64  0.0
17.759999999999998  0.0
17.88  0.0
18.0  0.0
18.12  0.0
18.24  0.0
18.36  0.0
18.48  0.0
18.599999999999998  0.0
18.72  0.0
18.84  0.0
18.96  0.0
19.08  0.0
19.2  0.0
19.32  0.0
19.439999999999998  0.0
19.56  0.0
19.68  0.0
19.8  0.0
19.919999999999998  0.0
20.04  0.0
20.16  0.0
20.279999999999998  0.0
20.4  0.0
20.52  0.0
20.64  0.0
20.759999999999998  0.0
20.88  0.0
21.0  0.0
21.119999999999997  0.0
21.24  0.0
21.36  0.0
21.48  0.0
21.599999999999998  0.0
21.72  0.0
21.84  0.0
21.96  0.0
22.08  0.0
22.2  0.0
22.32  0.0
22.439999999999998  0.0
22.56  0.0
22.68  0.0
22.8  0.0
22.919999999999998  0.0
23.04  0.0
23.16  0.0
23.279999999999998  0.0
23.4  0.0
23.52  0.0
23.64  0.0
23.759999999999998  0.0
23.88  0.0
24.0  0.0
24.119999999999997  0.0
24.24  0.0
24.36  0.0
24.48  0.0
24.599999999999998  0.0
24.72  0.0
24.84  0.0
24.96  0.0
25.08  0.0
25.2  0.0
25.32  0.0
25.439999999999998  0.0
25.56  0.0
25.68  0.0
25.8  0.0
25.919999999999998  0.0
26.04  0.0
26.16  0.0
26.279999999999998  0.0
26.4  0.0
26.52  0.0
26.64  0.0
26.759999999999998  0.0
26.88  0.0
27.0  0.0
27.119999999999997  0.0
27.24  0.0
27.36  0.0
27.48  0.0
27.599999999999998  0.0
27.72  0.0
27.84  0.0
27.959999999999997  0.0
28.08  0.0
28.2  0.0
28.32  0.0
28.439999999999998  0.0
28.56  0.0
28.68  0.0
28.799999999999997  0.0
28.919999999999998  0.0
29.04  0.0
29.16  0.004984264471300404
29.279999999999998  0.017223531910052492
29.4  0.02945734069616654
29.52  0.041681813569567766
29.64  0.05389307622901207
29.759999999999998  0.06608725855996739
29.88  0.07826049586116907
30.0  0.09040893006945877
30.119999999999997  0.10252871098252017
30.24  0.1146159974791259
30.36  0.12666695873649791
30.48  0.13867777544441573
30.599999999999998  0.1506446410156667
30.72  0.16256376279247037
30.84  0.17443136324848144
30.959999999999997  0.1862436811860036
31.08  0.19799697292802476
31.2  0.20968751350470044
31.32  0.22131159783390802
31.439999999999998  0.23286554189549852
31.56  0.24434568389887243
31.68  0.25574838544351075
31.799999999999997  0.26707003267209256
31.919999999999998  0.278307037415837
32.04  0.28945583833169736
32.16  0.3005129020310601
32.28  0.3114747241995811
32.4  0.32233783070780503
32.519999999999996  0.3330987787122265
32.64  0.3437541577464246
32.76  0.35430059080194454
32.879999999999995  0.36473473539857165
33.0  0.37505328464366605
33.12  0.3852529682802099
33.24  0.39533055372325776
33.36  0.4052828470844314
33.48  0.41510669418416446
33.6  0.4247989815513552
33.72  0.43435663741011465
33.839999999999996  0.4437766326533109
33.96  0.45305598180257844
34.08  0.4621917439545066
34.199999999999996  0.47118102371270254
34.32  0.48002097210542743
34.44  0.4887087874885182
34.56  0.4972417164333166
34.68  0.5056170545993108
34.8  0.5138321475912222
34.92  0.521884391800264
35.04  0.5297712352292991
35.16  0.5374901783016496
35.28  0.5450387746532834
35.4  0.5524146319081406
35.519999999999996  0.5596154124363516
35.64  0.5666388340950992
35.76  0.5734826709518992
35.879999999999995  0.5801447539900648
36.0  0.5866229717961338
36.12  0.5929152712290358
36.24  0.5990196580707983
36.36  0.6049341976585703
36.48  0.6106570154977764
36.6  0.6161862978562016
36.72  0.6215202923388139
36.839999999999996  0.6266573084431544
36.96  0.6315957180951057
37.08  0.6363339561648773
37.199999999999996  0.640870520963044
37.32  0.6452039747164751
37.44  0.649332944024006
37.559999999999995  0.6532561202917133
37.68  0.6569722601476455
37.8  0.6604801858358845
37.92  0.6637787855898133
38.04  0.6668670139844658
38.16  0.6697438922678559
38.28  0.6724085086711711
38.4  0.6748600186977403
38.519999999999996  0.6770976453906802
38.64  0.6791206795791356
38.76  0.6809284801030373
38.879999999999995  0.6825204740163051
39.0  0.6838961567684307
39.12  0.6850550923643856
39.24  0.6859969135028011
39.36  0.6867213216923764
39.48  0.6872280873464799
39.6  0.6875170498559118
39.72  0.6875881176398064
39.839999999999996  0.6874412681746567
39.96  0.6870765480014518
40.08  0.6864940727109287
40.199999999999996  0.6856940269069358
40.32  0.684676664147928
40.44  0.6834423068666061
40.559999999999995  0.6819913462677282
40.68  0.6803242422041245
40.8  0.6784415230309575
40.92  0.676343785438269
41.04  0.6740316942618728
41.16  0.6715059822726468
41.28  0.6687674499442964
41.4  0.6658169651996616
41.519999999999996  0.6626554631356444
41.64  0.6592839457268499
41.76  0.6557034815080304
41.879999999999995  0.6519152052354343
42.0  0.6479203175271679
42.12  0.6437200844826848
42.239999999999995  0.639315837281519
42.36  0.6347089717613961
42.48  0.6299009479758502
42.6  0.6248932897314877
42.72  0.6196875841050503
42.839999999999996  0.6142854809404198
42.96  0.6086886923257349
43.08  0.6028989920507799
43.199999999999996  0.5969182150448158
43.32  0.5907482567950366
43.44  0.5843910727458352
43.559999999999995  0.5778486776790612
43.68  0.5711231450754775
43.8  0.5642166064576142
43.92  0.5571312507142208
44.04  0.5498693234065473
44.16  0.5424331260566542
44.28  0.5348250154179931
44.4  0.5270474027284828
44.519999999999996  0.5191027529463113
44.64  0.5109935839687212
44.76  0.5027224658340104
44.879999999999995  0.49429201990701155
45.0  0.48570491804830007
45.12  0.47696388176740684
45.239999999999995  0.46807168136028443
45.36  0.45903113503132126
45.48  0.4498451080001689
45.6  0.4405165115936634
45.72  0.43104830232314545
45.839999999999996  0.4214434809474471
45.96  0.4117050915218653
46.08  0.4018362204334103
46.199999999999996  0.3918399954226337
46.32  0.38171958459235517
46.44  0.3714781954035995
46.559999999999995  0.3611190736590517
46.68  0.35064550247436516
46.8  0.3400608012376488
46.92  0.3293683245574465
47.04  0.3185714611995692
47.16  0.3076736330130858
47.28  0.2966782938458422
47.4  0.2855889284498335
47.519999999999996  0.274409051376777
47.64  0.2631422058642509
47.76  0.25179196271273385
47.879999999999995  0.24036191915391208
48.0  0.22885569771060674
48.12  0.21727694504869377
48.239999999999995  0.20562933082135898
48.36  0.1939165465060801
48.48  0.18214230423468775
48.6  0.17031033561687386
48.72  0.15842439055754137
48.839999999999996  0.14648823606833858
48.96  0.1345056550737863
49.08  0.12248044521235615
49.199999999999996  0.11041641763287971
49.32  0.09831739578668541
49.44  0.0861872142158348
49.559999999999995  0.07402971733783664
49.68  0.06184875822723618
49.8  0.04964819739446644
49.92  0.03743190156232795
50.04  0.025203742440518068
50.16  0.01296759549856158
50.28  0.0007273387375641149
50.4  0.0
50.519999999999996  0.0
50.64  0.0
50.76  0.0
50.879999999999995  0.0
51.0  0.0
51.12  0.0
51.239999999999995  0.0
51.36  0.0
51.48  0.0
51.6  0.0
51.72  0.0
51.839999999999996  0.0
51.96  0.0
52.08  0.0
52.199999999999996  0.0
52.32  0.0
52.44  0.0
52.559999999999995  0.0
52.68  0.0
52.8  0.0
52.919999999999995  0.0
53.04  0.0
53.16  0.0
53.28  0.0
53.4  0.0
53.519999999999996  0.0
53.64  0.0
53.76  0.0
53.879999999999995  0.0
54.0  0.0
54.12  0.0
54.239999999999995  0.0
54.36  0.0
54.48  0.0
54.6  0.0
54.72  0.0
54.839999999999996  0.0
54.96  0.0
55.08  0.0
55.199999999999996  0.0
55.32  0.0
55.44  0.0
55.559999999999995  0.0
55.68  0.0
55.8  0.0
55.919999999999995  0.0
56.04  0.0
56.16  0.0
56.28  0.0
56.4  0.0
56.519999999999996  0.0
56.64  0.0
56.76  0.0
56.879999999999995  0.0
57.0  0.0
57.12  0.0
57.239999999999995  0.0
57.36  0.0
57.48  0.0
57.599999999999994  0.0
57.72  0.0
57.839999999999996  0.0
57.96  0.0
58.08  0.0
58.199999999999996  0.0
58.32  0.0
58.44  0.0
58.559999999999995  0.0
58.68  0.0
58.8  0.0
58.919999999999995  0.0
59.04  0.0
59.16  0.0
59.28  0.0
59.4  0.0
59.519999999999996  0.0
59.64  0.0
59.76  0.0
59.879999999999995  0.0
60.0  0.0
60.12  0.0
60.239999999999995  0.0
60.36  0.0
60.48  0.0
60.599999999999994  0.0
60.72  0.0
60.839999999999996  0.0
60.96  0.0
61.08  0.0
61.199999999999996  0.0
61.32  0.0
61.44  0.0
61.559999999999995  0.0
61.68  0.0
61.8  0.0
61.919999999999995  0.0
62.04  0.0
62.16  0.0
62.28  0.0
62.4  0.0
62.519999999999996  0.0
62.64  0.0
62.76  0.0
62.879999999999995  0.0
63.0  0.0
63.12  0.0
63.239999999999995  0.0
63.36  0.0
63.48  0.0
63.599999999999994  0.0
63.72  0.0
63.839999999999996  0.0
63.96  0.0
64.08  0.0
64.2  0.0
64.32  0.0
64.44  0.0
64.56  0.0
64.67999999999999  0.0
64.8  0.0
64.92  0.0
65.03999999999999  0.0
65.16  0.0
65.28  0.0
65.39999999999999  0.0
65.52  0.0
65.64  0.0
65.75999999999999  0.0
65.88  0.0
66.0  0.0
66.12  0.0
66.24  0.0
66.36  0.0
66.48  0.0
66.6  0.0
66.72  0.0
66.84  0.0
66.96  0.0
67.08  0.0
67.2  0.0
67.32  0.0
67.44  0.0
67.56  0.0
67.67999999999999  0.0
67.8  0.0
67.92  0.0
68.03999999999999  0.0
68.16  0.0
68.28  0.0
68.39999999999999  0.0
68.52  0.0
68.64  0.0
68.75999999999999  0.0
68.88  0.0
69.0  0.0
69.12  0.0
69.24  0.0
69.36  0.0
69.48  0.0
69.6  0.0
69.72  0.0
69.84  0.0
69.96  0.0
70.08  0.0
70.2  0.0
70.32  0.0
70.44  0.0
70.56  0.0
70.67999999999999  0.0
70.8  0.0
70.92  0.0
71.03999999999999  0.0
71.16  0.0
71.28  0.0
71.39999999999999  0.0
71.52  0.005801970741649065
71.64  0.01804099442403237
71.75999999999999  0.03027430037544307
71.88  0.04249801149517529
72.0  0.054708253723405015
72.11999999999999  0.06690115726900425
72.24  0.07907285783599471
72.36  0.09121949784825648
72.48  0.10333722767210707
72.6  0.11542220683636747
72.72  0.1274706052495266
72.84  0.1394786044136042
72.96  0.15144239863434983
73.08  0.16335819622738934
73.2  0.17522222071990917
73.32  0.18703071204754035
73.44  0.1987799277460426
73.56  0.2104661441373894
73.67999999999999  0.22208565750992065
73.8  0.23363478529216258
73.92  0.24510986721993747
74.03999999999999  0.25650726649641364
74.16  0.2678233709447227
74.28  0.27905459415275313
74.39999999999999  0.29019737660979844
74.52  0.301248186834679
74.64  0.3122035224949613
74.75999999999999  0.323059911516959
74.88  0.3338139131861397
75.0  0.3444621192375822
75.11999999999999  0.35500115493616596
75.24  0.3654276801461215
75.36  0.37573839038961787
75.48  0.3859300178940535
75.6  0.39599933262770826
75.72  0.40594314332344494
75.84  0.41575829849010515
75.96  0.42544168741131894
76.08  0.43499024113138374
76.2  0.4444009334279073
76.32  0.4536707817709046
76.44  0.4627968482680578
76.56  0.47177624059581535
76.67999999999999  0.48060611291605837
76.8  0.4892836667780375
76.92  0.49780615200527545
77.03999999999999  0.5061708675671861
77.16  0.5143751624351132
77.28  0.5224164364225181
77.39999999999999  0.5302921410090553
77.52  0.5379997801482798
77.64  0.5455369110587132
77.75999999999999  0.5529011449980367
77.88  0.5600901480201591
78.0  0.5671016417149062
78.11999999999999  0.5739334039301218
78.24  0.5805832694759354
78.36  0.5870491308109731
78.48  0.5933289387103009
78.6  0.5994207029148851
78.72  0.6053224927623682
78.84  0.6110324377989483
78.96  0.6165487283721851
79.08  0.621869616204535
79.2  0.6269934149474272
79.32  0.6319185007157203
79.44  0.6366433126023643
79.56  0.6411663531730915
79.67999999999999  0.6454861889410024
79.8  0.6496014508208817
79.92  0.6535108345630991
80.03999999999999  0.657213101166966
80.16  0.6607070772734149
80.28  0.6639916555368676
80.39999999999999  0.6670657949761878
80.52  0.6699285213046017
80.64  0.6725789272384742
80.75999999999999  0.6750161727848574
80.88  0.6772394855077084
81.0  0.6792481607726977
81.11999999999999  0.6810415619705282
81.24  0.6826191207186976
81.36  0.6839803370416326
81.48  0.6851247795291499
81.6  0.6860520854731796
81.72  0.6867619609827211
81.84  0.6872541810769834
81.96  0.6875285897566903
82.08  0.6875851000535201
82.2  0.6874236940576687
82.32  0.6870444229235261
82.44  0.6864474068534633
82.56  0.6856328350597373
82.67999999999999  0.6846009657045242
82.8  0.6833521258180987
82.92  0.6818867111951896
83.03999999999999  0.6802051862695405
83.16  0.6783080839667162
83.28  0.6761960055352029
83.39999999999999  0.673869620355855
83.52  0.6713296657297475
83.64  0.6685769466445042
83.75999999999999  0.665612335519173
83.88  0.6624367719277278
84.0  0.6590512623012929
84.11999999999999  0.6554568796091732
84.24  0.6516547630187979
84.36  0.6476461175346836
84.47999999999999  0.6434322136165351
84.6  0.6390143867765952
84.72  0.6343940371563834
84.84  0.6295726290829484
84.96  0.6245516906047797
85.08  0.6193328130075194
85.2  0.6139176503096426
85.32  0.6083079187382464
85.44  0.6025053961851221
85.56  0.596511921643296
85.67999999999999  0.5903293946241923
85.8  0.583959774555621
85.92  0.577405080160779
86.03999999999999  0.5706673888184562
86.16  0.5637488359046474
86.28  0.5566516141157942
86.39999999999999  0.549377972773852
86.52  0.5419302171134072
86.64  0.5343107075510872
86.75999999999999  0.5265218589374706
86.88  0.5185661397917455
87.0  0.5104460715193682
87.11999999999999  0.5021642276129487
87.24  0.493723232836636
87.36  0.48512576239425387
87.47999999999999  0.4763745410814477
87.6  0.467472342422109
87.72  0.4584219877893734
87.84  0.4492263455114361
87.96  0.4398883299624953
88.08  0.43041090063909704
88.2  0.42079706122218435
88.32  0.4110498586251432
88.44  0.40117238202813865
88.56  0.3911677618990665
88.67999999999999  0.38103916900141444
88.8  0.37078981338934347
88.92  0.3604229433903385
89.03999999999999  0.349941844575709
89.16  0.33934983871929225
89.28  0.32865028274468566
89.39999999999999  0.3178465676613403
89.52  0.30694211748984146
89.64  0.2959403881767412
89.75999999999999  0.2848448664992638
89.88  0.27365906896023334
90.0  0.2623865406736028
90.11999999999999  0.2510308542408929
90.24  0.23959560861892698
90.36  0.2280844279792161
90.47999999999999  0.21650096055935414
90.6  0.20484887750677394
90.72  0.19313187171525906
90.84  0.1813536566545505
90.96  0.1695179651934405
91.08  0.15762854841670554
91.2  0.14568917443628915
91.32  0.13370362719706758
91.44  0.12167570527759752
91.56  0.10960922068624673
91.67999999999999  0.09750799765304641
91.8  0.08537587141767591
91.92  0.07321668701396766
92.03999999999999  0.06103429805129859
92.16  0.048832565493257346
92.28  0.03661535643400393
92.39999999999999  0.024386542872664868
92.52  0.012150000486173318
92.64  0.0
92.75999999999999  0.0
92.88  0.0
93.0  0.0
93.11999999999999  0.0
93.24  0.0
93.36  0.0
93.47999999999999  0.0
93.6  0.0
93.72  0.0
93.84  0.0
93.96  0.0
94.08  0.0
94.2  0.0
94.32  0.0
94.44  0.0
94.56  0.0
94.67999999999999  0.0
94.8  0.0
94.92  0.0
95.03999999999999  0.0
95.16  0.0
95.28  0.0
95.39999999999999  0.0
95.52  0.0
95.64  0.0
95.75999999999999  0.0
95.88  0.0
96.0  0.0
96.11999999999999  0.0
96.24  0.0
96.36  0.0
96.47999999999999  0.0
96.6  0.0
96.72  0.0
96.84  0.0
96.96  0.0
97.08  0.0
97.2  0.0
97.32  0.0
97.44  0.0
97.56  0.0
97.67999999999999  0.0
97.8  0.0
97.92  0.0
98.03999999999999  0.0
98.16  0.0
98.28  0.0
98.39999999999999  0.0
98.52  0.0
98.64  0.0
98.75999999999999  0.0
98.88  0.0
99.0  0.0
99.11999999999999  0.0
99.24  0.0
99.36  0.0
99.47999999999999  0.0
99.6  0.0
99.72  0.0
99.84  0.0
99.96  0.0
100.08  0.0
100.2  0.0
100.32  0.0
100.44  0.0
100.56  0.0
100.67999999999999  0.0
100.8  0.0
100.92  0.0
101.03999999999999  0.0
101.16  0.0
101.28  0.0
101.39999999999999  0.0
101.52  0.0
101.64  0.0
101.75999999999999  0.0
101.88  0.0
102.0  0.0
102.11999999999999  0.0
102.24  0.0
102.36  0.0
102.47999999999999  0.0
102.6  0.0
102.72  0.0
102.83999999999999  0.0
102.96  0.0
103.08  0.0
103.2  0.0
103.32  0.0
103.44  0.0
103.56  0.0
103.67999999999999  0.0
103.8  0.0
103.92  0.0
104.03999999999999  0.0
104.16  0.0
104.28  0.0
104.39999999999999  0.0
104.52  0.0
104.64  0.0
104.75999999999999  0.0
104.88  0.0
105.0  0.0
105.11999999999999  0.0
105.24  0.0
105.36  0.0
105.47999999999999  0.0
105.6  0.0
105.72  0.0
105.83999999999999  0.0
105.96  0.0
106.08  0.0
106.2  0.0
106.32  0.0
106.44  0.0
106.56  0.0
106.67999999999999  0.0
106.8  0.0
106.92  0.0
107.03999999999999  0.0
107.16  0.0
107.28  0.0
107.39999999999999  0.0
107.52  0.0
107.64  0.0
107.75999999999999  0.0
107.88  0.0
108.0  0.0
108.11999999999999  0.0
108.24  0.0
108.36  0.0
108.47999999999999  0.0
108.6  0.0
108.72  0.0
108.83999999999999  0.0
108.96  0.0
109.08  0.0
109.2  0.0
109.32  0.0
109.44  0.0
109.56  0.0
109.67999999999999  0.0
109.8  0.0
109.92  0.0
110.03999999999999  0.0
110.16  0.0
110.28  0.0
110.39999999999999  0.0
110.52  0.0
110.64  0.0
110.75999999999999  0.0
110.88  0.0
111.0  0.0
111.11999999999999  0.0
111.24  0.0
111.36  0.0
111.47999999999999  0.0
111.6  0.0
111.72  0.0
111.83999999999999  0.0
111.96  0.0
112.08  0.0
112.2  0.0
112.32  0.0
112.44  0.0
112.56  0.0
112.67999999999999  0.0
112.8  0.0
112.92  0.0
113.03999999999999  0.0
113.16  0.0
113.28  0.0
113.39999999999999  0.0
113.52  0.0
113.64  0.0
113.75999999999999  0.0
113.88  0.006619668805913831
114.0  0.018858431421520716
114.11999999999999  0.031091217235910518
114.24  0.043314149313224276
114.36  0.05552335384053991
114.47999999999999  0.06771496135560653
114.6  0.07988510797320056
114.72  0.09202993660969147
114.83999999999999  0.10414559820547453
114.96  0.11622825294486044
115.08  0.1282740714730128
115.19999999999999  0.1402792361095931
115.32  0.15223994205870459
115.44  0.16415239861473174
115.56  0.17601283036373783
115.67999999999999  0.18781747838000185
115.8  0.199562601417344
115.92  0.2112444770948244
116.03999999999999  0.22285940307648633
116.16  0.23440369824473278
116.28  0.24587370386699192
116.39999999999999  0.25726578475526485
116.52  0.2685763304182353
116.64  0.27980175620553926
116.75999999999999  0.29093850444384634
116.88  0.3019830455644015
117.0  0.31293187922163784
117.11999999999999  0.32378153540254734
117.24  0.33452857552643867
117.36  0.3451695935347125
117.47999999999999  0.35570121697035106
117.6  0.36612010804675593
117.72  0.3764229647055807
117.83999999999999  0.3866065216632575
117.96  0.3966675514458701
118.08  0.4066028654120242
118.19999999999999  0.41640931476343124
118.32  0.4260837915428536
118.44  0.43562322961911615
118.56  0.44502460565884383
118.67999999999999  0.45428494008465414
118.8  0.46340129801947244
118.92  0.47237079021668216
119.03999999999999  0.4811905739758118
119.16  0.4898578540434791
119.28  0.49836988349927946
119.39999999999999  0.5067239646263728
119.52  0.5149174497664759
119.64  0.5229477421589741
119.75999999999999  0.5308122967639177
119.88  0.5385086210686261
120.0  0.5460342758776299
