0.0  0.9273021839088824  100.0
0.12  0.9238694846291537
0.24  0.9200607110956911
0.36  0.9158767342045315
0.48  0.911318593973132
0.6  0.9063874993825101
0.72  0.9010848281355819
0.84  0.8954121263316859
0.96  0.8893711080573339
1.08  0.8829636548932662
1.2  0.8761918153379378
1.3199999999999998  0.8690578041476084
1.44  0.8615640015932502
1.56  0.8537129526345333
1.68  0.8455073660111947
1.7999999999999998  0.8369501132521397
1.92  0.8280442276026685
2.04  0.8187929028702674
2.16  0.8091994921894448
2.28  0.7992675067061377
2.4  0.7890006141822572
2.52  0.7784026375209865
2.6399999999999997  0.7674775532134843
2.76  0.7562294897076919
2.88  0.7446627256999847
3.0  0.7327816883504477
3.12  0.7205909514226004
3.2399999999999998  0.7080952333484327
3.36  0.6952993952196583
3.48  0.6822084387061308
3.5999999999999996  0.6688275039024048
3.7199999999999998  0.6551618671034682
3.84  0.6412169385107077
3.96  0.6269982598692049
4.08  0.6125115020375069
4.2  0.5977624624910396
4.32  0.5827570627603801
4.4399999999999995  0.5675013458056324
4.56  0.5520014733281886
4.68  0.536263723021194
4.8  0.5202944857600602
4.92  0.504100262734418
5.04  0.48768766252291595
5.16  0.4710633981123158
5.279999999999999  0.4542342838623629
5.3999999999999995  0.4372072324179337
5.52  0.4199892515700022
5.64  0.40258744106698485
5.76  0.3850089893780574
5.88  0.3672611704100638
6.0  0.34935134017965663
6.12  0.3312869334423433
6.24  0.31307546028012534
6.359999999999999  0.29472450264945094
6.4799999999999995  0.2762417108912146
6.6  0.2576348002045666
6.72  0.23891154708630824
6.84  0.2200797857376721
6.96  0.20114740444030543
7.08  0.1821223419032868
7.199999999999999  0.16301258358303156
7.319999999999999  0.1438261579779451
7.4399999999999995  0.12457113289971002
7.56  0.10525561172309439
7.68  0.08588772961618989
7.8  0.06647564975299497
7.92  0.047027559510269656
8.04  0.02755166665059714
8.16  0.008056195493595108
8.28  0.0
8.4  0.0
8.52  0.0
8.64  0.0
8.76  0.0
8.879999999999999  0.0
9.0  0.0
9.12  0.0
9.24  0.0
9.36  0.0
9.48  0.0
9.6  0.0
9.719999999999999  0.0
9.84  0.0
9.959999999999999  0.0
10.08  0.0
10.2  0.0
10.32  0.0
10.44  0.0
10.559999999999999  0.0
10.68  0.0
10.799999999999999  0.0
10.92  0.0
11.04  0.0
11.16  0.0
11.28  0.0
11.4  0.0
11.52  0.0
11.639999999999999  0.0
11.76  0.0
11.879999999999999  0.0
12.0  0.0
12.12  0.0
12.24  0.0
12.36  0.0
12.48  0.0
12.6  0.0
12.719999999999999  0.0
12.84  0.0
12.959999999999999  0.0
13.08  0.0
13.2  0.0
13.32  0.0
13.44  0.0
13.559999999999999  0.0
13.68  0.0
13.799999999999999  0.0
13.92  0.0
14.04  0.0
14.16  0.0
14.28  0.0
14.399999999999999  0.0
14.52  0.0
14.639999999999999  0.0
14.76  0.0
14.879999999999999  0.0
15.0  0.0
15.12  0.0
15.24  0.0
15.36  0.0
15.479999999999999  0.0
15.6  0.0
15.719999999999999  0.0
15.84  0.0
15.959999999999999  0.0
16.08  0.0
16.2  0.0
16.32  0.0
16.439999999999998  0.0
16.56  0.0
16.68  0.0
16.8  0.0
16.919999999999998  0.0
17.04  0.0
17.16  0.0
17.28  0.0
17.4  0.0
17.52  0.0
17.64  0.0
17.759999999999998  0.0
17.88  0.0
18.0  0.0
18.12  0.0
18.24  0.0
18.36  0.0
18.48  0.0
18.599999999999998  0.0
18.72  0.0
18.84  0.0
18.96  0.0
19.08  0.0
19.2  0.0
19.32  0.0
19.439999999999998  0.0
19.56  0.0
19.68  0.0
19.8  0.0
19.919999999999998  0.0
20.04  0.0
20.16  0.0
20.279999999999998  0.0
20.4  0.0
20.52  0.0
20.64  0.0
20.759999999999998  0.0
20.88  0.0
21.0  0.0
21.119999999999997  0.0
21.24  0.0
21.36  0.0
21.48  0.0
21.599999999999998  0.0
21.72  0.0
21.84  0.0
21.96  0.0
22.08  0.0
22.2  0.0
22.32  0.0
22.439999999999998  0.0
22.56  0.0
22.68  0.0
22.8  0.0
22.919999999999998  0.0
23.04  0.0
23.16  0.0
23.279999999999998  0.0
23.4  0.0
23.52  0.0
23.64  0.0
23.759999999999998  0.0
23.88  0.0
24.0  0.0
24.119999999999997  0.0
24.24  0.0
24.36  0.0
24.48  0.0
24.599999999999998  0.0
24.72  0.0
24.84  0.0
24.96  0.0
25.08  0.0
25.2  0.0
25.32  0.0
25.439999999999998  0.0
25.56  0.0
25.68  0.0
25.8  0.0
25.919999999999998  0.0
26.04  0.0
26.16  0.0
26.279999999999998  0.0
26.4  0.0
26.52  0.0
26.64  0.0
26.759999999999998  0.0
26.88  0.0
27.0  0.0
27.119999999999997  0.0
27.24  0.0
27.36  0.009782245464692668
27.48  0.027287408531008167
27.599999999999998  0.04472945845615686
27.72  0.06210129847862861
27.84  0.07939588773769146
27.959999999999997  0.09660624442676885
28.08  0.11372544890733716
28.2  0.1307466467818163
28.32  0.14766305192395685
28.439999999999998  0.16446794946524335
28.56  0.18115469873586668
28.68  0.1977167361588453
28.799999999999997  0.21414757809590457
28.919999999999998  0.23044082364375412
29.04  0.2465901573794234
29.16  0.2625893520533692
29.279999999999998  0.2784322712290701
29.4  0.2941128718678908
29.52  0.3096252068579878
29.64  0.32496342748611107
29.759999999999998  0.3401217858511493
29.88  0.3550946372183263
30.0  0.3698764423129764
30.119999999999997  0.38446176955287437
30.24  0.398845297218125
30.36  0.4130218155576465
30.48  0.4269862288313456
30.599999999999998  0.44073355728708435
30.72  0.4542589390716078
30.84  0.46755763207461565
30.959999999999997  0.4806250157052234
31.08  0.49345659260007657
31.2  0.5060479902624344
31.32  0.518394962631574
31.439999999999998  0.5304933915819081
31.56  0.542339288351248
31.68  0.5539287948976859
31.799999999999997  0.5652581851846108
31.919999999999998  0.5763238663934155
32.04  0.5871223800634835
32.16  0.5976504031591052
32.28  0.6079047490629936
32.4  0.6178823684961228
32.519999999999996  0.6275803503636587
32.64  0.6369959225267707
32.76  0.6461264525001884
32.879999999999995  0.6549694480753766
33.0  0.6635225578692698
33.12  0.6717835717985208
33.24  0.6797504214793002
33.36  0.687421180552671
33.48  0.6947940649356614
33.6  0.7018674329981542
33.72  0.7086397856657716
33.839999999999996  0.7151097664489872
33.96  0.7212761613987029
34.08  0.7271378989886075
34.199999999999996  0.7326940499246493
34.32  0.7379438268819961
34.44  0.7428865841699093
34.56  0.7475218173249857
34.68  0.7518491626332644
34.8  0.7558683965817286
34.92  0.7595794352397821
35.04  0.7629823335713037
35.16  0.7660772846779338
35.28  0.7688646189742668
35.4  0.7713448032956798
35.519999999999996  0.7735184399395493
35.64  0.7753862656406412
35.76  0.7769491504815105
35.879999999999995  0.7782080967387586
36.0  0.7791642376660508
36.12  0.7798188362148122
36.24  0.780173283693566
36.36  0.780229098366899
36.48  0.779987923995078
36.6  0.7794515283153676
36.72  0.778621801466127
36.839999999999996  0.7775007543548009
36.96  0.7760905169709339
37.08  0.774393336645383
37.199999999999996  0.7724115762569105
37.32  0.7701477123873834
37.44  0.7676043334268148
37.559999999999995  0.7647841376295186
37.68  0.7616899311226687
37.8  0.7583246258685745
37.92  0.7546912375820066
38.04  0.750792883603933
38.16  0.7466327807330411
38.28  0.7422142430164389
38.4  0.737540679500956
38.519999999999996  0.7326155919464699
38.64  0.727442572502711
38.76  0.7220253013510128
38.879999999999995  0.7163675443124801
39.0  0.7104731504240761
39.12  0.7043460494841353
39.24  0.6979902495688144
39.36  0.6914098345210211
39.48  0.6846089614133539
39.6  0.677591857986609
39.72  0.6703628200654121
39.839999999999996  0.6629262089525352
39.96  0.6552864488034805
40.08  0.6474480239829068
40.199999999999996  0.6394154764044765
40.32  0.6311934028557186
40.44  0.6227864523094935
40.559999999999995  0.6141993232236477
40.68  0.605436760830458
40.8  0.5965035544174555
40.92  0.5874045346012151
41.04  0.5781445705957129
41.16  0.5687285674768211
41.28  0.5591614634445389
41.4  0.5494482270845331
41.519999999999996  0.5395938546305497
41.64  0.5296033672292833
41.76  0.5194818082092458
41.879999999999995  0.5092342403551889
42.0  0.49886574318962373
42.12  0.4883814102629711
42.239999999999995  0.4777863464538481
42.36  0.4670856652810147
42.48  0.4562844862284693
42.6  0.44538793208516336
42.72  0.434401126300824
42.839999999999996  0.4233291903593086
42.96  0.41217724117095067
43.08  0.40095038848529907
43.199999999999996  0.389653732325654
43.32  0.3782923604467835
43.44  0.36687134581718506
43.559999999999995  0.35539574412721914
43.68  0.3438705913244554
43.8  0.332300901177519
43.92  0.3206916628697086
44.04  0.3090478386236595
44.16  0.29737436135825374
44.28  0.2856761323790077
44.4  0.273958019103106
44.519999999999996  0.2622248528202288
44.64  0.2504814264903178
44.76  0.23873249257936952
44.879999999999995  0.22698276093433045
45.0  0.2152368966981399
45.12  0.2034995182659472
45.239999999999995  0.19177519528346704
45.36  0.180068446688457
45.48  0.1683837387962287
45.6  0.15672548343008535
45.72  0.145098036097572
45.839999999999996  0.1335056942133418
45.96  0.12195269536946901
46.08  0.11044321565395948
46.199999999999996  0.09898136801819657
46.32  0.08757120069403346
46.44  0.07621669566119932
46.559999999999995  0.0649217671656438
46.68  0.05369026028943452
46.8  0.04252594957277511
46.92  0.0314325376886585
47.04  0.020413654170680806
47.16  0.009472854194448044
47.28  0.0
47.4  0.0
47.519999999999996  0.0
47.64  0.0
47.76  0.0
47.879999999999995  0.0
48.0  0.0
48.12  0.0
48.239999999999995  0.0
48.36  0.0
48.48  0.0
48.6  0.0
48.72  0.0
48.839999999999996  0.0
48.96  0.0
49.08  0.0
49.199999999999996  0.0
49.32  0.0
49.44  0.0
49.559999999999995  0.0
49.68  0.0
49.8  0.0
49.92  0.0
50.04  0.0
50.16  0.0
50.28  0.0
50.4  0.0
50.519999999999996  0.0
50.64  0.0
50.76  0.0
50.879999999999995  0.0
51.0  0.0
51.12  0.0
51.239999999999995  0.0
51.36  0.0
51.48  0.0
51.6  0.0
51.72  0.0
51.839999999999996  0.0
51.96  0.0
52.08  0.0
52.199999999999996  0.0
52.32  0.0
52.44  0.0
52.559999999999995  0.0
52.68  0.0
52.8  0.0
52.919999999999995  0.0
53.04  0.0
53.16  0.0
53.28  0.0
53.4  0.0
53.519999999999996  0.0
53.64  0.0
53.76  0.0
53.879999999999995  0.0
54.0  0.0
54.12  0.0
54.239999999999995  0.0
54.36  0.0
54.48  0.0
54.6  0.0
54.72  0.0
54.839999999999996  0.0
54.96  0.0
55.08  0.0
55.199999999999996  0.0
55.32  0.0
55.44  0.0
55.559999999999995  0.0
55.68  0.0
55.8  0.0
55.919999999999995  0.0
56.04  0.0
56.16  0.0
56.28  0.0
56.4  0.0
56.519999999999996  0.0
56.64  0.0
56.76  0.0
56.879999999999995  0.0
57.0  0.0
57.12  0.0
57.239999999999995  0.0
57.36  0.0
57.48  0.0
57.599999999999994  0.0
57.72  0.0
57.839999999999996  0.0
57.96  0.0
58.08  0.0
58.199999999999996  0.0
58.32  0.0
58.44  0.0
58.559999999999995  0.0
58.68  0.0
58.8  0.0
58.919999999999995  0.0
59.04  0.0
59.16  0.0
59.28  0.0
59.4  0.0
59.519999999999996  0.0
59.64  0.0
59.76  0.0
59.879999999999995  0.0
60.0  0.0
60.12  0.0
60.239999999999995  0.0
60.36  0.0
60.48  0.0
60.599999999999994  0.0
60.72  0.0
60.839999999999996  0.0
60.96  0.0
61.08  0.0
61.199999999999996  0.0
61.32  0.0
61.44  0.0
61.559999999999995  0.0
61.68  0.0
61.8  0.0
61.919999999999995  0.0
62.04  0.0
62.16  0.0
62.28  0.0
62.4  0.0
62.519999999999996  0.0
62.64  0.0
62.76  0.0
62.879999999999995  0.0
63.0  0.0
63.12  0.0
63.239999999999995  0.0
63.36  0.0
63.48  0.0
63.599999999999994  0.0
63.72  0.0
63.839999999999996  0.0
63.96  0.0
64.08  0.0
64.2  0.0
64.32  0.0
64.44  0.0
64.56  0.0
64.67999999999999  0.0
64.8  0.0
64.92  0.0
65.03999999999999  0.0
65.16  0.0
65.28  0.0
65.39999999999999  0.0
65.52  0.0
65.64  0.0
65.75999999999999  0.0
65.88  0.0
66.0  0.0
66.12  0.0
66.24  0.0
66.36  0.0
66.48  0.0
66.6  0.0
66.72  0.0
66.84  0.0
66.96  0.0
67.08  0.0
67.2  0.0
67.32  0.0
67.44  0.0
67.56  0.0
67.67999999999999  0.0
67.8  0.0
67.92  0.0
68.03999999999999  0.0
68.16  0.0
68.28  0.0
68.39999999999999  0.0
68.52  0.0
68.64  0.0
68.75999999999999  0.0
68.88  0.0
69.0  0.0
69.12  0.0
69.24  0.0
69.36  0.0
69.48  0.0
69.6  0.0
69.72  0.0
69.84  0.0
69.96  0.0
70.08  0.0
70.2  0.0
70.32  0.0
70.44  0.0
70.56  0.0
70.67999999999999  0.0
70.8  0.0
70.92  0.0
71.03999999999999  0.0
71.16  0.0
71.28  0.0
71.39999999999999  0.0
71.52  0.0
71.64  0.0
71.75999999999999  0.0
71.88  0.0
72.0  0.0
72.11999999999999  0.0
72.24  0.0
72.36  0.0
72.48  0.0
72.6  0.0
72.72  0.0
72.84  0.0
72.96  0.0
73.08  0.0
73.2  0.003951457506852607
73.32  0.009829607749687469
73.44  0.015754894364692545
73.56  0.02172709103324874
73.67999999999999  0.02774592540083562
73.8  0.033811078190263744
73.92  0.039922182349079516
74.03999999999999  0.0460788222319882
74.16  0.05228053281911796
74.28  0.05852679897090021
74.39999999999999  0.06481705472037103
74.52  0.07115068260361995
74.64  0.07752701302910173
74.75999999999999  0.0839453236865306
74.88  0.09040483899600948
75.0  0.09690472959803625
75.11999999999999  0.10344411188501951
75.24  0.11002204757486622
75.36  0.11663754332722265
75.48  0.12328955040288891
75.6  0.12997696436690742
75.72  0.13669862483581147
75.84  0.14345331526944327
75.96  0.150239762807797
76.08  0.15705663815323412
76.2  0.16390255549843763
76.32  0.17077607250041266
76.44  0.17767569030084013
76.56  0.18459985359301467
76.67999999999999  0.19154695073561173
76.8  0.19851531391346894
76.92  0.205503219345526
77.03999999999999  0.21250888754007674
77.16  0.21953048359740912
77.28  0.22656611755989597
77.39999999999999  0.2336138448095661
77.52  0.2406716665131594
77.64  0.24773753011460886
77.75999999999999  0.254809329874897
77.88  0.2618849074591758
78.0  0.2689620525709991
78.11999999999999  0.2760385036335204
78.24  0.2831119485174353
78.36  0.2901800253154321
78.48  0.2972403231628857
78.6  0.30429038310448825
78.72  0.311327699006484
78.84  0.3183497185141293
78.96  0.3253538440539886
79.08  0.332337433880631
79.2  0.33929780316724567
79.32  0.3462322251396995
79.44  0.35313793225350415
79.56  0.3600121174131072
79.67999999999999  0.3668519352329533
79.8  0.37365450333966527
79.92  0.3804169037146985
80.03999999999999  0.38713618407679073
80.16  0.39380935930349276
80.28  0.400433412891029
80.39999999999999  0.4070052984517272
80.52  0.4135219412482212
80.64  0.4199802397635739
80.75999999999999  0.42637706730650116
80.88  0.4327092736507885
81.0  0.43897368670799275
81.11999999999999  0.44516711423251243
81.24  0.45128634555804503
81.36  0.45732815336445565
81.48  0.4632892954740495
81.6  0.46916651667620257
81.72  0.47495655057931674
81.84  0.4806561214889834
81.96  0.48626194631129666
82.08  0.49177073648015857
82.2  0.4971791999074513
82.32  0.502484042954909
82.44  0.5076819724265039
82.56  0.5127696975801506
82.67999999999999  0.5177439321575017
82.8  0.5226013964306144
82.92  0.5273388192642137
83.03999999999999  0.5319529401922991
83.16  0.5364405115078219
83.28  0.5407983003640995
83.39999999999999  0.5450230908867064
83.52  0.549111686294478
83.64  0.553060911028316
83.75999999999999  0.5568676128864445
83.88  0.5605286651647582
84.0  0.5640409688009111
84.11999999999999  0.5674014545207539
84.24  0.5706070849857692
84.36  0.573654856940078
84.47999999999999  0.5765418033556754
84.6  0.5792649955744571
84.72  0.5818215454456496
84.84  0.5842086074572591
84.96  0.5864233808600985
85.08  0.58846311178302
85.2  0.5903250953379198
85.32  0.5920066777131183
85.44  0.5935052582537185
85.56  0.5948182915275166
85.67999999999999  0.5959432893750922
85.8  0.5968778229426545
85.92  0.5976195246962759
86.03999999999999  0.5981660904161129
86.16  0.5985152811692357
86.28  0.5986649252597115
86.39999999999999  0.5986129201545511
86.52  0.598357234384194
86.64  0.5978959094161611
86.75999999999999  0.5972270615005717
86.88  0.5963488834861772
87.0  0.595259646605617
87.11999999999999  0.5939577022286089
87.24  0.5924414835817786
87.36  0.5907095074338804
87.47999999999999  0.5887603757451481
87.6  0.5865927772795455
87.72  0.584205489178728
87.84  0.5815973784964766
87.96  0.5787674036924746
88.08  0.5757146160842361
88.2  0.5724381612560789
88.32  0.568937280424016
88.44  0.5652113117554725
88.56  0.5612596916427787
88.67999999999999  0.557081955929377
88.8  0.5526777410877385
88.92  0.5480467853479916
89.03999999999999  0.5431889297763
89.16  0.5381041193020439
89.28  0.5327924036928924
89.39999999999999  0.527253938476903
89.52  0.5214889858107559
89.64  0.5154979152933333
89.75999999999999  0.509281204723827
89.88  0.5028394408036014
90.0  0.4961733197811158
90.11999999999999  0.48928364803914726
90.24  0.48217134262368955
90.36  0.47483743171385834
90.47999999999999  0.4672830550322269
90.6  0.4595094641949809
90.72  0.4515180230013969
90.84  0.4433102076621067
90.96  0.4348876069656975
91.08  0.4262519223832032
91.2  0.4174049681101056
91.32  0.4083486710454617
91.44  0.3990850707078359
91.56  0.3896163190877696
91.67999999999999  0.37994468043650426
91.8  0.370072530990755
91.92  0.3600023586333704
92.03999999999999  0.3497367624897133
92.16  0.3392784524596657
92.28  0.32863024868521984
92.39999999999999  0.31779508095358333
92.52  0.30677598803583433
92.64  0.29557611696119
92.75999999999999  0.28419872222694187
92.88  0.272647164944202
93.0  0.2609249119196362
93.11999999999999  0.24903553467336292
93.24  0.23698270839326538
93.36  0.2247702108260234
93.47999999999999  0.21240192110513959
93.6  0.19988181851633807
93.72  0.18721398120075056
93.84  0.17440258479627743
93.96  0.16145190101763135
94.08  0.14836629617555003
94.2  0.13515022963573897
94.32  0.12180825221811936
94.44  0.10834500453699092
94.56  0.09476521528279203
94.67999999999999  0.08107369944612658
94.8  0.06727535648478572
94.92  0.05337516843456766
95.03999999999999  0.03937819796463998
95.16  0.025289586378318074
95.28  0.01111455156012725
95.39999999999999  0.0
95.52  0.0
95.64  0.0
95.75999999999999  0.0
95.88  0.0
96.0  0.0
96.11999999999999  0.0
96.24  0.0
96.36  0.0
96.47999999999999  0.0
96.6  0.0
96.72  0.0
96.84  0.0
96.96  0.0
97.08  0.0
97.2  0.0
97.32  0.0
97.44  0.0
97.56  0.0
97.67999999999999  0.0
97.8  0.0
97.92  0.0
98.03999999999999  0.0
98.16  0.0
98.28  0.0
98.39999999999999  0.0
98.52  0.0
98.64  0.0
98.75999999999999  0.0
98.88  0.0
99.0  0.0
99.11999999999999  0.0
99.24  0.0
99.36  0.0
99.47999999999999  0.0
99.6  0.0
99.72  0.0
99.84  0.0
99.96  0.0
100.08  0.0
100.2  0.0
100.32  0.0
100.44  0.0
100.56  0.0
100.67999999999999  0.0
100.8  0.0
100.92  0.0
101.03999999999999  0.0
101.16  0.0
101.28  0.0
101.39999999999999  0.0
101.52  0.0
101.64  0.0
101.75999999999999  0.0
101.88  0.0
102.0  0.0
102.11999999999999  0.0
102.24  0.0
102.36  0.0
102.47999999999999  0.0
102.6  0.0
102.72  0.0
102.83999999999999  0.0
102.96  0.0
103.08  0.0
103.2  0.0
103.32  0.0
103.44  0.0
103.56  0.0
103.67999999999999  0.0
103.8  0.0
103.92  0.0
104.03999999999999  0.0
104.16  0.0
104.28  0.0
104.39999999999999  0.0
104.52  0.0
104.64  0.0
104.75999999999999  0.0
104.88  0.0
105.0  0.0
105.11999999999999  0.0
105.24  0.0
105.36  0.0
105.47999999999999  0.0
105.6  0.0
105.72  0.0
105.83999999999999  0.0
105.96  0.0
106.08  0.0
106.2  0.0
106.32  0.0
106.44  0.0
106.56  0.0
106.67999999999999  0.0
106.8  0.0
106.92  0.0
107.03999999999999  0.0
107.16  0.0
107.28  0.0
107.39999999999999  0.0
107.52  0.0
107.64  0.0
107.75999999999999  0.0
107.88  0.0
108.0  0.0
108.11999999999999  0.0
108.24  0.0
108.36  0.0
108.47999999999999  0.0
108.6  0.0
108.72  0.0
108.83999999999999  0.0
108.96  0.0
109.08  0.0
109.2  0.0
109.32  0.0
109.44  0.0
109.56  0.0
109.67999999999999  0.0
109.8  0.0
109.92  0.0
110.03999999999999  0.0
110.16  0.0
110.28  0.0
110.39999999999999  0.0
110.52  0.0
110.64  0.0
110.75999999999999  0.0
110.88  0.0
111.0  0.0
111.11999999999999  0.0
111.24  0.0
111.36  0.0
111.47999999999999  0.0
111.6  0.0
111.72  0.0
111.83999999999999  0.0
111.96  0.0
112.08  0.0
112.2  0.0
112.32  0.0
112.44  0.0
112.56  0.0
112.67999999999999  0.0
112.8  0.0
112.92  0.0
113.03999999999999  0.0
113.16  0.0
113.28  0.0
113.39999999999999  0.0
113.52  0.0
113.64  0.0
113.75999999999999  0.0
113.88  0.0
114.0  0.0
114.11999999999999  0.0
114.24  0.0
114.36  0.0
114.47999999999999  0.0
114.6  0.0
114.72  0.0
114.83999999999999  0.013347314947586467
114.96  0.03241741265841694
115.08  0.05150100386267886
115.19999999999999  0.07059004458878872
115.32  0.08967647606379983
115.44  0.10875222847380625
115.56  0.12780922473502243
115.67999999999999  0.14683938427353413
115.8  0.16583462681184158
115.92  0.18478687616021439
116.03999999999999  0.2036880640109592
116.16  0.22253013373364117
116.28  0.2413050441692978
116.39999999999999  0.260004773421712
116.52  0.27862132264380796
116.64  0.29714671981718643
116.75999999999999  0.31557302352289934
116.88  0.33389232670149277
117.0  0.35209676040037224
117.11999999999999  0.37017849750658866
117.24  0.3881297564631027
117.36  0.4059428049665852
117.47999999999999  0.42360996364487835
117.6  0.4411236097122141
117.72  0.4584761806002404
117.83999999999999  0.47566017756306045
117.96  0.49266816925436485
118.08  0.5094927952747833
118.19999999999999  0.526126769687684
118.32  0.5425628845015287
118.44  0.5587940131170196
118.56  0.5748131137372117
118.67999999999999  0.5906132327388498
118.8  0.6061875080031704
118.92  0.621529172204408
119.03999999999999  0.6366315560543387
119.16  0.6514880915011451
119.28  0.6660923148809289
119.39999999999999  0.6804378700202602
119.52  0.6945185112881294
119.64  0.7083281065956973
119.75999999999999  0.7218606403423081
119.88  0.7351102163062261
120.0  0.7480710604785477
