0.0  0.0  100.0
0.12  0.0
0.24  0.0
0.36  0.0
0.48  0.0
0.6  0.0
0.72  0.0
0.84  0.0
0.96  0.0
1.08  0.0
1.2  0.0
1.3199999999999998  0.0
1.44  0.0
1.56  0.0
1.68  0.0
1.7999999999999998  0.0
1.92  0.0
2.04  0.0
2.16  0.0
2.28  0.0
2.4  0.0
2.52  0.0
2.6399999999999997  0.0
2.76  0.0
2.88  0.0
3.0  0.0
3.12  0.0
3.2399999999999998  0.0
3.36  0.0
3.48  0.0
3.5999999999999996  0.0
3.7199999999999998  0.0
3.84  0.0
3.96  0.0
4.08  0.0
4.2  0.0
4.32  0.0
4.4399999999999995  0.0
4.56  0.0
4.68  0.0
4.8  0.0
4.92  0.0
5.04  0.0
5.16  0.0
5.279999999999999  0.0
5.3999999999999995  0.0
5.52  0.0
5.64  0.0
5.76  0.0
5.88  0.0
6.0  0.0
6.12  0.0
6.24  0.0
6.359999999999999  0.0
6.4799999999999995  0.0
6.6  0.0
6.72  0.0
6.84  0.0
6.96  0.0
7.08  0.0
7.199999999999999  0.0
7.319999999999999  0.0
7.4399999999999995  0.0
7.56  0.0
7.68  0.0
7.8  0.0
7.92  0.0
8.04  0.0
8.16  0.0
8.28  0.0
8.4  0.0
8.52  0.0
8.64  0.0
8.76  0.0
8.879999999999999  0.0
9.0  0.0
9.12  0.0
9.24  0.0
9.36  0.0
9.48  0.0
9.6  0.0
9.719999999999999  0.0
9.84  0.0
9.959999999999999  0.0
10.08  0.0
10.2  0.0
10.32  0.0
10.44  0.0
10.559999999999999  0.0
10.68  0.0
10.799999999999999  0.0
10.92  0.0
11.04  0.0
11.16  0.0
11.28  0.0
11.4  0.0
11.52  0.0
11.639999999999999  0.0
11.76  0.0
11.879999999999999  0.0
12.0  0.0
12.12  0.0
12.24  0.0
12.36  0.0
12.48  0.0
12.6  0.0
12.719999999999999  0.0
12.84  0.0
12.959999999999999  0.0
13.08  0.0
13.2  0.0
13.32  0.0
13.44  0.0
13.559999999999999  0.0
13.68  0.0
13.799999999999999  0.0007079331620303275
13.92  0.007851158701389305
14.04  0.014838406699041129
14.16  0.021663314679019385
14.28  0.028319666279389644
14.399999999999999  0.03480139565649798
14.52  0.04110259178320608
14.639999999999999  0.047217502638322695
14.76  0.05314053928451934
14.879999999999999  0.05886627983207504
15.0  0.06438947328588518
15.12  0.06970504327323124
15.24  0.07480809164989533
15.36  0.07969390198227133
15.479999999999999  0.08435794290321919
15.6  0.08879587133947064
15.719999999999999  0.09300353560849628
15.84  0.09697697838281505
15.959999999999999  0.10071243951981734
16.08  0.10420635875525996
16.2  0.10745537825867668
16.32  0.11045634504903545
16.439999999999998  0.11320631326907082
16.56  0.11570254631679733
16.68  0.11794251883281492
16.8  0.11992391854210294
16.919999999999998  0.1216446479490908
17.04  0.1231028258848933
17.16  0.12429678890568852
17.28  0.12522509254131442
17.4  0.12588651239325532
17.52  0.12628004508128365
17.64  0.1264049090381253
17.759999999999998  0.126260545151606
17.88  0.12584661725384294
18.0  0.125163012457136
18.12  0.12420984133631441
18.24  0.1229874379573953
18.36  0.12149635975250617
18.48  0.11973738724111926
18.599999999999998  0.11771152359775272
18.72  0.11541999406638226
18.84  0.11286424522191141
18.96  0.11004594407914603
19.08  0.10696697704981106
19.2  0.10362944874825553
19.32  0.10003568064657609
19.439999999999998  0.09618820957999519
19.56  0.092089786103425
19.68  0.08774337270023935
19.8  0.08315214184437347
19.919999999999998  0.07831947391696858
20.04  0.0732489549788653
20.16  0.0679443744003485
20.279999999999998  0.0624097223496356
20.4  0.05664918714168887
20.52  0.05066715244902764
20.64  0.04446819437630212
20.759999999999998  0.03805707840047545
20.88  0.031438756178550964
21.0  0.024618362224871904
21.119999999999997  0.017601210460092775
21.24  0.010392790634010218
21.36  0.0029987646245360766
21.48  0.0
21.599999999999998  0.0
21.72  0.0
21.84  0.0
21.96  0.0
22.08  0.0
22.2  0.0
22.32  0.0
22.439999999999998  0.0
22.56  0.0
22.68  0.0
22.8  0.0
22.919999999999998  0.0
23.04  0.0
23.16  0.0
23.279999999999998  0.0
23.4  0.0
23.52  0.0
23.64  0.0
23.759999999999998  0.0
23.88  0.0
24.0  0.0
24.119999999999997  0.0
24.24  0.0
24.36  0.0
24.48  0.0
24.599999999999998  0.0
24.72  0.0
24.84  0.0
24.96  0.0
25.08  0.0
25.2  0.0
25.32  0.0
25.439999999999998  0.0
25.56  0.0
25.68  0.0
25.8  0.0
25.919999999999998  0.0
26.04  0.0
26.16  0.0
26.279999999999998  0.0
26.4  0.0
26.52  0.0
26.64  0.0
26.759999999999998  0.0
26.88  0.0
27.0  0.0
27.119999999999997  0.0
27.24  0.0
27.36  0.0
27.48  0.0
27.599999999999998  0.0
27.72  0.0
27.84  0.0
27.959999999999997  0.0
28.08  0.0
28.2  0.0
28.32  0.0
28.439999999999998  0.0
28.56  0.0
28.68  0.0
28.799999999999997  0.0
28.919999999999998  0.0
29.04  0.0
29.16  0.0
29.279999999999998  0.0
29.4  0.0
29.52  0.0
29.64  0.0
29.759999999999998  0.0
29.88  0.0
30.0  0.0
30.119999999999997  0.0
30.24  0.0
30.36  0.0
30.48  0.0
30.599999999999998  0.0
30.72  0.0
30.84  0.0
30.959999999999997  0.0
31.08  0.0
31.2  0.0
31.32  0.0
31.439999999999998  0.0
31.56  0.0
31.68  0.0
31.799999999999997  0.0
31.919999999999998  0.0
32.04  0.0
32.16  0.0
32.28  0.0
32.4  0.0
32.519999999999996  0.0
32.64  0.0
32.76  0.0
32.879999999999995  0.0
33.0  0.0
33.12  0.0
33.24  0.0
33.36  0.0
33.48  0.0
33.6  0.0
33.72  0.0
33.839999999999996  0.0
33.96  0.0
34.08  0.0
34.199999999999996  0.0
34.32  0.0
34.44  0.0
34.56  0.0
34.68  0.0
34.8  0.0
34.92  0.0
35.04  0.0
35.16  0.0
35.28  0.0
35.4  0.0
35.519999999999996  0.0
35.64  0.0
35.76  0.0
35.879999999999995  0.0
36.0  0.0
36.12  0.0
36.24  0.0
36.36  0.0
36.48  0.0
36.6  0.0
36.72  0.0
36.839999999999996  0.006220687328074348
36.96  0.02413184994397166
37.08  0.042207632417238905
37.199999999999996  0.06043852365694269
37.32  0.07881486223531553
37.44  0.09732684178185769
37.559999999999995  0.11596451648274864
37.68  0.1347178066823549
37.8  0.15357650458361616
37.92  0.1725302800439979
38.04  0.19156868646361247
38.16  0.2106811667621032
38.28  0.22985705944077006
38.4  0.24908560472640023
38.519999999999996  0.2683559507931937
38.64  0.2876571600591167
38.76  0.3069782155529771
38.879999999999995  0.3263080273484652
39.0  0.3456354390613448
39.12  0.36494923440594906
39.24  0.38423814380709725
39.36  0.40349085106348004
39.48  0.42269600005857166
39.6  0.44184220151504405
39.72  0.4609180397886531
39.839999999999996  0.4799120796975461
39.96  0.49881287338287206
40.08  0.5176089671965989
40.199999999999996  0.5362889086123841
40.32  0.5548412531553475
40.44  0.5732545713465549
40.559999999999995  0.5915174556580423
40.68  0.6096185274741464
40.8  0.6275464440549501
40.92  0.6452899054976058
41.04  0.6628376616913114
41.16  0.6801785192617196
41.28  0.6973013485005319
41.4  0.7141950902760591
41.519999999999996  0.7308487629205425
41.64  0.7472514690899845
41.76  0.7633924025923182
41.879999999999995  0.7792608551797207
42.0  0.7948462233008766
42.12  0.8101380148090511
42.239999999999995  0.8251258556218373
42.36  0.83979949632846
42.48  0.8541488187405311
42.6  0.8681638423822429
42.72  0.8818347309159169
42.839999999999996  0.8951517984989562
42.96  0.9081055160682108
43.08  0.920686517547853
43.199999999999996  0.9328856059768706
43.32  0.9446937595523437
43.44  0.9561021375847083
43.559999999999995  0.9671020863612658
43.68  0.9776851449142314
43.8  0.987843050689688
43.92  0.9975677451138427
44.04  1.006851379053063
44.16  1.015686318164215
44.28  1.0240651481318794
44.4  1.0319806797891031
44.519999999999996  1.039425954118399
44.64  1.0463942471297734
44.76  1.0528790746126153
44.879999999999995  1.058874196758401
45.0  1.0643736226511713
45.12  1.0693716146228704
45.239999999999995  1.0738626924706862
45.36  1.0778416375336126
45.48  1.0813034966255388
45.6  1.084243585822246
45.72  1.086657494099788
45.839999999999996  1.0885410868218044
45.96  1.0898905090734037
46.08  1.0907021888393515
46.199999999999996  1.0909728400243723
46.32  1.0906994653134836
46.44  1.0898793588703595
46.559999999999995  1.0885101088718163
46.68  1.0865895998766095
46.8  1.0841160150268387
46.92  1.0810878380803226
47.04  1.0775038552724492
47.16  1.0733631570060624
47.28  1.0686651393680777
47.4  1.0634095054716033
47.519999999999996  1.057596266622446
47.64  1.0512257433090053
47.76  1.0442985660146178
47.879999999999995  1.0368156758515767
48.0  1.0287783250160965
48.12  1.0201880770636507
48.239999999999995  1.0110468070041676
48.36  1.0013567012167235
48.48  0.9911202571834381
48.6  0.9803402830423988
48.72  0.9690198969595694
48.839999999999996  0.9571625263196932
48.96  0.9447719067363729
49.08  0.9318520808815574
49.199999999999996  0.918407397134806
49.32  0.9044425080528101
49.44  0.8899623686597384
49.559999999999995  0.8749722345590842
49.68  0.8594776598678155
49.8  0.8434844949737255
49.92  0.8269988841169564
50.04  0.8100272627968503
50.16  0.7925763550052787
50.28  0.7746531702878177
50.4  0.756265000634152
50.519999999999996  0.737419417199231
50.64  0.7181242668568141
50.76  0.6983876685871069
50.879999999999995  0.6782180097003188
51.0  0.6576239418980567
51.12  0.636614377174586
51.239999999999995  0.6151984835600408
51.36  0.5933856807078338
51.48  0.5711856353285385
51.6  0.5486082564726453
51.72  0.5256636906647032
51.839999999999996  0.5023623168913807
51.96  0.47871474144615944
52.08  0.4547317926333924
52.199999999999996  0.4304245153345499
52.32  0.40580416543962083
52.44  0.3808822041466442
52.559999999999995  0.35567029213245416
52.68  0.33018028359782864
52.8  0.30442422019028254
52.919999999999995  0.27841432480778683
53.04  0.252162995286871
53.16  0.22568279797851964
53.28  0.19898646121541197
53.4  0.17208686867413037
53.519999999999996  0.14499705263595875
53.64  0.11773018715005229
53.76  0.0902995811027335
53.879999999999995  0.06271867119678115
54.0  0.03500101484461626
54.12  0.007160282979361332
54.239999999999995  0.0
54.36  0.0
54.48  0.0
54.6  0.0
54.72  0.0
54.839999999999996  0.0
54.96  0.0
55.08  0.0
55.199999999999996  0.0
55.32  0.0
55.44  0.0
55.559999999999995  0.0
55.68  0.0
55.8  0.0
55.919999999999995  0.0
56.04  0.0
56.16  0.0
56.28  0.0
56.4  0.0
56.519999999999996  0.0
56.64  0.0
56.76  0.0
56.879999999999995  0.0
57.0  0.0
57.12  0.0
57.239999999999995  0.0
57.36  0.0
57.48  0.0
57.599999999999994  0.0
57.72  0.0
57.839999999999996  0.0
57.96  0.0
58.08  0.0
58.199999999999996  0.0
58.32  0.0
58.44  0.0
58.559999999999995  0.0
58.68  0.0
58.8  0.0
58.919999999999995  0.0
59.04  0.0
59.16  0.0
59.28  0.0
59.4  0.0
59.519999999999996  0.0
59.64  0.0
59.76  0.0
59.879999999999995  0.0
60.0  0.0
60.12  0.0
60.239999999999995  0.0
60.36  0.0
60.48  0.0
60.599999999999994  0.0
60.72  0.0
60.839999999999996  0.0
60.96  0.0
61.08  0.0
61.199999999999996  0.0
61.32  0.0
61.44  0.0
61.559999999999995  0.0
61.68  0.0
61.8  0.0
61.919999999999995  0.0
62.04  0.0
62.16  0.0
62.28  0.0
62.4  0.0
62.519999999999996  0.0
62.64  0.0
62.76  0.0
62.879999999999995  0.0
63.0  0.0
63.12  0.0
63.239999999999995  0.0
63.36  0.0
63.48  0.0
63.599999999999994  0.0
63.72  0.0
63.839999999999996  0.0
63.96  0.0
64.08  0.0
64.2  0.0
64.32  0.0
64.44  0.0
64.56  0.0
64.67999999999999  0.0
64.8  0.0
64.92  0.0
65.03999999999999  0.0
65.16  0.0
65.28  0.0
65.39999999999999  0.0
65.52  0.0
65.64  0.0
65.75999999999999  0.0
65.88  0.0
66.0  0.0
66.12  0.0
66.24  0.0
66.36  0.0
66.48  0.0
66.6  0.0
66.72  0.0
66.84  0.0
66.96  0.0
67.08  0.0
67.2  0.0
67.32  0.0
67.44  0.0
67.56  0.0
67.67999999999999  0.0
67.8  0.0
67.92  0.0
68.03999999999999  0.0
68.16  0.0
68.28  0.0
68.39999999999999  0.0
68.52  0.0
68.64  0.0
68.75999999999999  0.0
68.88  0.0
69.0  0.0
69.12  0.0
69.24  0.0
69.36  0.0
69.48  0.0
69.6  0.0
69.72  0.0
69.84  0.0
69.96  0.0
70.08  0.0
70.2  0.0
70.32  0.0
70.44  0.0
70.56  0.0
70.67999999999999  0.0
70.8  0.0
70.92  0.0
71.03999999999999  0.0
71.16  0.0
71.28  0.0
71.39999999999999  0.0
71.52  0.0
71.64  0.0
71.75999999999999  0.011265166393370357
71.88  0.043354225774712096
72.0  0.07542930209464746
72.11999999999999  0.1074745964222143
72.24  0.1394743227940099
72.36  0.17141271659802668
72.48  0.2032740429466003
72.6  0.2350426050337542
72.72  0.2667027524722795
72.84  0.29823888960585615
72.96  0.32963548379162527
73.08  0.36087707364855737
73.2  0.39194827726695197
73.32  0.4228338003745809
73.44  0.4535184444548357
73.56  0.48398711481235135
73.67999999999999  0.5142248285816248
73.8  0.5442167226741549
73.92  0.5739480616596083
74.03999999999999  0.6034042455766861
74.16  0.6325708176692971
74.28  0.6614334720436782
74.39999999999999  0.689978061242257
74.52  0.7181906037300125
74.64  0.7460572912890961
74.75999999999999  0.7735644963176842
74.88  0.8006987790289424
75.0  0.8274468945460702
75.11999999999999  0.8537957998895288
75.24  0.8797326608525321
75.36  0.9052448587609565
75.48  0.9303199971139584
75.6  0.9549459081015692
75.72  0.9791106589956682
75.84  1.0028025584107625
75.96  1.0260101624311295
76.08  1.0487222806009238
76.2  1.0709279817738908
76.32  1.0926165998195012
76.44  1.1137777391823347
76.56  1.1344012802916137
76.67999999999999  1.1544773848179446
76.8  1.1739965007743614
76.92  1.1929493674588196
77.03999999999999  1.2113270202354935
77.16  1.229120795152208
77.28  1.246322333391476
77.39999999999999  1.262923585552719
77.52  1.278916815763346
77.64  1.2942946056164073
77.75999999999999  1.3090498579327319
77.88  1.3231758003454863
78.0  1.3366659887052001
78.11999999999999  1.349514310303459
78.24  1.3617149869135146
78.36  1.373262577646175
78.48  1.3841519816194787
78.6  1.3943784404407205
78.72  1.4039375404995347
78.84  1.4128252150708245
78.96  1.4210377462264594
79.08  1.4285717665547641
79.2  1.4354242606869059
79.32  1.4415925666294487
79.44  1.4470743769024184
79.56  1.451867739482318
79.67999999999999  1.455971058549705
79.8  1.4593830950409883
79.92  1.4621029670042498
80.03999999999999  1.4641301497590051
80.16  1.4654644758599218
80.28  1.4661061348646216
80.39999999999999  1.466055672905823
80.52  1.4653139920681726
80.64  1.4638823495702367
80.75999999999999  1.4617623567522273
80.88  1.4589559778701577
81.0  1.4554655286972298
81.11999999999999  1.4512936749333445
81.24  1.4464434304237817
81.36  1.440918155188148
81.48  1.4347215532608528
81.6  1.4278576703444368
81.72  1.4203308912771972
81.84  1.4121459373166954
81.96  1.4033078632407563
82.08  1.393822054267762
82.2  1.383694222798081
82.32  1.3729304049786049
82.44  1.3615369570924543
82.56  1.34952055177602
82.67999999999999  1.3368881740656082
82.8  1.3236471172760103
82.92  1.3098049787135129
83.03999999999999  1.2953696552258402
83.16  1.2803493385916613
83.28  1.2647525107524586
83.39999999999999  1.2485879388894747
83.52  1.23186467034872
83.64  1.2145920274169888
83.75999999999999  1.196779601951966
83.88  1.1784372498695692
84.0  1.159575085491772
84.11999999999999  1.1402034757582136
84.24  1.1203330343049478
84.36  1.099974615413871
84.47999999999999  1.079139307836261
84.6  1.05783842849409
84.72  1.036083516062795
84.84  1.0138863244391563
84.96  0.9912588160981888
85.08  0.9682131553427925
85.2  0.9447617014501939
85.32  0.9209170017190628
85.44  0.8966917844213325
85.56  0.8720989516629049
85.67999999999999  0.8471515721572136
85.8  0.8218628739159475
85.92  0.79624623686109
86.03999999999999  0.7703151853625494
86.16  0.7440833807056763
86.28  0.7175646134930157
86.39999999999999  0.6907727959846665
86.52  0.6637219543815926
86.64  0.6364262210564521
86.75999999999999  0.6088998267362362
86.88  0.5811570926413119
87.0  0.5532124225853768
87.11999999999999  0.5250802950407449
87.24  0.4967752551736232
87.36  0.4683119068538577
87.47999999999999  0.4397049046437334
87.6  0.4109689457703883
87.72  0.3821187620864413
87.84  0.3531691120233921
87.96  0.3241347725423561
88.08  0.2950305310867546
88.2  0.26587117754149564
88.32  0.23667149620322303
88.44  0.20744625776617165
88.56  0.17821021132818743
88.67999999999999  0.148978076421435
88.8  0.11976453507223478
88.92  0.09058422389465592
89.03999999999999  0.06145172622214673
89.16  0.032381564281758146
89.28  0.003388191415354236
89.39999999999999  0.0
89.52  0.0
89.64  0.0
89.75999999999999  0.0
89.88  0.0
90.0  0.0
90.11999999999999  0.0
90.24  0.0
90.36  0.0
90.47999999999999  0.0
90.6  0.0
90.72  0.0
90.84  0.0
90.96  0.0
91.08  0.0
91.2  0.0
91.32  0.0
91.44  0.0
91.56  0.0
91.67999999999999  0.0
91.8  0.0
91.92  0.0
92.03999999999999  0.0
92.16  0.0
92.28  0.0
92.39999999999999  0.0
92.52  0.0
92.64  0.0
92.75999999999999  0.0
92.88  0.0
93.0  0.0
93.11999999999999  0.0
93.24  0.0
93.36  0.0
93.47999999999999  0.0
93.6  0.0
93.72  0.0
93.84  0.0
93.96  0.0
94.08  0.0
94.2  0.0
94.32  0.0
94.44  0.0
94.56  0.0
94.67999999999999  0.0
94.8  0.0
94.92  0.0
95.03999999999999  0.0
95.16  0.0
95.28  0.0
95.39999999999999  0.0
95.52  0.0
95.64  0.0
95.75999999999999  0.0
95.88  0.0
96.0  0.0
96.11999999999999  0.0
96.24  0.0
96.36  0.0
96.47999999999999  0.0
96.6  0.0
96.72  0.0
96.84  0.0
96.96  0.0
97.08  0.0
97.2  0.0
97.32  0.0
97.44  0.0
97.56  0.0
97.67999999999999  0.0
97.8  0.0
97.92  0.0
98.03999999999999  0.0
98.16  0.0
98.28  0.0
98.39999999999999  0.0
98.52  0.0
98.64  0.0
98.75999999999999  0.0
98.88  0.0
99.0  0.0
99.11999999999999  0.0
99.24  0.0
99.36  0.0
99.47999999999999  0.0
99.6  0.0
99.72  0.0
99.84  0.0
99.96  0.0
100.08  0.0
100.2  0.0
100.32  0.0
100.44  0.0
100.56  0.0
100.67999999999999  0.0
100.8  0.0
100.92  0.0
101.03999999999999  0.0
101.16  0.0
101.28  0.0
101.39999999999999  0.0
101.52  0.0
101.64  0.0
101.75999999999999  0.0
101.88  0.0
102.0  0.0
102.11999999999999  0.0
102.24  0.0
102.36  0.0
102.47999999999999  0.0
102.6  0.0
102.72  0.0
102.83999999999999  0.0
102.96  0.0
103.08  0.0
103.2  0.0
103.32  0.0
103.44  0.0
103.56  0.0
103.67999999999999  0.0
103.8  0.0
103.92  0.0
104.03999999999999  0.0
104.16  0.0
104.28  0.0
104.39999999999999  0.0
104.52  0.0
104.64  0.0
104.75999999999999  0.0
104.88  0.0
105.0  0.0
105.11999999999999  0.0
105.24  0.0
105.36  0.0
105.47999999999999  0.0
105.6  0.0
105.72  0.0
105.83999999999999  0.0
105.96  0.0
106.08  0.0
106.2  0.0
106.32  0.0
106.44  0.0
106.56  0.0
106.67999999999999  0.0
106.8  0.015358966976559585
106.92  0.03458247948912152
107.03999999999999  0.0536187727477323
107.16  0.0724582495637649
107.28  0.09109148311213189
107.39999999999999  0.10950922199432589
107.52  0.127702395179777
107.64  0.14566211682273467
107.75999999999999  0.163379690951992
107.88  0.18084661603086616
108.0  0.19805458938483966
108.11999999999999  0.2149955114944878
108.24  0.23166149015131776
108.36  0.2480448444741944
108.47999999999999  0.264138108784256
108.6  0.2799340363361633
108.72  0.29542560290369396
108.83999999999999  0.31060601021779033
108.96  0.3254686892552231
109.08  0.34000730337615515
109.2  0.35421575130898264
109.32  0.3680881699809032
109.44  0.38161893719279893
109.56  0.39480267413707876
109.67999999999999  0.40763424775724577
109.8  0.4201087729480574
109.92  0.4322216145952088
110.03999999999999  0.4439683894536342
110.16  0.45534496786357126
110.28  0.46634747530362197
110.39999999999999  0.47697229378021644
110.52  0.4872160630529181
110.64  0.4970756816951201
110.75999999999999  0.5065483079898319
110.88  0.5156313606603112
111.0  0.5243225194353888
111.11999999999999  0.5326197254494998
111.24  0.540521181477464
111.36  0.5480253520042149
111.47999999999999  0.555130963129725
111.6  0.5618370023095376
111.72  0.5681427179313788
111.83999999999999  0.5740476187284094
111.96  0.5795514730298327
112.08  0.584654307849604
112.2  0.5893564078141468
112.32  0.5936583139300489
112.44  0.5975608221928076
112.56  0.601064982037798
112.67999999999999  0.6041720946347507
112.8  0.6068837110270775
112.92  0.6092016301175277
113.03999999999999  0.6111278965017074
113.16  0.6126647981511399
113.28  0.6138148639475508
113.39999999999999  0.614580861070259
113.52  0.6149657922385668
113.64  0.6149728928111264
113.75999999999999  0.6146056277444338
113.88  0.6138676884125459
114.0  0.6127629892903717
114.11999999999999  0.6112956645027781
114.24  0.6094700642420157
114.36  0.6072907510559198
114.47999999999999  0.6047624960094601
114.6  0.6018902747223376
114.72  0.5986792632852879
114.83999999999999  0.5951348340579536
114.96  0.5912625513511698
115.08  0.5870681669965748
115.19999999999999  0.582557615806617
115.32  0.5777370109279504
115.44  0.5726126390914286
115.56  0.5671909557618208
115.67999999999999  0.5614785801905595
115.8  0.5554822903748082
115.92  0.5492090179261883
116.03999999999999  0.5426658428526494
116.16  0.5358599882568524
116.28  0.5287988149547195
116.39999999999999  0.5214898160175452
116.52  0.5139406112414155
116.64  0.5061589415475403
116.75999999999999  0.4981526633171264
116.88  0.48992974266461764
117.0  0.48149824965296867
117.11999999999999  0.47286635245480735
117.24  0.4640423114632815
117.36  0.4550344733564174
117.47999999999999  0.4458512651189236
117.6  0.4365011880252496
117.72  0.42699281158792035
117.83999999999999  0.4173347674749716
117.96  0.4075357434005203
118.08  0.3976044769924057
118.19999999999999  0.3875497496408361
118.32  0.3773803803320852
118.44  0.36710521947118735
118.56  0.35673314269760775
118.67999999999999  0.3462730446979328
118.8  0.3357338330194743
118.92  0.3251244218889011
119.03999999999999  0.31445372603972677
119.16  0.303730654552747
119.28  0.2929641047132916
119.39999999999999  0.2821629558892862
119.52  0.27133606343402583
119.64  0.2604922526175482
119.75999999999999  0.24964031259053737
119.88  0.23878899038454166
120.0  0.22794698495243382
