0.0  22.831613486385002
1.68  31.77702659650316
3.36  41.23379196828908
5.04  48.09472112373527
6.72  50.10553374794351
8.4  46.605541585285444
10.08  38.744729317983754
11.76  29.105906643063538
13.44  0.0
15.12  0.0
16.8  0.0
18.48  0.0
20.16  0.32242374882281943
21.84  9.508455893062171
23.52  15.57031571906775
25.2  16.516271353819214
26.88  12.03551224704371
28.56  3.6002715061457797
30.24  0.0
31.919999999999998  0.0
33.6  0.0
35.28  0.0
36.96  0.0
38.64  2.1971295393211054
40.32  10.997762649921967
42.0  16.184885215823194
43.68  16.05417585046836
45.36  10.648581440877622
47.04  1.7442061839863543
48.72  0.0
50.4  0.0
52.08  0.0
53.76  0.0
55.44  0.0
57.12  4.044409382929704
58.8  12.34978844589898
60.48  16.59742483932793
62.16  15.39168207002356
63.839999999999996  9.12872837235921
65.52  0.0
67.2  0.0
68.88  0.0
70.56  0.0
72.24  0.0
73.92  0.0
75.6  5.8412043757585845
77.28  13.547656448284883
78.96  16.802785011643273
80.64  14.537059674747269
82.32  7.494924799316718
84.0  0.0
85.67999999999999  0.0
87.36  0.0
89.03999999999999  0.0
90.72  0.0
92.39999999999999  0.0
94.08  7.565085797442057
95.75999999999999  14.576414118493918
97.44  16.798402298489023
99.11999999999999  13.500976596595429
100.8  5.7675648811386475
102.47999999999999  0.0
104.16  0.0
105.83999999999999  0.0
107.52  0.0
109.2  0.0
110.88  0.0
112.56  9.1945350804722
114.24  15.423219859014292
115.92  16.584331407635478
117.6  12.296365873409366
119.28  3.9682106061046136
120.96  0.0
122.64  0.0
124.32  0.0
126.0  0.0
127.67999999999999  0.0
129.35999999999999  1.822219293131214
131.04  10.709212418435198
132.72  16.077503310270103
134.4  16.163244506006823
136.07999999999998  10.93826421063848
137.76  2.119322641143774
139.44  0.0
141.12  0.0
142.79999999999998  0.0
144.48  0.0
146.16  0.0
147.84  3.6768702532228987
149.51999999999998  12.090210660213167
151.2  16.53109729646956
152.88  15.540397864020214
154.56  9.44362428376553
156.23999999999998  0.24397996372375097
157.92  0.0
159.6  0.0
161.28  0.0
162.96  0.0
164.64  0.0
166.32  5.485624216127638
168.0  13.320291320884778
