0.0  1000.0  100.0
0.12  1000.0
0.24  1000.0
0.36  1000.0
0.48  1000.0
0.6  1000.0
0.72  1000.0
0.84  1000.0
0.96  1000.0
1.08  1000.0
1.2  1000.0
1.3199999999999998  1000.0
1.44  1000.0
1.56  1000.0
1.68  1000.0
1.7999999999999998  1000.0
1.92  1000.0
2.04  1000.0
2.16  1000.0
2.28  1000.0
2.4  1000.0
2.52  1000.0
2.6399999999999997  1000.0
2.76  1000.0
2.88  1000.0
3.0  1000.0
3.12  1000.0
3.2399999999999998  999.4165818556154
3.36  985.3709560834296
3.48  971.0186757917314
3.5999999999999996  956.3642105388685
3.7199999999999998  941.4121239748307
3.84  926.1670724176454
3.96  910.6338034008775
4.08  894.8171541926926
4.2  878.7220502869444
4.32  862.3535038667616
4.4399999999999995  845.7166122411132
4.56  828.8165562548455
4.68  811.6585986726848
4.8  794.2480825377147
4.92  776.5904295048427
5.04  758.6911381497757
5.16  740.5557822540363
5.279999999999999  722.1900090665565
5.3999999999999995  703.5995375423925
5.52  684.7901565591128
5.64  665.7677231114199
5.76  646.5381604845667
5.88  627.1074564071442
6.0  607.4816611838165
6.12  587.6668858085876
6.24  567.6693000591907
6.359999999999999  547.4951305732008
6.4799999999999995  527.1506589064629
6.6  506.6422195744564
6.72  485.97619807719735
6.84  465.15902890830415
6.96  444.1971935488471
7.08  423.097218446607
7.199999999999999  401.865672981381
7.319999999999999  380.5091674169677
7.4399999999999995  359.03435084047305
7.56  337.4479090895816
7.68  315.7565626684444
7.8  293.9670646528308
7.92  272.0861985852014
8.04  250.1207763603616
8.16  228.0776361023538
8.28  205.96364003325766
8.4  183.78567233455433
8.52  161.55063700173758
8.64  139.26545569282655
8.76  116.93706557146697
8.879999999999999  94.57241714528446
9.0  72.1784721001688
9.12  49.76220113117052
9.24  27.330581770675757
9.36  4.890596214551969
9.48  0.0
9.6  0.0
9.719999999999999  0.0
9.84  0.0
9.959999999999999  0.0
10.08  0.0
10.2  0.0
10.32  0.0
10.44  0.0
10.559999999999999  0.0
10.68  0.0
10.799999999999999  0.0
10.92  0.0
11.04  0.0
11.16  0.0
11.28  0.0
11.4  0.0
11.52  0.0
11.639999999999999  0.0
11.76  0.0
11.879999999999999  0.0
12.0  0.0
12.12  0.0
12.24  0.0
12.36  0.0
12.48  0.0
12.6  0.0
12.719999999999999  0.0
12.84  0.0
12.959999999999999  0.0
13.08  0.0
13.2  0.0
13.32  0.0
13.44  0.0
13.559999999999999  0.0
13.68  0.0
13.799999999999999  0.0
13.92  0.0
14.04  0.0
14.16  0.0
14.28  0.0
14.399999999999999  0.0
14.52  0.0
14.639999999999999  0.0
14.76  0.0
14.879999999999999  0.0
15.0  0.0
15.12  0.0
15.24  0.0
15.36  0.0
15.479999999999999  0.0
15.6  0.0
15.719999999999999  0.0
15.84  0.0
15.959999999999999  0.0
16.08  0.0
16.2  0.0
16.32  0.0
16.439999999999998  0.0
16.56  0.0
16.68  0.0
16.8  0.0
16.919999999999998  0.0
17.04  0.0
17.16  0.0
17.28  0.0
17.4  0.0
17.52  0.0
17.64  0.0
17.759999999999998  0.0
17.88  0.0
18.0  0.0
18.12  0.0
18.24  0.0
18.36  0.0
18.48  0.0
18.599999999999998  0.0
18.72  0.0
18.84  0.0
18.96  0.0
19.08  0.0
19.2  0.0
19.32  0.0
19.439999999999998  0.0
19.56  0.0
19.68  0.0
19.8  0.0
19.919999999999998  0.0
20.04  0.0
20.16  0.0
20.279999999999998  0.0
20.4  0.0
20.52  0.0
20.64  0.0
20.759999999999998  0.0
20.88  0.0
21.0  0.0
21.119999999999997  0.0
21.24  0.0
21.36  0.0
21.48  0.0
21.599999999999998  0.0
21.72  0.0
21.84  0.0
21.96  0.0
22.08  0.0
22.2  0.0
22.32  0.0
22.439999999999998  0.0
22.56  0.0
22.68  0.0
22.8  0.0
22.919999999999998  0.0
23.04  0.0
23.16  0.0
23.279999999999998  0.0
23.4  0.0
23.52  0.0
23.64  0.0
23.759999999999998  0.0
23.88  0.0
24.0  0.0
24.119999999999997  0.0
24.24  0.0
24.36  0.0
24.48  0.0
24.599999999999998  0.0
24.72  0.0
24.84  0.0
24.96  0.0
25.08  0.0
25.2  0.0
25.32  0.0
25.439999999999998  0.0
25.56  0.0
25.68  0.0
25.8  0.0
25.919999999999998  0.0
26.04  0.0
26.16  0.0
26.279999999999998  0.0
26.4  0.0
26.52  0.0
26.64  0.0
26.759999999999998  0.0
26.88  0.0
27.0  0.0
27.119999999999997  0.0
27.24  0.0
27.36  0.0
27.48  0.0
27.599999999999998  0.0
27.72  0.0
27.84  0.0
27.959999999999997  0.0
28.08  0.0
28.2  0.0
28.32  0.0
28.439999999999998  0.0
28.56  0.0
28.68  0.0
28.799999999999997  0.0
28.919999999999998  0.0
29.04  0.0
29.16  0.0
29.279999999999998  0.0
29.4  0.0
29.52  0.0
29.64  0.0
29.759999999999998  0.0
29.88  0.0
30.0  0.0
30.119999999999997  0.0
30.24  0.0
30.36  0.0
30.48  0.0
30.599999999999998  0.0
30.72  0.0
30.84  14.871451317625619
30.959999999999997  37.292191007031114
31.08  59.70129255172051
31.2  82.09178956866121
31.32  104.45672148890407
31.439999999999998  126.78913571865128
31.56  149.08208979784098
31.68  171.328653555554
31.799999999999997  193.52191126158618
31.919999999999998  215.65496377353261
32.04  237.72093067869096
32.16  259.71295243015504
32.28  281.62419247641094
32.4  303.4478393837819
32.519999999999996  325.1771089510911
32.64  346.8052463158461
32.76  368.3255280513217
32.879999999999995  389.7312642538929
33.0  411.01580061995634
33.12  432.17252051180543
33.24  453.1948470118325
33.36  474.0762449643944
33.48  494.8102230047428
33.6  515.3903355743654
33.72  535.8101849221189
33.839999999999996  556.063423090561
33.96  576.1437538868239
34.08  596.0449348374492
34.199999999999996  615.7607791265787
34.32  635.2851575168839
34.44  654.6120002526536
34.56  673.7352989444533
34.68  692.6491084347564
34.8  711.3475486439887
34.92  729.824806396408
35.04  748.075137225241
35.16  766.0928671565451
35.28  783.8723944712186
35.4  801.4081914446207
35.519999999999996  818.6948060632767
35.64  835.7268637181146
35.76  852.499068873721
35.879999999999995  869.0062067131038
36.0  885.2431447574418
36.12  901.2048344603181
36.24  916.8863127759658
36.36  932.2827037010043
36.48  947.3892197892218
36.6  962.2011636389143
36.72  976.7139293523248
36.839999999999996  990.923003966739
36.96  1000.0
37.08  1000.0
37.199999999999996  1000.0
37.32  1000.0
37.44  1000.0
37.559999999999995  1000.0
37.68  1000.0
37.8  1000.0
37.92  1000.0
38.04  1000.0
38.16  1000.0
38.28  1000.0
38.4  1000.0
38.519999999999996  1000.0
38.64  1000.0
38.76  1000.0
38.879999999999995  1000.0
39.0  1000.0
39.12  1000.0
39.24  1000.0
39.36  1000.0
39.48  1000.0
39.6  1000.0
39.72  1000.0
39.839999999999996  1000.0
39.96  1000.0
40.08  1000.0
40.199999999999996  1000.0
40.32  1000.0
40.44  1000.0
40.559999999999995  1000.0
40.68  1000.0
40.8  1000.0
40.92  1000.0
41.04  1000.0
41.16  1000.0
41.28  1000.0
41.4  1000.0
41.519999999999996  1000.0
41.64  1000.0
41.76  1000.0
41.879999999999995  1000.0
42.0  1000.0
42.12  1000.0
42.239999999999995  1000.0
42.36  1000.0
42.48  1000.0
42.6  1000.0
42.72  1000.0
42.839999999999996  1000.0
42.96  1000.0
43.08  1000.0
43.199999999999996  1000.0
43.32  1000.0
43.44  1000.0
43.559999999999995  1000.0
43.68  1000.0
43.8  1000.0
43.92  1000.0
44.04  1000.0
44.16  1000.0
44.28  1000.0
44.4  1000.0
44.519999999999996  1000.0
44.64  1000.0
44.76  1000.0
44.879999999999995  1000.0
45.0  1000.0
45.12  1000.0
45.239999999999995  1000.0
45.36  1000.0
45.48  1000.0
45.6  1000.0
45.72  1000.0
45.839999999999996  1000.0
45.96  1000.0
46.08  988.4246948823873
46.199999999999996  974.1580005311648
46.32  959.5881795960007
46.44  944.7197598496493
46.559999999999995  929.5573620156205
46.68  914.1056983347775
46.8  898.3695711034187
46.92  882.3538711832776
47.04  866.0635764839316
47.16  849.5037504180473
47.28  832.6795403299805
47.4  815.5961758981935
47.519999999999996  798.2589675119822
47.64  780.6733046230272
47.76  762.844654072275
47.879999999999995  744.7785583926544
48.0  726.4806340881706
48.12  707.9565698899082
48.239999999999995  689.2121249894578
48.36  670.2531272503501
48.48  651.0854713980286
48.6  631.715117188918
48.72  612.1480875591774
48.839999999999996  592.3904667536839
48.96  572.4483984358499
49.08  552.3280837788502
49.199999999999996  532.035779538843
49.32  511.57779611079667
49.44  490.9604955675253
49.559999999999995  470.190289682513
49.68  449.2736379371828
49.8  428.2170455132026
49.92  407.0270612704448
50.04  385.7102757112553
50.16  364.27331893163137
50.28  342.72285855997006
50.4  321.0655976840168
50.519999999999996  299.30827276665
50.64  277.4576515511653
50.76  255.5205309567079
50.879999999999995  233.50373496448148
51.0  211.41411249543128
51.12  189.25853528003466
51.239999999999995  167.0438957208592
51.36  144.77710474857045
51.48  122.46508967204716
51.6  100.11479202326088
51.72  77.73316539761734
51.839999999999996  55.32717329040545
51.96  32.903786930037214
52.08  10.469983108764957
52.199999999999996  0.0
52.32  0.0
52.44  0.0
52.559999999999995  0.0
52.68  0.0
52.8  0.0
52.919999999999995  0.0
53.04  0.0
53.16  0.0
53.28  0.0
53.4  0.0
53.519999999999996  0.0
53.64  0.0
53.76  0.0
53.879999999999995  0.0
54.0  0.0
54.12  0.0
54.239999999999995  0.0
54.36  0.0
54.48  0.0
54.6  0.0
54.72  0.0
54.839999999999996  0.0
54.96  0.0
55.08  0.0
55.199999999999996  0.0
55.32  0.0
55.44  0.0
55.559999999999995  0.0
55.68  0.0
55.8  0.0
55.919999999999995  0.0
56.04  0.0
56.16  0.0
56.28  0.0
56.4  0.0
56.519999999999996  0.0
56.64  0.0
56.76  0.0
56.879999999999995  0.0
57.0  0.0
57.12  0.0
57.239999999999995  0.0
57.36  0.0
57.48  0.0
57.599999999999994  0.0
57.72  0.0
57.839999999999996  0.0
57.96  0.0
58.08  0.0
58.199999999999996  0.0
58.32  0.0
58.44  0.0
58.559999999999995  0.0
58.68  0.0
58.8  0.0
58.919999999999995  0.0
59.04  0.0
59.16  0.0
59.28  0.0
59.4  0.0
59.519999999999996  0.0
59.64  0.0
59.76  0.0
59.879999999999995  0.0
60.0  0.0
60.12  0.0
60.239999999999995  0.0
60.36  0.0
60.48  0.0
60.599999999999994  0.0
60.72  0.0
60.839999999999996  0.0
60.96  0.0
61.08  0.0
61.199999999999996  0.0
61.32  0.0
61.44  0.0
61.559999999999995  0.0
61.68  0.0
61.8  0.0
61.919999999999995  0.0
62.04  0.0
62.16  0.0
62.28  0.0
62.4  0.0
62.519999999999996  0.0
62.64  0.0
62.76  0.0
62.879999999999995  0.0
63.0  0.0
63.12  0.0
63.239999999999995  0.0
63.36  0.0
63.48  0.0
63.599999999999994  0.0
63.72  0.0
63.839999999999996  0.0
63.96  0.0
64.08  0.0
64.2  0.0
64.32  0.0
64.44  0.0
64.56  0.0
64.67999999999999  0.0
64.8  0.0
64.92  0.0
65.03999999999999  0.0
65.16  0.0
65.28  0.0
65.39999999999999  0.0
65.52  0.0
65.64  0.0
65.75999999999999  0.0
65.88  0.0
66.0  0.0
66.12  0.0
66.24  0.0
66.36  0.0
66.48  0.0
66.6  0.0
66.72  0.0
66.84  0.0
66.96  0.0
67.08  0.0
67.2  0.0
67.32  0.0
67.44  0.0
67.56  0.0
67.67999999999999  0.0
67.8  0.0
67.92  0.0
68.03999999999999  0.0
68.16  0.0
68.28  0.0
68.39999999999999  0.0
68.52  0.0
68.64  0.0
68.75999999999999  0.0
68.88  0.0
69.0  0.0
69.12  0.0
69.24  0.0
69.36  0.0
69.48  0.0
69.6  0.0
69.72  0.0
69.84  0.0
69.96  0.0
70.08  0.0
70.2  0.0
70.32  0.0
70.44  0.0
70.56  0.0
70.67999999999999  0.0
70.8  0.0
70.92  0.0
71.03999999999999  0.0
71.16  0.0
71.28  0.0
71.39999999999999  0.0
71.52  0.0
71.64  0.0
71.75999999999999  0.0
71.88  0.0
72.0  0.0
72.11999999999999  0.0
72.24  0.0
72.36  0.0
72.48  0.0
72.6  0.0
72.72  0.0
72.84  0.0
72.96  0.0
73.08  0.0
73.2  0.0
73.32  0.0
73.44  0.0
73.56  10.032009719512505
73.67999999999999  32.47205779606928
73.8  54.90188752012427
73.92  77.31451679302631
74.03999999999999  99.70296896809252
74.16  122.0602750243859
74.28  144.37947573804973
74.39999999999999  166.6536238504899
74.52  188.87578623276488
74.64  211.03904604546415
74.75999999999999  233.13650489341924
74.88  255.16128497461006
75.0  277.106531222506
75.11999999999999  298.96541344128553
75.24  320.7311284331755
75.36  342.3969021172982
75.48  363.9559916393384
75.6  385.4016874713912
75.72  406.7273155013408
75.84  427.92623911106233
75.96  448.9918612428921
76.08  469.917626453638
76.2  490.69702295553674
76.32  511.32358464349466
76.44  531.7908931080256
76.56  552.0925796331761
76.67999999999999  572.2223271789076
76.8  592.1738723472729
76.92  611.9410073317404
77.03999999999999  631.5175818491457
77.16  650.8975050535861
77.28  670.07474743171
77.39999999999999  689.043342678783
77.52  707.7973895549927
77.64  726.3310537213331
77.75999999999999  744.6385695545954
77.88  762.7142419408214
78.0  780.5524480467069
78.11999999999999  798.1476390683771
78.24  815.4943419570225
78.36  832.5871611208237
78.48  849.4207801026514
78.6  865.9899632330385
78.72  882.2895572578738
78.84  898.3144929403453
78.96  914.0597866366087
79.08  929.5205418447309
79.2  944.6919507263665
79.32  959.5692956007595
79.44  974.1479504105793
79.56  988.4233821591074
79.67999999999999  1000.0
79.8  1000.0
79.92  1000.0
80.03999999999999  1000.0
80.16  1000.0
80.28  1000.0
80.39999999999999  1000.0
80.52  1000.0
80.64  1000.0
80.75999999999999  1000.0
80.88  1000.0
81.0  1000.0
81.11999999999999  1000.0
81.24  1000.0
81.36  1000.0
81.48  1000.0
81.6  1000.0
81.72  1000.0
81.84  1000.0
81.96  1000.0
82.08  1000.0
82.2  1000.0
82.32  1000.0
82.44  1000.0
82.56  1000.0
82.67999999999999  1000.0
82.8  1000.0
82.92  1000.0
83.03999999999999  1000.0
83.16  1000.0
83.28  1000.0
83.39999999999999  1000.0
83.52  1000.0
83.64  1000.0
83.75999999999999  1000.0
83.88  1000.0
84.0  1000.0
84.11999999999999  1000.0
84.24  1000.0
84.36  1000.0
84.47999999999999  1000.0
84.6  1000.0
84.72  1000.0
84.84  1000.0
84.96  1000.0
85.08  1000.0
85.2  1000.0
85.32  1000.0
85.44  1000.0
85.56  1000.0
85.67999999999999  1000.0
85.8  1000.0
85.92  1000.0
86.03999999999999  1000.0
86.16  1000.0
86.28  1000.0
86.39999999999999  1000.0
86.52  1000.0
86.64  1000.0
86.75999999999999  1000.0
86.88  1000.0
87.0  1000.0
87.11999999999999  1000.0
87.24  1000.0
87.36  1000.0
87.47999999999999  1000.0
87.6  1000.0
87.72  1000.0
87.84  1000.0
87.96  1000.0
88.08  1000.0
88.2  1000.0
88.32  1000.0
88.44  1000.0
88.56  1000.0
88.67999999999999  1000.0
88.8  991.1197237752016
88.92  976.9077151724443
89.03999999999999  962.3919573313227
89.16  947.576967918187
89.28  932.4673575460841
89.39999999999999  917.0678283390455
89.52  901.3831724680052
89.64  885.4182706588687
89.75999999999999  869.1780906731149
89.88  852.6676857614755
90.0  835.892193091132
90.11999999999999  818.856832146946
90.24  801.5669031071805
90.36  784.0277851942861
90.47999999999999  766.2449350011932
90.6  748.2238847936613
90.72  729.9702407892488
90.84  711.489681413361
90.96  692.7879555330012
91.08  673.8708806686961
91.2  654.7443411852353
91.32  635.4142864617098
91.44  615.8867290414489
91.56  596.1677427624693
91.67999999999999  576.2634608689355
91.8  556.1800741042923
91.92  535.9238287866203
92.03999999999999  515.5010248668376
92.16  494.91801397030446
92.28  474.1811974225229
92.39999999999999  453.29702425944254
92.52  432.2719892230682
92.64  411.1126307429651
92.75999999999999  389.8255289042648
92.88  368.4173034028453
93.0  346.89461148828525
93.11999999999999  325.26414589525785
93.24  303.53263276395654
93.36  281.7068295502847
93.47999999999999  259.79352292635195
93.6  237.7995266720124
93.72  215.73167955805263
93.84  193.59684322170892
93.96  171.40190003515394
94.08  149.15375096760698
94.2  126.85931344179015
94.32  104.52551918529447
94.44  82.15931207761308
94.56  59.7676459934537
94.67999999999999  37.357482643033336
94.8  14.935789409969452
94.92  0.0
95.03999999999999  0.0
95.16  0.0
95.28  0.0
95.39999999999999  0.0
95.52  0.0
95.64  0.0
95.75999999999999  0.0
95.88  0.0
96.0  0.0
96.11999999999999  0.0
96.24  0.0
96.36  0.0
96.47999999999999  0.0
96.6  0.0
96.72  0.0
96.84  0.0
96.96  0.0
97.08  0.0
97.2  0.0
97.32  0.0
97.44  0.0
97.56  0.0
97.67999999999999  0.0
97.8  0.0
97.92  0.0
98.03999999999999  0.0
98.16  0.0
98.28  0.0
98.39999999999999  0.0
98.52  0.0
98.64  0.0
98.75999999999999  0.0
98.88  0.0
99.0  0.0
99.11999999999999  0.0
99.24  0.0
99.36  0.0
99.47999999999999  0.0
99.6  0.0
99.72  0.0
99.84  0.0
99.96  0.0
100.08  0.0
100.2  0.0
100.32  0.0
100.44  0.0
100.56  0.0
100.67999999999999  0.0
100.8  0.0
100.92  0.0
101.03999999999999  0.0
101.16  0.0
101.28  0.0
101.39999999999999  0.0
101.52  0.0
101.64  0.0
101.75999999999999  0.0
101.88  0.0
102.0  0.0
102.11999999999999  0.0
102.24  0.0
102.36  0.0
102.47999999999999  0.0
102.6  0.0
102.72  0.0
102.83999999999999  0.0
102.96  0.0
103.08  0.0
103.2  0.0
103.32  0.0
103.44  0.0
103.56  0.0
103.67999999999999  0.0
103.8  0.0
103.92  0.0
104.03999999999999  0.0
104.16  0.0
104.28  0.0
104.39999999999999  0.0
104.52  0.0
104.64  0.0
104.75999999999999  0.0
104.88  0.0
105.0  0.0
105.11999999999999  0.0
105.24  0.0
105.36  0.0
105.47999999999999  0.0
105.6  0.0
105.72  0.0
105.83999999999999  0.0
105.96  0.0
106.08  0.0
106.2  0.0
106.32  0.0
106.44  0.0
106.56  0.0
106.67999999999999  0.0
106.8  0.0
106.92  0.0
107.03999999999999  0.0
107.16  0.0
107.28  0.0
107.39999999999999  0.0
107.52  0.0
107.64  0.0
107.75999999999999  0.0
107.88  0.0
108.0  0.0
108.11999999999999  0.0
108.24  0.0
108.36  0.0
108.47999999999999  0.0
108.6  0.0
108.72  0.0
108.83999999999999  0.0
108.96  0.0
109.08  0.0
109.2  0.0
109.32  0.0
109.44  0.0
109.56  0.0
109.67999999999999  0.0
109.8  0.0
109.92  0.0
110.03999999999999  0.0
110.16  0.0
110.28  0.0
110.39999999999999  0.0
110.52  0.0
110.64  0.0
110.75999999999999  0.0
110.88  0.0
111.0  0.0
111.11999999999999  0.0
111.24  0.0
111.36  0.0
111.47999999999999  0.0
111.6  0.0
111.72  0.0
111.83999999999999  0.0
111.96  0.0
112.08  0.0
112.2  0.0
112.32  0.0
112.44  0.0
112.56  0.0
112.67999999999999  0.0
112.8  0.0
112.92  0.0
113.03999999999999  0.0
113.16  0.0
113.28  0.0
113.39999999999999  0.0
113.52  0.0
113.64  0.0
113.75999999999999  0.0
113.88  0.0
114.0  0.0
114.11999999999999  0.0
114.24  0.0
114.36  0.0
114.47999999999999  0.0
114.6  0.0
114.72  0.0
114.83999999999999  0.0
114.96  0.0
115.08  0.0
115.19999999999999  0.0
115.32  0.0
115.44  0.0
115.56  0.0
115.67999999999999  0.0
115.8  0.0
115.92  0.0
116.03999999999999  0.0
116.16  0.0
116.28  4.499869585476866
116.39999999999999  26.933209929105043
116.52  49.358354349716336
116.64  71.7683261703834
116.75999999999999  94.15615328091666
116.88  116.51487030709856
117.0  138.8375207779965
117.11999999999999  161.11715929063354
117.24  183.34685367129927
117.36  205.51968713293988
117.47999999999999  227.62876042781593
117.6  249.6671939949022
117.72  271.6281301012204
117.83999999999999  293.5047349765509
117.96  315.2902009408119
118.08  336.9777485234054
118.19999999999999  358.5606285739471
118.32  380.0321243636831
118.44  401.3855536768997
118.56  422.6142708917517
118.67999999999999  443.71166904982044
118.8  464.67118191371526
118.92  485.48628601218127
119.03999999999999  506.1505026719439
119.16  526.6574000357926
119.28  547.0005950661418
119.39999999999999  567.173755533549
119.52  587.1706019895273
119.64  606.9849097229998
119.75999999999999  626.6105106998573
119.88  646.0412954849774
120.0  665.2712151460682
