0.0  37.773049092194974
1.68  39.81544540080778
3.36  21.91463016076016
5.04  39.145205833352705
6.72  38.49466474103748
8.4  21.964496288824733
10.08  40.41229796128175
11.76  37.08057967927046
13.44  0.0
15.12  8.218086178289523
16.8  2.2654201236392404
18.48  0.0
20.16  9.208644585547361
21.84  0.7426405787952071
23.52  0.0
25.2  10.032732946922804
26.88  0.0
28.56  0.0
30.24  10.675453735852056
31.919999999999998  0.0
33.6  0.0
35.28  11.125188113294424
36.96  0.0
38.64  0.0
40.32  11.373805968270794
42.0  0.0
43.68  0.0
45.36  11.416812890627684
47.04  0.0
48.72  0.0
50.4  11.253431419114237
52.08  0.0
53.76  0.0
55.44  10.88661509600336
57.12  0.0
58.8  0.0
60.48  10.32299507418305
62.16  0.0
63.839999999999996  0.10334734447143834
65.52  9.572760241933455
67.2  0.0
68.88  1.6350837326859033
70.56  8.649473032442817
72.24  0.0
73.92  3.137261757400375
75.6  7.569824247783086
77.28  0.0
78.96  4.582725669212642
80.64  6.353331329532933
82.32  0.0
84.0  5.945344972860063
85.67999999999999  5.021985530589323
87.36  0.0
89.03999999999999  7.20048680344121
90.72  3.599854366445339
92.39999999999999  0.0
94.08  8.325461229101037
95.75999999999999  2.112646532658649
97.44  0.0
99.11999999999999  9.299931430178573
100.8  0.5872471537470738
102.47999999999999  0.0
104.16  10.106281339773174
105.83999999999999  0.0
107.52  0.0
109.2  10.729934099672974
110.88  0.0
112.56  0.0
114.24  11.159615574733369
115.92  0.0
117.6  0.0
119.28  11.387558162002195
120.96  0.0
122.64  0.0
124.32  11.40964121021438
126.0  0.0
127.67999999999999  0.0
129.35999999999999  11.225465511211231
131.04  0.0
132.72  0.0
134.4  10.838360516659332
136.07999999999998  0.0
137.76  0.0
139.44  10.255324149608978
141.12  0.0
142.79999999999998  0.25898503821732
144.48  9.486896298951654
146.16  0.0
147.84  1.7889835465979145
149.51999999999998  8.546968283693744
151.2  0.0
152.88  3.2866415546666246
154.56  7.452531731470736
156.23999999999998  0.0
157.92  4.7248850240028695
159.6  6.223371410972337
161.28  0.0
162.96  6.077713987498651
164.64  4.881707571122835
166.32  0.0
168.0  7.320672565949154
