0
0.045030047945739816
0.1280793367111604
0.24312304330655682
0.3849748266642486
0.5491719724965675
0.7318763653882383
0.9297887488032037
1.140075077751349
1.3603026099774724
1.5883849019190273
1.8225339343198257
2.06121947104867
2.3031334930477234
2.5471596026729504
2.79234660955728
3.037885719220788
3.2830908319580376
3.527381562696362
3.7702685848778237
4.011341030695563
4.25025533015532
4.486726235750318
4.720518228317325
4.955380931573916
5.205943892670581
5.469162201943866
5.742423749477901
6.023489849232054
6.310443825418629
6.60164690328321
6.895699701295714
7.191409440875462
7.4877613855300345
7.783894240556981
8.079078918100452
8.372700207906231
8.664240956219635
8.953268477672438
9.23942252905175
9.522405417913337
9.801973187115923
10.07792788752452
10.350111100327672
10.618398366627217
10.882694320998546
11.142928399224356
11.399051300485754
11.658737477656128
11.932286047045327
12.216873790206503
12.510080609205728
12.809834121327679
13.114361783228063
13.422149786699066
13.731907172360913
14.042535274733602
14.35310111039549
14.662814456340714
14.971008064490556
15.277120584249024
15.580681822448833
15.881300071481574
16.178650922984072
16.47246811717315
16.762535171615728
17.048678272193563
17.330760296059257
17.608675594215434
17.88234536840756
18.151713750069295
18.416744542748596
18.688808429121167
18.97398233745475
19.269528073042956
19.573099375334316
19.882687828537545
20.196576547295162
20.513300030485425
20.831609348296983
21.15044243614933
21.468898210620775
21.786214284129546
22.101747729165247
22.414958475432908
22.725394979666657
23.032681916551386
23.33650927729023
23.636623472313737
23.932819260754815
24.224932772485133
24.5128357000318
24.796430246888395
25.075644651750903
25.350429341377218
25.6207537835851
25.901620981541154
26.195007120651475
26.498243252316392
26.809043029554957
27.125450025702513
27.445792479244535
27.76864399318906
28.092789652855938
28.41719694770409
28.740990506026925
29.063430330686444
29.383893013542114
29.701855521152357
30.01688120013173
30.3286077657866
30.636736646614168
30.941024243328968
31.241274161624904
31.537330347055683
31.829071366160484
32.11640550128124
32.39926643151289
32.677609421107384
32.95140825556684
33.239278554562155
33.53917933861109
33.84849959244316
34.16500303327028
34.48677676667043
34.81218665499363
35.13983898922729
35.46854726919088
35.79730364286757
36.1252541778564
36.45167753394748
36.77596655497844
37.09761238026338
37.416190731232206
37.731350136786865
38.04280153880875
38.3503096095431
38.6536852309972
38.95277882657035
39.247474639780215
39.53768594763689
39.82335088021169
40.10442868341808
40.38387690675797
40.6776513300622
40.98280582111599
41.29681519632438
41.61751742385362
41.9430637450281
42.2718754195444
42.60260665726265
42.934112396865665
43.26542059932035
43.59570830385624
43.92428096075986
44.250554593395826
44.5740404018654
44.89433147586586
45.211091357765966
45.524044072858246
45.8329655728558
46.137676495318914
46.438035787699455
46.73393508909014
47.02529407454641
47.31205643196255
47.594186282706666
47.878487087377984
48.176438932686764
48.485188121984606
48.80228924034393
49.12564923787096
49.453478776241454
49.78425053457412
50.11666304257172
50.44960952467446
50.78215099420585
51.113493025223946
51.4429657024018
51.770006315748105
52.09414442421056
52.41498897808724
52.73221713877882
53.04556480892449
53.35481814023033
53.659806530510224
53.96039651097876
54.2564863089828
54.54800124997874
54.834889877514975
55.11712054031068
55.405310444999785
55.706692019291125
56.018472868502585
56.338260692085775
56.664008203475575
56.99396564364045
57.32663995675202
57.660759163408876
57.995242028421046
58.32917164030638
58.66177265586318
58.99239165850113
59.3204802054145
59.645580195488954
59.96731127953711
60.2853597896005
60.599469651014275
60.909433990409546
61.21508818041852
61.51630390486108
61.81298393299973
62.1050575149332
62.39247656083684
62.67521237122704
62.967457801297854
63.27222752601853
63.58682242407883
63.9089307307618
64.23657456424355
64.56806417387692
64.90195818999081
65.23702924474608
65.57223459207631
65.90669051726275
66.23965030490102
66.5704852221034
66.8986681049304
67.2237591918775
67.5453939547888
67.86327232070155
68.17714989490352
68.48682994962611
68.7921565451869
69.09300880161268
69.38929589849518
69.68095262724997
69.96793561815998
70.25022022700033
70.54551783908468
70.85278904950894
71.16941254550878
71.49314353362415
71.82206203859839
72.15452821177568
72.48914370145742
72.82471829371538
73.16024125641658
73.49485647418645
73.82784102004027
74.15858666007416
74.48658388987188
74.81140815647942
75.13270803483759
75.45019473588235
75.7636334934267
76.07283593446495
76.37765331445367
76.67797088094851
76.9737030522317
77.26478916627686
77.55118972417341
77.83489788087039
78.13315815597865
78.44297831467036
78.7617936892482
79.0874084440448
79.41794486532059
79.75179954494486
80.08760556970032
80.42419998596579
80.76059551874705
81.09595633909316
81.42957698167992
81.7608643092162
82.08932185051145
82.41453630368021
82.73616588846147
83.05393029487439
83.36760200979042
83.67699884969689
83.98197743301245
84.2824277646466
84.57826821923067
84.86944154496719
85.15591130118885
85.44355256985037
85.74499173336534
86.05734368093556
86.37813607770809
86.70525281985968
87.03688491272906
87.37148821328189
87.70774696959447
88.04454225399837
88.38092477850105
88.71609141029627
89.04936490031628
89.38017638696903
89.7080502949111
90.03259130789768
90.35347311234155
90.67042871881176
90.98324196554874
91.29174043752782
91.59578925433712
91.89528555091302
92.19015387932832
92.48034227711747
92.76581878458565
93.05625520003628
93.35994156294488
93.67407065988084
93.99623746785154
94.32438390352551
94.6567509694322
94.99183775727411
95.32836565446995
95.66524780149133
96.00156254644526
96.33653056676806
96.66949512138356
96.99990500634696
97.3272998437727
97.65129741312724
97.97158256537574
98.28789803162742
98.60003597724113
98.90783107184605
99.2111545040803
99.50990868033881
99.80402262862481
100.09344817747585
100.37815663561312
100.67138816392315
100.97717426924247
101.29280857258155
101.61597311763758
101.94468474162436
102.27724915655338
102.6122211677968
102.94837014217181
103.28465056919441
103.62017639964671
103.95419895385723
104.2860878532656
104.61531456239882
104.9414381840031
105.26409324826842
105.58297892797763
105.89785024366634
106.2085099598176
106.51480175936719
106.81660449894119
107.11382716860986
107.4064044146148
107.69429280204189
107.97746766710057
108.27278987731974
108.58022261290652
108.89712318550008
109.2212284550126
109.55060262729033
109.88359223444633
110.21878719417406
110.55498724677625
110.89117304917997
111.22648110236877
111.56018206033507
111.89166223858457
112.22040746998681
112.5459892176873
112.86805259002516
113.18630599831518
113.50051223233744
113.81048076070029
114.1160611162214
114.41713708340963
114.71362177543914
115.00545349137609
115.29259189200388
115.57601816785805
115.87392880949832
116.1833428405476
116.50170530335981
116.82682862405356
117.15684227076198
117.49014895232695
117.82538706995821
118.16139812809665
118.49719872448108
118.8319563052984
119.16496825211654
119.49564383161584
119.82348861610434
120.14809103712477
120.46911084285824
120.78626889422296
121.0993386706107
121.40813889267788
121.71252696338352
122.01239337846457
122.30765703779757
122.59826113861574
122.88416950004407
123.17031446622381
123.47048618250018
123.78176782196759
124.10165968402478
124.42802201904159
124.7590254555622
125.0931082376058
125.42893943036171
125.76538699981761
126.101490349201
126.43643658888124
126.76954005283332
127.10022461926414
127.42800845128433
127.75249083115703
128.0733408009932
128.39028734632296
128.70311084655376
129.01163591396886
129.3157251033554
129.61527333470409
129.91020325966804
130.20046128398263
130.4860140376821
130.77557548695034
131.07848905885444
131.39193393168736
131.7134933203325
132.04109894986715
132.37298305928428
132.7076370609249
133.04377586278682
133.38030690961492
133.71630364208679
134.05098250642286
134.38368309776394
134.71385104349497
135.04102322388505
135.3648150169849
135.68490929175584
136.0010469095739
136.31301852799524
136.62065756960226
136.92383395429016
137.22244909878435
137.51643120945658
137.80573132309004
138.09032009909583
138.38258691689435
138.68762032555483
139.00268348019262
139.32543213867248
139.6538604925758
139.98625469867943
140.32115272711042
140.6573094286971
140.9936667841417
141.32932796914676
141.6635350254548
141.99564958752018
142.3251362476421
142.65154819841672
142.97451488628647
143.29373112441343
143.60894819635675
143.91996564291048
144.22662439438963
144.52880095869438
144.8264023139945
145.11936138334366
145.40763327112452
145.6911920707613
145.98595490482768
146.29289144668167
146.60935061517597
146.93306205524124
147.26208367658555
147.5947566357032
147.9296662157756
148.26560808641253
148.60155938308884
148.93665355530484
149.27015870567624
149.60145889369966
149.9300379988445
150.25546579290796
150.57738598294742
150.89550560206763
151.20958636167506
151.5194368436741
151.82490568649393
152.12587594342745
152.4222601854691
152.7139961528004
153.00104300755032
153.28338457260338
153.58045087341404
153.8892263647896
154.20712628533383
154.53193735344445
154.86176685995156
155.19499841950227
155.53025396351322
155.86636080075291
156.2023233066244
156.53729840281778
156.8705744118343
157.20155280603376
157.529732454915
157.85469602915663
158.17609833155043
158.49365596728913
158.80713878014097
159.1163623778861
159.4211814855896
159.72148431665315
160.0171878287782
160.30823356279714
160.59458392467957
160.880165095507
161.17977133570494
161.490487524294
161.8098154339783
162.13561651029767
162.4660624377581
162.7995923126526
163.13487592186087
163.47078182709646
163.80634992186765
164.14076771538862
164.47334986195983
164.80352049277062
165.1307979662201
165.45478170696467
165.77514088411894
166.09160451898148
166.40395302978064
166.71201105994527
167.01564114870874
167.31473817179494
167.60922474022735
167.899047212983
168.1841721383886
168.47239179854597
168.7741571197579
169.08662067772067
169.4073426478189
169.73423495349311
170.06551268346035
170.39965251115814
170.73535652840204
171.0715211852731
171.4072104165725
171.74163245262008
172.07411980285224
172.40411197968012
172.7311405872949
173.05481646932003
173.37481852815827
173.69088431008112
174.0028014980705
174.3104009183211
174.61355044794567
174.9121495974871
175.20612490355407
175.49542605788008
175.78002250769808
176.07136107002353
176.37556201225766
176.6898760526338
177.01194808838937
177.33976302540904
177.67159889754393
178.00598664883245
178.3416751642424
178.67760117222866
179.0128633626404
179.34669983444476
179.678468834829
180.00763202362234
180.3337400529938
180.6564201213804
180.9753652333929
181.29032493278729
181.60109730612533
181.90752212987903
182.20947474532406
182.50686114552948
182.79961348866698
183.08768613335022
183.37105254345187
183.66477159507528
183.9708303322974
184.28655454582463
184.60965395885222
184.93816926180597
185.27042675438895
185.60499891270038
185.94067034193066
186.27640863635756
186.61133901473698
186.94472248029487
187.27593696979037
187.60446108310106
187.92986004031133
188.25177362217994
188.56990547885263
188.8840144232811
189.19390652024015
189.49942824212707
189.8004607883142
190.09691513744497
190.38872764804574
190.6758563016798
190.95827762497075
191.25440664277173
191.56222742635765
191.8791602913488
192.2029963885707
192.53184669051353
192.86409801985286
193.19837494443485
193.53350706121992
193.8685006856619
194.20251437178726
194.53483773172906
194.86487334927168
195.1921210114073
195.51616413904532
195.83665807640722
196.15331998563246
196.46592012670752
196.774274337034
197.07823754800677
197.37769816243642
197.67257317545202
197.96280414989454
198.24835351584363
198.5321962226626
198.83036830480785
199.13991181827998
199.45829160315165
199.7833372110149
200.11319283462925
200.4462738448557
200.78122956609073
201.11691091252143
201.452342562876
201.7866989101566
202.1192833040547
202.4495101349639
202.77688937034145
203.10101320863146
203.42154460340484
203.73820721677512
204.05077686485632
204.35907423867337
204.6629584771633
204.96232153674615
205.25708352722788
205.5471886652632
205.83260166265865
206.1201273643384
206.42124778120984
206.73310966993645
207.053268138712
207.37963072072614
207.71040872227226
208.0440754925924
208.37933028150894
208.7150670538725
209.0503475841459
209.3843782231273
209.71648984342312
210.04612053042922
210.37280064275055
210.6961399285653
211.01581636353583
211.33156663550096
211.6431776852558
211.9504797053035
212.25334001343026
212.55165760068707
212.84535855658726
213.13439218574467
213.41872757951637
213.70898440398435
214.01239698321592
214.32617318462542
214.64792101387235
214.97559354434676
215.30744140409243
215.64197195664835
215.97791366882294
216.31418576825914
216.6498718212567
216.9841969738324
217.31650830702003
217.64625788147848
217.97298810321303
218.29631912926962
218.61593780539278
218.93158856738563
219.24306503986193
219.5502030987214
219.8528749318341
220.15098380028175
220.44445943914826
220.73325424411829
221.01733999240292
221.3108602344577
221.61681955272934
221.9325287846205
222.25568480085641
222.5843172060022
222.91674273843728
223.25152566876278
223.58744352431384
223.9234578151139
224.25868852952456
224.59239217720565
224.92394283704684
225.2528157995271
225.57857344850467
225.90085313127582
226.21935642240044
226.53384038200912
226.8441095476823
227.1500091002341
227.4514191569828
227.74824978116308
228.04043654092519
228.32793676551015
228.61072643537017
228.9064364758257
229.21403276090882
229.53090648922984
229.85482366607957
230.18387362120717
230.51642453700885
230.85108498337263
231.18667070984873
231.5221761251026
231.85674954269598
232.18967185012045
232.52033809756355
232.84824160692435
233.17296025647983
233.49414471096574
233.8115079743529
234.1248168283553
234.43388422394892
234.73856254504074
235.03873801134515
235.33432587592858
235.62526618382324
235.91152003923304
236.19507475411893
236.4931208488761
236.80267593521404
237.12118381687847
237.44645588856093
237.77662073234413
238.11008027794048
238.44547227952012
238.78163769771228
239.11759266012143
239.45250421458383
239.7856694061626
240.11649721834112
240.44449298611852
240.76924494321042
241.09041266449742
241.40771690170894
241.72093101225718
242.02987360727974
242.3344020408422
242.63440676111668
242.92980661691007
243.22054476898268
243.50658503244952
243.79382969338553
244.09496308781974
244.407087007833
244.72771782204265
245.0547296907347
245.38630521768954
245.72089302632938
246.05717112471103
246.3940152112152
246.73047136940468
247.0657324815056
247.39911786887598
247.7300557196875
248.05806792203128
248.38275698158623
248.70379470597456
249.02091250794993
249.33389285020016
249.64256213442118
249.94678447065476
250.24645613769928
250.54150095281713
250.83186632523393
251.11751976719862
251.40813546498364
251.71200550774296
252.02632153704843
252.34867755121104
252.67701463231072
253.00957307190484
253.3448513574318
253.6815703643716
254.01864280036114
254.35514664894302
254.69030228176337
255.02345270253298
255.35404649559825
255.6816231087651
256.00580017922675
256.32626244360773
256.64275254205586
256.9550625690276
257.2630271409476
257.56651740826385
257.8654357514681
258.1597111835223
258.44929552733436
258.73416009366554
259.027624494175
259.3337444054183
259.64979716211667
259.9734507935953
260.3027100793227
260.63587037170606
260.9714775706231
261.30829339861754
261.64526578809296
261.9815030702618
262.31625175459277
262.6488773491753
262.97884780667886
263.3057192365922
263.6291236250211
263.94875798174974
264.2643754939232
264.575777389046
264.8828060537501
265.1853392562133
265.4832850829797
265.77657743806293
266.0651722737992
266.349044430773
266.64497864446747
266.9529379704449
267.27029141920116
267.59478595117184
267.9244944936682
268.2577711050866
268.59321220648604
268.9296231486289
269.2659894322895
269.60145174241416
269.9352843435334
270.2668766685602
270.59571724153545
270.9213798487545
271.2435116039262
271.5618226493571
271.8760772689183
272.1860862203338
272.4917001524519
272.79280380412484
273.08931111975187
273.3811611173164
273.66831406999444
273.95175135768164
274.2496636817302
274.5590714872937
274.87742104154233
275.20252582529895
275.5325162145283
275.8657956996784
276.2010033540277
276.536981259684
276.8727465107788
277.20746697966916
277.5404404135062
277.87107639228486
278.1988807565411
278.52344216715926
278.8444205682117
279.16153698717153
279.47456504565497
279.78332358511847
280.0876701101149
280.3874952023732
280.68271783431123
280.9732812637474
281.25914935990767
281.5452276049983
281.8452312217008
282.156259310182
282.4758258858376
282.8018029972435
283.1323714292762
283.4659781524975
283.8012997334698
284.13721057883265
284.47275561787325
284.80712669799016
285.1396422095552
285.4697295001227
285.79690969589365
286.120784604715
286.4410254245856
286.75736295985604
287.0695791364998
287.3774998769793
287.68098883438756
287.97994184495883
288.2742823278975
288.5639573264859
288.8489339897953
289.13788413422776
289.440105970166
289.7527927556879
290.07353976115604
290.40028913390216
290.73128199856984
291.0650174705332
291.4002169355766
291.7357934573827
292.07082526030325
292.4045328585697
292.736259314839
293.0654532013972
293.3916538938763
293.7144788988416
294.0336128096304
294.3487980537315
294.6598264801351
294.96653245763025
295.2687868747203
295.5664918067372
295.8595759573703
296.14799084254
296.43170744546154
296.7232322855541
297.0277019926195
297.3423539883037
297.66482172468767
297.99308026214936
298.3253991691558
298.66030213174054
298.9965317712314
299.3330194710357
299.6688593450515
300.00328554555387
300.3356529592509
300.6654203767717
300.9921360046939
301.3154249614578
301.63497848734306
301.95054463284475
302.26192022430865
302.5689439797633
302.8714903640631
303.1694646077851
303.46279826990616
303.7514452154841
304.03537849770794
304.3305735275292
304.63800282745916
304.95500479207317
305.27930001934953
305.6089386510808
305.9422551771052
306.27782916374093
306.6144513848125
306.951094786928
307.28688924068615
307.62109979574944
307.95310791209084
308.2823952604764
308.6085297407729
308.93115347890677
309.24997217615714
309.56474642461325
309.87528387585934
310.18143239702164
310.48307440474406
310.7801219505287
311.0725123588821
311.3602044612358