0
0.045030041909826894
0.12809981603083656
0.2432014299893573
0.38516242248251087
0.5495313338153321
0.7324790759783104
0.9307135009849381
1.1414060338730736
1.3621280218593257
1.5907959226328732
1.8256236123446201
2.065081905866454
2.3078631194609383
2.552850589201084
2.799092354948578
3.0457784308424145
3.2922211790586946
3.5378383933235624
3.7821386958039973
4.024708980272291
4.26520330246366
4.503333914943807
4.738862719127423
4.975530526035719
5.227946437330217
5.493075343481489
5.7683128787314315
6.051426361961198
6.34050362536797
6.6339091402745245
6.930245699199503
7.228321787225211
7.52712316548257
7.82578839329617
8.123587698465574
8.41990473846149
8.714220856981408
9.006101560190059
9.295184549346187
9.581169892220073
9.863811224288655
10.142908061411697
10.41829937039031
10.689858019645389
10.957485921557618
11.221109761717866
11.48067749105497
11.74386448909074
12.020978249933977
12.309199241579698
12.606109884658244
12.909639351761115
13.218015817719417
13.529725502995566
13.843476902003026
14.158170316270681
14.472871329988983
14.786787959988255
15.099250931587955
15.40969665372279
15.717652523858693
16.022724289227625
16.32458490846378
16.62296542679678
16.917646592293636
17.208451808375596
17.49524117191975
17.777906255425144
18.05636548363949
18.330560250546093
18.60045165798069
18.87738694344703
19.167436311736463
19.46787157882562
19.77635449730912
20.090882977055553
20.409744987372672
20.731478668795642
21.054837678337652
21.37876165251351
21.70235046127759
22.02484204157148
22.34559326366288
22.664063416090823
22.9797999508744
23.292426232563127
23.601630706577666
23.907158062901555
24.20880114294043
24.506394049423555
24.79980637510796
25.088938158643334
25.373715403283278
25.65408629026151
25.93001803270772
26.216505035270707
26.515528230544813
26.824425023230752
27.140913977412115
27.46304230963162
27.7891408538965
28.117784918252333
28.447760525141323
28.778035472091602
29.107734164221377
29.436115938875147
29.762556356301875
30.08653105083524
30.407601792375676
30.725404520217058
31.039638725538396
31.35005878307526
31.65646615655708
31.95870256925117
32.256644345368656
32.55019751069103
32.83929345251205
33.12388515187065
33.403944134747356
33.698101005126375
34.004319364312
34.31999096781047
34.64288136001076
34.97107865720987
35.30294908575256
35.637098724601024
35.97234038566423
36.30766514854358
36.642217694256395
36.975275037210196
37.30622816787603
37.63456620772191
37.95986273300505
38.28176403711142
38.5999787321716
38.91426914929967
39.22444380668012
39.530350713707165
39.831871722057045
40.12891774838236
40.421424580273005
40.70934913443756
40.995639916591585
41.29621940697849
41.608153977821665
41.928928672505144
42.25638969585805
42.588694875578675
42.92427062029041
43.26177507191194
43.600066065814595
43.93817358925646
44.2752759692132
44.61067932196892
44.943799815513174
45.274148359467624
45.60131739082345
45.92496952180533
46.244827551963176
46.56066605123959
46.872304139202235
47.17959908158308
47.48244074340734
47.780746980400245
48.074459619429916
48.363540857461096
48.65480867628378
48.959774952865494
49.27558502921458
49.59979210144838
49.93030138121536
50.26532153263749
50.603322984230196
50.943001869144275
51.28324886928499
51.62312235545422
51.961825188662026
52.298684694961075
52.63313538134182
52.96470401721274
53.292996765136344
53.61768805594555
53.93851103527606
54.255249158892894
54.567729200058054
54.875815112544316
55.17940257372271
55.47841444114422
55.77279686801475
56.062515857920154
56.35818046953789
56.667023822032675
56.986260671496645
57.313504315088835
57.64671180085564
57.9841365733909
58.32428785089238
58.665895154231826
59.00787807289388
59.349319961963076
59.6894452787116
60.02760001984368
60.363234836475954
60.69589046019022
61.025185152038105
61.350803719353856
61.67248840997382
61.99003053985372
62.3032636313067
62.6120574828409
62.91631290842497
63.21595718682463
63.51094027768529
63.80123152465553
64.10100216551992
64.41326844769911
64.73534064041962
65.06491454965727
65.40001829869304
65.73896678740998
66.08032219074056
66.42285970839725
66.76553835045992
67.10747547201146
67.44792485063505
67.78625776364146
68.12194665536786
68.45455104008802
68.78370538266003
69.10910839649095
69.43051431817872
69.74772485007232
70.06058239802245
70.36896437050446
70.67277816745414
70.97195673157651
71.26645484969752
71.55624602058137
71.8590168737268
72.1737359605284
72.49779091517097
72.82894414796587
73.165281339114
73.50516703838753
73.84720618907834
74.190210930426
74.53317210792397
74.87523452262892
75.21567560884459
75.55388702986137
75.889358792645
76.22166553699986
76.55045476668585
76.87543639983197
77.19637425050176
77.51307836045933
77.82539827551308
78.13321748836574
78.43644862212912
78.73502914974806
79.02891769733209
79.32010967374666
79.62588813406548
79.94326098145295
80.2696631318448
80.60289779154513
80.94108599717637
81.2826227065706
81.6261391995253
81.97047041009637
82.31462685145391
82.65777032348949
82.99919295464662
83.33829911232678
83.67458978902813
84.00764912587408
84.33713284358761
84.66275801699346
84.9842945556341
85.30155781389354
85.6144020154994
85.92271464695119
86.22641175902713
86.525433849101
86.81974217314063
87.11520435240963
87.4244391558626
87.7445698977157
88.07313097864395
88.40801155793669
88.7474067082488
89.08977527418114
89.43380362811037
89.7783742121006
90.12253847833333
90.46549350639062
90.80656181921621
91.1451739619378
91.48085346506285
91.8132038673837
92.14189754822348
92.46666598227219
92.78729138777715
93.1035996621979
93.41545414032929
93.7227501064544
94.02541025937339
94.32338078060279
94.61662781899666
94.91482099654318
95.22625491423379
95.54812839279094
95.87804104866343
96.21393830878883
96.55406368892943
96.89691794661627
97.24122346795217
97.58589378788548
97.93000715721797
98.2727837471657
98.61356597254317
98.95180150839701
99.28702863119345
99.61886358425987
99.94698958364341
100.27114756624363
100.59112781865868
100.9067631076812
101.21792269065955
101.52450697846886
101.82644301291643
102.1236806633885
102.41618928645062
102.71719906681128
103.03074461267913
103.35412685794297
103.6850336142864
104.02148620180259
104.3617936668355
104.70451323531897
105.04841589003473
105.39245706221571
105.73575108033
106.07754917100885
106.417220470054
106.75423563270033
107.08815268731206
107.41860486305723
107.74528988672753
108.0679612014604
108.38641983516514
108.70050769300887
109.01010182239642
109.31510934134349
109.61546298909288
109.91111745205245
110.20204617815669
110.50510237759873
110.8202556729455
111.14486989063877
111.47668699591502
111.81377503632653
112.15448342216153
112.49740408454973
112.84133797266831
113.18526633502317
113.52832574322194
113.86978658185738
114.20903448203597
114.54555429610512
114.87891626599354
115.20876414669877
115.53480466954528
115.85679896888712
116.17455479570772
116.48791976547302
116.79677576536464
117.10103408225255
117.40063106324934
117.69552441661686
117.9866956015195
118.29238334659863
118.60960643426306
118.93580917427528
119.2688028405033
119.6067153988416
119.9479478050077
120.29113647150113
120.63512073194703
120.9789148866197
121.32168398377823
121.66272293546572
122.00143849170342
122.33733368177224
122.66999438535274
122.99907780923068
123.3243022651774
123.64543875151921
123.9623035441207
124.27475160197798
124.58267105082643
124.88597849262013
125.18461486906126
125.47854181465509
125.77268419244311
126.0808209753262
126.40004442170927
126.72786215104028
127.06214017713897
127.4010536383325
127.74304415718365
128.08678325677866
128.43114056909545
128.77515649880368
129.11801859898208
129.459041179136
129.79764770447662
130.13335560410724
130.46576315913612
130.7945382307185
131.11940838014127
131.44015247298782
131.7565935306583
132.06859240117367
132.37604223143637
132.6788638922585
132.97700199880603
133.27042136837238
133.56784205077685
133.87862067020998
134.19993985050368
134.5293851830457
134.86489001705473
135.20468744320766
135.54726919061895
135.8913498943835
136.23583638363394
136.5798011226873
136.92245929000612
137.26314899287317
137.60131419038882
137.93648995381682
138.26828975617
138.59639445305254
138.92054290636634
139.2405236239143
139.55616785698462
139.8673435565572
140.17394998710512
140.47591321504174
140.77318227910175
141.06572581298693
141.365925304473
141.67887222398846
142.00183674775764
142.33248014377378
142.66880087866818
143.0090882677919
143.35188254981682
143.69594007286997
144.04020365933206
144.3837767813442
144.7259013218466
145.0659383784095
145.40335169467983
145.7376933596956
146.06859149812823
146.39573946818592
146.71888696311706
147.03783178671645
147.3524130976579
147.6625056031608
147.96801441490328
148.2688705651182
148.56502729859506
148.85645683468948
149.1590805793572
149.4738748024344
149.79819301918414
150.12976834946872
150.4666611717286
150.80721428478967
151.15001393214413
151.49385613826743
151.8377179100703
152.18073216121957
152.52216612224333
152.86140270507542
153.1979244183177
153.5312994842473
153.86116991194714
154.18724093447062
154.5092724189364
154.82707098750592
155.14048329339414
155.44939041318597
155.75370293699663
156.0533565921567
156.34830857277964
156.63854077250608
156.94354033431873
157.26028953278166
157.58620120215397
157.919059483062
158.25696893320892
158.59831036455446
158.94170282110088
159.28597067146222
159.63011533774625
159.97329078518717
160.31478239212203
160.6539887119088
160.99040573097565
161.32361328176557
161.6532633836816
161.97906989431738
162.30080001264167
162.61826676162718
162.93132231058388
163.23985241514853
163.54377166542076
163.8430192890416
164.13755544389852
164.43130273788353
164.73905344553262
165.057899414124
165.38534792237007
165.71926462870692
166.05782439040001
166.3994685562813
166.74286839954067
167.08689331906768
167.43058350845632
167.77312632519178
168.11383589679394
168.45213551846786
168.78754245988904
169.11965485191143
169.4481404253172
169.77272658214332
170.0931920685122
170.40935980386996
170.72109050411717
171.02827719738053
171.3308406557175
171.6287253977549
171.92189613040517
172.21815467442747
172.52797172057979
172.84850174881942
173.17730603907455
173.51229696842506
173.85168954776688
174.19395987957188
174.5378091492624
174.88213257438744
175.22599260606586
175.56859578944403
175.90927278967365
176.24746115201643
176.58269042154913
176.9145693080607
177.24277458277518
177.56704156560147
177.88715572645148
178.2029457142016
178.51427724022605
178.8210476348443
179.12318131227866
179.4206258984787
179.71334879614483
180.01279252073806
180.3250812448589
180.64747193690621
180.97761442351856
181.31349733416943
181.6534014539055
181.99585966406806
182.3396219701982
182.68362570812184
183.02696961101893
183.36889146840872
183.70874884178863
184.04600242000018
184.38020165285906
184.71097237827857
185.03800599924512
185.3610505031897
185.6799022075008
185.99439900360397
186.30441451067702
186.6098528801395
186.91064431749282
187.20674136098341
187.49811561845098
187.79982555167524
188.11386445220532
188.437563554202
188.76863678302547
189.1051279402308
189.44536551168403
189.78792341469153
190.13158702780487
190.47532417919786
190.81825986752585
191.15965449926873
191.49888510403812
191.8354291210571
192.16885040498093
192.49878719862673
192.8249414984217
193.14707039674832
193.46497810356047
193.77850920738334
194.08754302019378
194.39198861338403
194.6917804010714
194.98687447055883
195.27724543645678
195.5812987796708
195.89702615004276
196.22185446225487
196.55357998413226
196.89031762153104
197.23045710868968
197.57262510719426
197.91565248337844
198.25854621803498
198.60046501402613
198.94069827953584
199.27864798766038
199.6138130188752
199.9457756468596
200.27418993948461
200.59877145747976
200.91928885534293
201.23555633255756
201.54742700048297
201.85478740337282
202.15755277406313
202.45566281435066
202.74907807536124
203.0407783123543
203.34683876689692
203.664301133894
203.99062943277946
204.3236519714073
204.66151139856393
205.00262127546304
205.34562890366766
205.68938300616557
206.03290595005214
206.37536972369548
206.71607520686854
207.05443427827905
207.3899543718722
207.7222251472694
208.05090704361635
208.37572118231373
208.69644091110663
209.01288450910582
209.32490870185433
209.6324030918288
209.9352855127208
210.23349796550323
210.52700297494187
210.82260575948058
211.13179648488534
211.4517266898982
211.77995517964322
212.11439207161757
212.45325049246037
212.79500481546214
213.13835477073593
213.48219429835427
213.82558469111498
214.16773152527705
214.50796458137546
214.84572062798546
215.1805285227876
215.51199635718598
215.83980036221698
216.16367533451563
216.4834063745412
216.7988217834682
217.10978679716732
217.41619851025152
217.7179810493314
218.01508173626905
218.30746775099655
218.6057344560224
218.91710595557797
219.23880193105632
219.5684400144307
219.90398110460313
220.2436820537911
220.5860551100127
220.92983250880786
221.2739362654309
221.61745191472838
221.95960587975708
222.29974593667717
222.6373243536673
222.97188333767585
223.30304249729258
223.63048789432636
223.95396292023742
224.2732599472603
224.5882134934312
224.8986942926533
225.204604021278
225.5058707747729
225.80244529253463
226.09429765115544
226.39554209309028
226.7091832650434
227.03254305824194
227.36332735026676
227.6995729980598
228.03960246654506
228.3819845044812
228.72550001670209
229.0691129707706
229.41194503327685
229.75325373498623
230.0924136237199
230.42889999701848
230.76227486150518
231.09217485877144
231.41830061652269
231.74040805456517
232.05830033888472
232.371821174364
232.6808491237831
232.98529260286966
233.28508544968085
233.5801832678007
233.87056025810776
234.17388295863003
234.4891217136001
234.8136677533613
235.14528661600662
235.48206668875056
235.82237487835638
236.1648181762919
236.50821050108794
236.8515442493746
237.1939655746144
237.53475309168635
237.87329949583693
238.2090956974327
238.54171712845366
238.87081198759913
239.1960908043688
239.51731793873356
239.83430390782098
240.14689867806283
240.4549861206625
240.75847919769114
241.05731567864768
241.35145447869283
241.64288246411868
241.94880797593362
242.2662521077043
242.592661150305
242.9258481077477
243.26394245773452
243.6053464336042
243.94869757548216
244.29283620363947
244.63677746656327
244.97968714960442
245.32086080586478
245.65970574347838
245.99572547813446
246.3285063139206
246.65770582527978
246.98304266538557
247.30428810102288
247.62125864529878
247.93380949739063
248.24182897682212
248.54523384421904
248.84396519417965
249.13798478055335
249.43318897479406
249.7422576288949
250.06230043639005
250.39084014324442
250.72575580309115
251.06523380284315
251.40772549349614
251.7519107841801
252.09666658988314
252.44103956088293
252.78422269842457
253.12553498480142
253.46440393187424
253.80035046740224
254.13297589727557
254.46195065392124
254.78700458635248
255.10791858107464
255.42451735531776
255.73666311434653
256.04425038433817
256.34720112319366
256.6454608428333
256.9389952053595
257.23747635360144
257.5492010421329
257.8713669391383
258.20157270418105
258.5377628958562
258.87818034316257
259.22132514041346
259.5659192366114
259.91087572125457
260.25527248805736
260.59832942642714
260.93938871398547
261.2778978325214
261.6133949025274
261.9454960257895
262.2738843624374
262.5983007045107
262.91853534156456
263.23442107946227
263.54582702584406
263.8526536336211
264.15482799138744
264.4522999365695
264.74503885136426
265.0463506162383
265.3602929069954
265.68415121348477
266.0156000623775
266.35264934059404
266.69359827614784
267.0369956553041
267.3816052163181
267.72637617841013
268.07041754753953
268.4129759950964
268.7534167634067
269.09120718489334
269.4259024571222
269.75713340525385
270.08459571029505
270.4080410871655
270.72726911585823
271.04212047896345
271.352471198366
271.658227547076
271.9593215690788
272.2557073753116
272.5473579538296
272.85108753018994
273.1668655177496
273.49206159237906
273.8244227903395
274.16202154739096
274.5032110787296
274.8465866158674
275.19095196894983
275.53529087102584
275.87874205207214
276.2205777731807
276.5601852983284
276.8970509021421
277.2307460667713
277.56091562885155
277.8872672660797
278.2095629465301
278.5276111447026
278.8412601128907
279.15039230278734
279.45491949985416
279.7547784863545
280.0499273772638
280.341345480906
280.64722708824036
280.96459858215974
281.29091083032614
281.62398076246745
281.9619412172115
282.30319735855915
282.64638922287025
282.99035926497424
283.33412447593025
283.67685222158804
284.0178394094589
284.35649450698895
284.69232202091274
285.0249091012652
285.35391404659833
285.67905610289506
286.0001070770731
286.3168839364033
286.6292422255383
286.9370705758011
287.2402860239133
287.5388298772891
287.83266408310647
288.1266997970011
288.434677264542
288.7536971707233
289.0812743898021
289.4152811744296
289.7538980307476
290.09557119302787
290.4389761454393
290.7829859191911
291.1266438338023
291.4691399391615
291.80979068100123
292.14802134978396
292.48335093170147
292.81537903366154
293.1437746449338
293.46826627878784
293.7886336085317
294.1047003373841
294.41632788156636
294.72340986236867
295.025867545707
295.32364587194604
295.6167098995003
295.9137455668246
296.22407282973035
296.54488555971085
296.8737790201774
297.2086948715136
297.54787334211727
297.8898122855909
298.23323158816714
298.57704257619145
298.9203215610245
299.26228700745656
299.6022798256057
299.9397463605795
300.27422371037017
300.6053270648161
300.93273873114566
301.2561987906988
301.5754967740839
301.8904647861374
302.2009714845154
302.50691671335784
302.8082270116228
303.10485179844244
303.39676000698796
303.6964641467986
304.0091095865358
304.3319377009105
304.66258494289224
304.99902837937907
305.3395389047715
305.6826408859263
306.02707700312567
306.37177831946167
306.71583819186657
307.0584898069182
307.3990867902577
307.7370864701484
308.0720354318367
308.4035570876597
308.7313407471608
309.0551326479982
309.37472765767143
309.6899624180124
310.0007094873256
310.3068721674032
310.6083799588451
310.90518479839403
311.1972578195349
311.5005684813403
311.81609528253546
312.1411829386851
312.47355701453665
312.8112714139178
313.1526633916105
313.4963144463508
313.8410165513025
314.1857432580011
314.5296245388483
314.87192512622875
315.212025815788
315.5494073287999
315.8836363835137
316.214353729895
316.54126355010726
316.86412483889967
317.1827435067128
317.4969656261254
317.8066718053917
318.1117722652708
318.41220245089625
318.7079193554046