0
0.044296940946272116
0.12601984510779785
0.23926319885697458
0.37894249901221144
0.5406817992281321
0.7207167943645081
0.915810861187772
1.1231829610345507
1.3404450955394938
1.5655484380423037
1.796736467097433
2.0325051895512765
2.271568314478482
2.5128272984898623
2.755345484481039
2.998325763992913
3.2410912908989453
3.4830688574243602
3.7237745430211278
3.9628013733538485
4.199808406121293
4.434511912937935
4.666676984538843
4.899901110983998
5.148249674641165
5.40879873636661
5.679039314141157
5.956820531002647
6.240300277971959
6.527902970312361
6.818282634749383
7.11029146223704
7.40295243818031
7.695435760961479
7.987038485861182
8.277166954057389
8.565321625569997
8.851084045749845
9.134105322549074
9.414096679617039
9.690820926012911
9.96408507594877
10.233734175749095
10.499645948662955
10.76172608640751
11.019904153176086
11.274130220557263
11.531789796620302
11.80280269042766
12.084458189105021
12.374431980867202
12.670733129849689
12.971658137628497
13.275751586644844
13.581771762574757
13.888661347932205
14.195521930233278
14.501592035626548
14.806228167382425
15.108888439279404
15.409118448641406
15.706539119926429
16.000836017243973
16.291750560348174
16.579071933471603
16.8626303568525
17.142291349181566
17.417950689836843
17.689529970771655
17.956972890764508
18.220242102658556
18.49027224449555
18.77291467348686
19.06554249699875
19.36590420129465
19.67207189823506
19.982396925812317
20.295471476900378
20.610095224409143
20.925246891348984
21.240059467466747
21.553798871072942
21.865845530204503
22.17567848452374
22.482861662967338
22.787032086292136
23.087889450474396
23.38518762227898
23.67872681548481
23.968346991998526
24.253922305403236
24.535356232103826
24.812577247641553
25.085535204342875
25.35419829066615
25.633037480609946
25.92396643979455
26.22441722790647
26.532189410647064
26.845399421205045
27.16243715286455
27.48192822341024
27.802701418539073
28.123760799669792
28.44426143799488
28.763488517346893
29.08083929648667
29.395807539914863
29.707970079561164
30.016975276244455
30.322532784127738
30.62440520606505
30.922400551883065
31.216365666701392
31.50618078516044
31.791754801650242
32.07302107122904
32.34993379288955
32.622465066976204
32.90855947868171
33.20625744788055
33.51304827474277
33.826780974827415
34.14561498121384
34.467977382431656
34.79252608992144
35.11811797018474
35.44378146058422
35.76869283012591
36.092155713577256
36.41358344638989
36.73248381708012
37.04844590660288
37.36112879420763
37.6702515411282
37.97558493871219
38.27694424296781
38.574182716934594
38.86718622018801
39.15586860788207
39.440167681180505
39.7200415880931
39.998331225507364
40.29038081016045
40.593365216761086
40.90486239444094
41.22279799001096
41.5453976743232
41.8711457001017
42.19874942888088
42.527108487293575
42.855288256843075
43.18249694863102
43.50806581978921
43.83143209765794
44.152124240838155
44.469749217778784
44.78398158195839
45.094553838657404
45.40124836864452
45.703890468014315
46.00234216273132
46.296496888154365
46.58627505465451
46.87162017019895
47.15249536383897
47.43546609695836
47.73161978972632
48.03820898591883
48.35287865007207
48.673612443557225
48.99868601600372
49.32662687593773
49.656179720362665
49.98627644527171
50.31601030751594
50.644613605120426
50.971438410763135
51.29593994238997
51.61766220971371
51.93622563020399
52.25131634012929
52.56267696718521
52.87009857744198
53.173413945084974
53.4724916327831
53.76723073853048
54.05755654090495
54.34341675708203
54.62477821287026
54.911864254837226
55.211646713518675
55.52144312669414
55.83895472978231
56.16221372786683
56.489537691070105
56.81949045246483
57.15084796796474
57.48256919923286
57.81377079514559
58.143705273335044
58.471742186655945
58.79735186749794
59.1200913969372
59.43959251834202
59.7555510776081
60.06771823371672
60.37589240585804
60.67991268036995
60.97965309502749
61.27501755822025
61.56593548305783
61.852358146746106
62.13425550476763
62.42531131176717
62.728439697545916
63.041044858243616
63.36090291355623
63.68611057108697
64.01504119121465
64.34630669508817
64.6787245181148
65.01128943237423
65.343148982212
65.67358233740268
66.00198203977168
66.32783824817996
66.65072513994411
66.97028921772339
67.28623899251781
67.59833656460103
67.90638983604111
68.21024600612748
68.50978606981568
68.80491997393817
69.09558232492383
69.38172884156312
69.6633332904265
69.95744616605741
70.26307471009918
70.57770178889398
70.89917126978645
71.22563838704977
71.55552700239616
71.88749253624803
72.22038998999015
72.55324651513044
72.88523757174536
73.21566639196557
73.54394625383998
73.8695851812697
74.19217273821032
74.51136869134686
74.82689294638823
75.13851735755878
75.44605831134938
75.74937026592262
76.048340408812
76.34288401012091
76.63294028225947
76.91846886157741
77.2013929866509
77.49837602354822
77.80653498017534
78.12339818141068
78.44684869742748
78.77507575025982
79.10653242868662
79.439899462306
79.77405375984529
80.1080413734831
80.44105409825558
80.77240928563046
81.10153241991169
81.4279420791459
81.75123695464096
82.07108471008765
82.38721211853601
82.69939688222097
83.00746050129112
83.31126192153285
83.61069215860542
83.90566977077796
84.19613688171665
84.48205562462877
84.76908116923809
85.06937752603966
85.38017351811773
85.69909385290401
86.02410487081123
86.35346752844752
86.68569680109461
87.01952679309596
87.35388044131902
87.68784345885753
88.02064181852785
88.3516223164712
88.68023579618323
89.00602266851118
89.32860041428123
89.64765283801847
89.962920658678
90.27419349609069
90.58130306248094
90.884117132781
91.18253427113554
91.47647947069217
91.76590036094377
92.05076383304085
92.34038474036895
92.64275512092962
92.95517799835125
93.27534214843482
93.60126920322323
93.93126770960582
94.26389381072036
94.59791699449659
94.93229073798014
95.26612707386286
95.59867465125954
95.92929979783784
96.25747017417626
96.58274066529474
96.90474121701081
97.22316627357134
97.53776583429249
97.84833742431142
98.15471948844613
98.45678561491692
98.75443938402422
99.04761003663613
99.33624881372467
99.62032572326773
99.91258185778194
100.21690432310875
100.53069528551467
100.85172915440248
101.17810124771752
101.50818372610597
101.84058756189116
102.17412941349222
102.50780342636415
102.84075665103883
103.17226787730307
103.50172936430991
103.8286310714451
104.15254704758567
104.47312371619441
104.79006959006554
105.10314680842514
105.412163305708
105.71696638015811
106.01743717016343
106.31348575707253
106.605046894947
106.8920764901844
107.17454850350124
107.46868593164675
107.7744612727058
108.08933838096553
108.41114479726834
108.7380216612849
109.06838072337708
109.40086699031352
109.73432649670877
110.06777869640507
110.40039244063937
110.73146529215273
111.06040567001054
111.38671743820652
111.70998660375784
112.02986989230904
112.3460846192305
112.65840045528701
112.96663190506786
113.27063183758318
113.5702861129952
113.86550888732967
114.15623842396683
114.44243357847961
114.72503828785685
115.02160385457341
115.32926325869643
115.64555858965424
115.96838474380554
116.29594108861849
116.62668947083475
116.95931811404758
117.29271034392524
117.62591772156536
117.95813675709711
118.28868883242593
118.61700287180308
118.94260038410334
119.26508255259695
119.5841191570611
119.89943873839405
120.21082052835251
120.51808730540154
120.82109904578584
121.11974764493792
121.4139524028383
121.7036560283791
121.98882114919908
122.27420062207325
122.57309432493427
122.88269749458352
123.20060586305722
123.5247607266528
123.85340145577075
124.18502437456941
124.51834749445091
124.85227986123563
125.18589520049908
125.51840914003509
125.84915954905226
126.17758956844791
126.5032329635137
126.8257014817389
127.14467398871096
127.45988692753916
127.77112624277423
128.0782204834531
128.381034686846
128.6794650587795
128.97343456580467
129.26288909308326
129.54779402357087
129.83655035820638
130.13817416954652
130.4499523876482
130.76955985592875
131.0950061966984
131.424589591656
131.75685720467015
132.09057080662464
132.42467719674636
132.75828264184636
133.09063081256951
133.42108373795293
133.74910536694563
134.0742473797839
134.39613695037445
134.71446615346292
135.02898290639212
135.33948294827303
135.64580319614006
135.94781591564643
136.24542352874278
136.5385542870979
136.8271585834627
137.11120568644216
137.40263981730428
137.70637426179658
138.01977701475835
138.34059300075023
138.6668921492855
138.99702471101455
139.32958279217547
139.66336680181053
139.99735688809739
140.33068805222126
140.66262871587446
140.9925622210726
141.31997086223723
141.64442210383194
141.9655567140248
142.28307836505508
142.59674504260573
142.90636111807308
143.2117708530873
143.51285279843103
143.80951482207763
144.1016897981452
144.3893320365134
144.6724141567857
144.96627838721002
145.2718670774
145.58663134158343
145.9083877786501
146.2352680699372
146.5656758151548
146.89824901537943
147.23182765655568
147.56542598940644
147.89820838738075
148.22946856144623
148.5586116190776
148.88513857883487
149.20863300455395
149.52874952062467
149.84520364733012
150.15776353423996
150.4662423539099
150.7704918474502
151.07039692612335
151.36587093602438
151.6568514379796
151.9432967030648
152.22518876118517
152.52127832879455
152.82866352069084
153.14485636993646
153.46772587520783
153.79544906416746
154.12646856784326
154.45945604797353
154.79328056579084
155.12698141371305
155.45974454955996
155.79088228415623
156.11981574884476
156.4460597624972
156.76920976996965
157.08893063365016
157.40494667894234
157.7170335486344
158.02501095081112
158.32873623545711
158.62809907336168
158.92301688162883
159.2134307685374
159.49930199039628
159.78441251047516
160.08302663136962
160.39234189880756
160.70995605244815
161.03381206076665
161.3621507611088
161.69346971574979
162.0264879892414
162.36011551832223
162.6934267880596
163.0256380681434
163.35608776839135
163.68421948308108
164.00956735581372
164.33174344779897
164.6504268927626
164.96535432007374
165.27631185370583
165.58312819688348
165.88566847340365
166.18382896157894
166.47753269409225
166.76672559885978
167.05137307015184
167.33897669780416
167.63960614563783
167.950526718337
168.2693945649391
168.5942031674328
168.92323679087718
169.25503055164802
169.58833584880233
169.9220905150293
170.25539307537343
170.58748051623027
170.91770909545656
171.24553777919647
171.570513945595
171.89226105098078
172.21046797864614
172.5248798603865
172.83529004311634
173.1415333894378
173.44348038526354
173.7410319058262
174.03411487670485
174.32267854971124
174.60669120199657
174.8971745643398
175.20002930693812
175.51261480883028
175.83266849605315
176.1582538514249
176.4877155053331
176.81964069870355
177.15282563819508
177.48624681526616
177.81903605622503
178.15045902425865
178.47989666263393
178.80682917796202
179.13082221568507
179.45151495037678
179.7686096872808
180.08186319278263
180.3910787624421
180.69609973316474
180.9968038494535
181.2930982463376
181.58491515745553
181.87220833810105
182.1549499089313
182.44763550965013
182.75218556042225
183.0660324238729
183.38697653265592
183.71313559030006
184.0429011063263
184.37490065991108
184.70796521814634
185.04110124067554
185.37346636761862
185.70434849003456
186.03314768421058
186.35936061864328
186.6825670953312
187.00241847972654
187.3186274810699
187.630959825584
187.93922656097772
188.2432776004444
188.54299628197822
188.83829458220143
189.12910886503872
189.41539637130487
189.69713217817687
189.99208157431045
190.29830780384518
190.613328640741
190.93501801926382
191.2615571242527
191.59139216334583
191.92319781612716
192.25584568253578
192.58837720311868
192.91998013836312
193.24996830443806
193.57776408216014
193.90288331986594
194.2249223028242
194.54354656826303
194.85848097239656
195.1695016009887
195.47642847298323
195.77911915193152
196.07746347007733
196.37137894923086
196.66080672113083
196.94570803465808
197.22894959567313
197.5260011429933
197.83401744208342
198.15055932835446
198.47353790039182
198.8011665077254
199.13191899458488
199.464493958576
199.79778367821626
200.1308474096578
200.46288828837862
200.79323339835335
201.1213165691522
201.44666352735146
201.76887908051987
202.08763611467495
202.4026658727699
202.71374984618103
203.020712752047
203.3234162810245
203.62175376092813
203.91564569027122
204.2050358224946
204.48988768161914
204.7767706736697
205.07677871683174
205.38716355962433
205.70556963821298
206.02998030341908
206.3586711084017
206.69016960917796
207.0232207062777
207.35675661173332
207.68987099774384
208.021796660822
208.35188624134364
208.67959558220278
209.00446936503215
209.32612871484284
209.64426052358425
209.95860816436246
210.26896348622913
210.5751600727582
210.877067291463
211.17458504331205
211.46763942549083
211.75617897939682
212.04017135667422
212.32982210943874
212.63209123903619
212.94430197240354
213.26416053157848
213.58970353371387
213.91925243653637
214.25137451055443
214.58484877802246
214.9186369245885
215.25185803254593
215.58376680057236
215.9137347431638
216.24123396347605
216.5658231471405
216.88713549271958
217.20486819322872
217.51877362218173
217.82865131622202
218.13434140840766
218.43571891193386
218.73268862686015
219.02518080673877
219.31314752949834
219.59655950168775
219.88901657131615
220.1934155471264
220.50717735880193
220.82809259567117
221.1542704859943
221.48409520586839
221.81618804717203
222.14937455166773
222.48265650860014
222.81518753938323
223.14625207882128
223.47524723225345
223.80166711601893
224.12508934133018
224.4451633874247
224.7616003627492
225.0741646274567
225.38266602989114
225.68695347848046
225.98690946805132
226.28244524433495
226.57349654381014
226.86002008935756
227.14199052297766
227.43640656153548
227.74227918924865
228.0570996609733
228.37871908667682
228.70529894312872
229.0352684796096
229.36728776282314
229.70021579840343
230.033083190888
230.3650683765563
230.6954771521313
231.02372500493433
231.3493218614349
231.67185892342994
231.99099736585922
232.3064583061403
232.61801464523023
232.92548366166764
233.2287205798693
233.52761324836024
233.8220775043426
234.11205303989112
234.39749990583775
234.6803276107785
234.97707917461526
235.28489275590675
235.60131489616327
235.92424434272976
236.25188380454995
236.58269797463092
236.91537755236203
237.24880800794315
237.58204274326943
237.91427985590633
238.24484209646792
238.5731595691551
238.8987547998431
239.2212298481321
239.54025524716164
239.85556020284542
240.16692448901534
240.47417135688252
240.77716121707508
241.07578631954635
241.36996625695946
241.65964400636963
241.94478240410442
242.23107013382977
242.53074229780307
242.84101196860613
243.1594902539393
243.48413176482384
243.81318732390164
244.14516316815633
244.47878585779574
244.8129718201866
245.14680115168215
245.47949497916224
245.8103959183052
246.13895120667286
246.46469814518275
246.7872515336208
247.10629285824174
247.4215608551809
247.73284342507554
248.0399707929276
248.3428094633759
248.64125690723893
248.9352371707242
249.22469706786643
249.5096027953516
249.79925856169194
250.10164728643136
250.41407446390988
250.7342309981158
251.06014035564974
251.390112663602
251.72270542469877
252.05668929865988
252.39101877009546
252.72480673815343
253.05730259663122
253.38787331279616
253.71598709615563
254.04119930243084
254.36314028031748
254.68150482038467
254.99604321556268
255.30655324210724
255.61287355970506
255.91487793906668
256.2124701138957
256.50557945543045
256.7941573151215
257.07817379271205
257.37046533276646
257.6749481430951
257.9890049550137
258.3103934450477
258.63719451782754
258.967767939798
259.3007140177148
259.6348402402184
259.9691328762696
260.30273221432725
260.6349112436222
260.96505725228815
261.29265594426255
261.61727773015167
261.9385659303411
262.256226404658
262.5700190399731
262.87974986764254
263.1852645673407
263.4864429079226
263.7831938286875
264.07545112879416
264.3631699135023
264.6463234858067
264.9410989862346
265.2474685424997
265.56290120449154
265.8852290189263
266.21259702622666
266.5434203595805
266.876346962195
267.21022541523337
267.54407738531324
267.8770736472204
268.2085134372812
268.5378066320713
268.86445836629906
269.1880557561881
269.5082564956593
269.82477874899314
270.13739293564
270.44591420995704
270.75019601494307
271.0501247206341
271.3456149336
271.6366053114646
271.92305506515885
272.2059088963191
272.5027265282641
272.81063986348295
273.1271900734248
273.45027127394724
273.77808217027683
274.10908404938584
274.4419646628561
274.77560693994343
275.10906211061194
275.44152640993
275.772320992959
276.10087459854276
276.4267085857355
276.7494240185267
277.06869058362867
277.38423675104013
277.6958417013093
278.00332817792946
278.30655613573504
278.60541746098494
278.89983145481165
279.18974083542764
279.4751082471882
279.7606613525855
280.0596297625098
280.3692235966587
280.68705141670705
281.0110655647573
281.339514931243
281.67090403322436
282.0039579332464
282.3375917418547
282.6708843992359
283.00305601360617
283.33344830107285
283.6615077028155
283.9867708128271
284.3088518004859
284.62743160524656
284.94224843222713
285.25308973570395
285.55978535272607
285.8622014049796
286.1602350180071
286.45380993863216
286.7428727073712
287.0273892517132
287.3157244734786
287.61685565492763
287.9280818520791
288.2470883331442
288.5718936795679
288.900803769047
289.23237236571515
289.56536690355847
289.8987390306347
290.23159916183965
290.56319451155946
290.8928901314486
291.2201525437939
291.5445356149117
291.86566837026066
292.1832444530545
292.497013093962
292.80677113573995
293.1123564183227
293.41364197070277
293.7105308396026
294.00295178761183
294.290855619694
294.574211927806
294.86507923270335
295.1684178742779
295.48157077783327
295.80226126359094
296.12854062306036
296.4587430580743
296.7914468419599
297.1254404649343
297.4596938157523
297.79333306519356
298.1256190378916
298.4559285432544
298.78373826169127
299.10861083631556
299.43018290245993
299.74815457507776
300.0622808018957
300.37236336623874
300.6782443059306
300.97980026859574
301.2769375162201
301.5695875580008
301.8577035349087
302.14125708864816
302.4356119342797
302.74171109695953
303.0570013916157
303.3792957342104
303.7067226543674
304.03768305854777
304.3708126499474
304.70494945712954
305.03910606730915
305.37244544357367
305.70426010462904
306.03395415353737
306.3610277661849
306.68506380293655
307.00571630450696
307.32270031027286
307.6357835777443
307.94477896311014
308.2495379562746
308.54994527333406
308.84591411313573
309.1373819299969
309.4243069235568