0
0.07249278057338156
0.20587309722075664
0.39018001957393966
0.6168511694342178
0.878530869645739
1.1689044202412973
1.482555017004233
1.814840643221831
2.161787120336789
2.5199964058076976
2.886566601407866
3.2590239493604547
3.6352634999801867
4.013498029415534
4.392213946933799
4.770133237795886
5.146180602922396
5.519455098672249
5.889205696993126
6.254810312174379
6.615757098882803
6.971629650361309
7.322092674732169
7.6732100385340205
8.048430659366261
8.442787423542509
8.85203057287879
9.272528720349353
9.70118357208674
10.13535634016805
10.572803854213445
11.01162400846265
11.450208285775359
11.887200876430693
12.321463399279967
12.752044458933367
13.178153377507359
13.599137623482841
14.014462998585213
14.423696926135868
14.82649402487991
15.22258352533357
15.611758270765122
15.993865482759091
16.368798801516743
16.736491357943525
17.096909668118812
17.46242050111229
17.849507696404803
18.25356221648277
18.670643297704807
19.09738592463956
19.53092162150929
19.96880965664522
20.408977651856492
20.849670687373848
21.289407067882614
21.72694022844303
22.16122586211397
22.591393554734687
23.01672231043678
23.436619522639266
23.85060251963075
24.258282984564516
24.65935353501344
25.053575994085552
25.4407711365096
25.82081010306897
26.193606993230915
26.559112388135404
26.917307734374013
27.28648353915226
27.676323671751838
28.082353293273684
28.500747123514106
28.928239781076826
29.36204852538231
29.79980642451594
30.239504716331968
30.6794431672622
31.118187106183278
31.554530381230975
31.987463394234606
32.416145517602445
32.83988130712572
33.258099945914616
33.67033761206585
34.076221994297654
34.475459303403525
34.867822978569365
35.25314375923557
35.63130118476569
36.0022164210266
36.365846034523365
36.72217652246491
37.09529050794398
37.488268511777164
37.89675116266872
38.317012570302545
38.74587322339711
39.18062419915174
39.61896228645072
40.05893363088347
40.498885241911424
40.93742311354839
41.37337608357768
41.805764647360995
42.23377404778
42.65673110511964
43.07408396329379
43.485385246953925
43.890276741826945
44.28847663953855
44.67976858260372
45.063992117154626
45.44103430268917
45.81082265047278
46.1733191125653
46.52851475918089
46.90627190268624
47.30321768226244
47.71508580899288
48.138230974064896
48.569543001942954
49.00637300523387
49.44646946141338
49.887923152862726
50.329119611691645
50.76869807636266
51.20551607186769
51.63861884592823
52.067212996356496
52.49064380909495
52.90837526757958
53.31997362613203
53.72509259211611
54.12346056209144
54.51486990841975
54.89916769541695
55.27624755671357
55.64604262642648
56.00851966911835
56.3684583979165
56.75142437397015
57.152594508670276
57.56784330096809
57.99364689636942
58.42699976051815
58.865343364417434
59.30650388593611
59.748639141633575
60.190192413378306
60.62985267537502
61.06652027176702
61.49927730004431
61.92736205621779
62.350147097886186
62.7671198452761
63.17786657488415
63.58205826191663
63.97943815522485
64.36981128322999
64.75303550119418
65.1290137009103
65.49768694502167
65.85902871882797
66.2239985606322
66.61097421213755
67.015279732259
67.4329167540496
67.86047075063003
68.2950306391348
68.73411911965484
69.17563238635756
69.61778856107263
70.0590828386487
70.49824886343347
70.93422539977396
71.3661275722692
71.79322205071148
72.21490573676915
72.63068701684057
73.04017001786869
73.44304098197475
73.83905634232806
74.22803234810611
74.60983637210224
74.98437939207543
75.35160940742671
75.71150575450291
76.08113856204471
76.47203786306457
76.8796311062542
77.30000905752281
77.72983414552888
78.16626168128849
78.60687156257765
79.04960943460262
79.49273602543121
79.93478326898575
80.374516483867
80.81090173677391
81.24307767947846
81.67033125782193
82.09207674280748
82.50783768243598
82.91723113291556
83.31995439071966
83.71577345231334
84.10451286674468
84.486047072159
84.86029306903632
85.22720405679617
85.58676384977409
85.96175574686269
86.35692284497902
86.76785008178102
87.19076378569457
87.62244347839793
88.06014517945384
88.5015356711967
88.94463547371336
89.3877697512067
89.82952590163812
90.26871696598668
90.70435005386193
91.13559909838908
91.56178138536957
91.98233710014955
92.39681219909443
92.80484291432812
93.20614288903451
93.60049206909125
93.98772700414051
94.36773235627194
94.74043378356173
95.10579183804758
95.4637965708054
95.84280847404882
96.2410626996583
96.65428043009801
97.07880557806965
97.51151886837233
97.94976358183001
98.39128162388239
98.83415818752624
99.27677408630403
99.7177645897127
100.15598389857223
100.59047449086967
101.020440671159
101.44522582632591
101.8642924150408
102.27720549832694
102.68361777400305
103.0832568704465
103.47591460931201
103.86143767392876
104.23971941159444
104.61069279514555
104.97432454554206
105.33385201800013
105.71697857982119
106.11879107977698
106.53508649180976
106.96227432813818
107.39729176751882
107.83753107774668
108.28077622231054
108.7251488059162
109.16906108576278
109.61117548464657
110.05036965216853
110.48570631611072
110.91640726834949
111.34183103149333
111.76145311056723
112.17484971593902
112.58168332753834
112.9816900410843
113.37466890808462
113.7604728151299
114.13900054538617
114.51018978689777
114.87401128515283
115.23993421794921
115.62818460626681
116.03403210200253
116.45343154826269
116.88292832246428
117.31957689219587
117.76087049413199
118.20468007579592
118.64920218150208
119.09291358744142
119.53453224188706
119.97298355900081
120.40737133405167
120.83695264781485
121.26111632056401
121.6793639124769
122.09129386950553
122.4965877169789
122.89499795184895
123.2863375946913
123.67047140966028
124.047308289922
124.41679457185475
124.77890831262825
125.1492241109447
125.54099125703942
125.94960545583027
126.3711302846631
126.8022047780509
127.23996423984178
127.6819714213062
128.12615727437444
128.5707699886285
129.01433080259812
129.45559592782547
129.89352369246097
130.3272461897672
130.75604481677365
131.17932921009984
131.59661895524644
132.00752782992834
132.41175043124898
132.80905052859595
133.19925081452635
133.58222424195822
133.9578866418126
134.32619029523138
134.68711829302407
135.06194115630396
135.45703964949945
135.8679831804829
136.2909847502636
136.72281236496076
137.16071219310874
137.60234251627907
138.04571654915
138.48915319638363
138.93123448997721
139.37076887293227
139.8067595189227
140.23837699607546
140.66493570539447
141.08587342111383
141.50073399544775
141.90915187120333
142.31083920425053
142.70557470030124
143.09319383796333
143.47358037724157
143.8466592421143
144.21239037934146
144.57076333911218
144.9487920003599
145.34631762666822
145.7590238565876
146.18322218734838
146.61576548008202
147.0539729647269
147.49556587950948
147.938611621915
148.38147569740553
148.8227802140029
149.26136806326247
149.69627201198347
150.12668803220046
150.55195235821532
150.97152134054326
151.38495482461175
151.79190101408773
152.1920837197885
152.58529152669297
152.97136837000602
153.3502052462255
153.72173314999063
154.08591714031968
154.44436615835534
154.82632787493085
155.22690638282356
155.64191339947982
156.06777104665517
156.50142728459943
156.9402835271813
157.38213158427234
157.82509969382355
158.2676057303344
158.70831685941903
159.14611472088018
159.58006538537424
160.00939343117972
160.4334596807054
160.85174152649736
161.26381676243855
161.66934911119003
162.068075621645
162.45979611297733
162.84436406769467
163.22167868553396
163.5916779102303
163.9543326526854
164.31759599191702
164.70356388689703
165.10745419440343
165.52517698515894
165.953239046153
166.38866148023314
166.8289087607477
167.27182699103923
167.71559127094943
168.15865986726163
168.59973475297576
169.03772755485312
169.47173016972977
169.90098941082778
170.32488524246193
170.74291156895154
171.15466024962797
171.55980713219793
171.95809979741205
172.34934703062763
172.73340995114376
173.11019431250847
173.47964373718966
173.84173391910798
174.2104850094347
174.60082698208092
175.0081381924916
175.42846723625635
175.85844014235454
176.29518096123965
176.7362427011131
177.17954783756156
177.62333721714901
178.0661257035172
178.5066639700472
178.94390552991294
179.3769782866291
179.80515998697805
180.22785711052788
180.64458643214985
181.05495930344398
181.45866821535066
181.8554750798295
182.2452009340942
182.62771729147948
183.0029387241833
183.37081639355029
183.73133240536302
184.10440368959706
184.49811414029918
184.90798060373
185.3301708197206
185.76141372251624
186.19892186057976
186.64032452063
187.08360993731114
187.52707551548195
187.9692847826614
188.4090302629096
188.84530144020846
189.2772571164978
189.70420158002054
190.125563953293
190.54088063125502
190.94977967327705
191.35196778641512
191.747219025148
192.1353648797998
192.516285713391
192.88990356938734
193.25617594927266
193.61509033417963
193.99224739383536
194.3891081709396
194.80132605722716
195.2251864246307
195.65751967275824
196.0956256454753
196.5372089046402
196.98032249243718
197.4233195608328
197.86481159204166
198.30363234269507
198.73880673112
199.1695239908287
199.59511456410516
200.01502986219836
200.42882550127638
200.83614602895895
201.23671215557192
201.6303098372951
202.0167807695525
202.39601402348546
202.76793897513994
203.1325193145434
203.48975787153472
203.87087389974562
204.27091703687432
204.6856521034483
205.1114608058855
205.5452563463046
205.98441018164166
206.42668840179982
206.8701971134705
207.31333517553952
207.75475342612776
208.1933194964456
208.62808744876676
209.05827157806723
209.48322390640772
209.9024143104144
210.31541419505024
210.7218818206299
211.12154959060723
211.51421339994047
211.89972342200625
212.2779760591787
212.6489069057485
213.01248489704008
213.37505305891284
213.76034778179624
214.1635856510802
214.58067551655375
215.008123156943
215.44294869639663
215.88261577185054
216.32496972037802
216.7681849390792
217.21071905361413
217.6512734499571
218.08875921525743
218.52226774848785
218.9510454018458
219.37447171379117
219.79204016641873
220.20334226801654
220.6080535382409
221.00592119760407
221.39675371180894
221.78041191590466
222.1568012961861
222.5258651891333
222.88757905682618
223.25447755444353
223.64326446894637
224.0492764838506
224.4685262437096
224.8976087635693
225.33362132207859
225.77409386335373
226.2169289415595
226.6603502328013
227.10285779615913
227.5431895427731
227.98028798645066
228.41327155302073
228.84140982497948
229.26410226583357
229.6808595740291
230.091287896988
230.49507526236448
230.8919797305706
231.28181901688217
231.66446179551974
232.03982021030367
232.4078433339939
232.76851147970115
233.14024973818698
233.53281293540957
233.94169242748498
234.36303402088012
234.7935476399936
235.2304294848469
235.67129469763753
236.11411928965478
236.55719012555912
236.99906163406894
237.43851848584546
237.87454338716745
238.30628928916173
238.7330554217433
239.15426658108885
239.56945536828104
239.9782465851035
240.38034414771016
240.77551970854446
241.16360265489996
241.54447154272697
241.91804686909984
242.2842848000805
242.64317165991633
243.01886455302667
243.41445360778704
243.82556612767837
244.24846492230444
244.67996092784173
245.11733717194286
245.55828368521387
246.00084096786378
246.44335134026858
246.88441692810713
247.32286340529654
247.7577087075053
248.18813603559317
248.61347060877395
249.0331593551277
249.44675400315234
249.85389571154488
250.2543022850898
250.64775718184777
251.03409992908075
251.4132177047618
251.78503826164848
252.14952389553807
252.50666610104582
252.88609421326257
253.28446258674342
253.6975393287377
254.12170879804563
254.55388644855555
254.99144548343924
255.43215347013341
255.874117654992
256.31573777590063
256.7556653275466
257.19276840802524
257.6261013851207
258.0548787223315
258.4784524815569
258.89629249735634
259.3079700835083
259.7131432768383
260.1115442094706
260.502968484758
260.8872659556573
261.26433263757116
261.6341037144641
261.9965477268931
262.35648330140475
262.73967695074566
263.1412687019311
263.5571013411784
263.9836237439128
264.4178069561822
264.85707234241943
265.29922882717017
265.74241944447704
266.18507482066923
266.62587310838137
267.063705411266
267.497645949074
267.9269263143682
268.3509133742777
268.76908973304694
269.18103758763453
269.5864244836232
269.9849908104759
270.37653920474554
270.76092553418886
271.13805105705643
271.5078555161726
271.870311325966
272.2363978948656
272.62452700958085
273.03001331194224
273.44885040574576
273.87761693208296
274.3133960057785
274.7537054134712
275.1964371989861
275.63980599188136
276.0823040605002
276.52266260912046
276.9598183800067
277.3928848346123
277.8211272875797
278.2439415500914
278.66083514248544
279.0714115204433
279.4753564209507
279.8724259117181
280.26243599625843
280.6452539044909
281.02079055834855
281.3889939735693
281.7498435436653
282.12042347983305
282.5122733429155
282.9208170257681
283.34214229475174
283.7729090594348
284.2102705241392
284.65180483460273
285.09545618831544
285.539484127295
285.9824196237206
286.4230272266756
286.86027239791684
287.2932933250323
287.7213766096251
288.14393628217044
288.5604957350219
288.9706719434589
289.3741621865608
289.77073249651664
290.1602075010764
290.5424617548542
290.9174124064996
291.2850128292766
291.6452470319071
292.020790484656
292.416364158136
292.82757440729716
293.25066601906445
293.682434410256
294.12014929645517
294.56148924495585
295.004484916639
295.44747020040126
295.88903999502384
296.3280137859692
296.76340421599434
297.1943899652187
297.6202923848177
298.0405551543203
298.45472720520223
298.862447307895
299.26343127830967
299.65746091653006
300.04437433951915
300.4240575344965
300.79643728444296
301.16147509056117
301.5191617963166
301.8978552463155
302.29579135191966
302.7086922532895
303.13290266742325
303.56530399004737
304.0032400597328
304.44445324122285
304.88702910300515
305.32934876209146
305.7700477297443
306.2079803957451
306.6421893819091
307.0718790980978
307.49639300387616
307.91519360237265
308.3278459749589
308.7340028208772
309.13339175265435
309.52580456144625
309.9110878880695
310.2891350281548
310.6598788945132
311.0232861409516
311.3825809725826
311.7653550101106
312.1667150015589
312.5824750181969
313.009059256343
313.4434174948368
313.8829528020106
314.3254583970886
314.769063801326
315.2121880361311
315.653499295204
316.091880143002
316.52639748460405
316.9562766538962
317.3808791674529
317.79968305315174
318.2122666446276
318.61829419332923
319.0175032619546
319.40969411631295
319.7947206388238
320.1724824175716
320.5429177790173
320.9059979727851
321.2712146237184
321.6588411011218
322.0641361331738
322.4830451293798
322.91210530738965
323.3483640889556
323.7893086142253
324.2328045623486
324.67704392186215
325.12049952873315
325.5618859226472
326.0001255683724
326.43431970840953
326.8637232133629
327.28772298808855
327.7058189384193
328.11760806990276
328.5227706564595
328.92105811695785
329.3122825346024
329.69630785576504
330.0730422609022
330.44243147166407
330.8044530070773
331.17463458475214
331.56618567450687
331.9745154847682
332.395699201037
332.82638582514056
333.26371921728116
333.7052694664785
334.1489738089785
334.59308581322813
335.0361313150427
335.47687044950374
335.9142648876271
336.3474495652269
336.77570829069396
337.19845274467735
337.6152042290472
338.02557796767434
338.42926976987565
338.82604441252596
339.21572541697
339.59818641791367
339.97334380119577
340.34115029123126
340.70158934048226
341.0760927497842
341.47108958914305
341.8821154761703
342.3053543229484
342.7375491201053
343.17592451697715
343.61812030825865
344.0621338335072
344.5062703720747
344.94910027245135
345.38942196930094
345.8262300727785
346.2586878331955
346.686103410991
347.1079092502683
347.5236446901701
347.9329403448243
348.3355051237866
348.7311149916833
349.11960313566647
349.5008514005763
349.87478311280046
350.2413568986766
350.6005612312762
350.9793634606006
351.3776044795839
351.79097476992393
352.2157917581183
352.6489134546927
353.0876635561488
353.5297671837698
353.9732951108165
354.4166157803199
354.8583538589796
355.29735446935297
355.7326523258073
356.1634451027263
356.58907052277544
357.00898624513854
357.42275326530637
357.83002079189083
358.2305135252858
358.62402083937747
359.01038736819197
359.38950472414575
359.76130445242575
360.1257521061444
360.4844540075013
360.86660284160763
361.26731240844913
361.6824027908476
362.1083033153075
362.54196814957834
362.9808040465839
363.42260741675756
363.8655104528671
364.307934429457
364.7485494335256
365.1862396132934
365.62007319159306
366.04927659161086
366.47321221445804
366.8913588037074
367.3032953118675
367.70868644474194
368.10727008668124
368.49884676989336
368.8832705830788
369.2604412355856
369.63029709857665
369.9928094447537
370.3559056183523
370.7416095747019
371.14515516937183
371.56246621742184
371.9900613154227
372.42497169646686
372.86467052389963
373.3070113448061
373.7501756283271
374.1926270845649
374.6330723316276
375.0704269534487
375.5037862112966
375.9323997722535
376.3556500151169
376.77303287753284
377.18414193131645
377.5886544570911
377.98631922172933
378.37694599213916
378.76039669400296
379.1365777355282
379.5054332590106
379.8669393938475
380.23507302359434
380.62471809136656
381.03126760914444
381.4507827402244
381.87990027808326
382.3157534823261
382.7559032324535
383.1982787174513
383.64112650247324
384.08296631191536
384.52255294101934
384.9588433885724
385.3909684960512
385.8182084769779
386.23997187458787
386.6557771735421
387.0652371401771
387.4680454251599
387.86396487746487
388.2528172802858
388.6344747339736
389.0088522608453
389.3759013526563
389.7356043447119
390.10809769072085
390.50155409714256
390.91144049137864
391.33388162319005
391.7655694605288
392.20368473638086
392.64582940307616
393.0899682187869
393.53437843097174
393.97760627713046
394.41842946341484
394.855824789166
395.28894021123415
395.7170707647963
396.13963765700356
396.5561705864985
396.9662919220018
397.36970353697416
397.7661753982813
398.15553557954877
398.53766158055186
398.91247304903015
399.2799255002418
399.6400047868973
400.0183807738188
400.4165173665054
400.83005499294893
401.255267955116
401.6889772101519
402.1284745655072
402.57145775659944
403.01597404067485
403.460371682185
403.90325804818593
404.34346344458476
404.7800099102955
405.21208429037773
405.6390150614388
406.0602520277221
406.47534951027677
406.88395103011845
407.28577649577306
407.68061125486895
408.0682965609877
408.44872118646896
408.82181432716743
409.1875395938991