0
0.0451118048488777
0.12832849490793288
0.24362803223624963
0.3858259077755155
0.5504604263190411
0.7336938163491574
0.9322265889069282
1.143223983594273
1.3642521498727762
1.5932232021877417
1.8283474061627563
2.0680925931884797
2.311148635003489
2.5563968850582843
2.802883796039164
3.049798133901402
3.2964513012535046
3.542260377839903
3.786733480858196
4.029457177561488
4.270085343748006
4.508330184058399
4.743953656784674
4.980709779161581
5.233255843678204
5.498545855343438
5.773966224483004
6.057276470759641
6.346557857863553
6.640169343791305
6.936709114256407
7.234981827923285
7.533970088482312
7.8328098714603405
8.13076931229657
8.427230396645417
8.721673155811063
9.013662091185461
9.302834160140225
9.588888905206531
9.871579629156294
10.150705676189068
10.426105973025326
10.697653459692663
10.965250217461598
11.228823180492924
11.488320610974208
11.75143169596859
12.028481160159805
12.316643530594874
12.613496260264446
12.916964386236314
13.225272665579183
13.536904514865695
13.850566149430787
14.165156042754532
14.479738335823436
14.793519930738947
15.105830717999007
15.416106509774975
15.723874308782587
16.028739639474693
16.33037537985664
16.628512615198794
16.922932239648972
17.21345788473264
17.499949943633652
17.782300343597115
18.060427913139495
18.33427448531257
18.6038016309279
18.880409178529558
19.170194355200874
19.470415527833936
19.778723008511264
20.09310498911497
20.411841214946854
20.733462876480342
21.05671778284752
21.38054066914125
21.704027316674818
22.026412271536195
22.34704961176104
22.665396346731786
22.98099808861382
23.29347673997841
23.60251960170537
23.907870488207035
24.209321610322398
24.50670663349777
24.799894875887233
25.08878624396752
25.373306734969038
25.653404618858143
25.92904728122996
26.21530260664532
26.51416000572437
26.82294276998909
27.13935744855386
27.461441061119725
27.78751580357703
28.116149686590386
28.446122593524837
28.77639717444867
29.106093540082135
29.434467465797987
29.76089157826417
30.084839116876047
30.405869917840928
30.723618382596914
31.03778280158833
31.348116628171145
31.65442065834813
31.956536157507568
32.254339161915304
32.547735556095255
32.83665671918156
33.121055726456184
33.40090428440404
33.694873672368736
34.000921730279124
34.31643348719559
34.63916884297723
34.96721120270676
35.298922876872545
35.63290671597129
35.967972892161576
36.303110347647
36.63746205656431
36.97030369422733
37.30102522574318
37.62911501435899
37.95414610512227
38.27576445231529
38.593678494491314
38.907650521362065
39.21748912516351
39.52304249097248
39.824192722780765
40.120851053315036
40.41295364200572
40.70045782307616
40.98632381465553
41.28653392227337
41.59814236447721
41.9186238574812
42.24581585951201
42.57786880331348
42.913202869173155
43.25047097404833
43.588526590302976
43.92639608072992
44.26325478226743
44.59840636499636
44.931265016417036
45.26134006401519
45.58822270293143
45.91157459118456
46.23111782980446
46.54662649214552
46.857919376081675
47.164853585319015
47.46731894757177
47.765233383329466
48.05853887293527
48.34719784671088
48.638041283561655
48.942601646631616
49.258017805573246
49.58183762199781
49.911961759571916
50.24659516706041
50.58420515240745
50.92348534151687
51.26332437630343
51.60277897103755
51.94105073004827
52.27746599451687
52.61145854421438
52.942554638237276
53.27036010533153
53.59454920304978
53.914855003348364
54.23106109598666
54.54299446051661
54.850519153662766
55.15353123519646
55.451953930700576
55.74573373560621
56.03483710053862
56.329901576102294
56.638178531117006
56.95687435303873
57.2835952727944
57.616292382662216
57.95321413469192
58.29286557908075
58.633972772194646
58.975452447959405
59.31638562590836
59.65599487293985
59.99362467606414
60.3287245017748
60.66083417417652
60.98957128465417
61.314620164329355
61.63572276070024
61.95267023581577
62.26529607263793
62.57347012912639
62.87709337030541
63.176093294278566
63.47042013370895
63.76004355379716
64.0591910032737
64.37088949096832
64.69243769249039
65.02152144227104
65.35616053586513
65.69466271028146
66.03558414013627
66.37769504690148
66.71995023807314
67.06146363086086
67.4014860694167
67.739386472257
68.07463537269219
68.40679075616572
68.7354858367074
69.06041850881019
69.38134224439143
69.69805823783973
70.01040867640197
70.31827072969776
70.62155168416648
70.92018460236109
71.21412438555468
71.50334473389943
71.80561587855254
72.11990019024779
72.4435718716286
72.77438189826606
73.11040624957484
73.45000125386099
73.79176491248525
74.13450352508904
74.47720304069657
74.81900417562441
75.15918097626263
75.49712231572848
75.8323159230789
76.16433459876357
76.49282438352584
76.8174940531597
77.13810654328088
77.45447125964475
77.7664373112872
78.0738879142933
78.3767355541752
78.67491769381905
78.96839304489718
79.25916548941746
79.56458849111102
79.8816563586819
80.20779244331827
80.5407901408672
80.87876218369479
81.22009651843895
81.56341853129581
81.90755822211746
82.25152199142248
82.59446823289957
82.93568627468315
83.27457820304758
83.61064317376507
83.94346387116131
84.2726948818936
84.5980524302982
84.91930580172223
85.23626992454749
85.54879877610061
85.85677973462649
86.16012885848947
86.45878675497755
86.75271487892202
87.04781569041019
87.35678128540856
87.67671690186157
88.00514151711451
88.33993116388055
88.67926974960585
89.02160665905492
89.36562026132371
89.71018625282112
90.05435042066996
90.39730510805025
90.73836889908081
91.0769690845655
91.41262652765558
91.74494260361047
92.07358795068009
92.39829268730394
92.7188379781317
93.0350489284379
93.34678831824618
93.65395107161905
93.9564596838171
94.25426026882948
94.54731903183148
94.84533740156154
95.15663604779124
95.47840341423165
95.80823033981154
96.14405484248077
96.48411421027154
96.82690399088568
97.17114222609132
97.51573885702219
97.8597691821165
98.20245096987105
98.54312470287358
98.88123652618555
99.21632352969664
99.54800106447345
99.87595169615311
100.19991593239563
100.5196838077913
100.83508798329655
101.14599773726313
101.45231361468522
101.75396287689698
102.05089568311828
102.34308173151666
102.64377815026198
102.95702659360222
103.28012167220689
103.61074578444412
103.94691583583676
104.2869371227011
104.62936378981333
104.97296438882518
105.31669232382501
105.65966037153393
106.00111847352797
106.34043482117347
106.67707938133383
107.0106097105787
107.34065871156093
107.66692406683433
107.98915912171135
108.30716501748289
108.62078395001005
108.92989314064387
109.23440000658165
109.53423774363003
109.82936142273078
110.11974495024518
110.42229693089615
110.73698579432806
111.06116582901362
111.39257092053205
111.72926230185841
112.06958364949166
112.41212209076463
112.75567457341529
113.09921902965763
113.44188930338352
113.78295355574929
114.1217956260386
114.45789894372633
114.79083264280445
115.12023964015987
115.44582605636658
115.76735260224042
116.08462677927959
116.39749609063797
116.70584242244104
117.00957715737528
117.30863682668944
117.60297938506301
117.893589370134
118.19875532259324
118.51548661836564
118.84121960517972
119.17375883893699
119.51122663990498
119.85201923209561
120.19476908846688
120.53831228190943
120.88166043140205
121.22397640149718
121.56455334633614
121.90279662197064
122.23820817430476
122.57037306427051
122.89894790467399
123.22365060781253
123.54425192687565
123.86056803054585
124.17245389239686
124.4797977434619
124.78251636779987
125.08055096000841
125.37386343816976
125.66740771140276
125.97504188685632
126.29384022428715
126.6212949736314
126.9552590638134
127.29389649086556
127.63563942830643
127.9791513978625
128.32329527844183
128.66710579397295
129.00976573898924
129.35058545661576
129.68898512567534
130.02447947210803
130.35666457433152
130.6852065106125
131.00983144477777
131.33031714255216
131.64648578465872
131.95819761949207
132.26534538616312
132.5678497023901
132.86565506611265
133.15872628237716
133.4558097176702
133.76628895577844
134.0873369101369
134.41653096409598
134.75179754225854
135.0913639149913
135.43371695002003
135.77756722759247
136.1218182269598
136.46553966343637
136.80794448122867
137.14836899385782
137.4862557431318
137.82113870430405
138.15263053006842
138.48041147853618
138.8042200270187
139.12384446053935
139.43911594217877
139.7499024546691
140.05610340140768
140.3576450649793
140.65447676465985
140.94656746271835
141.24636300678372
141.55898015143006
141.88167392251864
142.21209269321807
142.54822395861032
142.88834774091978
143.23099641420376
143.57491969353993
143.91905483171328
144.2625006429539
144.60449513525919
144.9443962032252
145.2816649637263
145.6158513726356
145.94658184738276
146.27354838938479
146.59649964917122
146.91523266038982
147.2295860236637
147.5394340725083
147.84468171648288
148.14525992055957
148.44112196267005
148.73224020398368
149.03459893479842
149.34917699243758
149.67331634568265
150.00474031200045
150.34150098193874
150.68193416580507
151.0246202294213
151.36835028333468
151.71209724331166
152.05499063905225
152.39629492356332
152.73539075086083
153.07175881632475
153.40496590912286
153.73465293204288
154.06052428506106
154.3823392308713
154.6999040013128
155.0130650231101
155.32170328279244
155.6257294016963
155.92507924754415
156.21971022820853
156.50960453118452
156.81426732074038
157.1306768348912
157.45624252697473
157.788745867871
158.12628918647397
158.4672515634045
158.81025061483115
159.15410969324333
159.4978294713654
159.84056340295913
160.18159647677984
160.52032707287
160.85625114779842
161.18894862385892
161.51807164234074
161.8433344266551
162.1645045348128
162.48139531482792
162.79385940245987
163.1017830743526
163.4050813586106
163.70369399782624
163.99758172700626
164.29068451031122
164.597857241406
164.9161783800416
165.24314380755393
165.57660950903096
165.91474214118918
166.25597612565238
166.5989769032282
166.94260898170063
167.2859084702682
167.62805933551934
167.96837290896528
168.3062701996493
168.64126662759358
168.97295884727686
169.3010134292208
169.62515689653773
169.94516733789882
170.26086720874244
170.57211693902968
170.87880940784268
171.18086535162823
171.47822935457603
171.77086625283405
172.06660503054937
172.37595146062657
172.6960490205201
173.02444966009477
173.35905786230754
173.69808197238893
174.03999249945215
174.3834859372223
174.72745359938287
175.07095470566364
175.41319314646253
175.75349742619113
176.09130335211736
176.42613909263383
176.75761229118703
177.0853989045095
177.40923367957524
177.72890169531846
178.0442313631329
178.35508829542295
178.66136984532562
178.963000538512
179.25992818813415
179.5521204568124
179.8510573917367
180.16288207135733
180.4848414479154
180.81457686630662
181.15006978673776
181.48959496140552
181.831680212391
182.1750713194997
182.51870211262502
182.86166843498023
183.20320571401206
183.5426696011106
183.87951926149998
184.21330295142712
184.5436455984606
184.8702379281684
185.19282746040136
185.51121021955413
185.82522394394786
186.13474222026886
186.43966927718802
186.739935481606
187.0354935994203
187.32631552868304
187.62750772036316
187.94106863601084
188.26432000583566
188.5949677065632
188.93104874740632
189.27088590468077
189.61304830882906
189.95631735103254
190.29965755554548
190.64219120354724
190.98317648648586
191.3219886489784
191.65810371284923
191.99108442912757
192.3205682064323
192.64625643085455
192.96790577387145
193.28532019930165
193.5983441821174
193.90685703216383
194.2107679182819
194.5100114387845
194.8045439137364
195.09434028031384
195.39791942725725
195.7132593917716
196.0377701769585
196.36923368411547
196.70575256595697
197.04570614147926
197.3877121993558
197.73059417366437
198.07335278664178
198.41514149061456
198.75524522505773
199.09306229330485
199.42808854712197
199.75990378043565
200.08815998640293
200.412571223911
200.73290487296654
201.04897409014944
201.36063132725224
201.6677626338532
201.970282833841
202.26813146915194
202.56126904284017
202.85268168141255
203.1584774381855
203.4756904779641
203.80177848279305
204.1345644567714
204.47218662501896
204.81305488289098
205.1558135179493
205.49930879730533
205.84256110812055
206.1847408666765
206.52514772887076
206.8631926463587
207.19838237857536
207.53030612503449
207.85862404453422
208.18305713814348
208.50337875500182
208.81940728172086
209.13099964993836
209.43804573994817
209.74046372112187
210.03819598089822
210.3312054755117
210.6263297932312
210.9351121732521
211.25468980407004
211.58260927499197
211.9167703262239
212.25537728707334
212.59689709658062
212.94002322467384
213.28364435239885
213.62681738187655
213.96874424049668
214.3087516992759
214.64627406256022
214.98083819162255
215.31205058164025
215.63958620932715
215.96317890865728
216.28261306579435
216.59771648062667
216.90835406038005
217.21442272708558
217.51584656694857
217.81257295955058
218.10456923674428
218.4024946295278
218.71361554621345
219.03513378355356
219.36465172712772
219.70011728515556
220.0397762760466
220.3821315961726
220.72590756711045
221.0700195379451
221.41354744672086
221.75571303866147
222.0958602013371
222.43343799165413
222.76798598606382
223.09912166320134
223.42652936905677
223.74995115580728
224.06917836870605
224.38404475411988
224.69442049660245
225.00020692557507
225.30133194692874
225.59774624096164
225.88941994483403
226.19052978522558
226.50409243615795
226.8274167849028
227.1581976649104
227.49446257438834
227.83452607708088
228.17695026488047
228.52051046123117
228.8641659754087
229.20703460810668
229.5483707040715
229.88754620796283
230.22403431333294
230.55739534983124
230.8872646490602
231.2133418350192
231.53538208803684
231.85318806964645
232.16660316480653
232.47550577385306
232.77980429064516
233.07943264909085
233.37434662857885
233.66452071156021
233.9676469776183
234.28269306913205
234.60704549824175
234.93846588627196
235.2750394027454
235.6151303261355
235.95734352858332
236.30049124610562
236.64356456269806
236.98570863559144
237.3262013526859
237.664434910906
237.9998999159837
238.33217165884992
238.66089833573375
238.985790589096
239.30661298262538
239.62317632382602
239.9353309355684
240.24296109498954
240.54598021233897
240.84432654569014
241.13795952112798
241.4288702268333
241.73429820016042
242.0512580651712
242.37719068143883
242.70990451720823
243.04752528178108
243.3884520956485
243.73131995208036
244.07496710840837
244.41840706225162
244.7608043009098
245.10145338031293
245.43976086755902
245.7752297548902
246.10744600734316
246.4360670152521
246.76081138330036
247.08145043387265
247.39780082709217
247.7097179924602
248.01709053928874
248.31983556664932
248.61789455087668
248.91122966361
249.20576501813375
249.51423833478833
249.8337449331618
250.1617952230469
250.49625784387385
250.8353103108517
251.1773964945167
251.5211899977225
251.86556240124355
252.20955593736724
252.5523598786761
252.8932901568267
253.2317717712175
253.56732360536597
253.89954532496975
254.22810608493256
254.55273473384113
254.87321133212959
255.18936002603832
255.50104277191065
255.80815378407684
256.11061493961313
256.4083718158269
256.7013901596401
256.9993728933095
257.3106419631546
257.63238496310277
257.96219199920324
258.29800045662546
258.63804707754423
258.98082693906116
259.3250576764601
259.66964888049847
260.01367554745
260.3563551852684
260.6970280519297
261.03514009890205
261.37022824925765
261.7019077105026
262.0298609240323
262.35382829132504
262.67359975552824
262.9890078985398
263.29992193067756
263.60624233904355
263.9078963350329
264.204834034783
264.497025101303
264.7978480689585
265.1113815877947
265.4348953031369
265.7660502406441
266.10284479517657
266.44356844833516
266.78676172725574
267.13118139765083
267.47577081305553
267.81963406420635
268.1620137237509
268.50227163620394
268.8398723374154
269.1743687436313
269.5053898430106
269.8326298486728
270.15583933084
270.47481701223603
270.78940294202164
271.09947270162445
271.40493229998236
271.70571366162824
272.0017708882721
272.293077064545
272.5964909089038
272.91198041755126
273.2369071915131
273.56901145667615
273.9063599334162
274.24730105761387
274.5904260854891
274.9345355448296
275.278610477803
275.62178743083007
275.9633369154936
276.30264481715307
276.6391963482637
276.9725621983315
277.30238664167337
277.6283769869118
277.9502949925462
278.2679490702262
278.58118752420256
278.88989295147377
279.19397736358786
279.4933778418365
279.7880528496437
280.0789877929803
280.3844799975389
280.70153781769363
281.02759673600394
281.36046057621746
281.6982510395418
282.0393638336801
282.38243099845175
282.72628824611814
283.0699468990625
283.41256957945063
283.7534492455898
284.0919910976382
284.42769695984873
284.76015180082976
285.0890121663864
285.41399592138305
285.7348737931832
286.0514619396076
286.3636153333483
286.67122221792994
286.9741994006701
287.27248810576094
287.56605028696674
287.859813703081
288.1675635072766
288.4863894548118
288.8137971539132
289.1476510357278
289.48612501107465
289.82765978585593
290.1709262269445
290.5147935320927
290.8583018589574
291.2006386717026
291.54111832372485
291.8791644352058
292.2142946826167
292.5461076710078
292.87427164510706
293.1985146081306
293.518615902511
293.83439905580803
294.1457254527621
294.45248879497535
294.75461051782935
295.0520358089682
295.34473004454964
295.64141698746494
295.95145588286607
296.2720274308689
296.600715764846
296.9354530194821
297.27447143104064
297.61626203989323
297.95953910080345
298.30320917336064
298.64634460184726
298.9881606003071
299.32799539912565
299.6652931664227
299.99958925327405
300.33049745890713
300.6576990409643
300.98093323152415
301.2999890531177
301.6146982922168
301.9249292558113
302.23058178093424
302.5315824791548
302.8278808550513
303.1194460651593
303.4188406129394
303.7312291974436
304.0538411183764
304.3843025842599
304.72058197930426
305.06094287662233
305.4039034785537
305.74820129946954
306.0927630965133
306.4366786575186
306.77917823201415
307.1196130502847
307.4574385089912
307.7921996583302
308.1235187170859
308.45108408232835
308.7746413271049
309.09398487342474
309.4089510855479
309.7194123888741
310.0252720857621
310.3264597838752
310.62292760856934
310.9146469580767
311.2176354195454
311.5328732440906
311.8576961534306
312.18982211078406
312.5272986224271
312.868457578851
313.21187599882643
313.5563421395333
313.90082648928194
314.24445651727575
314.58649493221407
314.9263209161714
315.26341392712646
315.59733971873715
315.9277383321444
316.25431345466467
316.5768237650159
316.8950750215154
317.20891327177316
317.51821920436885
317.8229032124002
318.1229009948982
318.418169841718