0
0.04462122164952002
0.12695013866508362
0.2410444148523075
0.38178758626120857
0.5447759449391062
0.7262210623252664
0.9228653321262019
1.131909450194167
1.3509495088012307
1.5779228067218651
1.811060708083282
2.048848634548715
2.28999103291329
2.533381244041391
2.7780754891786605
3.023270399644109
3.2682836176615373
3.5125370744513154
3.7555425540284237
3.996889278110216
4.236232931168836
4.473286781649535
4.707813243678324
4.943472618578432
5.194574817758508
5.458148796624135
5.731644822972549
6.01287675003784
6.299971943493855
6.591328391773895
6.88557723147863
7.181550828290392
7.478254989758744
7.774845025799662
8.07060508339803
8.364930308504004
8.657311448244977
8.947321620200134
9.234604611908551
9.51886528575744
9.799860930879687
10.077393762259321
10.351304649645103
10.621467682319011
10.887785394693632
11.150184601749372
11.408612979985453
11.670566042560687
11.946114252531597
12.232507313202591
12.527386698872506
12.828731901513388
13.134813858721776
13.444155055938563
13.755494676472795
14.067758890091849
14.380035010286582
14.691549224985682
15.001647373394588
15.309778353385202
15.615479799306968
15.918365756609234
16.218115849280874
16.514466371762357
16.80720208220847
17.0961493864898
17.38117051983647
17.662158435378156
17.939032294425054
18.21173371206545
18.480223557510193
18.755604106362032
19.04381849092894
19.342200922957304
19.648466304015418
19.960657752112642
20.277101571665206
20.596368352574213
20.91723912248341
21.2386765186312
21.559799656774118
21.879862493259118
22.198235147265542
22.514387779080927
22.827876674582043
23.138332279846153
23.445448642583013
23.748974787047562
24.048706767331595
24.34448098951452
24.636168575544446
24.92367041912029
25.206912798132244
25.485843709783687
25.760429780911092
26.045331246990752
26.34248881994611
26.649302557425738
26.963544411339235
27.283306976713217
27.60695957953151
27.933110100120786
28.26057202203211
28.588336218046127
28.915546395569976
29.24147795246748
29.56551972593639
29.887158239003064
30.205964102984908
30.52158034006048
30.83371202876944
31.142117871243855
31.44660253382702
31.74701001440739
32.04321813899061
32.33513376862536
32.622688536446496
32.90583520523401
33.18454468414284
33.47700852971849
33.781242548034754
34.09470328381984
34.415211578681344
34.74090249332005
35.070182142494346
35.40169028834574
35.73426821791129
36.066930955801325
36.39884322647503
36.7292986566453
37.057702020739434
37.383553756116164
37.70643663836746
38.02600428101921
38.34197121092371
38.65410430348764
38.96221539424339
39.266154918928
39.5658063643609
39.86108150253445
40.15191642899275
40.43826790598862
40.72301794952308
41.02173839798441
41.3315645964751
41.65004039863981
41.9750620374646
42.304829828256985
42.63780616851112
42.972679588043405
43.308333493508904
43.64381930739507
43.97833323412659
44.31119621167157
44.64183660698782
44.96977527951189
45.29461268908461
45.61601782770075
45.9337184412122
46.247492870066125
46.5571629855045
46.862587901026
47.16365860178604
47.46029345101449
47.75243425105539
48.040042737425296
48.32977846066347
48.632890697334105
48.94659433763958
49.26850187113059
49.59656895414373
49.92904711093726
50.2644430501834
50.60148356807192
50.93908514976343
51.27632779691138
51.61243241535694
51.94674129585067
52.27870126637962
52.607849150113125
52.93379921649363
53.256232367933684
53.57488674912993
53.88954963026845
54.20005058310563
54.50625546196995
54.808061084787965
55.1053908375579
55.39819087680915
55.686426756882675
55.98046472236186
56.287376426553635
56.60444381792224
56.92933742997499
57.26006301779509
57.59491534942885
57.93243861418855
58.27139186763419
58.61071952522992
58.94952572954683
59.287052254957146
59.62265943493997
59.95580969986469
60.28605336774537
60.61301639954582
60.93638972788631
61.25592031490451
61.571403017953585
61.8826739272881
62.189604566248946
62.49209672306466
62.7900780541264
63.08349840162054
63.37232655021729
63.670446334338834
63.98081679440408
64.3008061176422
64.62815938274764
64.96094654820804
65.29751791816477
65.63646557119095
65.97658985936391
66.31687086188809
66.65644349532027
66.99457608634653
67.33065187618762
67.66415305642077
67.99464698973007
68.32177435689903
68.645238717073
68.96479796785269
69.28025643125203
69.5914582973686
69.89828204405006
70.20063550792881
70.49845153977589
70.7916844301473
71.08030678273062
71.38163790507875
71.6946717421986
72.0168533603416
72.34599405666803
72.68022099239049
73.01793385876893
73.35776726994428
73.6985583215466
74.03931877413142
74.37921086679476
74.71752648576515
75.0536691835476
75.38713865888603
75.71751736096444
76.04445898668271
76.36767827459079
76.68694270817727
77.00206496202516
77.31289636765254
77.61932150106763
77.92125346034925
78.21862965016119
78.51140822240835
78.8015405826173
79.10594222986738
79.4216889686407
79.74627360921494
80.07754861326175
80.41367683701296
80.75308867282199
81.0944453164283
81.43660687497035
81.7786049649167
82.11961898761723
82.45895566540791
82.79603137836533
83.13035691823531
83.4615243291678
83.78919561494732
84.11309272881306
84.43298930362083
84.74870340785083
85.0600910899838
85.36704095227826
85.6694695582682
85.96731738627933
86.26054523205943
86.5548875130509
86.86268179670661
87.18111990885417
87.50779467181212
87.84064494164012
88.17790801670724
88.51807849603306
88.85987295722425
89.20219926712592
89.54413019340664
89.8848805989985
90.2237877564631
90.56029435677044
90.8939338433689
91.22431775381027
91.5511248436289
91.87409152601825
92.19300379436062
92.50769031671538
92.81801630054632
93.12387817283245
93.4251991702966
93.7219254866474
94.01402284608055
94.31095640251432
94.6208495313595
94.94096377365665
95.26895214414711
95.60280547252769
95.940805777176
96.28148635878595
96.62359706576402
96.96607448694442
97.3080161484855
97.64865825074239
97.9873564506271
98.32356927437084
98.65684380038385
98.98680331262639
99.31313659976496
99.63558884080322
99.95395348733571
100.26806556208696
100.57779578420637
100.88304533051014
101.18374146017878
101.4798337975753
101.7712910352062
102.071048486127
102.38305472995165
102.7046741985496
103.03364878300722
103.36804580200526
103.70621329927856
104.0467415034528
104.38842923506905
104.73025531174058
105.07135362593257
105.4109916841387
105.74855208216742
106.08351651596094
106.4154519807906
106.74399888847525
107.06886065583711
107.38979510031396
107.70660649781227
108.01913908560826
108.32727145316487
108.63091155400933
108.92999239341871
109.22446846673958
109.51431259966922
109.81599907617357
110.1295023382017
110.45224890675179
110.78203416915159
111.1169715634621
111.45544899677482
111.79609096743744
112.13772587059735
112.47935800935603
112.8201432315779
113.159367952016
113.49643104491889
113.83082821483853
114.16213850660661
114.49001271610358
114.81416312441428
115.13435515489627
115.45039971061615
115.7621466424863
116.0694793023854
116.37230976913632
116.6705745879889
116.964231233148
117.2542364180669
117.55839430205461
117.87379902844206
118.19795921758731
118.52874093174522
118.86431869951895
119.20313300132429
119.54385367549587
119.88534823882942
120.22665467840791
120.56695785766847
120.9055691772844
121.24190901954108
121.57549159527215
121.90591186489846
122.23283431532728
122.55598298954281
122.87513333531913
123.19010493921266
123.50075509132618
123.80697346314605
124.1086775265202
124.40580848238109
124.69832774871854
124.99105281203062
125.29746774562143
125.6147315786595
125.94040884122357
126.2724139325913
126.608963071367
126.9485326446547
127.2898235135678
127.63172997777892
127.97331309736111
128.313777631364
128.6524521330829
128.98877176965897
129.32226349281453
129.65253323945043
129.97925493863804
130.302160825581
130.62103330356487
130.9356979499084
131.24601729420232
131.55188545846775
131.8532236987596
132.14997650242734
132.44210811799647
132.7381347364354
133.04719851454527
133.36655125624878
133.69383751767595
134.02704082547572
134.36443688880712
134.70455351134123
135.0461358202529
135.38811629854519
135.7295889136804
136.0697867799897
136.40806287668465
136.7438734050962
137.07676342359437
137.40635445472626
137.73233378038574
138.05444522394637
138.37248107191425
138.6862753455276
138.99569787968545
139.3006490608452
139.60105546849903
139.8968661348486
140.1880492211908
140.4867351935216
140.7979162689955
141.1189214405347
141.44746200983212
141.78157894672185
142.11959754928574
142.46008844814017
142.8018335776678
143.1437972004325
143.48510067091195
143.8250006986884
144.16287058540482
144.49818402985616
144.83050114956424
145.15945644170927
145.48474825254658
145.8061300385049
146.1234023309981
146.43640616700682
146.7450174000555
147.04914163704123
147.3487098836485
147.64367493196954
147.9340081645673
148.2352897096407
148.54847880391264
148.87098890940598
149.2006041921615
149.53542838852277
149.87384103396937
150.21445943089054
150.55610575612093
150.89777895831037
151.23863027256473
151.57794214110203
151.91511001815925
152.24962666516672
152.58106859543142
152.90908442243696
153.23338456157953
153.55373284762396
153.86993878719338
154.18185104827282
154.48935198323613
154.79235280976903
155.09078932479568
155.38461836673454
155.6738209318583
155.97743159957682
156.29250699545926
156.61652339144314
156.94731897678818
157.28304423686885
157.6221189631631
157.96319516366896
158.3051249972924
158.64693323862028
158.98779338498701
159.3270070644452
159.6639862617477
159.9982379767686
160.3293509827863
160.6569844625597
160.9808579130852
161.3007429055129
161.61645570787405
161.92785077543917
162.23481537366413
162.5372649341458
162.83513892438756
163.1283972971911
163.42088221225362
163.72708916171138
164.04417278509715
164.369693853187
164.7015634738621
165.03799505768131
165.37746255978516
165.7186647366187
166.06049406548962
166.40201003827582
166.74241605983403
167.0810395140458
167.417314558155
167.75076727172362
168.08100283842637
168.40769454417912
168.7305740405843
169.04942325771802
169.36406737135567
169.6743685295114
169.98022053786835
170.28154439317893
170.57828435127266
170.87040443056904
171.16552795811498
171.47389054978504
171.7927150273361
172.11962093079987
172.45257020959053
172.7898199866545
173.12988201441175
173.4714876091288
173.81355734343984
174.15517492402213
174.4955646283219
174.8340718276853
175.1701461763596
175.50332710115887
175.83323128106545
176.15954184968825
176.48199904564086
176.80039209134986
177.11455239006017
177.42434752855314
177.72967596539667
178.03046264103537
178.32665519255616
178.61822059018886
178.91636894419403
179.22710405394272
179.54774208237114
179.87598321725065
180.2098588859704
180.54768612024517
180.88802841976488
181.22966158868928
181.57154459016238
181.9127942083447
182.25266321194727
182.5905215050651
182.92583985797955
183.25817586459803
183.58716184123801
183.91249428235142
184.23392502053125
184.55125318774972
184.86431863593427
185.172996204494
185.4771906061519
185.776832087875
186.07187279798296
186.36228356103476
186.6627984666152
186.9753717701616
187.29739548404194
187.62663529318468
187.96117898465837
188.29939232157238
188.63988075078763
188.98145621567582
189.3231088442988
189.66398226933225
190.00335238212497
190.34060899369837
190.67524000573562
191.00681774804872
191.33498722986516
191.659455775277
191.9799845667687
192.29638081107188
192.60849121339285
192.91619645089253
193.2194062983825
193.51805531291294
193.81209928817148
194.10151215104247
194.40432778936676
194.7185825781636
195.0417586920384
195.37169941856956
195.7065595481688
196.04476259289146
196.38496371766658
196.72601775118002
197.06695174321774
197.40694111629077
197.74528912212898
198.08140910943513
198.41480921846286
198.74507917051784
199.07187892600567
199.394928616082
199.71400035844286
200.02891082129688
200.33951476838254
200.64569972125676
200.9473813064231
201.24449909867056
201.5370131128278
201.82783648600437
202.13269419572765
202.44869668271645
202.77336659783342
203.10458214353062
203.4405283547779
203.7796547153883
204.12063887374586
204.46235510527114
204.8038472133136
205.14430508127984
205.48304444229032
205.81948941760405
206.15315744463103
206.48364626796337
206.81062277399343
207.13381310688916
207.45299446695907
207.76798796770552
208.07865226776303
208.38487818144273
208.68658414332447
208.98371221868095
209.27622456942126
209.5707845129169
209.87864739083193
210.19702754888945
210.5235371999274
210.85613193657585
211.1930634331961
211.53283869023372
211.87418494665397
212.21601924125906
212.55742222563646
212.89761553558444
213.23594225783265
213.57185007035415
213.90487668999302
214.23463731277104
214.5608138113106
214.883145285703
215.20141999952378
215.515468541666
215.82515776881584
216.13038550118108
216.43107614057362
216.72717685896617
217.01865419103362
217.31589127207897
217.62597153098895
217.94617373721857
218.27416580487866
218.60795136629307
218.94582348076224
219.28632498436588
219.62821389627007
219.97043385487285
220.3120884511468
220.6524191003813
220.9907859410534
221.3266513481224
221.65956570268037
221.98915512641676
222.3151108092556
222.63718002587396
222.95515800756388
223.2688812769344
223.5782218316874
223.8830819561631
224.18338983526777
224.47909586786184
224.77016940544354
225.07041200495675
225.3827656502614
225.70461487541158
226.03371892112446
226.36816003180311
226.70629915167197
227.04673760499958
227.38828377066113
227.72992470218958
228.07080138220886
228.41018741845346
228.74747065454633
229.08213729772757
229.41375821898075
229.74197716332918
230.06650038883964
230.38708815885568
230.70354685764912
231.01572250835443
231.32349521728176
231.62677424818494
231.92549371744673
232.21960905658483
232.50909388229468
232.81120270176407
233.12493409803426
233.4477436051021
233.77745157584752
234.11219299096282
234.4503743057241
234.7906359836055
235.13182017528672
235.4729430153619
235.81317052731387
236.15179787249565
236.48823143866048
236.8219733798605
237.15260827240468
237.47979165487877
237.80323986449446
238.12272177933156
238.43805127230067
238.7490807186085
239.05569560761958
239.35780983229625
239.65536148125702
239.94830932537678
240.23859245200302
240.54301704256392
240.8586782966309
241.18308574111722
241.51410623306114
241.8499150209659
242.1889531731419
242.52989106521295
242.8715966959847
243.21310846692805
243.55361160692107
243.89241783967142
244.228947833821
244.56271605475538
244.89331768984562
245.22041742917673
245.5437395113545
245.86305952724186
246.1781972073151
246.48900999688647
246.79538768639333
247.09724784514896
247.39453178705074
247.68720102875312
247.98101481842178
248.28836331864966
248.60642687027467
248.93278838066382
249.26537815181777
249.60242609555166
249.94242043882792
250.28407225981647
250.62628468039463
250.96812637414197
251.30880867203038
251.6476657999706
251.98413782126303
252.31775591339758
252.64812966028393
252.97493613115194
253.29791029250103
253.61683688570068
253.931543497709
254.24189441164341
254.54778525771184
254.84913858399676
255.14589999268043
255.43803470231097
255.73499353897014
256.0448875997983
256.3649821298533
256.69293333383877
257.02673478992745
257.3646708832119
257.7052769498553
258.04730459139284
258.389691903325
258.7315377065882
259.0720793134752
259.4106733350707
259.7467791156656
260.07994443430965
260.4097931739127
260.73601463688095
261.05835443716694
261.376606397762
261.69060585817874
262.00022380552815
262.3053616414579
262.6059468154442
262.90192911201854
263.19327735606714
263.49301854312455
263.80512927261793
264.12695533945333
264.45622258701343
264.7909845074715
265.12957725237175
265.47058081499597
265.8127852124744
266.1551616984908
266.4968376693211
266.83707505656054
267.1752516759996
267.5108451292859
267.84341890887674
268.17261043675
268.49812057025423
268.8197049544535
269.137166025148
269.45034645225434
269.7591234974424
270.06340400571776
270.3631200515033
270.6582253477768
270.94869207565677
271.25093402517234
271.56492530645136
271.888101496669
272.21826581200975
272.55353844854335
272.89231315100074
273.2332194640328
273.5750901396161
273.9169332460688
274.2579078847701
274.5973032821239
274.9345207424445
275.2690580708307
275.600496128102
275.9284872785446
276.2527451622968
276.5730363827782
276.88917285370815
277.20100530457904
277.50841785229073
277.81132323662945
278.10965856990833
278.4033818124591
278.69345065928945
278.9976792126389
279.3131603748861
279.63740169967315
279.96826833257427
280.30393401819276
280.6428385615703
280.9836512242004
281.32523903030204
281.6666395455609
282.00703727408643
282.34574331073503
282.68217777810355
283.01585466708747
283.34636875241296
283.6733843649355
283.996625417614
284.3158672475522
284.6309293512041
284.9416689460694
285.24797564307704
285.5497668647451
285.8469837751101
286.13958776280475
286.43237499293184
286.73877014107234
287.05594475686627
287.38147416029847
287.7132820382215
288.0495926098741
288.38888914597186
288.72987842867326
289.0714598475783
289.41269883659805
289.7528039101434
290.0911068432383
290.42704556436587
290.7601493894441
291.0900262770213
291.4163518839853
291.73885991268065
292.0573340204422
292.3716008510265
292.68152382976376
292.986997836752
293.28794476832
293.58430964614274
293.8760571613669
294.17167939059476
294.4802925535029
294.79915660398234
295.1259231008836
295.4585815844282
295.79541292545264
296.1349493506689
296.47593977757634
296.8173199307303
297.1581865466788
297.4977751014339
297.8354405846482
298.1706409053391
298.5029225686635
298.8319083188103
299.1572864679485
299.47880169898804
299.7962470167849
300.10945703891105
300.4183020890663
300.7226829503076
301.02252652201275
301.31778208954944
301.6084179960298
301.90668820038803
302.21763571628924
302.538562378511
302.8671560947296
303.2014376566251
303.53971499616466
303.880543783313
304.22269306649065
304.56511602409506
304.90692447692146
305.247366938939
305.58580967090415
305.921720327118
306.2546538402961
306.5842402697666
306.91017414518467
307.23220567522753
307.55013262725345
307.8637936680184
308.1730626290834
308.47784341954184
308.7780656052782
309.07368075248394
309.3646592221503
309.6666158671866
309.9805114008785
310.30375276916834
310.63411855241696
310.9697077036559
311.30889566758503
311.6502962526636
311.9927286563915
312.33518929201847
312.6768272417701
313.01692312460756
313.35487085547527
313.69016190106436
314.0223716904776
314.3511479343573
314.67620030057867
314.9972920106703
315.3142320734022
315.6268687573142
315.935084100034
316.23878907741204
316.537919306732
316.8324315094166