0
0.044673870617933716
0.12706470776597628
0.2411940627338272
0.381915569152162
0.5448009603652533
0.7260418002465051
0.922364393191393
1.1309566985412907
1.34940491096532
1.5756388735889368
1.8078845689130763
2.0446237883918617
2.2845588370510166
2.52658217112735
2.769750185385905
3.0132605755149213
3.2564327875370047
3.498691167412145
3.7395504167655416
3.978603089065591
4.215508515064532
4.4499838940409076
4.681795766767351
4.914622621344971
5.1628217724884795
5.423402890617161
5.693800829414298
5.971817310927043
6.255570392828171
6.5434511458635924
6.834085817592941
7.12630361340857
7.419108638344612
7.711655728064181
8.003229586234134
8.29322677674207
8.581140180131666
8.866545642491738
9.149090160675703
9.428482175858463
9.70448289444608
9.97689869867172
10.245574796343263
10.510389744934047
10.771250661454111
11.028089007042416
11.280857122256501
11.537080117135671
11.806856000457735
12.087416892311236
12.376390253717219
12.671744562780807
12.971742343769227
13.274899862764022
13.579951931354325
13.88582193511978
14.19159573565353
14.49649918989644
14.799878745326769
15.10118469116701
15.399956702056384
15.695811408143397
15.988431429664681
16.277556402837654
16.5629747549107
16.84451674817822
17.122048617915635
17.39546745035371
17.6646966432615
17.929682071536035
18.190388888448943
18.457977573716878
18.73841246883571
19.029006190636576
19.327456102106158
19.631791214605162
19.940326717095996
20.25162456968794
20.56445932424569
20.87778896331391
21.190729489800702
21.502533049667207
21.812569048372513
22.12030785207298
22.425306719914587
22.72719771992678
23.025677028281706
23.320496196944738
23.611454225146975
23.898390713634935
24.181180164309833
24.459727019873824
24.73396126742705
25.00383466565772
25.26931765485106
25.545146404992074
25.83326170594242
26.131041967038183
26.436241469516343
26.746938610180024
27.061491440774553
27.378499057467877
27.696768313744222
28.015285252777275
28.33319028591364
28.64975681070333
28.964372755341106
29.27652464924596
29.5857838743335
29.891794864765433
30.194264638865985
30.492954211315748
30.787670963097206
31.07826189723966
31.364608019991095
31.646619522099527
31.92423153624925
32.197400392365815
32.46610060753064
32.74857353466501
33.04281886743703
33.34627785081892
33.6567590395367
33.97238796782388
34.29156340297237
34.612919772318754
34.93529460088413
35.257700516327496
35.579301008994626
35.8993895263181
36.21737142880046
36.53274841577562
36.84510508338834
37.15409738334508
37.45944243230146
37.76091000435151
38.05831515804942
38.35151169769493
38.64038656817722
38.92485516333487
39.20485722747751
39.480353191255624
39.75424124198056
40.04215492843052
40.34120736316924
40.648924208632195
40.963187030581615
41.2821844144456
41.60436957146023
41.92842400932173
42.25322595284925
42.577823189622315
42.901409603102216
43.22330491734563
43.54293721459314
43.8598278458662
44.17357840873227
44.48385953865572
44.790401137515474
45.09298398846731
45.39143265971435
45.68560925547183
45.9754079100408
46.260750225305415
46.54158132789434
46.817866361127805
47.09629800480164
47.38816865052353
47.69067088120455
48.00139895194642
48.318293776091565
48.63959505549758
48.96380027005826
49.2896290841342
49.61599270348631
49.9419674023844
50.26677167139349
50.58974649178791
50.9103383103897
51.22808434496549
51.54259991650166
51.8535674419309
52.16072713401195
52.46386863464307
52.76282412318719
53.05746230712442
53.347683079264364
53.63341298488697
53.91460140514739
54.19121720532663
54.47366575245784
54.76903468638868
55.07458677241797
55.387977027896916
55.70719872010564
56.03053680902794
56.35652792195999
56.683925424028715
57.011669679685504
57.33886214937329
57.66474307957067
57.9886722456773
58.31011233113508
58.628614581878004
58.94380646324951
59.25538080582052
59.56308689580262
59.86672224788487
60.16612578555124
60.46117202274731
60.75176594108656
61.03783847541448
61.31934276769883
61.596250961843445
61.882483733338205
62.180997575023504
62.4891448682299
62.80465800332444
63.125596920122874
63.45030422310875
63.77736618204126
64.10557900622868
64.43392001989857
64.76152255677422
65.08765434545693
65.41169885295655
65.73313918215312
66.05154417376441
66.36655646834721
66.6778819316077
66.98528104263151
67.28856103921994
67.58756916569712
67.8821870526289
68.17232581292767
68.45792168041919
68.73893230541054
69.01533370172199
69.30449124087426
69.60538538223236
69.91544567912251
70.23247094255065
70.55457853787455
70.88016055124915
71.20784590561948
71.53646764407553
71.86503482486978
72.19270813568727
72.51877887805004
72.84265082831848
73.16382458166473
73.48188403953698
73.79648481395475
74.10734393859816
74.41423141907647
74.71696275300896
75.01539229659711
75.30940773404345
75.59892534980344
75.88388586162795
76.16425073536402
76.44198193474824
76.73405162369839
77.03751435842696
77.34984556836798
77.66888369844449
77.9927804216366
78.31995734993642
78.64906898179562
78.97897048995176
79.30869002855326
79.6374047904311
79.96442034500173
80.2891528046622
80.61111343226271
80.92989535608362
81.24516215228182
81.55663782435852
81.86409831496522
82.16736425169195
82.4662945349793
82.76078074566158
83.0507425056237
83.3361234452279
83.61688760159186
83.89880880968269
84.19429552617943
84.50051167837245
84.81502698186792
85.13576135427661
85.46093661788726
85.78903496448135
86.118763104005
86.44902123586067
86.77887632295675
87.10753900441075
87.43434366698558
87.75873124479287
88.08023437354467
88.39846458454092
88.71310123369936
89.02388199864339
89.33059451521585
89.63306941692798
89.93117423238344
90.22480796120603
90.51389654783215
90.79838901767812
91.07825405683755
91.36298759974987
91.66072844623488
91.96871999558573
92.2846006256568
92.60634941100814
92.93223917706584
93.26079613494787
93.59076494416853
93.92107847555296
94.25083188218761
94.57926007362066
94.90571834595366
95.22966563622812
95.55065007269445
95.8682965047548
96.18229574280552
96.49239527267176
96.79839124314222
97.10012159593698
97.39745993146636
97.69031060991081
97.97860419409233
98.26229353108353
98.54135063560095
98.8287449195553
99.12842502764285
99.43773959337197
99.75441784613007
100.07651706160088
100.40237756464781
100.73058375068273
101.05993024690473
101.38939306621374
101.71810446217202
102.04533128184747
102.37045628113991
102.69296199802598
103.01241683364717
103.32846308713518
103.6408063886694
103.94920708164591
104.2534722804337
104.55344918446754
104.84901944909656
105.14009424611504
105.42660987660382
105.70852411016956
105.98581310000378
106.27502790793541
106.57613206616897
106.88653120406026
107.20400359281916
107.52664889153043
107.85284394719932
108.18120455849528
108.51055252664777
108.83988727274134
109.16836122045174
109.4952585009643
109.81997679650065
110.1420114900487
110.46094203081259
110.77642016711768
111.0881597923164
111.39592818263903
111.69953843787297
111.99884298524661
112.29372787847068
112.58410795685064
112.86992278050322
113.15113288040938
113.42870089903298
113.7204770459856
114.0235365544481
114.33537265141577
114.65383914766521
114.97710084543948
115.30359074026036
115.63197299990277
115.96111117617053
116.29004059018885
116.61794459543775
116.94413397459041
117.2680293257722
117.58914574112713
117.90707961169979
118.22149724000802
118.53212501343933
118.83874092481032
119.1411672660144
119.43926428174896
119.73292480181136
120.02206939628954
120.30664247630047
120.58660876256235
120.86681104419577
121.1607883513108
121.46567647514156
121.77902083833114
122.09872034865381
122.42297871085974
122.7502624368493
123.07926470750466
123.40887402726682
123.73814725310045
124.0662862903676
124.39261797701704
124.71657672162057
125.03768951803393
125.35556301656241
125.66987236494641
125.98035157750112
126.28678513015144
126.58900092888051
126.88686413636634
127.1802716954177
127.46914777432544
127.75343986191112
128.03311530609517
128.31674243549705
128.61350801943863
128.92063792638913
129.23575535323258
129.55682631957555
129.8821123343542
130.2101298915739
130.53961515195013
130.86949372045797
131.19885443436837
131.52692675930194
131.85306127814093
132.17671285105627
132.49742608084108
132.81482279075678
133.12859109708205
133.43847628620975
133.74427248852857
134.0458158496611
134.3429786058384
134.6356638252526
134.92380088937048
135.20734172028907
135.48625748569754
135.77272767403898
136.07175409805797
136.38064573927753
136.69709763479258
137.01913760581905
137.3450805708794
137.67348905559
138.00313884592939
138.33298973277851
138.66216000892928
138.98990451225768
139.31559567364445
139.63870715939413
139.9587997530377
140.27550921592405
140.58853557794555
140.89763439097467
141.2026086599955
141.5033020802559
141.79959332336742
142.0913910198406
142.37862930945553
142.6612641351538
142.9392701080978
143.22827945766463
143.52924397561338
143.83955957743544
144.1569961941504
144.47964623807374
144.8058803742949
145.13430908906187
145.46374954499007
145.79319716777403
146.12180093748782
146.44884210892127
146.77371584445038
147.09591536120797
147.41501824865514
147.7306747224418
148.04259720176037
148.35055181120984
148.6543507163628
148.95384542686412
149.24892125216138
149.53949249201258
149.82549816770413
150.1068983373131
150.3836772846384
150.6749419492509
150.9777264428812
151.28948859206673
151.60805160687744
151.9315540098472
152.25840610711737
152.58725260986733
152.9169402338926
153.2464898509667
153.57507237150497
153.90198794579084
154.2266480122989
154.54855980330564
154.867312971917
155.18256811375588
155.49404661070366
155.8015221995767
156.10481362462343
156.40377810555128
156.69830579297462
156.98831510282687
157.273748626948
157.55456947724133
157.83463810223228
158.12850046335402
158.43328978130015
158.74654928642357
159.06617594595537
159.390371839068
159.717602040893
160.0465585045844
160.37612867254597
160.7053684855349
161.03347905795664
161.35978654492052
161.6837247655193
162.00482020474334
162.3226790699435
162.63697615308308
162.9474451100916
163.25387013549906
163.55607891081266
163.85393638544383
164.14733930619977
164.43621168925728
164.7205009002489
165.00017415819394
165.28288001339251
165.57887613879092
165.88536717953383
166.19995805023157
166.5205989261865
166.84553771576395
167.17327906660125
167.5025490560505
167.83226451650398
168.16150671909716
168.48949863117332
168.81558522025594
169.13921650558163
169.45993291726802
169.77735266019207
170.0911608097382
170.40109990187892
170.70696181337848
171.00858079388595
171.3058272630139
171.5986028572345
171.88683574665683
172.17047673906126
172.44949608847645
172.73511773171424
173.03334239078643
173.34147397374159
173.65720308230465
173.97855372788374
174.30383747207202
174.6316139433353
174.96065640393164
175.28992243796142
175.6185284108639
175.94572747485944
176.27089058418693
176.5934901093808
176.91308569477687
177.22931209020456
177.5418684504031
177.85050955386941
178.155037687011
178.4552959263335
178.75116240411194
179.042545253323
179.3293781581956
179.61161666644037
179.88923502580087
180.17700165284364
180.4768649009981
180.78620188260155
181.10276632285718
181.42463660485396
181.75017127423763
182.0779703558368
182.4068419561826
182.73577367714242
183.06390773446154
183.39051953358316
183.71499917766846
184.0368355070303
184.3556023236834
184.67094656185085
184.98257779986213
185.29025971808068
185.5938023427018
185.8930553292516
186.1879023894236
186.47825643876456
186.7640552830228
187.04525793043672
187.3218415735231
187.61187484314001
187.91337930658983
188.22382352557653
188.54103991791717
188.863174842571
189.18864534489992
189.51610185933413
189.8443959606805
190.17255265590478
190.4997463569779
190.82528016993706
191.1485680189477
191.46911921736185
191.78652515123852
192.10044785226216
192.41060986076243
192.7167858873123
193.01879545460199
193.31649636192626
193.60977922338483
193.89856281300086
194.18278996440685
194.46242393481083
194.7403915486787
195.0324680332344
195.3357430363992
195.64772219272695
195.9662699924213
196.28956050405432
196.61603461672405
196.94436341114766
197.2734163160775
197.60223372871238
197.9300033513637
198.25603976727288
198.57976681238492
198.9007023601494
199.21844519018165
199.53266369248732
199.8430859959618
200.14949153484417
200.45170388978028
200.74958447439093
201.043026989382
201.33195282893746
201.61630710195928
201.89605508558495
202.17788625548732
202.47308753269758
202.7788534440292
203.09278005835122
203.41280999134807
203.73718456057276
204.06440275743287
204.39318569875385
204.72244596645922
205.0512611489048
205.37885099476577
205.70455769273656
206.02782885100396
206.34820280669257
206.66529595788904
206.97879178213944
207.28843149181546
207.59400570610893
207.8953475660373
208.19232671389128
208.484843935609
208.7728266558008
209.05622512014554
209.3350090268886
209.6195778142092
209.9170152979681
210.22458684989556
210.53994976209026
210.8610993868153
211.1863225351706
211.5141574667753
211.84335916201772
212.1728693625885
212.5017908453398
212.82936502477764
213.1549527763169
213.47801780611448
213.79811231382746
214.11486461786956
214.42796847791115
214.73717388122367
215.04227909226677
215.34312383824403
215.63958321982884
215.93156283348935
216.21899429350708
216.5018313045455
216.78004657733766
217.06750916491316
217.36716498999982
217.6763769675596
217.99288650597194
218.31476148081106
218.6403512410977
218.96824796185732
219.29725302128534
219.62634820110515
219.95467075783895
220.2814917352685
220.60619753479872
220.92827381862082
221.24729166170957
221.56289560025274
221.8747933185148
222.1827467493808
222.48656439494698
222.78609474573892
223.08122041776758
223.37185336226648
223.65793065975737
223.93941066671024
224.21627002423446
224.50584230759225
224.80711039089132
225.1175090986046
225.4348418027938
225.75722980765664
226.08306861021276
226.4109900823581
226.73982981706297
227.06859908044126
227.39646047158084
227.72270694733893
228.04674371820835
228.3680726224071
228.68627863934898
229.0010183162194
229.3120094969058
229.6190228958854
229.921874625108
230.22041957145487
230.51454588490506
230.8041702581925
231.08923376236856
231.36969817217138
231.64751547508772
231.93957031641375
232.24293272226296
232.55509145117915
232.87389642106172
233.19750918306826
233.5243598491888
233.85311022604455
234.18262176683785
234.51192802107406
234.8402108123012
235.16677968095883
235.49105414137222
235.81254836744728
236.13085797517553
236.4456486659535
236.75664624557368
237.06362819519072
237.36641645012054
237.6648710088618
237.95888437824954
238.24837696088636
238.53329303985487
238.81359718851294
239.09507729344475
239.3901713296083
239.69603683447934
240.01023800176222
240.33068998002636
240.6556104652746
240.98347808734997
241.31299647305528
241.6430631570662
241.9727427977008
242.3012440405115
242.62789954732136
242.95214875931228
243.27352301965968
243.59163274112368
243.90615630543323
244.21683055406294
244.52344239435786
244.82582182445108
245.12383582251516
245.417382913616
245.70638862663503
245.99080162347417
246.27059027655255
246.55525212119653
246.85292732258873
247.1608585240108
247.4766834492153
247.79838060671193
248.12422233174092
248.45273441120003
248.78266113679874
249.1129350606346
249.44265105966636
249.77104380345878
250.09746837992373
250.42138354522825
250.74233727036886
251.05995426788385
251.3739252289318
251.68399753533956
251.98996724507586
252.2916722205094
252.5889859925141
252.88181285988264
253.17008333213298
253.45375020906283
253.73278546362724
254.02026280388705
254.32016256123512
254.62981192160356
254.9469216493694
255.26953312373158
255.59597300323125
255.92481392581797
256.2548404177212
256.5850198186919
256.91447694063544
257.2424722513825
257.56838304408075
257.89168718442795
258.2119490829682
258.52880763896957
258.8419655836797
259.1511807947504
259.45625831196645
259.757043576627
260.0534167592919
260.3452877908043
260.63259194455975
260.91528613286874
261.1933458070355
261.483274722063
261.78503607384937
262.0960425062708
262.41407834995357
262.73724848912644
263.06393433937376
263.39275566840723
263.7225376669445
264.05228268717343
264.38114569061344
264.70841309749164
265.0334845311002
265.3558570611598
265.6751116044416
265.99090125278263
266.3029409120756
266.61099883489874
266.9148890442492
267.21446465925044
267.50961236715307
267.80024765317836
268.0863105776537
268.36776209101845
268.64556588038494
268.93758407776596
269.2408903308469
269.5529765447655
269.8716953152129
270.1952105022419
270.5219542240169
270.8505899939561
271.17998072407755
271.50916122381267
271.8373143968394
272.16375070862193
272.4878904646828
272.8092485147164
273.127421050997
273.442074275489
273.7529343842315
274.0597792233437
274.36243104825854
274.6607500875993
274.9546290514146
275.24398852809753
275.5287729541274
275.80894700665016
276.0893231544725
276.38335590738683
276.68819898243163
277.00141332777144
277.3209111616952
277.64490767728887
277.9718792548219
278.30052755492136
278.6297484114158
278.9586049322302
279.2863044396553
279.6121783863909
279.9356651443619
280.25629510200184
280.5736778084937
280.8874908796737
281.1974704243684
281.503402783277
281.8051174272463
282.1024806902087
282.39539069544617
282.6837725371992
282.9675744317582
283.2467643914549
283.5298658493775
283.82601739066826
284.13245997965134
284.44682978607017
284.7671039778492
285.09155363446627
285.418703455596
285.74729663974443
286.0762648142609
286.4047019653902
286.73184195456685
287.05703911111783
287.3797514818946
287.6995263739592
288.015987897698
288.3288261046312
288.6377879006207
288.942668770635
289.2433059909384
289.5395727329546
289.8313728257622
290.11863626917096
290.4013154819245
290.67938201914296
290.96514314860616
291.2636531870323
291.57219299237323
291.8884333589332
292.21038119726154
292.5363334193315
292.86483702406287
293.1946544246979
293.5247338979544
293.854183825337
294.1822505168302
294.50829906937565
294.83179684568836
295.15229921480363
295.4694372956084
295.7829071275595
296.09246083801355
296.39789852418835
296.69906138521714
296.99582595337205
297.28809904194145
297.57581325605815
297.85892322642667
298.1374024571308
298.4269333770713
298.72847009383713
299.03939930792023
299.3574830353749
299.68080689848887
300.0077357411115
300.336875063755
300.66703776506114
300.9972156283932
301.3265545276798
301.654333073793
301.9799441835821
302.3028791719343
302.622714021775
302.939097597367
303.2517411852542
303.5604099643297
303.8649153193132
304.1651081183068
304.46087314748615
304.7521242858838
305.0388002241906
305.32086076433677