0
0.13258921873399726
0.24463531927329385
0.33902413172847995
0.4182096896814374
0.48430989208832853
0.5391530187358499
0.5843163685247732
0.6211617524057167
0.6508640766012925
0.6744372105507651
0.6927549486828428
0.7065722114627875
0.7165398188011487
0.7232190577948937
0.727093917204282
0.7285816145119438
0.7280417262881168
0.7257841416444865
0.722075853125714
0.7171469604474717
0.7111949615846307
0.7043909529184751
0.696880972257856
0.700209766605903
0.7459185250222415
0.7828267336971892
0.8121824416080569
0.8350627094219341
0.8523962485595906
0.8649847253393613
0.8735187963000572
0.878594556107084
0.880725787331406
0.8803553558157398
0.8778649099420058
0.8735832557672566
0.8677935860663633
0.8607398977342294
0.8526315306735405
0.8436494087400516
0.8339488147411304
0.8236628250162656
0.8129059456839561
0.8017765782500401
0.7903589689980598
0.778725037294294
0.7669365782662714
0.7774115860282714
0.8177978984371314
0.8500159353537033
0.8752292211500639
0.8944416331365881
0.9085187389542435
0.9182076125943415
0.924151825042578
0.926906710379387
0.9269508514078484
0.9246966934524684
0.9204995910355198
0.914665620328093
0.9074583220617797
0.8991046326344709
0.8897993140110821
0.8797106744385976
0.8689826517537094
0.8577389354225767
0.846085935935661
0.8341148863558004
0.8219036256029344
0.8095188395613506
0.7970177137604914
0.8174903128883412
0.8556139416815588
0.8858200393267566
0.9092392593902489
0.9268464068757784
0.9394825507900131
0.9478732208760132
0.9526434205959015
0.9543325335123922
0.9534053035841896
0.9502622099925068
0.945248258864043
0.938660574697434
0.9307549528025394
0.9217516517050216
0.9118395693927174
0.9011819876267625
0.8899185897665873
0.8781692217154748
0.8660369903974109
0.8536103204470374
0.8409646058741641
0.8281643534516042
0.8152648951589551
0.8459075755096026
0.8823142615292762
0.9109988010676822
0.93306575363807
0.9494674594988297
0.9610258354325336
0.9684494098691974
0.9723488443918046
0.9732510018947876
0.9716098160786466
0.9678164205792447
0.9622077415743411
0.9550739159238614
0.9466646945834016
0.9371951456729963
0.9268495832483932
0.915787274426424
0.9041447396186583
0.8920387980144558
0.8795699225994573
0.8668243510824224
0.8538756608704985
0.8407866094483671
0.8276110945928458
0.8683415506220041
0.9031922549296093
0.9305062083845911
0.9513627119437414
0.9666931210845355
0.9773005774002484
0.9838776647533459
0.9870213667809765
0.9872465365843133
0.984996796558489
0.9806543691342386
0.974548479014072
0.9669626055674181
0.9581407437577408
0.9482930047233563
0.9375994241806299
0.9262153517952817
0.9142742731560828
0.9018902693202148
0.8891612665730998
0.8761713713510914
0.8629924884319365
0.8496857480779313
0.8449464289547414
0.8864948658494163
0.9195284478317498
0.9452613582306041
0.9647409617657559
0.9788710640037329
0.988430639163844
0.9940918128692174
0.9964338115926613
0.9959560222617017
0.9930887766453699
0.988202818047136
0.9816174566215551
0.9736076077236898
0.9644098684366089
0.9542279366820654
0.943236455449718
0.931585801852648
0.9194053638371279
0.9068058491067043
0.8938819897621125
0.8807151618499993
0.8673750398686958
0.8539208777623021
0.8602157763857831
0.8998710941631903
0.9312666554875357
0.9555816520831821
0.9738338373685905
0.9869006938488446
0.9955390354041215
1.0004015946197555
1.002050943460487
1.0009720330728897
0.9975827512793616
0.9922430958499644
0.9852630979341336
0.9769096600467653
0.9674124667735772
0.956969137386176
0.945749428072894
0.9338990355077311
0.9215434162938811
0.9087901689420596
0.8957311196559625
0.8824450629282452
0.8689995285120534
0.8554520390860102
0.8727012812487936
0.9109594809650968
0.9411429406376273
0.9644060333962877
0.9817445976091171
0.9940172070507621
1.0019648199963498
1.006225737182686
1.0073506109335801
1.0058139445798304
1.0020246031552509
0.996334792638091
0.9890478148518329
0.9804247603352749
0.9706903454824846
0.9600375798362237
0.9486329191667027
0.936618648326958
0.9241172574682722
0.9112340101335116
0.8980588217681825
0.8846685401242043
0.8711290730075241
0.857496698494996
0.8849892580049983
0.9212465944036086
0.9497081697077084
0.971490460066051
0.9875558679898929
0.998734859393774
1.0057436523744134
1.0091992150634974
1.009633952919671
1.007506539522044
1.0032121735575812
0.9970912633216694
0.9894369256989399
0.9805014586999504
0.9705020453354701
0.9596249507830469
0.9480311357297516
0.9358581071565499
0.9232239678673949
0.9102302866857045
0.8969640197297919
0.883499258079482
0.8698995134534129
0.8562190249381492
0.8937899244276087
0.928384126603162
0.9554182365067254
0.9759760314443516
0.9909922205820931
1.001273290216787
1.0075144318782578
1.0103148295772
1.010191356665733
1.0075893103657667
1.0028923421196914
0.9964308931443101
0.9884894767072757
0.9793129643444177
0.9691121862665911
0.9580677730265591
0.9463358106230871
0.9340500089791988
0.9213247581317178
0.9082584352497658
0.8949354361943336
0.8814276725061229
0.8677965851040083
0.8599477353502495
0.9022179753879862
0.9358246099908265
0.9620031351625132
0.9818191080096597
0.9961921524196272
1.005914922369422
1.0116712279725542
1.014050394099055
1.0135605640621006
1.0106395886608788
1.005664688909399
0.9989607537026144
0.9908075013644597
0.9814456623754254
0.9710825101102609
0.9598956541345407
0.9480382165674957
0.9356418471028766
0.9228190613267859
0.9096663128279265
0.896266446409946
0.8826903094547068
0.8689981630598279
0.8723166777951327
0.9122336464996532
0.9438204715355272
0.9682666372453765
0.9865985801406785
0.9997015814800008
1.0083388718440103
1.0131689116023204
1.0147591257040611
1.0135986637568752
1.010109026887975
1.0046533226796572
0.9975442576019472
0.9890510345229352
0.9794053077185668
0.9688064707157008
0.9574255533343727
0.9454096323456079
0.9328852981807827
0.9199609376053611
0.9067291614544802
0.8932695002699896
0.8796500541295924
0.8659287584781975
0.8802641166609141
0.9186788248615055
0.9489759700399093
0.9723159933882941
0.9897002756588702
1.001991983992004
1.0099359916605724
1.0141742081953056
1.0152601859899786
1.013670989492632
1.0098176888052035
1.0040543873898524
0.9966860193416928
0.9879750786153201
0.9781474601944933
0.9673973386472456
0.95589187097001
0.9437741507564186
0.9311674065741699
0.9181774526721554
0.9048945740722553
0.8913960861717681
0.8777482855851562
0.8640076955070797
0.8886032759090762
0.9249012074867322
0.9533881718197884
0.9751828431493686
0.9912496919819689
1.002420700717091
1.0094136326699723
1.0128466910626417
1.0132533319955566
1.01109314989693
1.0067621357430605
1.0006013788071766
0.9929045812242566
0.9839245436861455
0.9738788494812352
0.9629542270217727
0.9513119012788328
0.9390895595539942
0.9264056357840952
0.913361939139991
0.9000454934696555
0.8865305441448407
0.8728807716708128
0.8591505221376792
0.8942129754600595
0.929199772616468
0.9565646481812953
0.9774001000956922
0.992648135339003
1.0031216734898445
1.0095214456521877
1.0124513537592637
1.0124323986119526
1.0099134229053484
1.0052811369899717
0.9988686206955909
0.9909626632677058
0.9818100991686076
0.9716234387098358
0.9605847846769532
0.9488515290235502
0.9365583757761546
0.9238206758263774
0.9107376477058321
0.8973943729227575
0.8838633156947928
0.8702064582020279
0.8593892651493261
0.9014120403390872
0.934810844502691
0.9608157069268509
0.9804873961113675
0.994741343186452
1.004366800994628
1.0100444331109366
1.0123608883428405
1.0118220677635674
1.0088638553657243
1.003861775656933
0.9971392541075552
0.9889747470951161
0.9796078971141423
0.9692450405696753
0.9580629267661118
0.9462141063917735
0.9338295777004054
0.9210212408321143
0.9078851931087623
0.8945039395331458
0.8809479108800344
0.8672771061639128
0.8679068157998455
0.9085639068436112
0.940787272438551
0.9657806399465617
0.9845826024981931
0.998089107914179
1.0070724709961925
1.012199045403728
1.0140430571263004
1.0130995371852016
1.0097950595261318
1.004497111070368
0.997522178856155
0.9891427293515946
0.9795932340742589
0.9690755302114079
0.9577627092452133
0.9458036937432184
0.9333266480635222
0.9204412756092116
0.9072413606814983
0.8938074519433987
0.8802085167036756
0.8665032221223071
0.8780945828637118
0.9168419721771318
0.9474257678619853
0.971012604590132
0.9886093608969074
1.0010839347175784
1.0091851553792965
1.013558557732836
1.0147606690725977
1.0132711664187144
1.0095033754953717
1.003813347046924
0.9965076963437114
0.9878503687656903
0.9780684989489159
0.967357417576468
0.9558850900267992
0.9437954711683398
0.9312125308118876
0.918242657547475
0.9049766098164208
0.8914921925025535
0.8778561023667126
0.8641251688045876
0.8863417717024276
0.9233522383465208
0.9524471482041754
0.9747595204494521
0.9912663749159968
1.0028103499921521
1.010118520512411
1.0138171127658135
1.0144464761455108
1.0124721701505859
1.0082953340794458
1.002261500217381
0.9946682049042953
0.9857715574176991
0.9757919861104383
0.9649187173227473
0.9533150674187438
0.9411205434088771
0.9284551891800585
0.915422185248575
0.90210969941041
0.8885930016632685
0.8749366579085226
0.8611957563876524
0.8936055310466512
0.9288569419755702
0.9564469345483033
0.9774735993432538
0.992883552504044
1.0034937521174145
1.0100085048711211
1.013034676769366
1.0130958923247027
1.0106432454969938
1.0060653895188618
0.9996970805488371
0.9918265543136748
0.9827018933432301
0.9725366642403307
0.9615139329833274
0.9497919344213848
0.937505942529862
0.9247719599432463
0.9116897644232401
0.8983448521962033
0.884810022937027
0.8711476349217775
0.8574291899675256
0.900202711771222
0.9342409939818345
0.9607894125154788
0.9809220275700974
0.9955656308727134
1.0055194441354758
1.011472612120121
1.014019120477982
1.0136712411857864
1.0108703388234337
1.00599666751538
0.9993777338573008
0.9912955156038334
0.9819926933718648
0.9716782231109358
0.9605311013729969
0.9487058725536643
0.9363351844324866
0.9235323674751877
0.9103947962427662
0.8970060623391579
0.8834374987056511
0.869749847819391
0.8674396425922093
0.9080541787657054
0.9402427004598792
0.9652079392390382
0.9839874019687002
0.99747633721406
1.0064463306199418
1.0115631166538812
1.01340038558653
1.012452737697749
1.0091463592680556
1.0038484030454173
0.996875067976912
0.9884985723196165
0.9789531738118469
0.9684405487545563
0.9571335388092128
0.9451810361302639
0.9327111058579137
0.9198332337929431
0.906641167567255
0.8932154275123754
0.8796248889668512
0.8659281317893072
0.8748550661717187
0.9141581493663975
0.9452197429919621
0.9692170993560545
0.9871663113126813
0.9999433076835978
1.0083036929058247
1.0128990258478796
1.0142909221967369
1.0129634821229818
1.009333849882965
1.0037613726292987
0.9965555113018042
0.98798266778244
0.9782720896265414
0.9676209854881899
0.9561988127326387
0.944150936101591
0.9316025312312527
0.9186609740335339
0.9054178790092018
0.8919518354735998
0.8783301990554941
0.8646103429409444
0.8840736657220905
0.9213088615704765
0.9505993996661289
0.9730821187892323
0.9897376070548963
1.0014113445587878
1.0088329565415404
1.0126309388553119
1.0133474981044652
1.011449834228074
1.0073405034198128
1.0013662616053824
0.9938257021023342
0.9849758472773696
0.9750378939197223
0.9642018333196577
0.9526314697678514
0.9404668211485226
0.9278284324045657
0.9148198733602683
0.9015295663251579
0.8880330992085625
0.8743953080677135
0.8606714813434172
0.8906051575039851
0.9263296321211699
0.9543268976440065
0.9757041218007084
0.9914156681164505
1.0022851509708834
1.0090227418859465
1.0122402701882254
1.0124656828438958
1.0101538014767373
1.0056964975977867
0.9994313056277473
0.9916488598329161
0.9825993134390739
0.9724980072385982
0.96152957889363
0.949853606490787
0.9376064467014196
0.9249051355287053
0.9118503319029306
0.8985282445593541
0.885012298463577
0.8713653977483075
0.8576413344937306
0.8973442254180092
0.9312297513909081
0.9576560557776107
0.9776929596650814
0.9922633282358332
1.002163267155151
1.0080790704748914
1.0106022626371165
1.0102430622640237
1.0074410365751536
1.0025748907048095
0.9959707963475277
0.9879095814379226
0.9786329365590669
0.9683489515927403
0.9572358866179802
0.9454477511715603
0.9331165362280034
0.9203551013643718
0.907260490484434
0.8939159661234235
0.8803924809095982
0.8667506312622484
0.8617315090149855
0.9032580808908963
0.9362316739582807
0.961872457141749
0.9812328689868741
0.9952211499769558
1.0046200839586565
1.0101050418744153
1.0122580444357203
1.0115809021747486
1.0085060160135129
1.0034059039576615
0.996601396796379
0.98836871143807
0.9789455575649467
0.9685365963372645
0.957317222061931
0.945438571335018
0.9330306259479209
0.9202045053954035
0.9070553953029187
0.8936650543296369
0.8801034216436078
0.8664299800256183
0.872517656873077
0.9119845234635438
0.9431903723712125
0.9673150604597068
0.9853768694606625
0.9982538133707021
1.006703056506908
1.0113777063858524
1.0128406093333986
1.0115769547498767
1.008004828224807
1.0024843904562164
0.9953258056282028
0.9867960836228016
0.9771249894813119
0.9665102504792017
0.9551215829616108
0.9431047779246745
0.9305853504335955
0.9176708598882337
0.9044531309716876
0.8910109912568058
0.8774119684560217
0.863713536682887
0.8807906750713754
0.9188631286231903
0.9488695877125964
0.9719634952185358
0.9891399550724569
1.0012568463771736
1.0090545227988126
1.0131708115836007
1.0141558987689672
1.0124838964300382
1.008563326894017
1.0027460953484493
0.9953352391946705
0.9865916160473663
0.9767397262064417
0.9659724439908831
0.9544560008736691
0.9423325467861715
0.929724477357417
0.916736944188143
0.9034597149368756
0.8899695645136106
0.8763323400354255
0.8626042165323609
0.8898073000041588
0.9257353653140081
0.953906682800594
0.9754325042885105
0.9912707462609075
1.0022479406339293
1.0090769708396266
1.0123718915671858
1.0126625923738992
1.0104055758541728
1.005994164454076
0.9997671446271712
0.9920162312128856
0.9829925100021116
0.9729121035024778
0.9619604037058482
0.9502975751943082
0.9380604021221525
0.9253664391834991
0.912316766310897
0.8989978598723315
0.8854834264807347
0.8718366795762751
0.8581115537187204
0.8955802617736695
0.9300776415572231
0.957025471509206
0.9775061516739966
0.9924531745733989
1.0026719942472713
1.008856905080133
1.011606308506957
1.011436409418081
1.0087919246086001
1.004056003577821
0.9975586533374923
0.9895840114889641
0.9803766244646022
0.9701470381059197
0.9590756419361904
0.9473183227233418
0.9350085863856926
0.9222606694575651
0.9091728210498125
0.8958293167270773
0.8823019503094056
0.868652085159174
0.8607487467111303
0.9026528419867375
0.935947977268586
0.9618621127096065
0.9814542820558495
0.9956384772697998
1.0052025202490897
1.0108260171789374
1.0130946708199764
1.0125135099855902
1.0095176919998718
1.00448211357731
0.9977296579900357
0.9895383131201189
0.98014731659073
0.9697626550697676
0.95856081242196
0.9466939837914107
0.9342929855577318
0.9214695913265274
0.908319663393613
0.8949255303556686
0.8813575620175843
0.8676756329285205
0.8710913976045258
0.9112899943879721
0.9431179218004353
0.9677702237943496
0.9862781709278813
0.9995311714425489
1.0082960573027802
1.0132343788566132
1.014916234296896
1.013833078242282
1.0104084024357378
1.0050070326378597
0.9979431582752606
0.9894872620896852
0.979872103139307
0.969298018031582
0.9579368897671022
0.9459364772714246
0.9334239723859228
0.9205083205660963
0.9072825811685615
0.8938266630651789
0.8802090086404112
0.8664878573585628
0.8807688411103824
0.9190824727422123
0.9492929305760768
0.9725586724536873
0.9898793794384096
1.0021167472781145
1.0100143702683162
1.0142130716820519
1.015265452165066
1.01364775858568
1.009770355291359
1.0039867365230406
0.9966013105152409
0.9878761173378426
0.9780366582212963
0.9672767802517529
0.9557633314336371
0.9436391604077354
0.931027285334773
0.9180333301205148
0.9047474102483349
0.8912467078539998
0.8775974026792825
0.8638559079226907
0.8887233511148382
0.9253766180360171
0.954163658536043
0.976210831142415
0.9924891971738169
1.003836479816925
1.010975358636495
1.0145282856307742
1.015032394979273
1.0129504492506787
1.0086811729191645
1.0025680135881614
0.9949067077622927
0.9859518108074716
0.9759224278096145
0.9650065632138154
0.9533665907330231
0.9411411829713432
0.9284495822967699
0.9153943081651277
0.9020630348609403
0.8885305341121644
0.8748609360233134
0.8611089731397004
0.8960083122426838
0.9308309922533152
0.9580526811074525
0.9787630737264886
0.9939017084561895
1.0042793924227547
1.0105950444488965
1.013450977164578
1.0133668337336046
1.0107902807297835
1.0061070125757643
0.9996492314152784
0.9917029682502564
0.9825144024470214
0.9722954719509858
0.9612278000548413
0.9494683714994786
0.937151485973129
0.924392194513782
0.9112894583133816
0.8979281157815576
0.8843804068074461
0.8707081256715823
0.8598761168610141
0.9018747498652986
0.9352519427210274
0.9612373920338455
0.9808915785073139
0.9951296908776972
1.0047407606196834
1.0104052698149542
1.0127097086495223
1.0121598381421335
1.0091914225057486
1.004179882603793
0.9974485542097031
0.9892758160398688
0.9799012433227227
0.9695311143474509
0.958342128968288
0.9464867902974726
0.9340960611038488
0.9212818104803157
0.9081401044399128
0.8947534220870439
0.8811921753666597
0.8675163428087073
0.8680607116310657
0.9084082244909022
0.940369508475952
0.9651417233090803
0.9837577592887989
0.9971086808776117
1.005962562949739
1.0109821061356843
1.012738382162128
1.0117237045157461
1.0083623000348878
1.0030196305670143
0.9960104360863696
0.9876056760293288
0.9780385221103974
0.9675096968749013
0.9561913019966782
0.9442314522020224
0.9317576003941039
0.918878801793366
0.905688318598592
0.8922662529709768
0.8786811704681781
0.8649913901460798
0.8764733044523251
0.9149769733832293
0.945358755963616
0.9687794326051669
0.9862408351807959
0.9986065156048988
1.0066215319614058
1.0109281921791655
1.0120802217298241
1.0105548858689297
1.006763430392942
1.001060112577256
0.9937500015238702
0.9850957099328883
0.9753232217884111
0.9646268918488929
0.9531738090272046
0.9411072078912996
0.9285504354418415
0.9156093289137446
0.9023741733125423
0.8889223817743653
0.875320309559992
0.8616244453709271
0.884206129371337
0.9217175753051892
0.9512412461771454
0.9739201340732349
0.9907397699377818
1.002550245550383
1.010085006896612
1.0139757742890647
1.0147676731336723
1.0129303719726415
1.0088685568676976
1.0029308215432466
0.9954173446320688
0.9865865157995004
0.9766607467814171
0.9658309072262545
0.9542618306176045
0.9420943094446964
0.9294494299260995
0.9164312976697749
0.9031289489849768
0.8896183388405922
0.875964591243151
0.8622233572581371
0.8948030476257469
0.9302328727645631
0.9579707332749413
0.9791189875447587
0.9946279566911178
1.005317797638094
1.011895555886263
1.014970480263034
1.0150682429897928
1.012641705197799
1.0080810441317885
1.0017223301037832
0.9938549317798292
0.9847279081867214
0.9745556724162536
0.9635220051137064
0.9517857605259806
0.9394827748681323
0.9267294990665347
0.9136260991994578
0.9002584221480282
0.8866995706518733
0.873012140004569