0
0.21575232313506415
0.3969652281171877
0.548532507003521
0.6746165174413039
0.7788086315819084
0.8642069958201135
0.9334839189373088
0.9889453161238032
1.0325788009373742
1.0660990639015135
1.0909827250005013
1.1085040117636569
1.1197605673206308
1.1256980042718672
1.1271307068995973
1.1247597942324001
1.1191885866860407
1.110935999255516
1.1004482092883243
1.0881089737537297
1.074246389013166
1.0591444984479355
1.0430447153894666
1.044992154172176
1.116728038191192
1.1736808457626395
1.2179855635008385
1.2514825817576256
1.2757584873136472
1.2921808573848557
1.301927125135104
1.30601236383692
1.3053103491449662
1.3005731864742098
1.2924479846704575
1.2814912489684545
1.2681813052797373
1.2529293034984603
1.2360874258999133
1.217958117710286
1.1988008891191704
1.1788377989692276
1.158258170927237
1.1372238452201469
1.1158729724930079
1.0943230846035183
1.0726735421883524
1.0878298600996426
1.1520452240848615
1.202543214517755
1.2413127417322503
1.2700673420677246
1.290284812112293
1.303238199809316
1.31002379527164
1.3115864152302288
1.3087392277046577
1.3021820254774321
1.2925167668777917
1.2802609899426067
1.265859391970515
1.249694083935966
1.2320922529508538
1.2133347170647806
1.1936623525265613
1.1732811281908033
1.1523664953096655
1.1310683528552632
1.1095145540534168
1.0878136753109817
1.0660575780910961
1.098737514220978
1.1602384898796962
1.2084214926245378
1.2452197328583958
1.2722995760795193
1.2910974532901263
1.3028508902786544
1.3086258685000849
1.309340627768551
1.305785532503213
1.2986406995467223
1.2884911101298482
1.2758396528804758
1.2611184212002382
1.2446983297288428
1.2268978159262958
1.2079892328327524
1.1882062771008082
1.1677490332316611
1.1467880376970456
1.1254685283634498
1.1039143936336644
1.082230992549895
1.060507404587945
1.1104582901162658
1.1695773923606707
1.215722175272483
1.2507779989101935
1.2763709913528867
1.293901713555421
1.3045776407707717
1.3094385250974834
1.3093797947260517
1.3051722370147747
1.2974790774681384
1.2868707255455774
1.2738375012470387
1.2588007658917797
1.242121601708768
1.2241109632742275
1.2050342109315972
1.1851187431893022
1.1645593543606283
1.1435224242586552
1.1221493617099396
1.1005605588797904
1.0788585181324988
1.057129900641629
1.124277212813569
1.181386248738698
1.2257979962215408
1.2593606103333785
1.2836667496370682
1.3000892955086667
1.3098108814866336
1.3138502721706697
1.3130846988955973
1.3082692400923177
1.30005355805069
1.288996351370652
1.2755778286555528
1.2602107521977675
1.2432483883471228
1.2249951147394391
1.205711208285948
1.1856189582598902
1.164908768834257
1.1437434136821532
1.122261491954221
1.1005805646217428
1.078800722297235
1.071246216661146
1.1397796906358857
1.1939587342265663
1.235859500886351
1.2672726053610899
1.2897406671093274
1.3045940592240661
1.3129777426151146
1.3158787371948406
1.3141466420974024
1.3085126845140322
1.299605941642863
1.2879673460633732
1.2740617743258273
1.258288814489278
1.240990319612826
1.222460504785869
1.2029514495014235
1.1826782538935097
1.1618247857295871
1.140548267750541
1.118982737250366
1.097241797950487
1.0754219458520922
1.086219767274497
1.1517132485278516
1.2032902384567277
1.242967326757713
1.2724821326798261
1.293333001502296
1.3068109539286843
1.3140275794723988
1.315940996175789
1.3133758261192607
1.3070417404308494
1.2975492152990946
1.2854231324263157
1.2711145191734237
1.2550109704097594
1.2374442859268313
1.2186994078217885
1.199020726506112
1.1786171439087003
1.1576666838632288
1.1363214999884483
1.1147113689678212
1.092946474259779
1.0711200805839278
1.1000976414934664
1.1633907768448217
1.2130751285405426
1.2511248549661156
1.27924133335141
1.2988914754750136
1.3113389324082196
1.3176722381695474
1.3188291393708258
1.3156167962932956
1.3087298061941715
1.2987656336515188
1.2862379247159135
1.2715880307841503
1.2551948957903403
1.2373837488943595
1.2184328883321134
1.1985811244169486
1.178032921409768
1.156962542950404
1.1355184684949904
1.113827371658709
1.091996987380516
1.070118431481906
1.116047312763693
1.1760925539176519
1.2229977285773612
1.2586717378379424
1.284760990188542
1.3026836340949972
1.3136621778061452
1.3187494122519647
1.318852016349216
1.3147504477125482
1.307116262942162
1.296527047247773
1.2834792991879473
1.2683996636324273
1.2516539130356734
1.2335568420978666
1.2143771286717089
1.1943451628166322
1.1736582739783863
1.1524849257418495
1.1309683099149637
1.109230438362432
1.0873751621602723
1.065490276064942
1.1280116167958993
1.1852804333615332
1.2298146739277243
1.2634677022965464
1.2878371735198952
1.3042997424335714
1.3140417918225693
1.3180850108447761
1.3173092225529464
1.312471736335323
1.304224133510526
1.2931267627899732
1.2796612508610725
1.2642415332348496
1.2472219902228718
1.2289079859706675
1.2095603442741523
1.189402072748365
1.168624222814026
1.1473900732641247
1.1258385049573554
1.104087451044971
1.0822373523705489
1.070022239458538
1.1402576244674398
1.195870535582729
1.2389744405737664
1.2713923700250345
1.2946947600614263
1.3102360423448105
1.3191819778686256
1.322537451207345
1.321167499543372
1.3158166633446156
1.3071254985772678
1.2956448331612815
1.281848072139187
1.2661421522137941
1.2488752353389885
1.2303470397970016
1.210814320236096
1.19049617126776
1.169579961310443
1.1482259138252695
1.1265706257627124
1.1047298854512038
1.0828020781400818
1.0890563476082868
1.1555071080880999
1.207879451594365
1.2482126376790486
1.278264208933306
1.2995493146773525
1.3133738152860663
1.3208618501902656
1.3229824574588027
1.3205696605337378
1.3143412334691849
1.3049146342671138
1.29282075907996
1.278515814771353
1.2623918831820258
1.2447844997407271
1.2259820149661815
1.2062316889087994
1.185744746637065
1.164701317983195
1.1432554016933987
1.1215383341122476
1.0996615533712828
1.0777194665877685
1.1021303521322996
1.1659736490914316
1.2161136868775169
1.254538181050087
1.2829598017494337
1.3028555410442828
1.3154975638822175
1.3219817055602407
1.3232521257561805
1.320121470147639
1.3132890631766079
1.3033564423675823
1.2908407657923973
1.2761863899001282
1.2597749801374598
1.2419337653173135
1.2229430794104386
1.2030434563114347
1.1824407659135647
1.1613103747928364
1.1398018673567731
1.1180428567094196
1.0961418256511284
1.0741904696210764
1.1155442359520518
1.1758883726056326
1.223046223165053
1.258933243394955
1.2852012342177255
1.303273298059491
1.3143759618164956
1.3195655740206185
1.3197519262905186
1.3157181356951728
1.3081380445090998
1.2975912083048327
1.284575824859401
1.2695199682113505
1.2527908205933431
1.234704090279535
1.2155293921297272
1.1954980150213756
1.1748080239604195
1.1536283858990708
1.1321027954709588
1.1103537645021253
1.088485527461794
1.066586189793838
1.1250853013324986
1.1831119830605128
1.2282923509504617
1.2624950320261297
1.2873312283739597
1.3041889423955209
1.3142646273291254
1.3185885190639544
1.3180478437218346
1.313406299396975
1.3053209799391627
1.2943569902411067
1.2810000601696065
1.2656676369489592
1.248717209309388
1.2304567978229133
1.2111493734403775
1.1910199574428364
1.170261330072782
1.1490382241459596
1.1274907030341421
1.1057378088247871
1.0838809235984
1.0668125536775488
1.136790823141448
1.1921979401568157
1.2351399305246291
1.2674334737361812
1.2906435653102766
1.306119769588839
1.3150239794376128
1.318357468902359
1.3169822515203786
1.3116402651328465
1.3029698257772653
1.2915198348037547
1.277762041087743
1.2621019331121137
1.244886445809415
1.2264143926821176
1.2069415141412771
1.18668604302072
1.165834795631929
1.1445474842778203
1.1229601721407705
1.1011881687390426
1.0793295906401796
1.0811408905703281
1.1487139731548397
1.2020544866262197
1.2432225915342177
1.2739942291489492
1.2959001014290308
1.3102597634362596
1.3182090187247741
1.3207270235422168
1.3186565366434453
1.312722874149187
1.3035500055873492
1.2916744490376053
1.2775572651726146
1.261594737006384
1.244125971695261
1.225442502013197
1.2057942933630157
1.1853948369468106
1.1644262893320507
1.1430444062980027
1.1213820278711333
1.099551859170181
1.077649350947408
1.0974734831152775
1.1617320614470739
1.2122357452699017
1.250979296918882
1.2796812681493999
1.29982386572949
1.3126837496233157
1.3193605251442357
1.3208017249626611
1.317822876095769
1.3111257932441072
1.301314166267055
1.2889070140361885
1.2743502986576034
1.2580271534220757
1.2402658381606564
1.2213478312325556
1.201514618769912
1.1809728109489026
1.1598983757878565
1.138441539837132
1.116730454475701
1.0948740159731145
1.0729643208712587
1.1103312030775205
1.1717572937562932
1.219840664972674
1.25651849997198
1.2834610202251708
1.3021075537604536
1.3136983930067185
1.3193018353605144
1.3198380302702613
1.3160990094625735
1.3087663102625193
1.2984261229132985
1.2855823699087117
1.27066804619862
1.254054682358542
1.236061541553577
1.2169614345893558
1.1969884319585133
1.1763429724193608
1.1551959959874416
1.1336929571166503
1.1119579047510302
1.0900963687062752
1.0681975741278382
1.1224912489753751
1.1811332651911863
1.226838947284399
1.261489188700955
1.2867060956176646
1.3038868235627288
1.3142358903717104
1.3187904398719823
1.3184436559393429
1.313964378597776
1.306014138849382
1.295161870312317
1.2818966062759007
1.2666386109418104
1.2497479109916934
1.231534640113128
1.2122634752457346
1.192161091110047
1.1714216717951642
1.1502111079088821
1.128670398610046
1.1069194989716373
1.0850605339388795
1.0632099910455974
1.1342738934847802
1.1906045747877811
1.2343305552796846
1.267287804872679
1.2910581560092014
1.3070054623126879
1.3163042266612
1.3199664037817915
1.3188632799673046
1.313744793417398
1.3052561616602707
1.2939522390510632
1.2803099086323784
1.2647390724419498
1.247590488115102
1.2291663233209764
1.2097250761299312
1.1894874106467748
1.1686422896822615
1.1473512561481651
1.1257518963466178
1.1039608528862965
1.0820773550344431
1.0790719103355981
1.1467104847720333
1.2001127062023322
1.2413388853379344
1.2721655963965446
1.2941236293263354
1.3085329626604667
1.3165296087127083
1.319092912801107
1.3170658170683
1.3111737986398249
1.3020409681557057
1.290203967947696
1.2761239683271635
1.2601973569802847
1.242763251867709
1.224113397612521
1.20449782804872
1.18412993858081
1.1631920065621075
1.14183989314205
1.1202064889328374
1.0984044432951916
1.0765293681336154
1.0919598143373064
1.1571039122108087
1.2083690919768773
1.2477671424374535
1.2770313091063246
1.297656424134711
1.3109301823664836
1.3179615422790554
1.3197062239339077
1.3169867957078243
1.3105111506367872
1.3008882252308513
1.2886415671728217
1.2742210474962636
1.2580132168276497
1.2403491315343367
1.2215128659490977
1.2017481112394708
1.181263298232519
1.1602359711654018
1.13881779356422
1.1171381392378765
1.0953069157446833
1.073417100319194
1.1063638645411722
1.1683428488767273
1.2169032502244432
1.2539928374855762
1.2812905330758235
1.3002435858729327
1.3120988475911883
1.317930333384684
1.3186632020962796
1.3150937753268055
1.3079072969539165
1.2976931586964073
1.2849580416496063
1.2701372993499216
1.2536046409093247
1.2356809142624656
1.216640526257329
1.196718936329312
1.1761177405782648
1.1550087689151718
1.1335383566279569
1.111831328490664
1.0899938422043836
1.068115654273254
1.1181336104474542
1.177348377263001
1.2235491663432299
1.2586273649585185
1.284214302194347
1.3017150122057557
1.3123408133065353
1.3171347697914382
1.3169951559666335
1.3126952019004592
1.304900229730435
1.2941824470498673
1.2810337145472643
1.265876705895187
1.2490736498624075
1.2309364524542874
1.2117312749777829
1.1916862307884535
1.1709967165415822
1.14982960486007
1.1283267133364494
1.1066088002580279
1.0847786722904034
1.06292323067784
1.1292503339784299
1.1856201591691824
1.2293950654591632
1.2624091348450506
1.2862430074699884
1.302259032391979
1.3116309127802834
1.3153695977934265
1.314345597942331
1.3093081894224476
1.3009020252340775
1.28968147945085
1.276123027413134
1.260636188170662
1.243571475593589
1.2252309111665292
1.2058725991965
1.1857170614055266
1.1649532002602616
1.143742472914494
1.1222222676007263
1.1005091574195769
1.078702417943341
1.0712368289037033
1.140457289705154
1.195213545194802
1.2375971406168997
1.269411912899985
1.2922119412778705
1.3073374590393936
1.3159419189010486
1.3190196943656227
1.3174267148577383
1.3118996658099953
1.3030723300139377
1.2914896958571511
1.27762013480403
1.2618662497306437
1.2445724963370604
1.2260352815107336
1.2065086190138874
1.1862093061092684
1.1653226019929994
1.144006932866964
1.122397389486898
1.100608509274187
1.0787375291469992
1.0895433598202144
1.1551461747477365
1.2068044713137087
1.2465389696533655
1.2760908521940648
1.296961528855698
1.3104446657522018
1.317654123556182
1.3195499788549503
1.3169585375559878
1.3105909185126672
1.3010588419232803
1.28888825775464
1.274531110022059
1.258375781284699
1.2407547392679892
1.22195350582701
1.2022169657957704
1.1817544368078738
1.1607442992272075
1.1393390125966558
1.117668612671528
1.095843497680867
1.0739570538571517
1.102916476689729
1.166219830602461
1.215903818013665
1.2539442529276017
1.2820439425091
1.3016710259059123
1.3140902097128528
1.3203909336687694
1.321511723153448
1.3182604060285754
1.3113321516517324
1.3013249144085353
1.2887527592722492
1.2740573946214007
1.2576180730515742
1.2397602763436073
1.2207625251101628
1.2008638187556393
1.1802687796304254
1.1591517992849185
1.1376614695767393
1.1159245584684776
1.0940488773124477
1.0721256030670847
1.1176888474669893
1.17730259964283
1.2238400272653298
1.2592012254978335
1.2850249737844288
1.302722875592677
1.313511751490134
1.3184394990570771
1.3184085826257872
1.3141958173291381
1.306469615908791
1.295804851265326
1.2826956822153732
1.2675667249970133
1.2507820520911286
1.232654913339033
1.2134526865857518
1.1934046738531172
1.172707256608224
1.1515280446104783
1.1300095088611672
1.1082730653167343
1.0864220420184334
1.0645437671292695
1.127063839282363
1.1843336476314483
1.2288717302673924
1.2625309944458027
1.2869086982861213
1.3033811597779446
1.3131344687204027
1.317190064828213
1.3164275568044286
1.3116040703953924
1.3033710297642838
1.292288649297594
1.278838441037802
1.2634342433880077
1.2464303526681486
1.2281320612686253
1.2088001366616539
1.1886575350509636
1.1678952642615934
1.1466765673311883
1.125140297872865
1.1034043641619142
1.0815691858285368
1.0693298560447497
1.1392084450237627
1.194523784072215
1.2373810018987383
1.2695959468634226
1.29273285266013
1.3081407951600401
1.3169809377321577
1.3202541792780085
1.3188221273961258
1.3134263662884043
1.3047049041606673
1.2932063738155002
1.2794022895600936
1.2636979570139433
1.2464401360084374
1.2279273555829504
1.2084153235167443
1.1881222280515351
1.1672346855904276
1.1459122693774788
1.1242910081779287
1.1024861947788231
1.0805958147850796
1.086954318253791
1.1536502303673977
1.2062352144404553
1.2467529648987592
1.276964815505607
1.2983892308509835
1.312334896636199
1.3199284170335315
1.3221409509333173
1.319808353782747
1.313649981887012
1.3042846598964568
1.292244464396155
1.2779866218849525
1.2619040914453388
1.2443331855082038
1.225562891319784
1.2058410314187986
1.1853793467213298
1.1643583858467916
1.1429325034603148
1.1212333486224049
1.0993726510770472
1.0774450458727431
1.1017308859370067
1.165330624269974
1.2152672924444499
1.253522965085767
1.2818054288796736
1.3015874766089657
1.314137646420611
1.3205486383927503
1.3217619174096493
1.3185878030196367
1.311723614467221
1.3017691610815048
1.2892401119041532
1.2745795400804834
1.2581680178076764
1.2403317987198261
1.2213504125807724
1.2014636970276624
1.1808769126497072
1.159764894178597
1.138276788522965
1.1165398311967416
1.0946621727246584
1.0727352656279103
1.1145934800653314
1.1755858314251337
1.2232913304383126
1.2596394249346876
1.2862940391574347
1.304688681166203
1.3160589026234801
1.3214688251444466
1.3218349362128845
1.3179461320733887
1.3104812406237363
1.3000241174928304
1.2870766679076981
1.2720701720103678
1.255374521658571
1.2373078568507
1.218141829327958
1.1981094611973706
1.177410321121116
1.1562147142355919
1.1346674550888693
1.1128920006671073
1.0909934103456922
1.0690605136892055
1.127387587275178
1.1852411279264852
1.2302687212500734
1.2643362743879911
1.2890526683762378
1.3058038733811954
1.3157846060149723
1.3200235924008026
1.3194067544744243
1.314696662677834
1.3065494356349712
1.2955293346855665
1.28212135987806
1.2667423215748637
1.249749173699753
1.2314494647851124
1.212105733882321
1.1919426589135176
1.1711527205108796
1.149900383376491
1.1283254641482212
1.1065468103571237
1.0846656360673337
1.0675651826099888
1.1373477205544489
1.192587996552161
1.2353880428526298
1.2675610847021792
1.2906691496154536
1.30605921727845
1.314890982659697
1.318163797945107
1.3167380255651298
1.3113541787756515
1.3026493445470066
1.2911713639871052
1.27739107148155
1.2617131632355967
1.2444838965755096
1.2260015123810764
1.2065212287930376
1.1862608391050171
1.1654067952741205
1.1441184916233405
1.1225317038892348
1.100761496997269
1.0789057921935272
1.0806433738055232
1.147928441516513
1.201028555565276
1.2419971668154561
1.272604458335896
1.2943761340600446
1.3086274625976086
1.3164905384120857
1.3189413200030085
1.3168198102315956
1.3108489495913762
1.3016506601818871
1.2897596959758768
1.2756355980861325
1.259673341855388
1.2422109000474582
1.2235388505465166
1.203906326710236
1.1835260852328686
1.162579673838817
1.141222326975637
1.119586433110875
1.0977842960786752
1.075911115585866
1.0956358028180184
1.1596579397982947
1.2099688029103628
1.2485569377379728
1.277135529341848
1.297182155484721
1.3099694944266602
1.3165937053506074
1.3179993601844167
1.3149994328633585
1.3082935389999193
1.2984834748602798
1.2860866294010618
1.2715475622818098
1.2552482071726554
1.237515770697188
1.218630853080282
1.198834181496524
1.1783317032885596
1.1572988179193597
1.1358852788327012
1.114218829975311
1.092408011342235
1.0705446192130086
1.108611148836241
1.1710012095883255
1.2198999828455295
1.25726527324822
1.2847852301749132
1.3039145114644601
1.3159067461168992
1.3218417134247826
1.3226494410262861
1.3191304945199709
1.311973768703421
1.301771802830853
1.2890339942505327
1.2741980760777365
1.2576395601407655
1.2396813377825493
1.2205992128073155
1.2006298064653735
1.1799757776998532
1.1588100632959917
1.1372797648901087
1.1155103228520142
1.0936084857488955
1.0716645436174599
1.1261190086949528
1.1849303353766594
1.2307667453676663
1.2655147683543535
1.2908013542736312
1.3080278433192818
1.3184023544411814
1.3229651311768433
1.322612028303948
1.318114184526561
1.310135108329785
1.2992454336630042
1.2859356550066507
1.2706272948244786
1.2536814472716997
1.2354091742699118
1.2160759519098092
1.195909123972047
1.1751034496901147
1.1538253158296212
1.1322161472657513
1.1103962520787916
1.0884680557489435