0
0.13426132395499316
0.24766872041385465
0.3431533849057045
0.42320796291448165
0.48998368614144533
0.545337470327727
0.5908713468981273
0.6279684365694786
0.6578219234479263
0.6814614652231114
0.6997744165923049
0.7135273423384619
0.7233810768303852
0.7299055061154619
0.7335919969669034
0.7348641007804706
0.734086807595544
0.7315746326976144
0.7275985208877763
0.7223919544740841
0.7161552565074946
0.7090620247333118
0.7012603354948682
0.704631316597935
0.7516251920137602
0.7895536061465286
0.8197034795820438
0.8431852567757046
0.8609565092378357
0.8738437081183081
0.882558840669946
0.8877164097228509
0.8898460135685341
0.8894041160060353
0.8867840501078238
0.8823246558001403
0.8763177356120423
0.8690146886142804
0.8606311576034642
0.851353407935435
0.841341440326674
0.8307322828356346
0.8196437405841025
0.8081770436527899
0.7964189219313537
0.7844433423551352
0.7723137811943
0.7830687053404237
0.824551976759567
0.8576261024853247
0.8834902668737271
0.9031789463448467
0.9175841647109186
0.9274757419241428
0.9335167695389649
0.9362794444159085
0.9362568246098315
0.933873794391404
0.929496390654939
0.9234398564760948
0.9159755922845617
0.9073372937265112
0.8977254178034136
0.8873132004230739
0.8762488822921947
0.8646596579871144
0.8526549372053926
0.8403285713198325
0.8277606236380383
0.8150195600389062
0.8021641238551576
0.8232367488144522
0.862455882950345
0.8935153947412555
0.9175817877301452
0.9356606565586528
0.9486197197377484
0.9572073259925189
0.9620681737118473
0.9637585901599062
0.9627578795641919
0.9594790323255257
0.954277798288231
0.9474605207462644
0.9392908984584313
0.9299959862041316
0.9197704218064285
0.908782400302571
0.8971759586766714
0.8850744737362266
0.8725840547305466
0.8597957383341798
0.8467871755997554
0.8336246544318646
0.8203650665827882
0.8519503732600024
0.8894565448781295
0.9189963222164327
0.9417103528713305
0.958582180255556
0.9704605430276897
0.9780770327778432
0.9820622230192003
0.9829600622733125
0.98123918343293
0.9773033503447961
0.9715003347207847
0.9641295792020058
0.9554488123954734
0.9456799546309091
0.9350131517601716
0.9236125791155155
0.9116191374315018
0.8991532713078509
0.8863184654992141
0.8732035541070045
0.859884413947349
0.8464256168887595
0.8328826129400461
0.8749088927520664
0.9108573152094978
0.9390230860609057
0.9605218922072496
0.9763165468140768
0.9872371254934279
0.9939995211272097
0.9972207624710893
0.9974329032304324
0.9950943717777055
0.9906001120923302
0.9842902723685917
0.9764577042137071
0.9673544367954838
0.9571974618839967
0.9461727445715001
0.9344405561629534
0.9221387017900208
0.9093850172885972
0.896280451810374
0.8829116980186629
0.8693529425317936
0.8556672055667731
0.8507916416052644
0.8934824631483402
0.9274060779876152
0.9538139672737781
0.9737857203297875
0.9882528089329454
0.9980180531537948
1.003774121652313
1.0061179055197722
1.0055639596040011
1.002555659337829
0.9974749485979955
0.9906507482758202
0.9823662130897336
0.9728649967745342
0.9623568102771654
0.9510215435116085
0.9390138760150517
0.9264669164766594
0.9134946703492206
0.9001945305141574
0.8866501064217163
0.8729330047791889
0.8591040886178599
0.8656054668177993
0.9064296519939251
0.9387385682786602
0.9637494536445397
0.9825123142086386
0.9959327603824396
1.0047916230566576
1.009762467587567
1.0114256987695176
1.0102815319467808
1.006761187531901
1.0012359061565355
0.9940254455283136
0.9854050417348104
0.9756115092090757
0.9648485051138472
0.9532910723172104
0.9410895614235061
0.9283731087200803
0.9152520629349901
0.9018216712312238
0.8881627842384479
0.8743446574572445
0.860426681346464
0.8781680820347446
0.9174909375437896
0.9484994700051331
0.9723836897490291
0.9901699698446955
1.0027433096122125
1.0108673940143604
1.0151999795056534
1.0163085588236949
1.0146820772290217
1.010741806641333
1.004850604536561
0.9973209098531717
0.9884216440527318
0.9783842573739551
0.9674073799856817
0.955662489199053
0.9432960568914661
0.9304340381611734
0.9171846919299514
0.903640598747078
0.8898807261105852
0.8759727363999555
0.8619744645482444
0.890319790108722
0.9276740705197155
0.9569886950061318
0.9794159219662314
0.9959496833157326
1.0074469476676446
1.0146471126631176
1.018187222515534
1.0186166403918446
1.0164089071062843
1.0119715433209695
1.0056559608341855
0.9977645846285264
0.9885576889093195
0.9782591682788108
0.9670615241154427
0.9551301654203644
0.9426071233580154
0.9296144004828532
0.9162561109993939
0.9026218882997439
0.8887884470077694
0.8748207833142845
0.86077484626411
0.8996165019438027
0.9353699752834537
0.963308575538138
0.9845536507066812
1.0000724741332565
1.0106994175183277
1.017153745905527
1.020055394654143
1.0199390345461739
1.0172652825233681
1.0124309542804146
1.0057777960293108
0.9976000218762553
0.9881508204901153
0.9776481689353369
0.9662787786722278
0.954203839646372
0.9415616558448309
0.9284703917930168
0.9150315565657573
0.9013322615532895
0.887446844178124
0.8734385448753904
0.8653941801198717
0.9089970288498873
0.9436543677704294
0.9706431090368302
0.9910645760384831
1.005869175082125
1.0158759962624044
1.0217917049311263
1.0242252703025174
1.0237016943601744
1.0206733377294346
1.0155298862606397
1.0086069296560463
1.0001933652306156
0.9905377898697844
0.9798541986079895
0.9683260369184467
0.9561112244762837
0.9433456036465849
0.9301453915271729
0.9166099956127362
0.9028247734017535
0.8888627871669054
0.8747860831680498
0.8782762246671671
0.9195404613046783
0.9521893346815591
0.9774542120623156
0.996397758232251
1.0099362670395944
1.018859849550808
1.023850006752344
1.0254940223136846
1.0242981185977396
1.0206984743460925
1.015070806638582
1.0077386472758931
0.9989804853871252
0.9890359403419297
0.9781111519929289
0.9663831447138023
0.9540038417492941
0.9411040187684584
0.927795803000841
0.9141748612287814
0.9003232505894286
0.8863112649178091
0.8721986994106781
0.8869594337204242
0.926484066159813
0.9576409715488307
0.9816277547020582
0.9994776865155394
1.0120814517582555
1.0202076803992228
1.0245185571596238
1.0255852111037818
1.0238997770664102
1.0198862730790568
1.0139099196503871
1.0062851884284758
0.9972827485449227
0.9871355201691066
0.9760435466656319
0.964179274531292
0.9516901053442732
0.9387029032894313
0.9253266487100843
0.9116543970895833
0.8977656613445087
0.8837285899443774
0.8696013345189731
0.8949298176943905
0.9322870337507289
0.9615924958472408
0.9840003340393992
1.0005061053352489
1.0119681156676663
1.0191269854530212
1.022620830392425
1.0229998065471093
1.0207382372289158
1.0162443511727255
1.0098700822783104
1.0019183338105564
0.9926497894192664
0.9822886933994898
0.9710278430755682
0.9590329014197194
0.946446118367651
0.9333896801403451
0.9199678292673054
0.906270434338649
0.8923742174058781
0.8783442830379714
0.8642366890309401
0.9004523233659769
0.9365739983092752
0.9648215318022312
0.9863246771382034
1.002057682518934
1.012861153670372
1.0194596466457226
1.022477626936496
1.0224537388164936
1.019852005136562
1.015072179660041
1.0084585425277426
1.0003074931182512
0.9908741043991522
0.9803779683197099
0.969007191091418
0.9569242436721477
0.9442683840451439
0.9311586647570753
0.9176974160805625
0.9039724253995307
0.8900585396254614
0.8760195189689692
0.8649106698541287
0.9082320013667926
0.942652665989277
0.9694434131371255
0.9897001004680811
1.0043684552618548
1.0142636672340277
1.0200888582478365
1.0224499804837524
1.0218694925375824
1.018797530045033
1.0136218596397386
1.006676415578861
0.998248667661058
0.9885859820409448
0.9779013107246353
0.9663770926742451
0.9541705924497512
0.9414169752089303
0.928231731699445
0.9147138424554853
0.9009482867201551
0.8870077149063802
0.8729538040516527
0.8736436703362866
0.9155779031355797
0.9488045756870127
0.9745677063816609
0.9939407445893257
1.007849485274291
1.0170920757168562
1.0223570522501935
1.0242377398194533
1.0232455819378738
1.019821264929442
1.0143443976980007
1.0071418722011534
0.9984950786686841
0.9886461375698714
0.9778033817886379
0.9661456373967044
0.9538264814713645
0.940978101507588
0.9277137941468562
0.9141302579495507
0.9003104649613114
0.8863254872695125
0.8722357626919625
0.8841768907531202
0.9240453515126078
0.9554998641621043
0.9797442082114899
0.9978171969123769
1.0106142045617819
1.0189078423474152
1.0233639213465366
1.024556545736076
1.0229804657041617
1.019061957715183
1.013168192348632
1.005615325220243
0.9966754796792585
0.9865828147749087
0.975538537106463
0.9637159181027279
0.9512631950019893
0.9383079810697045
0.9249598586021307
0.911312341483871
0.8974454272965038
0.8834276776206983
0.8693175537455521
0.8922486430517167
0.9304081685903165
0.9603981282397921
0.9833891985102065
1.000390670810292
1.0122731616352987
1.019787718107035
1.023581188500462
1.0242117207540666
1.0221601525019015
1.0178407509085188
1.0116103213274286
1.0037760729199894
0.9946024074680856
0.9843168891284731
0.9731147083393316
0.9611644636500666
0.9486101524362904
0.9355754859341345
0.9221668120374992
0.9084751308767376
0.8945779883234507
0.8805417919955094
0.8664233372429653
0.8998771750439204
0.9362442191641571
0.9647004560865562
0.986380852136305
1.0022638986258159
1.0131939996022183
1.0198989988577654
1.0230061128374688
1.0230564285029558
1.020516058751741
1.0157865610448096
1.0092137717187564
1.001095432928358
0.9916877761848372
0.9812113777381667
0.9698552173160512
0.9577825768162278
0.9451332453615986
0.9320268505872006
0.9185662490545997
0.9048396395947934
0.8909221602614256
0.8768779186439961
0.8627806636190021
0.9067344927258124
0.9416949825917005
0.9689455121533781
0.9895932764769808
1.0045932101278454
1.0147689789598997
1.0208305101984128
1.0233901143219242
1.022975530125271
1.0200414630765302
1.0149793863711538
1.0081267740778341
0.9997740325250711
0.9901710597038766
0.979532793100624
0.9680440009355786
0.9558634171359938
0.9431273214735428
0.9299526417617401
0.9164394996807292
0.9026734650535626
0.8887280929037132
0.8746658606548602
0.8723297122171074
0.9142045568296928
0.9473843411774255
0.9731113914057955
0.9924574448721241
1.0063471195184988
1.015577334711887
1.0208356475470686
1.0227145192632177
1.0217246683558332
1.0183061465808076
1.0128380162081545
1.005646698464333
0.9970131784055578
0.987179225247886
0.9763529224522468
0.9647127003480326
0.9524120278604022
0.9395829489393579
0.9263384829977501
0.9127752048006275
0.8989760231713082
0.8850119135351078
0.8709431495774952
0.8801749336765604
0.9206738990392618
0.9526713092068885
0.9773828558770415
0.9958577446808513
1.009000327623202
1.0175908543548116
1.022301898125427
1.023713280239819
1.0223247210737216
1.0185667880919833
1.0128103563350745
1.0053747795423973
0.9965349420132695
0.9865273766464351
0.975555396793072
0.9637939734099072
0.9513929039976698
0.9384811542096766
0.9251694413394072
0.9115522318531684
0.897710396388031
0.8837132429230526
0.8696198472566576
0.8896932587033005
0.9280496417280245
0.9582124302323208
0.9813554118787082
0.9984908346164837
1.010491591273078
1.0181108660282083
1.021997342585347
1.02271069382536
1.020733102247638
1.016479997118505
1.0103091877932606
1.0025287511588867
0.9934038390688604
0.9831626399806412
0.9720009812731663
0.9600878935504583
0.9475677355737259
0.9345646559337167
0.9211853461934949
0.9075210027355889
0.8936494179107309
0.8796372553996867
0.8655414561390958
0.8964053323812604
0.9332170108561856
0.9620576482881285
0.9840705378796089
1.0002411929854598
1.0114201109358214
1.0183404885366067
1.0216340541770008
1.0218458467647253
1.0194453809576594
1.0148371516030175
1.008369531227783
1.0003424519965454
0.9910140365427007
0.9806064800736685
0.9693101917328517
0.9572897113597901
0.94468578997084
0.9316189964753696
0.9181930060906184
0.9044966848752332
0.8906057157815294
0.876584746880713
0.8624891862423767
0.9035093659030126
0.9385117991498674
0.9658059082943787
0.9864985332052837
1.0015442911949475
1.0117665938163438
1.0178751722515977
1.0204820663945804
1.0201149195756278
1.0172282856333155
1.0122134953666297
1.0054079412116552
0.997101945884299
0.9875453372430667
0.9769529939502536
0.965509635440675
0.9533739555225275
0.9406821939967404
0.9275513009012071
0.9140812696456776
0.9003577380589471
0.8864542717587411
0.8724332550244736
0.8672995195606722
0.9101064189671959
0.944086427912427
0.97050001437193
0.9904344463640516
1.0048278816892051
1.0144888627143624
1.0201149852926097
1.022307379035806
1.021584258378601
1.0183921385593322
1.013115661292507
1.0060860639521898
0.9975884887400666
0.9878682930331417
0.9771366651778213
0.9655746833609209
0.9533381454117159
0.9405610914256883
0.9273582387425814
0.9138276488387159
0.9000535153979419
0.8861079160010465
0.8720520673019588
0.8783461836890328
0.9189951786335727
0.9511239012438641
0.975950806315279
0.9945269381902846
1.0077588120518723
1.0164280044859497
1.0212087145631121
1.0226819277530048
1.021348302016974
1.017639460178955
1.0119269606524297
1.0045308431081696
0.99572657459028
0.9857511607669136
0.974808415734837
0.9630735099111452
0.9506968962412814
0.9378077822390224
0.9245166064088952
0.9109186509093308
0.8970947614969921
0.8831142636964603
0.8690365392670157
0.8866827166176717
0.9259551091834123
0.9568995158932125
0.9807081653992717
0.9984093988923477
1.010889853842441
1.0189146432321114
1.0231427706483631
1.024142770341178
1.0224044904041036
1.0183499760137693
1.0123427460584735
1.0046958045149592
0.9956785547907554
0.985522848623605
0.9744276959982822
0.9625648415194163
0.9500809907701551
0.937102337541158
0.9237373288171782
0.9100786576566189
0.8962054206954607
0.8821853989074774
0.8680764996202031
0.8961602392605504
0.9332221753939425
0.9622748474549028
0.9844669047845118
1.0007884210652775
1.0120937580135017
1.0191196065463901
1.0225005843771067
1.022784268385474
1.0204423592201957
1.0158812379904958
1.0094509044384996
1.0014526945538966
0.9921459419592319
0.9817538667528274
0.9704678153541941
0.9584531339810386
0.9458511357429251
0.9327830213097427
0.9193530031146507
0.9056503475955195
0.8917510668026228
0.8777201770476243
0.8636133422064771
0.9021615061252475
0.9376371771242515
0.9653346104455217
0.986370202470858
1.0017068942661662
1.0121753672324616
1.0184916739518317
1.0212729688163962
1.0210515374775282
1.0182859312302646
1.013371181828753
1.0066474947027133
0.9984077532073902
0.9889039966256401
0.9783532050114313
0.9669412302447998
0.9548285521707733
0.9421528011923779
0.9290315825666622
0.9155659506581687
0.9018426111590485
0.8879355159261201
0.8739076649935548
0.8658056717420853
0.9090118253782768
0.9433329315796778
0.9700375484155865
0.9902197493136675
1.0048237040858692
1.0146631365101242
1.0204400489043537
1.0227593938334054
1.0221427197715212
1.019039400768412
1.0138365458426293
1.0068675215657352
0.9984193075332922
0.9887388465861968
0.97803871401471
0.9665010953817239
0.9542828886079406
0.9415190274390134
0.9283248969287146
0.9147992465134819
0.9010268671445347
0.8870803102004837
0.8730211688491343
0.8765933170349964
0.918075347186238
0.9509124951591297
0.9763401484676282
0.9954244667468432
1.0090847231483373
1.0181136418601229
1.0231949500172568
1.0249178676221695
1.0237902860824313
1.0202498253239833
1.0146734468767744
1.0073857571154186
0.998666173060971
0.9887551178683508
0.977859404651237
0.9661566931802719
0.9537993996680112
0.9409187318711907
0.9276272198581541
0.9140208695422146
0.9001820105247287
0.8861811792076234
0.8720784042058536
0.8868533740161592
0.9263960412056544
0.9575684522267224
0.9815685598228217
0.999429932804278
1.0120435146391893
1.0201781592765735
1.0244962422588788
1.0255690596379503
1.0238888897367993
1.0198798744594468
1.013907341253853
1.006285854084341
0.9972861617725481
0.9871412537052354
0.9760512307430128
0.9641885931332017
0.9517007863191226
0.9387147113438691
0.9253393813624624
0.9116678820416007
0.8977797499681972
0.8837431540182403
0.8696162694046933
0.8953064513557528
0.9331354727267833
0.9628384385184501
0.9855801711525198
1.002364745632346
1.014058491543369
1.0214085682160012
1.0250585428425074
1.025563736323465
1.023402533187007
1.018987081977659
1.0126723584913213
1.0047639917007571
0.9955250184997114
0.9851818433907309
0.973928588280321
0.9619329826404454
0.9493383374881981
0.9362676481714644
0.9228266654845018
0.9091059474938434
0.8951826239460104
0.8811226983449482
0.8669826674788369
0.9030173939249456
0.9389568709746426
0.967043970124671
0.9884055510804777
1.0040133236311148
1.0147057267788895
1.0212054401049702
1.0241352956561531
1.024032538611262
1.021359979247223
1.0165163234033674
1.009844945415053
1.0016414616386775
0.9921602680590732
0.9816203670889446
0.9702093608287254
0.9580893024832974
0.9453990407143458
0.9322573035010847
0.9187661525929172
0.9050131312919535
0.891072851930376
0.8770089518071356
0.8658778075493749
0.9092029897578372
0.943624464746141
0.9704134473521914
0.9906661911116305
1.0053287598938734
1.0152166492211907
1.0210332284869423
1.0233846656738192
1.0227936099533752
1.0197103582980467
1.0145228158903918
1.007565035858299
0.9991245899123636
0.9894489314910836
0.9787510879662626
0.9672135565376
0.9549936660718992
0.942226626262943
0.9290279575616874
0.9154966803023729
0.9017178057743667
0.8877640032464883
0.8736969678744767
0.8742958812923369
0.915922036296559
0.9488867486165272
0.9744276758970369
0.9936127434958957
1.0073630218656697
1.016472543991901
1.021626312763608
1.0234145986553775
1.0223462109068513
1.0188595617417466
1.01333229768516
1.0060896175028267
0.9974114506277478
0.9875386559258978
0.9766784943429455
0.9650088185225073
0.9526824237511399
0.9398308133841009
0.9265666576014254
0.9129861375394084
0.8991717942083706
0.8851943188655786
0.8711137963733576
0.8829968539145095
0.9227348077415222
0.9540819881035794
0.9782390892175571
0.9962418292741803
1.008983367733687
1.0172339549184397
1.0216579193755941
1.0228275968964147
1.021236394305375
1.0173095192257187
1.011413091721896
1.0038624026697631
0.9949288299147526
0.9848458500983971
0.973814232313052
0.9620065195233042
0.9495708975999613
0.936634640175896
0.9233064392693281
0.90968013429441
0.8958354113706395
0.8818404044539669
0.8677536015118019
0.8910552017264194
0.9297279300720944
0.960154526585695
0.9835162675104729
1.0008315328700494
1.0129788610656592
1.0207160771765995
1.0246958955830094
1.025481538820624
1.0235582172776998
1.0193439717128931
1.013198863900609
1.0054329128168353
0.9963129444613704
0.9860686272490873
0.9748969203643472
0.962967990406497
0.9504272211899641
0.9373994408428763
0.9239919741850593
0.9102967169285877
0.896391958669957
0.8823447163516424
0.8682123497241382
0.9017513734188487
0.9382078111464055
0.9667348492261836
0.988470111170977
1.0043943798900017
1.015354036975849
1.0220786308792995
1.025196847341876
1.0252510409186963
1.02270841664824
1.017971473030684
1.0113868570158915
1.003253008794939
0.9938267607461048
0.9833292065691708
0.9719497694056407
0.9598521141405291
0.9471763586295168
0.9340424114813025
0.9205533708205166
0.9067976429505522
0.8928505431488784
0.878776329820819