0
0.131836133768667
0.2432229290521599
0.33703379092016883
0.41571220284296684
0.4813669649283354
0.5358184379058808
0.5806371036406662
0.6171788685916034
0.6466134955504254
0.6699504241155058
0.6880596102831231
0.7016926263507245
0.7114973956166841
0.7180326905100604
0.7217803154499303
0.7231555937853392
0.7225164491250962
0.7201713289446877
0.7163859690379981
0.7113893759902405
0.7053780737126321
0.6985223417161959
0.6909674750027044
0.6941194239439132
0.7391326299320461
0.7754436360876361
0.8042874338528161
0.8267298120877662
0.8436897231229513
0.8559603938702446
0.8642251917768488
0.869073891332314
0.8710148093549691
0.8704860797058612
0.8678652526776843
0.8634775839172852
0.8576031890256163
0.8504833933924045
0.8423252285691318
0.8333076103213275
0.8235840666543803
0.8132861605233865
0.8025270827390664
0.7914040860531574
0.7800004099540315
0.7683871034779024
0.7566252005392201
0.7668439763780908
0.8065859934742776
0.8382604127302443
0.8630172373874417
0.8818486576859726
0.8956101421988361
0.9050400268343699
0.9107743331247423
0.9133618611828807
0.9132755425627178
0.9109229327180616
0.906655154035351
0.9007746187410073
0.8935416945297692
0.8851805693006648
0.8758836229688776
0.8658170925720233
0.8551231342959221
0.8439238791098128
0.8323243819317493
0.8204147043311836
0.8082716694488412
0.7959610714073024
0.7835393211132429
0.8036611364196298
0.8411977053312772
0.8709161414044341
0.8939336437378024
0.9112133837512228
0.9235863915989752
0.9317694972859001
0.9363802009189401
0.9379513897019086
0.9369421908266752
0.9337482250184401
0.9287102950344085
0.9221218878548721
0.914235650129757
0.9052691170380955
0.8954088219710098
0.8848159875136428
0.873628551207828
0.861964811052724
0.8499265279902076
0.8376009723231792
0.8250625462432354
0.8123748711348882
0.7995925188192693
0.8298785414993956
0.8658599975732314
0.894198774142619
0.9159886391089038
0.9321726504701849
0.9435646775580463
0.9508662813859828
0.9546821283596262
0.955533872412858
0.9538709473960925
0.9500805933095646
0.9444963664874277
0.9374054863934359
0.929055177518756
0.9196583234621727
0.9093973448907194
0.8984298271943769
0.8868909101726654
0.8748961750545402
0.8625449954138247
0.8499226681244124
0.8371019927940546
0.8241450049419877
0.811104982400746
0.8514714634092354
0.8860058607108422
0.913067937089939
0.9337282740614432
0.9489107332929385
0.9594119083863514
0.9659187722910227
0.9690234531646015
0.9692365785698832
0.9669981236359664
0.962687153129015
0.956630157180467
0.9491082461018808
0.9403633616748593
0.9306038321569895
0.9200081753588378
0.9087303499523438
0.8969026912369628
0.8846383153773407
0.8720342358732609
0.8591737728989937
0.8461281943405758
0.832958056287491
0.8282429684948175
0.8691951924198963
0.9017393053590458
0.9270749335709995
0.9462368915774343
0.9601181080721417
0.9694881719598271
0.9750110975570959
0.9772591024187275
0.9767255046116162
0.9738353922260209
0.9689549736850985
0.9623996365140788
0.9544409023220842
0.9453124313709279
0.9352153695821659
0.9243221925565777
0.9127813392473658
0.9007205338386822
0.8882490914196456
0.8754604923304988
0.8624350193456601
0.8492414153108367
0.8359380763095805
0.8421748009505592
0.8814097999046332
0.9124678458110369
0.936516857598943
0.9545648615629578
0.9674808703764569
0.9760144640893065
0.9808120369789903
0.9824307288959675
0.9813507804887662
0.9779860047752514
0.9726928739366398
0.9657783679370185
0.9575067479873136
0.948105418125854
0.9377699700157819
0.926668532904514
0.9149452686213269
0.9027243084612879
0.8901121657682313
0.877199719486266
0.8640648880192406
0.8507744529079989
0.8373852850840166
0.8544227439493111
0.8922096984566992
0.922013134450778
0.9449750091909956
0.9620803514420204
0.9741784619145195
0.9820022660557148
0.9861830818449766
0.987265569250383
0.9857190354545242
0.9819478517543482
0.9763003372645875
0.9690764310773606
0.960534313807333
0.9508961946572095
0.9403528549585668
0.9290689169899403
0.917185036134882
0.9048222455711729
0.8920845674331305
0.8790609023594124
0.8658271572546989
0.8524484038341633
0.8389802322069202
0.8662375208319537
0.9021678148177078
0.930372502076479
0.951958497954213
0.9678799331272055
0.9789601789514101
0.9859092377188282
0.9893387590078303
0.9897765305339739
0.98767723166005
0.9834326047341444
0.9773800665743864
0.9698101440722688
0.9609728921552412
0.9510835648192681
0.9403267106976879
0.9288618216762355
0.9168252126193064
0.9043338395427535
0.891488284786294
0.8783747146502663
0.8650665207906334
0.8516265376169582
0.8381084787600532
0.8753359393777171
0.9096087620290716
0.9363901154607092
0.9567544074180931
0.9716283251884317
0.9818113551976126
0.9879926602734106
0.9907662313753418
0.9906444200603866
0.9880686208777465
0.9834191077982266
0.9770233984357419
0.969163474493233
0.9600820147042419
0.9499879557635382
0.9390602828612226
0.9274536046742525
0.9153004577100862
0.9027141505155941
0.8897920919326607
0.8766178610384214
0.8632627146980865
0.8497874384462724
0.8420360865282704
0.8838780860039227
0.9171397518664421
0.9430452417718227
0.9626503452881285
0.9768662286676615
0.9864782096035691
0.9921637905338614
0.9945068379145212
0.9940107548744342
0.9911092999180803
0.9861761529014456
0.9795331377417769
0.9714573191494006
0.9621871294495955
0.9519278435913355
0.9408553822868059
0.9291213204909425
0.9168560091373557
0.9041708935765717
0.8911614198588451
0.8779095600373192
0.8644854492222794
0.8509486396194094
0.8542426922896494
0.8937391571475316
0.9249880716609435
0.9491676630544352
0.9672946961524126
0.9802460048699331
0.9887775971639576
0.9935416428611858
0.9951001435210224
0.993937552197961
0.9904713085426058
0.9850610057837647
0.9780163086667654
0.9696037866903195
0.9600528147918268
0.9495607849322696
0.9382970852962205
0.9264072542044216
0.9140165666376646
0.9012323520835289
0.8881462451027929
0.8748369034423497
0.8613716971773794
0.8478079526698719
0.8619669860955453
0.8999118469067514
0.9298299923262765
0.9528694942963218
0.9700209963940809
0.9821384118529487
0.9899586342694753
0.994116618381605
0.9951599508439211
0.9935605234604858
0.9897249327282208
0.9840034124354137
0.9766975486262636
0.9680669378525889
0.9583349753454461
0.9476936207158391
0.936308216431981
0.9243202083896982
0.9118513813532911
0.8990063287821094
0.8858743128193237
0.8725317042021163
0.8590439794301615
0.8454669926876988
0.8698099241494665
0.9057216229964344
0.9339016738271337
0.9554579431184779
0.9713455158185827
0.9823883285370634
0.9892971303130531
0.992684082146051
0.9930774192616652
0.990932216293687
0.9866405543578475
0.9805401399012854
0.9729217474261751
0.9640356432754932
0.9540972280021792
0.9432912912831528
0.93177743559405
0.9196919561990219
0.9071520072920033
0.8942583035872628
0.8810969848484939
0.8677414817692615
0.8542547477303575
0.840690515823969
0.8754090123377954
0.910045657913881
0.937134250772965
0.9577571913773802
0.9728478095731183
0.9832114943219264
0.9895424611203677
0.992439007128738
0.9924172610008615
0.9899218578401682
0.985335867599329
0.9789892198149152
0.9711659767737412
0.9621106117599101
0.9520335968785759
0.9411152586948296
0.9295114168348785
0.9173555053001431
0.9047617039146615
0.8918282006310262
0.878639209328738
0.8652664780867695
0.8517712931928235
0.8410854445750963
0.8826356152278865
0.9156529884613657
0.9413551516601533
0.9607921254503146
0.9748700738480772
0.9843701851674472
0.9899662000381965
0.9922387793977785
0.9916886239289158
0.9887471295587867
0.9837859384786625
0.9771251171938962
0.9690402151793402
0.9597683586119252
0.9495137037623397
0.9384511349195193
0.9267315177335288
0.9144844555030252
0.9018206559056726
0.8888351165240154
0.8756093985130471
0.8622131712523801
0.8487057167261586
0.8493436692683657
0.889564591848276
0.9214380049084626
0.9461558585526718
0.9647466178439743
0.9780974080891428
0.986972972615049
0.9920330948854165
0.9938463297164202
0.9929027954269278
0.9896248200476756
0.9843762173129884
0.9774702958204157
0.9691767710291104
0.9597277328131061
0.9493229374168305
0.9381337465124819
0.9263074858186773
0.9139709544013608
0.9012327481931705
0.888185630754446
0.8749092470987112
0.8614718073767594
0.8479313407369573
0.8593938530818499
0.8976899147027869
0.9279113633979289
0.9512127032159071
0.9685902999096732
0.9809029611833744
0.9888917053992629
0.9931952439121635
0.9943642563146293
0.9928733485119151
0.9891314604855914
0.9834908493553778
0.9762548481925581
0.967684562018702
0.9580046743765901
0.9474083425251767
0.9360617646702001
0.9241072675027188
0.911667404366152
0.8988473794832169
0.885736943739161
0.8724129712950164
0.8589413582286216
0.8453782826769912
0.8673634847086793
0.9039715609889752
0.9327462885766782
0.9548094821187425
0.9711284182597563
0.9825373860983747
0.9897561939312925
0.9934047905804891
0.9940181139490086
0.99205703608299
0.9879186418249573
0.9819449559468472
0.9744304796566362
0.9656286952224009
0.9557577684311246
0.9450049137805271
0.9335317784245374
0.9214764150814266
0.9089575446851975
0.8960772182848785
0.8829226894244593
0.8695683811534473
0.8560780903815031
0.8425063103341972
0.874595923881931
0.909490149374958
0.93679840530777
0.9576084436508254
0.9728580097830677
0.9833563845761659
0.9898011911447672
0.9927935749292938
0.9928521811034061
0.9904238034950119
0.9858933751949026
0.9795924334267129
0.9718064278489915
0.9627810289258344
0.9527277264009666
0.9418277580519262
0.9302377586602693
0.9180917252081428
0.9055044450604056
0.8925746389081998
0.8793869342292485
0.8660133986762707
0.8525156698963721
0.8389644586916244
0.8812189512183733
0.9148368806437387
0.9410501465643336
0.9609211466410201
0.9753666338083833
0.9851770942732495
0.9910341670543883
0.9935253506467142
0.9931572854827596
0.9903664757348476
0.9855289720126821
0.9789686449063321
0.9709643263466256
0.9617559746203809
0.9515501895253643
0.9405239443219775
0.9288299693215932
0.9165994112402724
0.903944299541622
0.8909608270969159
0.8777315722236264
0.8643270443707768
0.850807207913345
0.8485432145205255
0.8887325026620976
0.9205811530890882
0.9452802191684471
0.963857167614603
0.977198512923063
0.986068317383829
0.9911258139631155
0.9929390746453958
0.9919978265993118
0.9887240478683877
0.9834812507379346
0.9765824841956436
0.9682972402756593
0.9588574166227818
0.9484626338203118
0.9372840098546112
0.9254688500954833
0.9131438785049019
0.9004174896433742
0.8873824052835533
0.874118251527733
0.8606931689509646
0.8471650931311555
0.8559631775366184
0.8947304995050112
0.9253588473189176
0.9490114482205723
0.9666922693264679
0.9792667364416177
0.9874814308655594
0.9919800510544922
0.9933174590088274
0.9919719057860946
0.9883554787405838
0.982823152459158
0.9756806063687397
0.9671909714241581
0.9575806707910111
0.9470444275754858
0.9357496480368239
0.9238398295531052
0.9114385307186074
0.8986517732909196
0.8855700016745395
0.8722707466626848
0.8588204553761618
0.8452757508491663
0.8645338164977225
0.9013534005902433
0.9303139937266245
0.9525407357823406
0.9690040338444685
0.9805406366316545
0.9878725993167768
0.9916218437247554
0.992324931759125
0.990444169520453
0.9863778810524658
0.9804691618311846
0.9730134384764058
0.9642649932233424
0.9544426627728916
0.9437343360238598
0.9323020997078465
0.9202844335103411
0.9078005081031018
0.8949527270498935
0.8818285621550345
0.8685027116604973
0.8550392281116396
0.8414927703280782
0.8710880973774777
0.9063989606312983
0.9340680459841442
0.9551907999494516
0.9707114810836914
0.9814449881733076
0.9880939094785202
0.9912635661763584
0.9914762575273842
0.9891819254257905
0.9847682214760324
0.9785690302857247
0.9708718286687242
0.9619240377616868
0.951938644033763
0.9410982182838606
0.9295605491490645
0.9174605220050934
0.9049138079365554
0.8920198855172955
0.8788639887595114
0.8655186989205192
0.8520461496016114
0.8384994252142893
0.8778255837308847
0.9113875879010207
0.9375620145709359
0.957408864651228
0.9718425743716588
0.9816519020628478
0.9875168237539512
0.9900234119304582
0.9896771445919919
0.9869134977513003
0.9821076371278001
0.9755826717918956
0.9676167788862718
0.958449354042512
0.9482865042822184
0.9373047742069194
0.9256566327147049
0.9134728333171076
0.9008651159175161
0.8879295182911064
0.8747484498616975
0.8613921782736862
0.8479205759739564
0.8429808363543315
0.8840819860719212
0.9167151758635058
0.9420889472352336
0.9612457501112076
0.9750851408737595
0.9843824013674818
0.9898064404497908
0.991933689405498
0.9912611054807784
0.9882169009548435
0.9831699701629092
0.9764380083299354
0.968294518450175
0.9589748606202181
0.9486816492710883
0.9375885657587131
0.9258451589617777
0.9135800769819816
0.9009033600521148
0.8879091663799008
0.8746783611401824
0.8612801554267693
0.8477733902515825
0.8538184287218692
0.8928810808394664
0.9237644130731342
0.9476371386566649
0.9655079321610245
0.9782464434006284
0.986602680881741
0.9912235032730217
0.9926663852845518
0.9914118631265526
0.9878739972563816
0.9824094658382194
0.9753254192236679
0.9668862584207094
0.9573194934841696
0.9468208593494143
0.9355584546970764
0.9236765531745692
0.911299364669829
0.8985333890023957
0.8854694995507676
0.8721856612463292
0.8587486723392336
0.8452154085637288
0.8620558117991266
0.8996105047543225
0.9291986112123256
0.9519599975444524
0.9688779825457933
0.9808003060193267
0.9884585536251832
0.9924829388929197
0.9934171028751454
0.991729487968525
0.987823714364426
0.9820474481887794
0.9747000604531426
0.9660392370965554
0.9562867427949269
0.9456330372295738
0.9342423480744614
0.9222550417866264
0.9097919410286587
0.8969568557327204
0.8838384372806127
0.87051244011497
0.8570438177368067
0.8434880124685197
0.870407945322642
0.9059493327685492
0.9338149157009816
0.9551048716346783
0.9707675307235504
0.9816211901014753
0.9883715514989537
0.991626501475303
0.9919105861083494
0.9896756868544052
0.9853111292798745
0.9791522423576507
0.9714877493019938
0.9625661467596377
0.9526013276622629
0.941776712275216
0.9302507878199686
0.9181589358168266
0.9056174065158067
0.8927261594370525
0.8795707627488822
0.8662241055808718
0.8527486474625464
0.8391977191074116
0.8762382099935023
0.9103352015272596
0.9369656896566937
0.9572006717366582
0.9719638584877609
0.9820521919074457
0.9881526286117273
0.9908572487508494
0.9906767633469079
0.9880511478223265
0.9833594511160769
0.9769281333423832
0.969038263394584
0.959931732128115
0.9498167929442607
0.9388718460746986
0.9272510091961751
0.9150863584447043
0.9024908279811547
0.8895615133659144
0.8763817142332125
0.8630224272278078
0.8495442438887303
0.8417491218475005
0.8831891780855551
0.9161118490818269
0.9417325602872306
0.9610995433526759
0.9751174458933998
0.984565982383879
0.9901177908664074
0.992352546372406
0.9917700456139384
0.9888009304669775
0.9838161921476191
0.9771353353785064
0.9690334246666066
0.9597471675268364
0.9494803542545329
0.938407606201747
0.9266794231247403
0.9144252019856105
0.9017555362873425
0.8887651859264049
0.8755355280152035
0.8621361589588457
0.8486261837344454
0.852046814658778
0.8918814403966989
0.923421639294803
0.9478520396821006
0.9661949728706565
0.9793320210648498
0.9880233459961261
0.9929246715458513
0.9946010785442246
0.9935396770701457
0.9901602008335865
0.9848242236397803
0.977843120141854
0.9694849360413834
0.9599803227323256
0.9495277518479962
0.9382976099379626
0.9264362199245213
0.9140695471787365
0.9013055668104341
0.8882364400686045
0.8749412603728768
0.8614877891137485
0.847933712753518
0.8620707331557887
0.8999664426768289
0.929842790114623
0.9528468279937962
0.9699683259938675
0.9820604403341228
0.9898594080261557
0.993999624884238
0.995028188796377
0.9934165716011291
0.9895710073743579
0.9838414171575578
0.9765291171413079
0.9678934710571625
0.9581576722816678
0.9475135121047372
0.9361261761250431
0.9241369837635377
0.9116676118982752
0.8988225576238796
0.8856909965148686
0.8723492307582023
0.8588626776518883
0.8452871356861914
0.8699152977809527
0.9061988402638004
0.9346928926148571
0.9565133631964813
0.9726222404162699
0.9838494701502337
0.9909109461808883
0.9944232812606821
0.9949185596762103
0.9928551727905942
0.9886280633778164
0.9825774067439935
0.9749961070667083
0.9661362675271161
0.9562148815160969
0.9454180783240744
0.9339066527235139
0.921817939492466
0.9092699395778313
0.8963641088746968
0.883187264181311
0.8698133931745186
0.856305906869518
0.8427189651916519
0.8773080369876556
0.9118141555508638
0.9387876844995054
0.9593089715319973
0.9743095455368858
0.9845932540293493
0.990852983971644
0.993685872138072
0.9936070538091952
0.9910603032951678
0.9864279466095476
0.9800392702084563
0.9721777804397619
0.9630874699078003
0.9529783912833276
0.9420305158746073
0.9303993650202773
0.9182180783246473
0.9056006100774976
0.8926449574137424
0.8794351576368081
0.8660427912637072
0.8525290288518839
0.8418268784530871
0.8833858093601007
0.916408735770422
0.9421137200649973
0.9615511920309936
0.9756276676476136
0.9851246402054189
0.9907161115185762
0.9929829675218066
0.9924261031800247
0.9894770813038551
0.9845076875863613
0.9778381118563589
0.9697440095023068
0.960462597592846
0.9501981104224575
0.9391254982483913
0.9273956853249002
0.9151383232742996
0.9024641601356277
0.8894682299104741
0.8762321244842278
0.862825537547535
0.8493077730968221
0.8498604327301036
0.889786934298585
0.9214102206812074
0.9459161310963938
0.9643278215782057
0.9775278764456026
0.9862770892303067
0.9912318453037641
0.9929577637150802
0.9919424326821432
0.9886059951497106
0.9833103793650624
0.9763672670913683
0.9680449702726054
0.9585743680322093
0.94815418083522
0.9369548422040376
0.9251229270144278
0.9127845744706463
0.9000477745640392
0.887004800677008
0.8737348828126469
0.8603058593424162
0.8467754295893694
0.8581405409684923
0.896223754312506
0.9262684439031775
0.9494240507888662
0.9666825786420196
0.9788990758307141
0.9868112996075828
0.9910551721526816
0.9921789496317664
0.9906551523956395
0.9868909217851655
0.9812369639558325
0.9739952748372959
0.9654258068981191
0.9557522480624614
0.9451669130769228
0.9338352407960447
0.9218989338630137
0.909480007686778
0.8966831916073672
0.8835978241066387
0.8703004405037431
0.8568566431016472
0.8433223455713507
0.8656765026707249
0.9027935761146783
0.9320026891528357
0.9544359695168452
0.9710695222304515
0.9827453423032674
0.9901898329928801
0.9940286398048014
0.9948016393393992
0.9929739566703846
0.9889463473155891
0.983064004055918
0.9756241620144561
0.9668826625723782
0.9570597206677206
0.9463442637434741
0.9348994845773433
0.9228647748303431
0.9103599395590605
0.8974879841224894
0.8843370465009837
0.870982267204627
0.8574880265115591
0.8439093861293538
0.876056088188969
0.9110094127377454
0.938363972190963
0.9592093529604421
0.9744848814195948
0.9850012029177472
0.9914571172609343
0.9944547832801263
0.9945137207726487
0.9920814769776842
0.9875436340933181
0.9812322884176188
0.9734333709748554
0.964392966522782
0.9543229213405787
0.9434047790652048
0.9317954389030056
0.9196291231125806
0.9070208129894164
0.8940693960103738
0.8808596422668122
0.867463740658181
0.8539434332140683