0
0.06586095139911959
0.18734740597125746
0.35566281151120027
0.5632341448619804
0.8035445255938163
1.0709883874607722
1.360746694305794
1.6686793796069392
1.9912319293910417
2.325355333667201
2.6684361969952617
3.018237322340902
3.3728458745748235
3.730628738299608
4.090193975615466
4.4503575516000815
4.8101145944849835
5.168614585213122
5.525139970285988
5.879087804206961
6.2299533530667315
6.577317181430802
6.920832466386617
7.260215022194774
7.595234761692264
7.925707595996989
8.251489032438242
8.572468687410385
8.888565085031289
9.199721552469509
9.505902697633891
9.807091073636522
10.103284551254106
10.394494088738771
10.680741478498598
10.962057888684653
11.238482176101133
11.510059694937665
11.776841191375974
12.038881790319431
12.296240287010457
12.548978322553182
12.79715990400436
13.040850788285812
13.280118115519505
13.515029987888532
13.74565516516426
13.972062794809913
14.19432215859278
14.412502507499264
14.626672846571829
14.836901843475049
15.04325767334273
15.245807936265905
15.444619571846774
15.639758782474932
15.831290991109961
16.019280778909394
16.203791864821174
16.38488706273443
16.562628269843806
16.737076443339095
16.908291592450855
17.076332769825505
17.241258067603553
17.403124616991644
17.561988590093993
17.717905202729693
17.870928722449737
18.021112472308452
18.16850884391422
18.34874389184813
18.58087798898213
18.85640254609907
19.16799736512892
19.50936770639275
19.875103920509815
20.260560112965145
20.66174927369229
21.075252855017336
21.49814282384489
21.927914145339628
22.362426574457444
22.79985442881799
23.23864322522745
23.677472377764147
24.11522240069953
24.55094756774619
24.98385170687368
25.413267228733627
25.83863719027245
26.25949990421472
26.67547561457006
27.086254958116644
27.491588922841963
27.89128027502424
28.285176212411564
28.673161981445936
29.055155301384623
29.431101571218488
29.800970056750405
30.16474991516867
30.52244755923237
30.87408378388317
31.21969156488539
31.559314221219047
31.893003543346733
32.22081854762591
32.542824105765646
32.8590899236429
33.16968966374288
33.474700076025364
33.774200426293206
34.0682717975811
34.356996737206885
34.64045869962786
34.91874180481249
35.191930428996116
35.460109033019634
35.723361865164634
35.98177283979516
36.23542532448359
36.48440205503219
36.728784985924705
36.96865523166943
37.20409296453621
37.43517737504477
37.66198660483353
37.88459772113074
38.1030866755412
38.31752828934034
38.52799622984981
38.73456300303241
38.93729994706045
39.13627722837101
39.331563842073265
39.52322761746942
39.71133522300105
39.89595217200752
40.07714283834801
40.25497046035532
40.42949715857127
40.61002967430511
40.84616117103443
41.12880827435455
41.45015581446293
41.80348300006868
42.183013496776105
42.583785962684814
43.00154235926866
43.432631260906476
43.87392459658364
44.32274576116809
44.77680753586253
45.23415855487246
45.69313676114084
46.15232953263037
46.61053927714086
47.066753694789064
47.52012008363386
47.96992309464416
48.41556551765819
48.856551807591906
49.29247385700002
49.72299870695187
50.14785801250692
50.56683853168991
50.97977451737838
51.38654105235717
51.78704765450865
52.181233719066796
52.569063881050084
52.950524204718754
53.32561918786811
53.6943686692109
54.056805589413656
54.41297392088105
54.7629267479343
55.1067248849966
55.44443546524009
55.776130779338004
56.10188739861797
56.42178522326848
56.73590687316109
57.044336962582264
57.34716167825282
57.644468229280214
57.936344554680865
58.22287891174
58.50415967272913
58.78027502215709
59.051312814803275
59.31736035773652
59.578504310744464
59.83483053349107
60.08642401580107
60.333368774053206
60.57574780515654
60.81364301047391
61.04713517689612
61.27630392742708
61.50122770141631
61.72198373874742
61.93864806176821
62.15129547247591
62.359999547176336
62.564832636803715
62.76586587068668
62.9631691638486
63.156811221126134
63.34685955324461
63.533380482777005
63.716439159445976
63.89609957352571
64.11646223571714
64.38694409314671
64.69921091484304
65.04609420663681
65.42143167158414
65.8199290775988
66.23704144712579
66.66887008487544
67.11207392785158
67.56379292138934
68.02158183432233
68.48335316751978
68.94732786643624
69.41199277001846
69.87606402109338
70.3384548571983
70.79824878754066
71.25467587897131
71.70709217681481
72.15496207753513
72.59784324441986
73.03537354393801
73.467259725686
73.8932675621811
74.31321344620208
74.72695718584022
75.13439576713326
75.53545781483783
75.9300989902699
76.3182981714102
76.70005359148595
77.07538027786786
77.44430716407031
77.80687502271576
78.16313458584708
78.51314475882947
78.85697139881884
79.19468593416995
79.5263644227884
79.85208663721308
80.17193525314633
80.48599528223774
80.79435337289115
81.097097489744
81.39431635073348
81.6860992045757
81.97253542493695
82.25371434625742
82.52972497617158
82.80065587405053
83.06659495101121
83.3276293805153
83.58384546274904
83.83532855973621
84.08216300638172
84.32443206468557
84.5622178682102
84.79560139136846
85.02466241749224
85.24947952032898
85.47013004836306
85.6866901145881
85.89923459406096
86.1078371222008
86.3125700962126
86.5135046805656
86.71071081748629
86.9042572303915
87.09421144123417
87.28063977888267
87.46360739459608
87.66141371657464
87.91321004611828
88.21011882268299
88.54450279059458
88.90979510094392
89.30035252960472
89.71132892712407
90.13856603888414
90.57849865540993
91.02807349812956
91.48467876545307
91.94608338930016
92.41038459517631
92.87596263156168
93.34144169109528
93.80565615837172
94.26762154242748
94.72650915938539
95.18162459317782
95.63238903598952
96.07832311101386
96.51903277869881
96.95419733574589
97.38355909677966
97.8069144588583
98.22410614492632
98.63501653732088
99.03956167957386
99.43768689170837
99.82936185025761
100.2145773877409
100.59334207416121
100.9656794792727
101.33162599990389
101.6912285594816
102.04454311078851
102.39163297034047
102.7325675790938
103.06742143612556
103.39627304027536
103.71920418763132
104.03629918141368
104.34764427430973
104.65332712722862
104.95343641026389
105.24806137630765
105.53729159399833
105.82121662477755
106.09992584232658
106.37350819191765
106.64205206936366
106.90564514515573
107.16437428435127
107.41832542146535
107.66758350834716
107.91223242843688
108.15235496380586
108.38803273962618
108.61934620439024
108.84637459726592
109.06919593785683
109.28788700967235
109.50252335637528
109.71317927917848
109.91992783849174
110.12284085531314
110.32198892172325
110.51744140806504
110.7092664705977
110.89753106910521
111.08230097420133
111.26364078743472
111.49371805401216
111.77248253440777
112.0917975432296
112.4446650355185
112.82506992645835
113.22784504058694
113.64855502493475
114.0833958620788
114.52910819804266
114.98290246769453
115.44239427722671
115.90554862985272
116.37063177554052
116.83616964224696
117.30091209794612
117.76380147706945
118.22394635802392
118.68059842808057
119.13313239923288
119.58102874956641
120.02385899377818
120.46127292884711
120.8929875838238
121.31877758892644
121.73846695660936
122.15192204918203
122.55904548083004
122.95977072803659
123.35405760622297
123.74188856298353
124.12326489208903
124.4982042388951
124.8667377791927
125.22890820010305
125.58476786534793
125.93437707087011
126.27780285395671
126.61511764236107
126.94639833979417
127.27172542803623
127.59118217923877
127.90485410082239
128.21282825302058
128.51519293735038
128.8120371475551
129.10345035196778
129.38952209978672
129.6703418588767
129.94599873867043
130.21658136890628
130.48217770851377
130.74287495546926
130.99875941847233
131.24991645098464
131.49643036805114
131.73838439950487
131.9758606387991
132.2089400115847
132.43770224687137
132.66222585816914
132.88258812993067
133.09886510750664
133.31113159532322
133.51946115617287
133.72392611315394
133.92459755487903
134.12154534735862
134.31483813738467
134.5045433694208
134.6907272952751
134.87345498951794
135.07986263375358
135.3390042293469
135.642175294124
135.98188795937577
136.35170423760312
136.7460923259049
137.1603021206797
137.5902583137754
138.032467245201
138.48393743582358
138.94211042392905
139.4048011752885
139.87014663934914
140.3365613266323
140.80269900629585
141.26741943679284
141.72976020943233
142.1889116650226
142.64419573350204
143.09504766681655
143.54100021776088
143.98166987494233
144.41674497853845
144.84597560652048
145.26916482610724
145.68616111900604
146.0968518603829
146.50115733783173
146.8990265103379
147.29043225055406
147.6753680280978
148.0538447795541
148.4258880281215
148.79153586769274
149.1508366848163
149.50384764002987
149.8506331266359
150.19126346036677
150.52581390392695
150.85436359719574
151.17699486308754
151.4937924688289
151.80484302551739
152.11023452131244
152.41005586726666
152.7043965356441
152.9933462517813
153.27699471682925
153.55543139927852
153.828745325592
154.0970249410398
154.360357954548
154.61883124755326
154.87253076201384
155.12154144217118
155.3659471566702
155.6058306627291
155.8412735549891
156.0723562448407
156.2991579300147
156.5217565845193
156.74022894285753
156.95465049739818
157.1650954958855
157.3716369434765
157.574346604505
157.77329501424174
157.96855148441028
158.16018411335892
158.34825980207253
158.53284426276883
158.71402151865215
158.9521275922171
159.23787120960853
159.56325813902762
159.92141340171176
160.3064280905397
160.71322688399638
161.13745360897948
161.57537273803172
162.0237839957972
162.4799488419242
162.94152696375957
163.40652144732007
163.87323144365462
164.34021130565426
164.80623545751075
165.2702675041615
165.73143429889384
166.18900329720208
166.64236294175814
167.09100558445368
167.5345129598512
167.9725436754091
168.40482237788137
168.8311303414961
169.25129731299543
169.66519461374517
170.07272906044793
170.47383793373803
170.86848420295232
171.25665311864256
171.63834840476724
172.01358975786465
172.3824102155164
172.74485400841095
173.10097489123234
173.45083435266832
173.79450045356324
174.1320465465427
174.46355030771994
174.78909292206495
175.10875826291712
175.42263236291987
175.73080275181343
176.03335813791156
176.33038787648948
176.62198175524034
176.9082296044598
177.1892211450341
177.46504570768488
177.73579212460808
178.00154853149022
178.2624022901075
178.5184398526668
178.7697467068283
179.0164072861763
179.2585049320269
179.49612183749792
179.72933902223767
179.95823630053673
180.18289226646314
180.40338427855167
180.6197884521707
180.83217965730628
181.0406315188074
181.24521641791577
181.44600549939
181.64306868207453
181.83647466299084
182.0262909355847
182.21258379762637
182.39541836905127
182.61053576497366
182.87706342542634
183.18648010615595
183.53145616250484
183.90569011427496
184.303767988163
184.72104145971633
185.1535229015228
185.59779444515877
186.05092999456807
186.51042750347003
186.97415060238788
187.440278197908
187.90726098473414
188.37378398575115
188.83873379867723
189.30117120761832
189.76030664251104
190.21547928302905
190.66613920035016
191.11183188898204
191.55218486103
191.98689596312275
192.41572341988427
192.8384772840559
193.25501203306567
193.66522022839084
194.06902660675664
194.466383864587
194.85726819030543
195.2416757745793
195.61961996096142
195.99112828611104
196.356240542681
196.7150066020013
197.06748482962422
197.41374067983244
197.75384533301673
198.08787477793285
198.41590877087233
198.73803012274882
199.05432402354384
199.3648774010954
199.6697785224619
199.96911649235773
200.26298095145276
200.55146173063213
200.83464861822358
201.11263112424461
201.38549830304603
201.65333859515752
201.91623969448338
202.17428844458357
202.42757074171158
202.67617146878382
202.92017442715752
203.1596622964283
203.39471658912433
203.62541762798728
203.85184451884072
204.07407513989563
204.29218612744913
204.5062528738898
204.7163495256097
204.92254898526576
205.124922914236
205.3235417451628
205.51847468622734
205.7097897337531
205.89755368630222
206.0818321552244
206.27192412913158
206.5173662220319
206.80908945707193
207.13929139125415
207.50126263723493
207.88923697580938
208.2982622787246
208.72408867215987
209.1630721657179
209.61209145367008
210.06847608224987
210.52994442708751
210.99455014757282
211.4606359615276
211.92679373936198
212.39183015646998
212.85473668010806
213.31466403242015
213.77090014684018
214.2228510771098
214.67002437197667
215.11201476251694
215.54849196177938
215.9791901043685
216.4038985996622
216.8224541605761
217.2347340389933
217.64065000315696
218.04014366286077
218.43318156876043
218.81975198496346
219.1998612221457
219.57353105840087
219.9407963343143
220.30170271676818
220.65630514728676
221.00466608548757
221.34685433390283
221.68294385656208
222.01301276595098
222.3371425763856
222.65541738445086
222.96792334184758
223.27474804141065
223.57598017135356
223.87170902565057
224.16202427394927
224.44701559672873
224.72677252734525
225.00138418481893
225.27093916542972
225.53552535092913
225.79522983441663
226.05013878645477
226.3003374047712
226.5459098242804
226.78693908359247
227.02350706791802
227.25569448770307
227.48358084571285
227.7072444249999
227.92676227283803
228.14221019510492
228.35366275389262
228.5611932686126
228.7648738173603
228.9647752456845
229.16096717582678
229.3535180120446
229.54249495912362
229.7279640295672
229.90999006288658
230.13264338114863
230.4053351629027
230.71973786447367
231.06868892938826
231.44603115487672
231.84647485504004
232.26547905923215
232.69914858568512
233.14414543121163
233.5976123034771
234.05710643821928
234.52054252992002
234.98614348115956
235.45239788351054
235.91802343222787
236.38193478055115
236.8432167880444
237.30110071175184
237.75494361832114
238.2042108851739
238.64846110819175
239.08733303121403
239.52053418037602
239.94783103685975
240.36904068064212
240.7840235696109
241.19267734995648
241.59493114758828
241.9907412445855
242.38008699105848
242.7629671349182
243.13939720198732
243.5094065528014
243.8730364402521
244.23033799290326
244.58137054321006
244.92620035036757
245.26489921785125
245.59754359740717
245.92421361045186
246.24499229835862
246.5599650141256
246.869218748769
247.17284178975655
247.4709231832992
247.76355248508375
248.05081938249026
248.33281350344774
248.6096241552165
248.88134017877914
249.14804977150055
249.40984037768027
249.6667985711287
249.91900997470538
250.1665591850876
250.40952971566793
250.64800395067067
250.88206310688287
251.11178720787998
251.33725506099216
251.55854424527365
251.7757310991972
251.98889071891335
252.19809695673163
252.40342242331218
252.60493849132445
252.80271530798606
252.99682179853778
253.18732568124742
253.3742934791842
253.55779053318705
253.75615728238932
254.0086327184208
254.30631945466382
254.64156318227816
255.00778235403754
255.39932119980872
255.8113227272881
256.23961943386206
256.68063813371543
257.13131875276974
257.58904368403404
258.0515769068559
258.5170114289202
258.9837239105859
259.4503355037329
259.9156779392238
260.3787646104812
260.8387650343642
261.294983258886
261.746839181089
262.1938523668764
262.6356279552783
263.07184456062
263.5022439390983
263.9266220424596
264.3448212691101
264.756723788537
265.16224546422427
265.56133150906265
265.9539515875974
266.34009649373195
266.71977487881855
267.09301036616034
267.4598394618331
267.8203092258325
268.17447573912517
268.5224025010222
268.86415911477513
269.1998202741802
269.52946467511913
269.85317430913625
270.1710336986871
270.483129295265
270.7895489883741
271.0903816535025
271.3857167712418
271.6756441203073
271.9602534868995
272.23963445628607
272.51387619423684
272.78306730727195
273.04729568124395
273.3066483893007
273.56121157564945
273.81107039635293
274.0563089385666
274.297010183812
274.5332559548498
274.76512689425476
274.99270243262606
275.21606077798236
275.43527889886167
275.650432521411
275.8615961262191
276.0688429497963
276.2722449862214
276.47187299835747
276.6677965231287
276.860083881589
277.0488021949681
277.23401739321343
277.41579423188386
277.6464500225603
277.9259343527456
278.2460871452751
278.59989023276245
278.981311231493
279.3851681028152
279.8070127308461
280.2430301503236
280.68995162319527
281.14497954915504
281.60572266325624
282.07014010140654
282.5364931117978
283.003303366743
283.4693171222772
283.9334736542387
284.3948789587327
284.85278255211375
285.30655733098865
285.7556822615347
286.19972760766683
286.6383421404088
287.0712420565919
287.49820132080407
287.9190434215452
288.33363431906173
288.74187632858167
289.1437027195047
289.5390731731807
289.92797007046573
290.3103946920887
290.68636471700535
291.0559113951731
291.4190775197082
291.7759155896732
292.1264860587301
292.47085614149114
292.809098459315
293.1412901219304
293.46751182837295
293.7878470758601
294.1023816037145
294.41120270875575
294.7143989329661
295.0120595126589
295.3042741605078
295.5911326703249
295.87272475479074
296.14913976714473
296.42046657997673
296.68679339317043
296.94820764385975
297.2047958774008
297.4566436815144
297.7038356026042
297.9464550990473
298.1845844896874
298.4183049224726
298.64769634540824
298.8728374877354
299.09380584625836
299.3106776753131
299.5235279849231
299.7324305400839
299.93745786268937
300.1386812367962
300.3361707204905
300.52999514928587
300.72022215310494
300.90691816591055
301.0901484412186
301.2970075557318
301.55650494150836
301.859949814356
302.1998661210987
302.5698260661552
302.96430663341164
303.378565295522
303.80853327662186
304.2507225452843
304.702146471383
305.1602507695533
305.6228540013447
306.08809621112994
306.5543945728661
307.020405144382
307.484989656096
307.9471873873697
308.4061901261177
308.8613210454019
309.3120164633784
309.75781004544564
310.19831905630303
310.63323249847053
311.06230101505196
311.485328154086
311.9021628044997
312.3126926828809
312.71683836605496
313.1145490573659
313.5057978279058
313.8905783181657
314.2689015992075
314.6407933073241
315.00629162676984
315.36544501374044
315.7183106855634
316.06495307488655
316.405442527726
316.73985432574233
317.0682676189764
317.3907647344861
317.70743043545855
318.01835132610785
318.32361538066533
318.6233114950042
318.91752912095075
319.20635796266737
319.48988769641375
319.76820776537636
320.0414071681769
320.3095743220416
320.5727969062071
320.8311617723555
321.0847548317088
321.3336609978037
321.577964108084
321.8177468886713
322.0530909029597
322.2840765312582
322.51078294030174
322.73328807331626
322.95166863430563
323.1660000853711
323.3763566443123
323.58281128673104
323.78543574775546
323.9843005337738
324.1794749281707
324.3710270012178
324.5590236263206
324.74353048853305