0
0.06451111040483114
0.18353529280357544
0.3484791208216886
0.5519435186213796
0.7875603814242496
1.0498512444312056
1.3341054667855423
1.636275264492314
1.9528845451647094
2.280950758590132
2.6179166839531667
2.961592452290725
3.3101049438484957
3.6618542140459787
4.015475873001015
4.369808606054368
4.723866117170612
5.076812914749625
5.427943435475281
5.776664120729501
6.122477420792084
6.464969181935989
6.803796238551388
7.138676718364975
7.469381679116558
7.79572718723005
8.117568099766768
8.434792684885338
8.747317534309714
9.055083578762948
9.358052631141694
9.656204123110726
9.94953255522802
10.23804530630009
10.521760425984485
10.800705228998323
11.07491461739841
11.344429946412065
11.609297913475027
11.869569592135063
12.125299719553965
12.376545900501005
12.623368133888242
12.86582820498538
13.103989334183176
13.337915752768266
13.567672415213885
13.793324723198788
14.014938284934521
14.232578745809448
14.446311581797477
14.656202001894941
14.862314803149694
15.064714279635782
15.26346414545457
15.458627451304158
15.650266546978761
15.83844301521192
16.023217652340595
16.204650424193492
16.382800453022984
16.5577259941719
16.72948442589131
16.89813224044452
17.063725038310515
17.226317526826584
17.38596352054461
17.542715942846588
17.696626832356422
17.84774734606025
17.99612776963561
18.17660695631991
18.407843872768897
18.681538678126078
18.990549781270584
19.32873527179154
19.69081583785019
20.072256708025535
20.46916540979143
20.878203724532476
21.29651154864834
21.72164117880362
22.151500608725303
22.58430457410013
23.01853228663192
23.452891094091232
23.88628450467939
24.31778543245259
24.746612705889433
25.172110736684065
25.593731891649405
26.01102147799251
26.423604776884698
26.83117582192048
27.233487659822483
27.63034391777952
28.021591656813968
28.407115050348455
28.78683023159783
29.160680284056916
29.528631729996274
29.89067062053087
30.246799860303877
30.597036580272484
30.941409816505917
31.279958827804563
31.61273123687561
31.939781777093913
32.261171032070834
32.57696435545024
32.887231070998894
33.19204360219583
33.49147689460857
33.78560777754545
34.07451456731259
34.358276565110245
34.6369737847367
34.91068657890901
35.179495448412226
35.44348076691708
35.70272264809725
35.95730074549058
36.2072941610067
36.45278130192105
36.69383981882664
36.930546505915146
37.162977259897275
37.39120701294116
37.61530970651993
37.835358248860544
38.05142450019487
38.26357924610625
38.47189219144645
38.67643195069284
38.87726604288164
39.07446089145742
39.26808182767407
39.45819309343198
39.644857847379456
39.828138177126974
40.008095103132945
40.184788593290605
40.367315060647286
40.60416491219205
40.88648158541865
41.20664408833183
41.55809782491785
41.93520834643867
42.333135436498196
42.74772419342471
43.17541076470363
43.613141406058176
44.05830235729606
44.50865934280669
44.9623053407282
45.41761549187529
45.87320817354287
46.32791142445021
46.780733868037444
47.2308396003731
47.67752671857616
48.1202087199081
48.55839836275011
48.991693631904894
49.419765804392796
49.84234916018692
50.25923207336333
50.67024927117719
51.07527519670157
51.47421804937787
51.8670153848138
52.25362921898871
52.634042855018066
53.00825743676751
53.376289256619806
53.73816755847404
54.093932256011605
54.44363243846838
54.78732469565851
55.125071894863375
55.45694210173831
55.78300753038263
56.10334383796012
56.41802933051858
56.72714441070647
57.03077102655646
57.328992279289515
57.621891987440975
57.90955442400002
58.19206398604676
58.46950501620098
58.7419615560204
59.00951722549249
59.27225504222933
59.530257340939635
59.783605644061815
60.03238060863641
60.27666193675727
60.51652834127688
60.75205748676771
60.983325968248685
61.21040927523081
61.43338178005446
61.652316717860266
61.86728618138081
62.07836111612155
62.285611318731235
62.489105437725854
62.68891098040805
62.88509431857194
63.07772069431578
63.2668542350777
63.452557959331365
63.63489379426085
63.856979112941076
64.12804231093871
64.43995577611629
64.78572794023863
65.15934781609057
65.55565009600697
65.9701997759993
66.39919183949897
66.83936467450292
67.28792542339897
67.74248558683479
68.201005612258
68.66174626424748
69.1232276700434
69.58419346605973
70.04357989437176
70.5004890239035
70.95416568363481
71.40397765437653
71.84939855051668
72.28999302809616
72.7254040044276
73.15534169534983
73.5795736407591
73.99791725184414
74.41023221431341
74.81641440181168
75.21639097139337
75.61011533892429
75.99756358468663
76.3787310350103
76.75362917318787
77.12228338273478
77.48473060088587
77.84101750724952
78.19119900543386
78.53533670906045
78.87349787007366
79.20575427378019
79.53218144651062
79.85285783982692
80.16786422623075
80.47728312855091
80.78119835211935
81.07969458916386
81.37285705924842
81.66077123737506
81.94352258074962
82.22119634370706
82.49387737306878
82.76164998354893
83.02459780746312
83.2828037119806
83.53634969165107
83.78531681636764
84.02978515193512
84.26983372863718
84.50554050074912
84.73698230985904
84.96423487454483
85.1873727644277
85.40646939541294
85.62159702205956
85.8328267350418
86.04022846185137
86.2438709725462
86.44382188227318
86.64014766259058
86.83291364991676
87.02218405478371
87.2080219759315
87.4083205471978
87.66137916308642
87.95853906891912
88.29235036820539
88.65640646771308
89.04520100146982
89.45400457687066
89.87875829166288
90.3159814018847
90.76269219634123
91.21633936154318
91.6747427857326
92.13604245415948
92.59865433071661
93.06123227131921
93.52263519371603
93.98189857956869
94.43820994460329
94.89088783367717
95.33936362019314
95.78316568837184
96.22190571166558
96.65526699732969
97.08299441763167
97.50488568968555
97.92078378033904
98.33057042674066
98.7341603494577
99.13149687558253
99.52254718656042
99.90729925314645
100.28575836427896
100.6579446134667
101.02389064921644
101.38363950417404
101.73724312802848
102.08476070943142
102.42625754360267
102.76180391394526
103.09147411375491
103.4153457378806
103.73349889601631
104.04601570867406
104.35297971845122
104.65447556086582
104.95058849173012
105.24140417015411
105.52700830453131
105.80748650427415
106.08292401976199
106.35340564042124
106.6190155079344
106.87983704584778
107.13595282936684
107.38744453659596
107.63439286135944
107.87687747970794
108.11497699479496
108.348768914654
108.57832962037203
108.80373435285965
109.02505719710248
109.24237107504442
109.45574774305813
109.66525779136104
109.87097064520296
110.07295457108071
110.27127668599753
110.46600296117128
110.65719823807572
110.84492623605824
111.02924956851449
111.26117752442472
111.54068399773456
111.85983355004186
112.21180037573625
112.59071658934143
112.99154064536044
113.40994427027532
113.84221447957465
114.28516917046076
114.73608418305814
115.19263031299319
115.65281896551922
116.11495523815748
116.57759741582385
117.03952213687026
117.4996937311145
117.95723871977822
118.41142321030031
118.8616332735895
119.30735821272273
119.74817620302947
120.18374185082506
120.6137753909972
121.03805329849567
121.45640031690849
121.86868258766144
122.27480174450643
122.67468951234859
123.06830351737135
123.45562346420539
123.83664758049402
124.21139014943519
124.5798786984466
124.9421521385889
125.29825885484597
125.64825509929375
125.99220378122418
126.33017314328809
126.66223590933005
126.98846834783484
127.30894955842511
127.62376088879165
127.9329852925944
128.23670700069152
128.53501101077978
128.82798284335902
129.1157081865025
129.39827270538677
129.6757617993658
129.94826045438325
130.21585308007
130.47862339705716
130.73665433049067
130.9900279260238
131.23882528240975
131.48312649111645
131.72301059557878
131.95855555019574
132.18983819745486
132.41693424276193
132.63991824366045
132.8588635958566
133.07384253128203
133.28492611535432
133.49218424862642
133.695685668839
133.8954979619444
134.0916875659399
134.28431978200803
134.47345878691945
134.65916764402556
134.86796815516396
135.12827503080476
135.4316024366931
135.7706497220925
136.13913904310942
136.53167534995515
136.94362517923392
137.37101253251623
137.81042811683264
138.25895195001002
138.71408599552024
139.17369611913907
139.63596198049262
140.0993337718826
140.562494882933
141.02432957517573
141.48389539808733
141.94039883987338
142.3931747503366
142.8416685297341
143.28542069538273
143.72405342288917
144.15725903006455
144.58479012550978
145.00645107564281
145.42209060527634
145.83159542224257
146.23488444874226
146.63190467104454
147.02262642504922
147.40704031260998
147.7851539743543
148.156989430491
148.52258103195317
148.88197324509756
149.23521922254062
149.5823792131415
149.92351937049582
150.2587107366916
150.58802822582388
150.91154995379324
151.2293564784383
151.5415302692323
151.84815518202893
152.14931608465062
152.44509843844799
152.73558805103204
153.02087075709275
153.30103225284404
153.57615785702527
153.8463324005442
154.11164005135004
154.37216424133334
154.6279875416589
154.87919161470646
155.12585712870043
155.36806372661385
155.60588997093893
155.83941332426105
156.06871011673127
156.29385553525867
156.51492360692347
156.73198719388867
156.94511799051887
157.15438652361007
157.35986215345875
157.56161308163252
157.75970635891017
157.95420789026022
158.14518245103113
158.33269369429811
158.5168232119202
158.75656983508253
159.04287289122593
159.36793566774722
159.72505221322572
160.10845802098964
160.5132010239718
160.93503003256797
161.37029877059814
161.81588267368028
162.26910725787153
162.72768623736206
163.18966809812198
163.6533899747602
164.1174378319124
164.58061223111662
165.04189823133268
165.50044011158553
165.95551930820136
166.40653530086013
166.85298896522482
167.2944684150604
167.73063681180213
168.1612218059228
168.58600636035806
169.00482080156794
169.41753609612644
169.82405793046897
170.2243217869239
170.6182883086331
171.00593996617545
171.38727733837564
171.7623166920446
172.13108738741505
172.49362980945705
172.84999371973117
173.20023651614437
173.5444221045999
173.8826196324173
174.21490256161698
174.54134785607522
174.8620351890575
175.17704642563777
175.48646496653657
175.7903754461875
176.08886320360222
176.38201407725742
176.6699140193262
176.95264894706818
177.23030446733793
177.50296576741326
177.770717422721
178.03364331619042
178.291826507867
178.545349175702
178.79429253027212
179.03873677229168
179.27876103962447
179.51444337819427
179.74586071166004
179.9730888234482
180.19620234189608
180.4152747298505
180.63037828239533
180.84158412450302
181.0489622123349
181.25258133748525
181.45250913697862
181.64881209623806
181.84155556397062
182.0308037607933
182.21661979363017
182.4339317105071
182.70145179665417
183.01087394665228
183.3550527108088
183.72784413015833
184.12396872616566
184.53889288680327
184.96872658747833
185.410134886244
185.86026194075438
186.31666505899167
186.77725784630695
187.2402611225158
187.70416056867495
188.16767024499688
188.62970067967788
189.08933220303885
189.54579104574586
189.99842897661506
190.44670591085065
190.89017484465685
191.3284687959996
191.76128942061246
192.1883973138049
192.60960368157942
193.02476312745458
193.43376747235956
193.83653999188857
194.23303132613236
194.62321509659773
195.00708453516796
195.384649681986
195.75593451140156
196.12097504742172
196.47981722156663
196.8325153517016
197.17913074734923
197.51973039564956
197.85438606107948
198.18317326174707
198.50617058653486
198.82345901847356
199.13512132509197
199.44124164888598
199.74190503695152
200.03719712478173
200.32720381620703
200.6120110371578
200.89170451981104
201.16636961358859
201.43609114178582
201.70095325920377
201.9610393588391
202.2164319674184
202.46721268617677
202.7134621169655
202.95525982601285
203.19268429445776
203.42581289744643
203.65472187396165
203.87948631653444
204.10018015458948
204.3168761516503
204.52964590172041
204.73855983013948
204.94368719489984
205.14509609642096
205.34285348247192
205.53702515686194
205.72767579371086
205.91486894616384
206.10769563827876
206.35460198531615
206.64674361730926
206.9765104507027
207.33735763866198
207.72365955995
208.13058402822534
208.55398327521849
208.99030014758165
209.4364869537834
209.88993548940664
210.34841660109498
210.81002800983055
211.27314926697707
211.73640286774923
212.19862080724857
212.65881524048575
213.1161537105027
213.56993763820427
214.01958368966663
214.46460752461985
214.90460992156153
215.33926488495968
215.76830934245618
216.1915342041686
216.60877658535557
217.01991323672792
217.42485473495185
217.82354075944406
218.21593547343602
218.60202432219225
218.98181039704428
219.3553120445461
219.7225603769727
220.08359721023461
220.4384734850718
220.78724755483103
221.12998408243254
221.46675281647347
221.79762767152351
222.12268594821336
222.44200755181333
222.7556744895741
223.0637702326958
223.36637941947674
223.66358734071883
223.95547973965105
224.2421424355204
224.52366117985594
224.80012138704194
225.07160802935726
225.33820544881962
225.59999727984888
225.85706632184167
226.1094944824016
226.35736269428023
226.60075087461735
226.83973787364863
227.0744014468179
227.30481822573424
227.53106370103086
227.75321220846266
227.9713369192456
228.18550983808314
228.39580180168235
228.60228248029642
228.80502038219322
229.00408286423766
229.19953613493774
229.39144526936423
229.57987421814522
229.76488582213543
229.98955764607905
230.2631103522372
230.57742495248172
230.92551737244472
231.30138305184488
231.69986259148544
232.11652608452553
232.5475728452337
232.98974511047965
233.44025353064453
233.896712708263
234.3570856122034
234.8196356011779
235.28288500400032
235.7455794819892
236.20665670693694
236.6652203048222
237.12051666480048
237.57191487642515
238.01888968139687
238.4610067717459
238.89791005557993
239.32931057936887
239.75497695305623
240.17472720907537
240.5884217651319
240.99595739478556
241.39726164760097
241.79228866415565
242.1810151566659
242.56343685849234
242.93956595705362
243.30942821800494
243.67306111030996
244.03051181154865
244.38183560302394
244.72709460525653
245.06635643426685
245.39969333275803
245.7271811989945
246.04889887167647
246.364927519709
246.67534999621898
246.98025049080576
247.27971401772976
247.5738261558902
247.86267269348954
248.14633942533536
248.42491190994923
248.6984753129789
248.96711424415872
249.230912638191
249.48995364790343
249.74431955576182
249.9940917059446
250.23935044089913
250.48017506000488
250.716643776511
250.94883369408245
251.17682078024959
251.40067985515446
251.6204845765062
251.83630743742336
252.04821976296867
252.25629171139374
252.46059227601154
252.66118929569183
252.85814945858797
253.05153831307175
253.24142028015717
253.4278586636797
253.6287769612023
253.88253944417178
254.180472810278
254.5151146544133
254.88004761135574
255.26975612844078
255.6795028635346
256.1052221732142
256.5434274710761
256.99113208583645
257.44578047276093
257.90518891645615
258.36749433914946
258.8311101071259
259.29468788121176
259.75708466251837
260.2173344286897
260.6746234030195
261.12826902997136
261.5777017597598
262.0224492527895
262.46212261544605
262.89640468429985
263.3250399516308
263.74782583984364
264.1646051229787
264.575259416247
264.979703323398
265.3778801490262
265.76975708604607
266.15532211016534
266.53458060705174
266.90755273053077
267.27427125387
267.63477933170947
267.98912904189706
268.33737973739335
268.6795968580322
269.01585086541616
269.3462162208814
269.670770694852
269.98959458440305
270.3027701834187
270.61038122936304
270.9125125357463
271.20924955106955
271.50067811565293
271.78688412724284
272.06795337707683
272.3439713008494
272.6150228684845
272.88119240248744
273.1425635041739
273.39921892481556
273.65124051657574
273.8987091444548
274.14170465414475
274.38030581505967
274.6145902999732
274.8446346513307
275.0705142697158
275.2923033964117
275.5100751077134
275.7239013116829
275.9338527476564
276.13999898722267
276.3424084414772
276.54114836875937
276.7362848794243
276.927882952003
277.1160064400184
277.3007180891084
277.5331578299446
277.8132994622186
278.1331871927341
278.4859777033597
278.8657880513027
279.2675637509219
279.68696541527464
280.12027052408064
280.56428879925437
281.0162890784202
281.47393616696513
281.9352363529451
282.3984903695084
282.8622527862356
283.3252970862378
283.7865849251733
284.24524056489446
284.7005282119714
285.1518323453241
285.5986409401129
286.0405310713096
286.47715644080074
286.90823654819104
287.3335472777731
287.7529129060686
288.1661992137438
288.5733075643815
288.9741694920129
289.3687424962831
289.75700621418827
290.13895885226196
290.51461471416206
290.88400138262904
291.2471578524485
291.6041326179927
291.9549820603069
292.2997692353722
292.6385625464874
292.97143488951076
293.2984627148047
293.6197253108884
293.93530422072763
294.2452825972737
294.54974487455553
294.848776255252
295.1424624667797
295.43088940443806
295.7141429411059
295.99230868309024
296.26547182269326
296.5337169744146
296.7971280623847
297.0557882132488
297.3097796722399
297.55918373534655
297.8040806889718
298.04454976891634
298.2806691193925
298.51251576999283
298.74016561052036
298.9636933801306
299.1831726533383
299.3986758380777
299.6102741729419
299.8180377288275
300.0220354110081
300.222334970178
300.41900300626384
300.6121049796456
300.80170522376585
300.987866955539
301.19705684818416
301.4576305267762
301.7611201570896
302.1002406185469
302.4687274104992
302.861197037251
303.27302597161616
303.700246747117
304.139457436518
304.5877444025117
305.0426150685226
305.5019399959364
305.96390287885527
306.4269573634955
306.889789818113
307.35128699053286
307.81050864123046
308.2666631529199
308.7190869636555
309.16722681032996
309.61062434723567
310.0489027558743
310.48175519501456
310.908934969693
311.3302470242449
311.7455405743744
312.1547027599714
312.55765283535567
312.95433805298313
313.34472900496763
313.72881644122674
314.1066081767143
314.4781263258003
314.8434053245569
315.20248970577705
315.5554326444034
315.9022944248962
316.2431411944148
316.57804399339517
316.9070777178986
317.230320450563
317.5478527225237
317.85975695111273
318.1661169558656
318.46701754437515
318.7625441305825
319.05278245815106
319.33781830668784
319.61773730645706
319.89262471608345
320.1625652996845
320.4276431620443
320.6879416682322
320.9435433246936
321.19452972750423
321.4409814797244
321.68297815891384
321.92059826276585
322.15391918960273
322.3830172057247
322.60796743518375
322.8288438423817
323.0457192280479
323.25866522578633
323.46775230236085
323.6730497587315
323.87462573862786
324.0725472350213
324.26688009650974
324.45768904291396
324.64503767247277