0
0.0661577950523362
0.18819752123687464
0.35728770271961385
0.5658250559457636
0.807266471922991
1.075983638320864
1.3671377855863573
1.6765717186304756
2.0007160461493974
2.33650882956523
2.681325428638552
3.032918860248851
3.3893677654111163
3.7490315977465714
4.110511934918568
4.472619077669298
4.83434320062159
5.194829447405214
5.553356461997702
5.90931796111227
6.262206274923943
6.611599385247167
6.957148189020612
7.29856648689878
7.635622410783482
7.968130290847462
8.295944231034776
8.618952599314474
8.9370728049945
9.250247180049385
9.558439441697884
9.861631342901465
10.159820036013986
10.453015832700371
10.741239940574577
11.024523001232051
11.302903392878822
11.576426037602651
11.845141287895476
12.109103911881979
12.368372379724939
12.623008036612852
12.873074620492536
13.118637642390624
13.359764019226684
13.596521649072377
13.828979106662683
14.057205370654799
14.281269569965831
14.501240816909789
14.717187991397774
14.929179648024457
15.137283860997952
15.3415681397594
15.542099344015934
15.738943605337711
15.93216628528942
16.1218319118501
16.308004159025828
16.49074580329457
16.670118711676892
16.846183818088473
17.019001114961274
17.188629644397796
17.355127493878882
17.518551795603976
17.678958728043963
17.836403518521525
17.990940450974822
18.14262286960094
18.291503191484985
18.473388465586105
18.707439971834592
18.98511014069919
19.299045040403737
19.64292072917661
20.01130227765057
20.399521894645034
20.803573604202953
21.22002241814968
21.64592605412163
22.078767122904207
22.516394661958
22.95697368741574
23.398941640094492
23.840970917842593
24.281935936821363
24.720885675005405
25.15701935247144
25.58966536289526
26.01826326796351
26.442348337658746
26.86153816547459
27.27552107546926
27.684046034514527
28.086914046475215
28.483970770495386
28.875100116204546
29.260218621334786
29.639270665657723
30.01222461807256
30.37906885292864
30.739809106092693
31.094465573919443
31.443070718916108
31.78566740947708
32.122307046636436
32.453048313177085
32.7779557893843
33.097098936175804
33.410551205022955
33.71838916909285
34.02069194879891
34.3175405054842
34.60901729169111
34.89520568643845
35.17618975577515
35.45205383832946
35.72288237470066
35.98875960683239
36.249769456925996
36.50599531234225
36.75751994038213
37.00442533737055
37.246792669450215
37.48470216952427
37.71823309704274
37.94746367042322
38.17247104080273
38.39333125054049
38.61011921785836
38.82290871308217
39.03177235046774
39.23678158184253
39.43800669204171
39.635516799230786
39.829379859864304
40.01966267378276
40.2064308893415
40.38974901887649
40.569680442809485
40.74628742662099
40.928925003738115
41.16744750972538
41.45272885589691
41.77691692992073
42.1332589830828
42.515951038815274
42.92000782575378
43.341150606978
43.77571004064283
44.22054254229488
44.67295807128894
45.130657770650934
45.59168020299942
46.054354569096084
46.51726067627546
46.97919437352357
47.43913767718022
47.89623295802127
48.34976058678939
48.79911964093842
49.24381135793152
49.68342484159282
50.117624714744174
50.54614054211242
50.96875725041132
51.385307530371485
51.79566509591015
52.19973828421404
52.597465481884825
52.988810438205924
53.37375846665396
53.75231341961009
54.124494577816755
54.49033441625921
54.84987650551004
55.203173594974324
55.550286223417814
55.891281291009726
56.22623090769426
56.55521149393025
56.87830284189181
57.19558748722311
57.507149993138434
57.81307651520383
58.11345425700269
58.40837116902248
58.69791553985767
58.98217578778897
59.26124015873824
59.535196581729316
59.80413245013136
60.06813452122162
60.327288761772536
60.581680278383836
60.831393212046244
61.07651069262988
61.31711476133086
61.55328635099811
61.78510523750913
62.01265001791209
62.23599809553493
62.45522566071578
62.67040768795623
62.881617930194246
63.08892891891424
63.29241196737747
63.4921371780121
63.68817344608318
63.880588475382716
64.06944878454051
64.25481972143162
64.43676547683451
64.65959741707864
64.93278198215792
65.24794942066978
65.59790058571981
65.97644655070079
66.37827010038565
66.79880636900529
67.23413941882232
67.68091321150301
68.13625476636412
68.59770766181953
69.0631746948401
69.53086839410935
69.99926829671273
70.46708418895
70.93322380190892
71.39676592835224
71.85693650931184
72.31308794426232
72.76468150112731
73.21127215251651
73.6524954431169
74.0880560737921
74.51771802187012
74.9412961424884
75.35864891370633
75.76967221453432
76.1742935986654
76.57246793008117
76.9641732960089
77.34940730118572
77.72818444291832
78.10053315380654
78.46649384241283
78.82611687576126
79.17946088980901
79.5265915112948
79.86757996603252
80.2025021763447
80.53143778088106
80.85446937635392
81.17168190923395
81.4831619952974
81.78899757869614
82.08927738806314
82.38409068832883
82.67352689788306
82.95767539833926
83.23662526936076
83.51046514368194
83.77928302674842
84.0431661876139
84.30220103926138
84.55647305823183
84.80606670774245
85.05106538046998
85.29155135148206
85.5276057397015
85.75930848129622
85.98673830628394
86.20997272592396
86.42908801986131
86.64415923423121
86.85526017947309
87.0624634322208
87.26584033876765
87.46546102701552
87.66139440981524
87.85370819966474
88.04246892011778
88.22774191857187
88.42792401644738
88.68237851166165
88.98218506767908
89.31966944047564
89.68823275988247
90.08220417943895
90.49671359011852
90.92758206014804
91.37122644024262
91.8245779573158
92.28501140323135
92.75028410800482
93.21848325555577
93.68798040016928
94.15739220864084
94.62554648148355
95.09145313074872
95.5542786031814
96.01332423965533
96.46800754446754
96.9178459609825
97.36244273258728
97.80147478873988
98.23468238574706
98.66186013660565
99.08284923890551
99.49753077887125
99.90581965159333
100.3076602011182
100.70302129520684
101.09189302489706
101.47428338811011
101.85021542707811
102.21972511729287
102.58285903271532
102.93967282029296
103.2902295748185
103.63459853860553
103.97285407281072
104.30507457043724
104.63134175046837
104.95173988228213
105.26635519378138
105.57527536466277
105.87858908721442
106.17638567083532
106.46875474533705
106.75578595921333
107.03756877876256
107.31419226134732
107.58574492093145
107.85231456081736
108.11398818510844
108.37085187844635
108.62299074893961
108.87048884473904
109.11342911844588
109.35189337230666
109.58596223723724
109.81571514001668
110.04123029271378
110.26258467524882
110.47985403208747
110.6931128688896
110.90243445366154
111.1078908181793
111.3095527685603
111.50748989103526
111.70177056088656
111.89246195883192
112.07963007835079
112.26333974590439
112.49604013655293
112.77768550569104
113.10009950166577
113.45624978507594
113.84009161679022
114.24643217388103
114.67081392841455
115.1094136753715
115.55895546460607
116.01663537588684
116.4800565947025
116.9471733763949
117.41624266998879
117.8857823542951
118.35453533061099
118.8214379009548
119.2855934335758
119.74624910879783
120.20277572807204
120.65465039037723
121.10144169332075
121.54279691630575
121.97843091306859
122.40811643172549
122.8316758656444
123.24897418452937
123.65991281624981
124.06442420036463
124.46246728651131
124.8540237717345
125.23909431776906
125.61769604288916
125.98985967098976
126.3556275260169
126.71505166500316
127.06819214147357
127.41511580253893
127.755894926726
128.09060631508143
128.4193303762323
128.74215034488984
129.05915171770062
129.37042156924375
129.67604823720922
129.97612077252262
130.27072871704047
130.55996171130306
130.84390932700563
131.12266079239444
131.39630486582365
131.66492964734448
131.9286224839656
132.18746984378248
132.44155724621712
132.6909691808059
132.93578905745528
133.17609915666972
133.41198059599094
133.6435133019903
133.8707759899752
134.09384615083204
134.31280004004597
134.52771267590228
134.73865783825303
134.94570807049558
135.1489346840456
135.34840777035978
135.544196204235
135.73636765978327
135.92498862077116
136.11012439519865
136.31902658076993
136.58087658303214
136.88693745498304
137.22969322648535
137.60268158361367
138.00034965214383
138.41792907637407
138.85132873852777
139.29704127099888
139.75206330978088
140.2138260848835
140.68013561814
141.149121096519
141.61919029305395
142.08899112106457
142.55737826383117
143.02338488763826
143.4861974809401
143.94513462892618
144.39962867750396
144.84920985187173
145.29349243053994
145.7321628301666
146.1649694571646
146.5917139255452
147.01224345160156
147.42644430302997
147.8342358074526
148.2355660974743
148.63040731256473
149.0187523059887
149.40061146496274
149.77600984901957
150.14498515324948
150.50758541760433
150.86386751749393
151.21389559648586
151.55773976902847
151.89547512961704
152.2271806814843
152.55293864401347
152.87283370117075
153.1869524112557
153.4953827232116
153.7982135354885
154.09553431869142
154.38743481807126
154.67400476427073
154.9553336727473
155.231510625519
155.50262413759543
155.76876199545805
156.03001116964754
156.28645769839207
156.5381866316586
156.7852819503939
157.02782653192037
157.26590209699685
157.4995891896361
157.72896714564357
157.95411408259693
158.1751068835374
158.3920211939566
158.60493141911178
158.8139107258049
159.019031043912
159.22036307750503
159.41797631095952
159.61193901794502
159.8023182778903
159.98917998419972
160.17260844337508
160.41325107187586
160.70177372611917
161.03014510173745
161.39145815065177
161.77977623019993
162.190000015565
162.61775256481852
163.05928037674335
163.5113676181865
163.9712622785964
164.43661238050268
164.90541090669015
165.3759482560022
165.8467711982617
166.31664758899726
166.78453533203867
167.24955634824056
167.7109738217373
168.1681724872983
168.6206414773419
169.06795974048043
169.50978347333012
169.9458352363499
170.37589449232166
170.7997894203461
171.2173899872345
171.62860185189388
172.0333612779908
172.43163037411423
172.82339364928478
173.20865418771544
173.5874311521444
173.95975711545006
174.32567592694102
174.68524101808876
175.03851361082596
175.38556155345503
175.72645802309978
176.0612805656617
176.3901102659629
176.7130309294549
177.03012855012815
177.3414906401892
177.6472059154073
177.94736375605575
178.2420539940573
178.53136651909892
178.81539112632956
179.09421723391185
179.36793377308567
179.63662899003722
179.90039036628156
180.15930448361962
180.41345696686253
180.6629323951436
180.90781426167106
181.14818491855038
181.38412554986542
181.61571614028938
181.8430354590219
182.06616104474156
182.28516919708878
182.50013497449714
182.71113219388096
182.91823343222174
183.12151003288585
183.32103211651727
183.51686858474517
183.70908713780466
183.8977542829337
184.08293535138776
184.30055038808985
184.56982673124037
184.88220488943946
185.23032213638984
185.60784837344386
186.0093448733479
186.43014188336062
186.8662332414914
187.3141850255319
187.77105724313154
188.2343358147306
188.70187395106996
189.17184153418955
189.64268143973567
190.11307191100312
190.58189367785303
191.0482024412531
191.51120421075245
191.97023433868708
192.4247395837319
192.874262572898
193.31842833067492
193.75693254262933
194.1895315658235
194.61603383973474
195.03629244887173
195.45019874849248
195.8576764301202
196.2586773067704
196.65317678836476
197.0411704168197
197.4226709717566
197.79770551421674
198.1663134415131
198.52854428470172
198.8844561377413
199.234114225731
199.57758954926553
199.91495795818167
200.2462991009958
200.5716957178659
200.89123295055882
201.20499770960126
201.51307826100518
201.81556373485597
202.11254380972443
202.4041083759066
202.69034729142737
202.97135015346208
203.2472061122297
203.51800371828455
203.7838307831162
204.04477427933827
204.30092023894235
204.55235368988082
204.79915858452247
205.04141776102847
205.27921289586007
205.51262448185238
205.7417317997289
205.96661290767898
206.1873446262996
206.4040025363853
206.61666097652042
206.82539304517644
207.03027060278075
207.23136428383046
207.42874350160554
207.62247645958803
207.81263016617277
207.99927044461367
208.1917418531551
208.43982729982665
208.73441790755828
209.06767672269606
209.4328645005695
209.82418919368905
210.23667632596133
210.66605667080327
211.10866949940498
211.5613790084651
212.02150218911584
212.48674654200002
212.95515630496317
213.42506603196006
213.8950605180888
214.36394031366444
214.8306915596379
215.29446036972988
215.75453068704797
216.21030510672028
216.66128816648185
217.10707198940844
217.5473240322618
217.98177647751362
218.410217042782
218.8324809710124
219.24844424337311
219.65801754467975
220.0611415328345
220.45778194793087
220.84792636462905
221.2315804898335
221.60876560376977
221.97951611152035
222.34387732167954
222.70190387705068
223.05365798604177
223.39920825531073
223.73862848576962
224.07199666996266
224.3993942325423
224.7209052082984
225.0366157179544
225.34661334043
225.65098677681593
225.94982534812885
226.24321877182592
226.5312567886887
226.81402900851444
227.09162463785563
227.3641323731561
227.63164020619072
227.89423535006753
228.15200410410247
228.4050318027673
228.65340272543406
228.8972000617107
229.13650585450537
229.3714009774662
229.6019651022898
229.8282766856914
230.0504129535202
230.26844989430384
230.48246225687697
230.69252355101244
230.89870604880738
231.1010807925725
231.2997176046307
231.49468509193107
231.68605066424294
231.87388054236868
232.05823977391321
232.2834081837487
232.5588461556253
232.87619091500144
233.22824942896273
233.60883811547313
234.0126444632221
234.4351077407463
234.8723156577253
235.32091538737205
235.77803679980596
236.24122601024442
236.7083880751519
237.17773754159444
237.6477557556928
238.1171541253735
238.58484185139835
239.04989907132403
239.51155293509845
239.9691569394742
240.4221733681893
240.8701581352082
241.31274765820245
241.74964743695688
242.1806221946028
242.60548748917913
243.0241024604258
243.43636361747144
243.84219908714707
244.2415643096317
244.63443789007647
245.02081794806406
245.40071946896998
245.7741713465739
246.14121444770512
246.50189956448605
246.8562857566659
247.2044390542642
247.54643107402072
247.88233812306285
248.21224020582667
248.53622028231695
248.85436364694155
249.16675725978246
249.473489395174
249.77464910987032
250.07032598372274
250.36060974809703
250.6455900858265
250.925356375582
251.19999753880538
251.469601867018
251.73425690639996
251.99404934397336
252.24906492256855
252.49938836819044
252.7451033295802
252.98629233403062
253.22303674682138
253.45541674639156
253.68351129983068
253.9073981512631
254.12715380865697
254.34285354201066
254.55457138141077
254.7623801191756
254.96635131291708
255.16655529796876
255.36306119104034
255.55593690411803
255.74524915693914
255.93106348918624
256.1318018852531
256.3868813681444
256.6873695399177
257.02558179388654
257.39491039822155
257.7896768262088
258.2050044570651
258.6367087274377
259.08120172634847
259.53541058174073
259.99670658673205
260.46284409097433
260.9319077453362
261.40226695893017
261.872536584892
262.3415429772932
262.80829471579995
263.27195716228096
263.73183079042116
264.18733241092656
264.6379788888129
265.0833729632068
265.5231911838668
265.9571735283726
266.3851144108268
266.8068548719051
267.2222758738536
267.63129227730377
268.0338484150072
268.42991314280533
268.8194766366027
269.2025469228784
269.5791471548763
269.94931340331425
270.3130923519773
270.67053979382155
271.0217189416854
271.36669919759106
271.7055550648433
272.0383650920338
272.3652111638816
272.68617770084126
273.00135110750267
273.3108192147764
273.61467089135755
273.91299560226867
274.20588314998093
274.4934233404768
274.77570580831605
275.052819768248
275.3248538977696
275.5918961560231
275.854033705754
276.1113527848267
276.363938655066
276.61187551446284
276.85524646444696
277.09413345318944
277.32861725563157
277.5587774402063
277.7846923582045
278.0064391269809
278.22409362561984
278.4377304922273
278.6474231252168
278.85324368460493
279.0552631017727
279.2535510872351
279.44817613734506
279.63920555206124
279.8267054429913
280.01074074977157
280.2438749506549
280.5260621758809
280.8491082262101
281.20596540887
281.59057578440354
281.9977351869892
282.4229763491152
282.86246770917046
283.31292615376265
283.7715416287742
284.235912073599
284.70398726312663
285.17402032611807
285.6445258902684
286.11424409661294
286.58210890886755
287.0472217215398
287.50882805502084
287.96629732061297
288.4191054592212
288.866820110169
289.3090877664076
289.74562264283617
290.17619697525873
290.6006327532607
291.01879463587653
291.4305838200459
291.8359325823641
292.23479976750315
292.62716701747013
293.01303498056245
293.39242079773265
293.7653552455449
294.1318807260923
294.4920493960949
294.8459214264141
295.19356379655466
295.5350489295532
295.8704537810204
296.1998589222952
296.52334775715946
296.8410059565042
297.15292077281003
297.4591807246517
297.7598750455948
298.05509346143685
298.34492579706097
298.6294618085816
298.90879090809335
299.18300203699323
299.4521834771124
299.71642275580695
299.97580651977205
300.2304204651601
300.480349256158
300.7256764751573
300.9664845728481
301.2028548346006
301.43486735237826
301.66260100440854
301.8861334419857
302.1055410784678
302.32089908747196
302.53228140163316
302.7397607145833
302.94340848543715
303.14329495083155
303.3394891282305
303.5320588319387
303.72107068345167
303.9065901260712
304.11584112997343
304.37797549937466
304.6842653994998
305.02720272218266
305.4003319376242
305.79810602172597
306.2157616652258
306.6492121035176
307.09495372169454
307.54998639044817
308.01174412756797
308.47803535690457
308.9469913345847
309.41702161621134
309.8867756484195
310.35510943825585
310.82105728550795
311.28380665217253
311.7426769617483
312.1971012809743
312.64661045356735
313.09081928501996
313.529414643548
313.96214532255925
314.38881326695554
314.8092659746492
315.2233899507058
315.63110472584043
316.0323586056061
316.4271238712598
316.81539350027003
317.1971779786365
317.5725024511497
317.94140468241864
318.30393276802613
318.66014363060765
319.0101014487001
319.35387636603303
319.6915434982899
320.02318186409656
320.348873694111
320.66870367776323
320.9827583770953
321.2911257395978
321.59389466162236
321.89115460775827
322.18299531683573
322.4695065102823
322.7507776940736
323.0268979388106
323.29795574790376
323.56403889494817
323.8252343374698
324.0816280998755
324.3333052182236
324.5803496590942
324.8228442853927
325.0608708032485
325.29450974203246
325.52384042286076
325.7489409486421
325.9698881878408
326.18675777140936
326.39962409017687
326.60856029667445
326.8136383066452
327.0149288101267
327.21250127774266
327.40642396948124
327.5967639513235
327.7835871034174