0
0.0649161487335338
0.18463927471379166
0.3504820409192895
0.5549661536758865
0.7916569388208645
1.0550202083527573
1.3402989438115132
1.6434069953651853
1.9608367581535449
2.2895800688358405
2.6270591374630277
2.971067824889408
3.319720418422015
3.6714075153878154
4.024757935191183
4.378605837434952
4.731962322719297
5.083990914391083
5.433986424206576
5.781356813526401
6.125606989041879
6.466326043312615
6.8031747322406835
7.1358756000942645
7.464204553135201
7.787982864461091
8.107070833512667
8.421362374203461
8.730779882515721
9.035270169746886
9.33480099079292
9.629357753926355
9.91894091693109
10.203563789947797
10.483250315562751
10.758033616860699
11.027954348767926
11.293059505280366
11.553401345146192
11.809036379057565
12.060024680642186
12.306429068895035
12.548314635567149
12.785748141957233
13.018797652058044
13.247532125085822
13.472021109215914
13.692334482484306
13.908542199268798
14.120714131636051
14.32891985597402
14.533228566974147
14.733708921472294
14.9304289631002
15.123456034394012
15.312856706544018
15.498696735395947
15.68104100371722
15.859953500404268
16.0354972803345
16.20773445363906
16.37672616367578
16.542532580546908
16.705212893322095
16.86482530739714
17.021427045006263
17.175074347958688
17.325822481472432
17.473725742978893
17.618837466489275
17.761210037219943
17.935937029489132
18.161779266882114
18.43033998327108
18.734395892025017
19.06773628312172
19.425024377501863
19.80167752590914
20.193763617791955
20.59791181576003
21.011235547342423
21.43126583128953
21.855893803984777
22.28332111879459
22.712017123291098
23.14068202886951
23.56821451574717
23.99368471393712
24.416310328540987
24.83543595328957
25.250515320229166
25.661096105437053
26.066806777359716
26.467345214279728
26.862468800015147
27.251985938379896
27.635748807294846
28.01364703066363
28.38560225857639
28.751563328334335
29.111502579252516
29.465411903838152
29.813300121319017
30.155190202401837
30.491117031643906
30.821125643314616
31.145269355058684
31.463608530323462
31.776209257926332
32.083142309421945
32.38448230277586
32.68030683301459
32.970695903883616
33.25573126014916
33.535496016313424
33.81007413024178
34.07955014795461
34.344008816335
34.60353490293012
34.85821291410882
35.10812696883948
35.35336059629713
35.59399664862511
35.83011715839192
36.061803279417724
36.28913518911407
36.51219204954004
36.73105194327249
36.945791849033924
37.156487602490294
37.3632138829574
37.56604419088059
37.76505084272177
37.960304964510534
38.15187648995708
38.3398341612667
38.52424553672932
38.70517699490456
38.88269374327033
39.05685983362334
39.22773816703252
39.395390511683395
39.568982855893964
39.79734475775207
40.071514299940475
40.38378143564635
40.727516523742885
41.097022123733545
41.48740538545948
41.89446764605114
42.31460892294676
42.74474586920546
43.182240715113224
43.62483995903689
44.070621438432426
44.51794863689305
44.965431240096144
45.41189108832903
45.85633277889815
46.29791817003152
46.73594462680031
47.16982617963606
47.59907719537676
48.02329816140183
48.44216357196842
48.85541151006519
49.26283462812502
49.664272327042404
50.0596040301236
50.44874311640085
50.83163250211847
51.20823969637423
51.57855351929459
51.942580725119825
52.30034316970886
52.651875664368575
52.99722364317376
53.336441629791565
53.66959160398341
53.996741699290695
54.317965168649664
54.63333929623077
54.942944685219445
55.24686448627735
55.54518379532498
55.83798915739513
56.1253681119992
56.407408812408335
56.68419971321535
56.95582928307803
57.222385789903484
57.48395708691421
57.740630466787735
57.99249250492563
58.239628962262515
58.482124673107684
58.72006348202074
58.953528166230186
59.182600396241455
59.407360684948195
59.627888364662695
59.844261556740946
60.05655716030173
60.264850835941985
60.46921700321898
60.66972883748803
60.86645827152023
61.059475997718835
61.24885147991181
61.43465295746821
61.616947457877984
61.79580081158131
61.971277659543986
62.14344147579811
62.355732070497524
62.61740932155131
62.92024825639602
63.257175150227106
63.62210961810686
64.0098285807029
64.41584870274735
64.83632477455059
65.26796204217318
65.70794072357425
66.15385059292987
66.60363456540912
67.05554002147576
67.50807679035829
67.95998098259615
68.4101832610061
68.85778240707985
69.30202172833204
69.74226875272895
70.17799796335163
70.60877587371517
71.03424810403818
71.45412812869856
71.86818759479465
72.27624806905281
72.67817389729724
73.07386609344987
73.46325666783412
73.84630442483909
74.22299084439298
74.59331652447193
74.95729855721989
75.31496762761546
75.66636611278247
76.01154606387426
76.35056758264007
76.68349754280568
77.01040823376017
77.33137647830173
77.64648266002193
77.95580999316886
78.25944391541601
78.55747143061569
78.84998076659143
79.13706085121258
79.41880106279619
79.69529086216052
79.96661960235365
80.23287627408446
80.49414936186778
80.75052667103363
81.00209522053775
81.24894112832766
81.49114953331657
81.728804521959
81.96198907351686
82.19078501541622
82.41527298712114
82.63553241531541
82.85164149269188
83.06367716671735
83.27171512910367
83.4758298144007
83.6760944001383
83.87258080955795
84.0653597162774
84.2545005578798
84.44007153954679
84.6221396506906
84.80077067661793
84.97602921266167
85.16593117174362
85.40900836042361
85.69650461945923
86.02088779945629
86.37568206458513
86.75532305702866
87.15503294029193
87.57071269720424
87.99884846024685
88.43643150096281
88.88088867982972
89.33002249513206
89.78195932765091
90.23510476075538
90.68810501339166
91.13981358014676
91.58926267490908
92.03563814471121
92.47825821225892
92.91655507231587
93.35005895118314
93.77838421638266
94.20121748943514
94.61830746996449
95.02945612482557
95.43451105430185
95.83335891678311
96.22591946613176
96.61214126253981
96.99199684380986
97.36547948110781
97.73259992866232
98.09338361067205
98.44786855126374
98.7961030869211
99.13814436326788
99.47405675122975
99.8039105625991
100.12778104858444
100.44574733277948
100.75789171690204
101.0642989287097
101.365055532767
101.66024944744063
101.94996950189471
102.23430506341869
102.51334573547433
102.78718107499628
103.05590038665278
103.31959251146168
103.57834568843184
103.83224739933677
104.0813842774553
104.3258419964709
104.56570521182925
104.8010574841041
105.03198124282513
105.25855773658922
105.48086701226813
105.69898788572196
105.91299793183303
106.12297346973814
106.32898956054169
106.53112000552724
106.72943734878262
106.92401287942258
107.11491664447713
107.30221745402349
107.48598289303054
107.66627933756843
107.84317196316168
108.01672476660885
108.23830480148713
108.50784544298159
108.81731951205946
109.15982379242332
109.52942531314886
109.92102812805012
110.33025852511066
110.75336602695656
111.18713766137687
111.62882410412779
112.07607590156779
112.52688840791623
112.97955424966689
113.43262228798807
113.88486233818537
114.33523414442287
114.78286134722732
115.22700872985865
115.66706251861794
116.10251324055669
116.53294113491728
116.9580035873155
117.37742425004278
117.79098359750898
118.19851073671607
118.59987647922587
118.9949872220806
119.38377993720658
119.7662173326167
120.14228445137952
120.51198486280725
120.87533811302201
121.23237713558385
121.58314604738516
121.92769850367533
122.26609589615848
122.59840617059568
122.92470257389007
123.24506264883915
123.55956744316582
123.86830067525727
124.17134819769893
124.4687973536203
124.76073663383796
125.04725516501537
125.32844247869701
125.60438813349191
125.8751815542062
126.14091175712176
126.40166723833936
126.65753577756455
126.90860436124737
127.15495904593429
127.39668490608302
127.63386594219328
127.86658504629301
128.09492394344372
128.3189631700344
128.5387820398522
128.75445863214438
128.96606977481773
129.17369103921274
129.37739673748567
129.57725992383274
129.7733523958686
129.96574470438514
130.15450616167186
130.33970484802666
130.52140763116205
130.69968017221916
130.87458694649308
131.07283712286736
131.32301376461265
131.61653331015702
131.94601258944397
132.30510433220107
132.68835521569207
133.09108318679975
133.5092719201916
133.93947889147546
134.37875695422542
134.8245861080982
135.27481470049645
135.72760866702643
136.1814077096919
136.63488747617967
137.0869268172178
137.5365798444813
137.9830512768975
138.42567559389389
138.8638989944643
139.29726377041968
139.72539468797902
140.1479873169381
140.5647980544854
140.97563548710556
141.38035290637526
141.77884186063642
142.1710263021676
142.55685838889926
142.93631374452661
143.30938828068477
143.67609500700573
144.03646127566924
144.3905267512842
144.7383411657389
145.0799628504232
145.41545717572
145.74489529999906
146.0683531826874
146.38591054026122
146.6976501685487
147.0036571998813
147.30401853443496
147.59882235683853
147.88815771364543
148.172114137699
148.45078136254486
148.72424903694997
148.99260653166758
149.25594272585116
149.51434587796913
149.7679034690931
150.01670211826968
150.26082747064956
150.50036414337998
150.7353956488166
150.9660043612778
151.19227146747477
151.41427694746332
151.63209954597778
151.84581676334597
152.05550484176402
152.26123876305036
152.46309224763567
152.66113775795728
152.8554465005411
153.04608843925502
153.233132301552
153.41664558919177
153.59669459542525
153.77334441399782
153.9466781414588
154.1760980665196
154.45243827630793
154.76781305914582
155.11544142551648
155.48949585265945
155.8849715609859
156.29757351224876
156.7236191724794
157.15995422902566
157.60388002411034
158.05309086606107
158.50561990752897
158.9597924227349
159.41418547207442
159.86759321520202
160.31899646583463
160.7675370224489
161.21249534103052
161.65327120684475
162.08936689034286
162.52037276044786
162.94595494599892
163.36584465077243
163.7798288907009
164.18774243431125
164.58946098687522
164.9848951456989
165.37398556494657
165.75669810864892
166.13302055130075
166.50295884652567
166.86653457929037
167.22378247437487
167.57474818587858
167.919486706031
168.25806059171657
168.5905387911368
168.9169954324279
169.23750881761345
169.55216065849424
169.8610352530125
170.1642189553335
170.46179955215052
170.75386591760878
171.04050751793824
171.32181417994008
171.5978757240349
171.86878180417088
172.13462164024224
172.39548390778427
172.65145654647552
172.90262668476385
173.1490805063768
173.3909031995119
173.62817886713742
173.86099049363594
174.08941988784804
174.31354766227213
174.5334532002774
174.74921464480664
174.96090888251015
175.16861153901465
175.3723969767552
175.5723382969327
175.7685073410026
175.96097470095685
176.1498097279826
176.33508053914514
176.5168540368448
176.69519591625226
176.87017068310084
177.07697015398057
177.3344129265357
177.63409285443805
177.96877995659702
178.33225907898353
178.71919101281247
179.1249922592039
179.54573134974254
179.97803915779437
180.4190318644443
180.8662441166933
181.31757139559056
181.77122027419753
182.2256654938549
182.679613003025
183.13196757940543
183.58180581341378
184.02835195465627
184.47095721347958
184.90908212970174
185.3422813153675
185.77019024276356
186.19251373471096
186.60901609589538
187.01951267919316
187.4238625857203
187.82196242029192
188.2137404826291
188.59915251142652
188.9781774261945
189.35081373655478
189.71707683427192
190.07699603558655
190.43061264630958
190.77797788407446
191.1191512350443
191.45419913551368
191.78319359113627
192.1062112749387
192.42333252942635
192.73464062465453
193.04022113326263
193.34016126167865
193.63454949704675
193.92347507384417
194.2070277164262
194.4852972638599
194.75837347417522
195.02634576413905
195.28930306168104
195.5473336284562
195.80052495017327
196.04896361849927
196.29273525138242
196.53192441698835
196.76661457784593
196.9968880442578
197.22282593737265
197.44450816300318
197.6620133898058
197.8754190371568
198.0848012639663
198.2902349670564
198.4917937806125
198.68955007858787
198.8835749793981
199.07393835893964
199.2607088540857
199.4439538796021
199.6237396394836
199.80013114039102
199.98228327623028
200.21895226810034
200.50119339814006
200.82131179587088
201.17269125246477
201.54964623827266
201.94729447878748
202.36144677704232
202.78851158962064
203.22541316163105
203.66952056558748
204.1185864886859
204.57069438743505
205.0242128670999
205.47775630058393
205.93015082864142
206.3804050280557
206.827684438294
207.27128984715173
207.7106384822921
208.14524770902807
208.57472083470344
208.9987350154902
209.41703085673953
209.82940340899313
210.23569435769858
210.6357853076332
211.0295917313202
211.41705855588452
211.79815522026308
212.1728724162373
212.54121869445888
212.9032176586398
213.25890581014605
213.60833022171687
213.9515470155046
214.28861971786114
214.61961797544757
214.94461651141967
215.26369404450023
215.57693258080252
215.88441663567426
216.18623264532548
216.48246845714579
216.77321289188882
217.05855534952053
217.33858551069952
217.61339303908267
217.88306737726458
218.14769752506567
218.40737190172942
218.66217818365791
218.9122032130438
219.1575328820217
219.3982520735734
219.63444458171108
219.86619307472247
220.0935790431527
220.31668277843048
220.53558334214887
220.7503585556278
220.96108498405982
221.16783793393438
221.37069145059277
221.56971832037078
221.76499007266247
221.95657699226348
222.14454812439476
222.32897128628392
222.5099130835818
222.6874389176528
222.86161300832447
223.07580883012102
223.33927275568712
223.6437933265651
223.98230853918184
224.34874817180284
224.73789798015963
225.14528229477818
225.56706258276245
225.99994988813955
226.44112948367436
226.88819555459403
227.33909487073632
227.79207818270993
228.2456582708112
228.6985738285288
229.14975779662842
229.5983109715417
230.04347842158558
230.48462923281446
230.92123927800426
231.35287631163206
231.7791870617285
232.19988598365092
232.61474560879287
233.02358830496402
233.42627914436008
233.82271980234668
234.21284287741662
234.59660773808477
234.97399635573333
235.34500980205348
235.70966560031124
236.06799483378205
236.42004026269655
236.76585428330682
237.10549733437844
237.43903660062222
237.76654466778683
238.08809864425638
238.40377917923405
238.7136697475345
239.0178560310563
239.31642527348635
239.60946592802617
239.8970671455548
240.1793185147059
240.4563097046879
240.72813026620565
240.99486938574805
241.25661573462378
241.51345730294278
241.76548128695575
242.0127739796724
242.25542068884602
242.49350566731158
242.72711205552798
242.9563218394617
243.18121581277256
243.40187355353493
243.61837340213367
243.83079245084937
244.03920653310948
244.243690222156
244.44431683134087
244.64115841720078
244.83428578362688
245.02376849599503
245.2096748850289
245.39207206267108
245.57102593508293
245.74660121553273
245.93684555958828
246.18035866191798
246.46836894107935
246.79333098140216
247.14875753978478
247.52907446097677
247.92949549243386
248.34591439978698
248.77481112608058
249.21317164515867
249.65841828724467
250.10834968213013
250.56108891265177
251.0150387558648
251.4688430483488
251.92135326327616
252.3715999145331
252.81876741834571
253.2621727979216
253.7012472483733
254.13552016957087
254.5646052532439
254.9881885712123
255.4060183818718
255.81789630426286
256.22366967188475
256.6232249464779
257.01648174163836
257.4033885278302
257.78391779793753
258.15806281075436
258.5258343429433
258.8872578641372
259.2423714669833
259.5912235752876
259.93387143581725
260.27037953534483
260.60081831033887
260.9252631462049
261.24379330747456
261.55649124176483
261.8634418280012
262.16473178387577
262.46044918460063
262.7506830164932
263.0355228060157
263.31505831525914
263.58937926047685
263.85857510452047
264.12273484631135
264.3819468812171
264.63629884639374
264.8858775286805
265.13076875385514
265.37105732745204
265.6068269583325
265.83816022219196
266.0651385117732
266.28784201590395
266.50634969024907
266.7207392472741
266.9310871414634
267.1374685670522
267.33995745621974
267.53862648169763
267.7335470590289
267.9247893594913
268.1124223151517
268.29651363086845
268.47712980044656
268.65433611598235
268.8281966856356
269.0502212463298
269.32034292149797
269.63051216567277
269.97380651706436
270.34427648351146
270.7368118601527
271.14702675536734
271.5711601822644
272.00599020025174
272.44875980262304
272.8971129593903
273.34903940323
273.8028269632252
274.2570204143507
274.71038610306204
275.1618808007196
275.6106256904459
276.05588350445754
276.4970387011359
276.93358031892006
277.3650873874219
277.79121631273824
278.2116899557567
278.62628812405706
279.0348393983073
279.43721418290573
279.8333186277082
280.2230894348888
280.60648920050073
280.983502888847
281.35413402439906
281.7184022030821
282.0763403857517
282.4279927970568
282.7734132014152
283.1126631234824
283.445810679459
283.7729292737888
284.0940966450899
284.40939403003296
284.71890534876036
285.02271667032466
285.32091554504814
285.6135906870631
285.90083143927274
286.18272755796147
286.4593688222791
286.7308448808101
286.9972449711857
287.25865781062186
287.51517139849943
287.7668729385232
288.01384870344964
288.2561839803304
288.4939629811552
288.72726880534856
288.956183383907
289.1807874550469
289.40116053242514
289.61738089120666
289.82952555298647
290.03767027913756
290.2418895687652
290.4422566599924
290.6388435315628
290.8317209113332
291.0209582866864
291.2066239093821
291.38878481520584
291.5675068312235
291.7428545948467
291.9414931028878
292.1919580886071
292.48568055651486
292.8152898821063
293.174449544072
293.5577155928297
293.9604139997393
294.3785353263967
294.8086430001226
295.247795013407
295.69347579161746
296.143537491037
296.5961493183342
297.04975376814167
297.5030289138033
297.95485558033414
298.40428968726286
298.8505375255011
299.2929348688538
299.73092899165493
300.16406309419153
300.59196277962656
301.0143243203095
301.430904684839
301.8415129280694
302.2460027385099
302.6442660374808
303.036227062152
303.4218381669556
303.8010752268038
304.1739342526141
304.54042842465316
304.90058517784985
305.2544442427163
305.6020554308876
305.94347708477204
306.278774625007
306.60801921006123
306.93128680280336
307.2486571214122
307.5602129351363
307.8660393718215
308.16622328914116
308.46085285995275
308.7500170822578
309.03380546612124
309.31230769506294
309.585613387052
309.85381186250555
310.11699196414827
310.3752419004918
310.6286491123805
310.87730016972233
311.1212806750658
311.3606751974842
311.5955672054404
311.8260390263767
312.0521718026402
312.2740454686689
312.4917387250106
312.70532902770105
312.91489257505606
313.1205043058949
313.322237898314
313.5201657723728
313.71435909322537
313.9048877845261
314.0918205324917
314.27522480022634
314.4551668417723
314.63171171263406