0
0.10005323543474484
0.28435256245819657
0.5393222470566004
0.8532842236977742
1.2161982196423957
1.619436835606451
2.055591891601157
2.5183073872522086
3.002134442877432
3.502407113923912
4.015133909655833
4.536905494094306
5.064814271452738
5.59638510945318
6.129515534396796
6.662424105835732
7.193605847121567
7.721793751494883
8.245925602252663
8.765115522572007
9.278628523046402
9.78586046829667
10.286318615785738
10.779605888987797
11.265407769470192
11.743479895055112
12.213637927178219
12.67574916071236
13.129724591791256
13.575512399201646
14.013092582264083
14.442471898286694
14.863679682422243
15.276764452800013
15.681790554027751
16.07883571371949
16.467988694443136
16.84934724072497
17.223016585737486
17.58910776690696
17.94773662182246
18.299022532886582
18.64308765587666
18.98005607464875
19.31005315551718
19.6332050148655
19.94963798576008
20.259478282048562
20.56285159308655
20.859882855038126
21.150695946294015
21.43541356494104
21.714156988197168
21.987045998403342
22.254198726183084
22.51573159340761
22.771759224960025
23.022394403200796
23.26774802638482
23.507929077528576
23.743044609842286
23.97319973312377
24.198497612416716
24.419039472034
24.634924600353255
24.846250367929958
25.05311223683569
25.25560378692028
25.45381673177532
25.647840945305017
25.83776448569729
26.07744332404648
26.39550748840994
26.778902224429693
27.21640520724481
27.698375423372564
28.216535943900404
28.763786831131398
29.3340434264274
29.922096654993357
30.523492481721675
31.134427906972363
31.751661174300324
32.37243425332447
32.994405920781766
33.6155941469529
34.234325797056435
34.849193814276646
35.45902020639037
36.062824038385
36.65979369620945
37.249262853771505
37.83068997026002
38.4036405993072
38.9677720927819
39.52282036405757
40.068588515016486
40.60493656185285
41.13177388273809
41.64905104052378
42.15675394749352
42.654898482161755
43.143525450396524
43.62269704256638
44.09249301275232
44.55300785309577
45.00434832282492
45.4466310374127
45.87998081257861
46.30452890354701
46.720411654380015
47.1277693993435
47.52674525969982
47.91748452532032
48.300133685315984
48.674840002201165
49.0417508106001
49.40101321308447
49.752773579068574
50.09717732996977
50.434368586764236
50.76449002087928
51.08768261210523
51.40408554779174
51.71383606225938
52.01706937153267
52.31391857268291
52.60451460467165
52.88898619152704
53.16745982286309
53.44005972723497
53.70690786737551
53.96812393832385
54.223825372938556
54.47412734869869
54.71914281331692
54.958982492696876
55.193754922937664
55.42356647592106
55.64852137878982
55.86872175593436
56.08426765006439
56.30924211158717
56.61852599228969
56.99817269693219
57.43619165740213
57.922280107531954
58.44759161596916
59.00453611289103
59.586607126116085
60.188232984549636
60.80464829383766
61.431782874797165
62.06616528520233
62.70484104046266
63.34530062570225
63.98541779019633
64.62339643059244
65.25772471273196
65.88713545119988
66.5105719007213
67.12715821831412
67.73617391684743
68.3370320533167
68.9292596008114
69.5124823612097
70.08640972076236
70.65082283744539
71.20556459421007
71.75052980828009
72.28565789936155
72.8109262420646
73.32634397308375
73.83194738716652
74.32779554211014
74.81396641252555
75.29055395978507
75.75766527525838
76.21541813479074
76.66393926408756
77.10336228471438
77.53382655703574
77.95547561216235
78.36845633287062
78.77291781299736
79.1690107362472
79.55688658651356
79.93669715603686
80.3085940220567
80.67272815368317
81.02924957764279
81.3783070701163
81.72004794894397
82.05461784232767
82.38216056479357
82.70281794175051
83.01672974533656
83.3240335872125
83.62486485977294
83.91935669519614
84.20763992003492
84.48984304405649
84.7660922417794
85.03651135107313
85.3012218788389
85.5603430085889
85.81399161634064
86.0622822936365
86.30532736218451
86.54323691280707
86.776118819547
87.0040787828615
87.2272203514353
87.44564496469361
87.72598923921008
88.08228210475694
88.50173568884777
88.9733593845268
89.48771372371193
90.0366971137082
90.61336227814834
91.21175769494502
91.82679046859607
92.45410811433048
93.0899965199832
93.73129185309374
94.3753045134005
95.01975348462848
95.66270984669568
96.30254734793942
96.93790049716903
97.56762824772633
98.19078259322228
98.80658129148047
99.41438433904239
100.01367389287375
100.60403691377718
101.18515015783042
101.75676715000806
102.3187070437925
102.87084463041275
103.41310287488915
103.94544480443318
104.46786803367907
104.98039918583659
105.48308919457773
105.97600974773333
106.45924946951713
106.93291131753134
107.39710998429071
107.85196966446394
108.297622402627
108.73420631218039
109.16186435528786
109.58074316725411
109.990991969716
110.39276188586564
110.78620507091674
111.1714742288584
111.54872198751985
111.91810055324258
112.27976126572108
112.63385435462995
112.98052862759633
113.31993130201636
113.65220779179272
113.97750159445427
114.29595415083256
114.60770477276081
114.91289055647178
115.21164633993872
115.50410465567509
115.79039570975618
116.07064736317194
116.34498512607601
116.61353215882919
116.87640928388508
117.13373499075361
117.38562546353906
117.63219459862026
117.87355402433376
118.10981314388258
118.34107914743191
118.56745705611195
118.78904974883982
119.03353336435065
119.35996045141074
119.75470119301376
120.20603871085288
120.70390659820072
121.2396627318153
121.80589341167286
122.39624495758882
123.00527735410155
123.62833907814762
124.26145828982669
124.90124904654401
125.54483032875886
126.18975619974307
126.83395569030075
127.47568011117428
128.11345904276305
128.7460611983952
129.37246070705277
129.99180838094614
130.60340691367986
131.20668942480637
131.8012008633034
132.3865818865236
132.9625551293231
133.52891337791115
134.08550936111786
134.63224668364649
135.16907229914304
135.69597027303624
136.21295549549987
136.7200694218711
137.21737550684543
137.70495566818764
138.18290737280404
138.65134065764093
139.11037612312097
139.5601428088967
140.00077652134897
140.43241849077137
140.85521398727573
141.26931140050775
141.6748612052799
142.07201533822317
142.46092640645452
142.8417472497125
143.21463037257251
143.5797276317672
143.9371898342152
144.28716651708547
144.6298056682075
144.96525357501568
145.29365463526634
145.61515125687276
145.9298837350261
146.23799018956095
146.5396064907213
146.83486622408785
147.12390065183993
147.4068386979877
147.68380693479006
147.95492958178414
148.22032851390532
148.48012326978758
148.7344310659592
148.98336682702407
149.22704319421766
149.46557056737728
149.69905712692724
149.9276088616226
150.15132960731677
150.3703210790348
150.66343280280458
151.0303737010702
151.45865326767756
151.937537585221
152.45780839969436
153.01155526930322
153.59199576567133
154.19332034721978
154.81055859862997
155.43946368597534
156.07641260650016
156.71832007562077
157.36256418977968
158.00692225904317
158.64951527943472
159.2887604631834
159.92332954145448
160.55211336245173
161.17419127429355
161.78880464143953
162.39533385230746
162.9932784787513
163.58224034660117
164.16190890547082
164.73204858065998
165.29248792835133
165.84310965995223
166.38384338020796
166.9146580265447
167.43555589720486
167.94656782527585
168.44774817256203
168.93917144429932
169.42092875688041
169.89312497505293
170.35587646981577
170.80930875928757
171.25355491431856
171.68875393138532
172.11504938218474
172.53258840810258
172.9415205500407
173.34199717320655
173.7341705347294
174.1181933864441
174.494218303933
174.86239740225886
175.22288185929952
175.5758217151153
175.92136553886428
176.25966029017144
176.5908510922136
176.91508113885627
177.23249154592577
177.54322129208825
177.84740712750582
178.14518353949424
178.43668270310584
178.72203446519256
179.001366324637
179.27480342948388
179.54246858009049
179.80448223866134
180.06096253710612
180.31202530788732
180.55778409349787
180.79835017977172
181.03383262670494
181.26433828688016
181.48997185011285
181.71083586882645
181.96793362551847
182.30499412077256
182.70866350661655
183.16746308536767
183.67153192916152
184.21240519576628
184.78282231138462
185.37656144269124
185.9882965748195
186.61347446172923
187.2482079748778
187.8891841678484
188.53358496823225
189.17901871385504
189.82346127294298
190.46520427227583
191.10281189139553
191.7350827129426
192.3610166956779
192.9797868002836
193.590714714319
194.19324985175632
194.7869511896813
195.37147148405163
195.94654370836923
196.51196950324996
197.0676090436093
197.61337254426041
198.1492123870653
198.67511734746753
199.19110634409918
199.69722413915258
200.19353711271512
200.6801295518461
201.15710094254726
201.62456302828542
202.08263777078926
202.53145539169952
202.971152620922
203.40187144361767
203.8237577463882
204.23696036167246
204.64163014371667
205.0379192635776
205.42598052025537
205.80596684023956
206.17803078390767
206.54232418838265
206.89899781859575
207.24820111633437
207.59008195800985
207.92478648258574
208.25245892798446
208.57324151731362
208.88727435304088
209.19469534621575
209.49564015291102
209.79024213502314
210.07863232754607
210.3609394225326
210.63728975815707
210.90780731821192
211.1726137421191
211.43182833149052
211.68556806902222
211.9339476452844
212.17707946902067
212.4150737121959
212.6480383265495
212.87607907790243
213.09929958107318
213.31783077640608
213.622752238103
213.9998078094402
214.43674017003227
214.92301679617793
215.44959321119126
216.0087089810913
216.5937112590044
217.19890223079796
217.81940797555913
218.45106495002287
219.0903220386057
219.73415599622462
220.37999845318885
221.0256729100561
221.66934017650726
222.30945187077788
222.94470939752975
223.57402918420073
224.19651263141859
224.81142011724432
225.41814843651687
226.01621130051592
226.6052227143011
227.18488261743474
227.75496446882877
228.31530460451557
228.86579243502658
229.40636331714447
229.93699114215477
230.4576824608669
230.96847175655114
231.46941652466376
231.9605939558734
232.44209746389288
232.91403388133418
233.37652125707405
233.82968654031086
234.27366402194818
234.70859373053997
235.13462011545244
235.55189105692543
235.9605567190064
236.3607689876462
236.75268055502312
237.13644453238186
237.5122137913721
237.88014068738664
238.24037659194127
238.59307169779711
238.93837469253415
239.2764326242443
239.6073906795463
239.93139209393615
240.24857800674417
240.55908740435606
240.86305703167028
241.16062135940592
241.45191253686625
241.73706037700583
242.01619233876087
242.2894335245347
242.5569066843551
242.81873222718974
243.07502822818324
243.32591046079028
243.571492407659
243.81188529181523
244.0471981111578
244.27753765479778
244.50300854865685
244.72371328178406
244.99364686570146
245.34151945689598
245.75425930761713
246.2206310435456
246.73098402397184
247.27703456595887
247.85167847023763
248.44882887439348
249.06327631694933
249.6905678821554
250.3269029515248
250.96904320830367
251.61423494633752
252.2601420020046
252.90478806270923
253.54650610376106
254.18389565729743
254.81578567755975
255.44120244122635
256.05934165118293
256.669544443724
257.27127687366607
257.86411217290805
258.44771541009345
259.02183017004626
259.5862671819254
260.14089413001744
260.68562799143945
261.22042676170383
261.7452838758694
262.2602224733784
262.76529062922975
263.2605576996915
263.7461104247764
264.2220502721841
264.6884907722752
265.1455552431868
265.5933750967291
266.0320880186836
266.46183672078416
266.882767737849
267.2950303160627
267.69877571251936
268.0941563039746
268.4813250939328
268.8604350702158
269.23163885368314
269.59508823917855
269.9509339485511
270.2993253077684
270.64041007657016
270.97433422686964
271.3012418285542
271.6212749028989
271.93457334940473
272.2412748546195
272.54151484883397
272.8354264556637
273.1231404705534
273.40478533984214
273.680487154391
273.95036964991345
274.2145542173474
274.4731599076753
274.72630345926956
274.9740993138674
275.21665963779765
275.45409436304715
275.6865111994069
275.91401567961435
276.13671118421576
276.3686581094172
276.68460190116787
277.070625099063
277.51476260950244
278.00673400013795
278.53771214446715
279.10012419359964
279.6874787682414
280.29421740440216
280.91558629882303
281.5475255415721
282.1865730684311
282.8297825285299
283.47465156399545
284.11906038092474
284.7612187113724
285.39962000196743
286.0330018546748
286.6603118694501
287.28067809878246
287.8933836013129
288.4978446695056
289.0935913980762
289.6802524356153
290.25753962216527
290.8252366860635
291.38318872687427
291.9312926407203
292.46948996345174
292.99775988907186
293.5161133529525
294.02458842528415
294.5232457297631
295.0121648203225
295.4914411800019
295.9611832831731
296.4215103470558
296.872550369348
297.3144382968656
297.74731470335354
298.17132433460176
298.5866152358251
298.99333762402114
299.39164329215475
299.78168477533444
300.16361491919815
300.53758629477085
300.9037508693046
301.26225961514933
301.6132622538611
301.95690700654734
302.2933403975
302.6227071043239
302.94514980788335
303.26080910142605
303.56982341209687
303.8723289201088
304.1684595325842
304.45834683216765
304.7421200672389
305.01990613570166
305.2918295826395
305.55801260550055
305.81857506583765
306.0736344996717
306.32330614703477
306.56770296300897
306.8069356569099
307.04111271168364
307.2703404188045
307.4947229101418
307.7143621907429
307.9958656493627
308.3532565032651
308.77375319547156
309.24637059940085
309.7616740254388
310.3115660476384
310.88910302848467
311.4883366263657
312.10417673275293
312.7322733078188
313.3689143876888
314.01093803093687
314.65565630529
315.30078966907956
315.9444105144655
316.58489374512004
317.2208749084081
317.8512138902973
318.47496352221145
319.0913423068519
319.6997109153832
320.29955212007405
320.89045344395936
321.47209215752054
322.044222252572
322.60666331137264
323.15929053066327
323.702027246149
324.2348368263977
324.7577172179674
325.2706953404767
325.7738224177504
326.2671704085436
326.75082819062965
327.2248989698921
327.68949766747437
328.1447487020075
328.5907843314373
329.0277428717935
329.4557674841009
329.87500499077174
330.28560479873715
330.6877182055191
331.0814975395383
331.46709566878167
331.84466538352643
332.2143590450045
332.5763281459226
332.9307230627028
333.2776927476051
333.617384557404
333.9499440430991
334.2755148348567
334.59423850375515
334.9062544880433
335.2117000079148
335.5107100219725
335.8034171808758
336.0899518059
336.3704418707779
336.6450129958308
336.91378844900714
337.17688915806553
337.43443371556714
337.68653840608295
337.9333172247367
338.1748818959779
338.41134191724365
338.64280457107856
338.8693749686622
339.09115607721645
339.33587719511354
339.6627044192284
340.0579816047327
340.5099692419645
341.00858140862965
341.5451592375319
342.11227473323726
342.70356177743685
343.3135698687578
343.937638481477
344.57178805765295
345.2126260131659
345.85726567341294
346.50325630205145
347.14852291498516
347.7913133834525
348.4301542844959
349.06381188010795
349.69125834646064
350.31164280731605
350.92426651567285
351.528561382111
352.1240714048944
352.71043653283306
353.28737881244876
353.85469057744484
354.4122240934955
354.95988286379105
355.4976135933395
356.0254002763036
356.5432578143262
357.0512276106328
357.54937325976573
358.03777674473946
358.5165356690466
358.98576025482697
359.44557124516643
359.89609791407145
360.33747626446495
360.7698477484726
361.193357887725
361.6081552827935
362.0143906841081
362.4122162511522
362.8017848648433
363.1832495981469
363.55676322498954
363.9224778404544
364.2805445146564
364.6311130243362
364.97433161319515
365.3103468066673
365.6393032503419
365.9613435865473
366.27660834985727
366.58523588952454
366.88736230653467
367.1831214099229
367.47264468401227
367.756061269685
368.03349795249596
368.3050791615747
368.5709269781842
368.8311611411272
369.085899066762
369.3352558727886
369.579344390011
369.818275206961
370.0521566840539
370.28109499102004
370.50519413828505
370.72455601342847
371.0181678239532
371.3857379673155
371.8147541555859
372.2944636475194
372.8156321687656
373.37033543724925
373.9517790834519
374.55414352099706
375.17244966559986
375.8024432602074
376.44049495702166
377.08351405837533
377.72887405372876
378.3743483415141
379.01805479758644
379.65840773856104
380.294076528475
380.9239500995518
381.54710624583333
382.16278503996966
382.77036572035837
383.3693469574471
383.9593298899842
384.5400034507326
385.1111316704751
385.6725427583643
386.2241192039382
386.7657905699221
387.29752563146417
387.8193267727916
388.33122483113306
388.8332742546591
389.3255497226805
389.8081424537634
390.2811575332608
390.7447115140251
391.19893012431845
391.64394668989286
392.07990042033765
392.5069351539324
392.9251982768146
393.3348395960113
393.7360107318863
394.1288642110377
394.51355304505853
394.8902300779056
395.2590476848737
395.6201573085708
395.9737092468238
396.3198523281566
396.6587337654153
396.9904989345721
397.31529127674264
397.6332521531901
397.9445207829063
398.24923415364424
398.5475269855169
398.83953168304964
399.12537831787296
399.4051946103544
399.6791059256932
399.9472352763449
400.2097033341738
400.46662843600734
400.7181266139171
400.9643116097146
401.2052948995793
401.441185734061
401.67209115113286
401.89811602180134
402.1193630763344
402.37677506940935
402.71401643347644
403.11775343177726
403.57652470797046
404.08048430817445
404.6211801688094
405.19136281783346
405.78481988392326
406.39623361947014
407.02105780304373
407.6554112982402
408.29598631067864
408.9399691945528
409.5849720860252
410.22897412408406
410.8702697539139
411.50742545620005
412.1392417553525
412.76472037595323
413.3830357669109
413.9935108293701
414.5955959716935
415.18885099360597
415.77292939385705
416.3475647605428
416.9125592402363
417.46777329819236
418.0131175672002
418.5485446479218
419.0740434713295
419.58963316228017
420.09535851869697
420.5912860339205
421.0775000197672
421.5540999493953
422.02119758792367
422.47891483472137
422.92738188703066
423.36673541313274
423.7971173158196
424.2186734242981
424.6315524590773
425.0359052094985
425.4318837275001
425.8196407318258
426.199329029351
426.57110108992106
426.9351086321131
427.29150232387263
427.6404314905325
427.9820439078563
428.3164856011632
428.64390070612757
428.9644313354805
429.2782174893417
429.58539697193476
429.88610533796617
430.1804758462138
430.4686394321358
430.7507246884064
431.0268578557208
431.29716282224786
431.5617611335724
431.8207719975453
432.0743123076821
432.3224966639753
432.56543738789765
432.8032445666668
433.03602606566733
433.26388756961734
433.4869326108467