0
0.06655891672408494
0.1893025132895063
0.35931598380170515
0.568925540083943
0.811528615837444
1.0814469156247926
1.3737998606846604
1.6843954537672907
2.009635500526339
2.346434429585027
2.692148392998317
3.044514973602765
3.4016006114074364
3.7617553194094633
4.123573587562165
4.485860630784261
4.8476032412293995
5.207944618563342
5.5661626752183295
5.921651421225457
6.273904322345789
6.6225012088326505
6.96709544283193
7.3074037459516115
7.6431975706629185
7.974294905929697
8.300553743621258
8.621866538597946
8.938154949357346
9.249365646190059
9.555466758610198
9.856444504447902
10.152300505449555
10.443049538928474
10.728717266267461
11.009338728034667
11.28495667200765
11.555620309912587
11.8213842332842
12.082307360612157
12.338452240164004
12.589884207479697
12.83667090041253
13.0788816450199
13.316587073507817
13.549858713596588
13.778768668335886
14.003389356366597
14.223793248363668
14.44005270729185
14.652239768399843
14.8604260538865
15.064682609819279
15.265079833349002
15.461687379236407
15.654574091769021
15.843807957371107
16.02945604800393
16.211584498958956
16.390258468977134
16.565542129469517
16.73749864235735
16.906190154121898
17.071677788094096
17.23402164232545
17.393280790601455
17.549513285540673
17.70277616320293
17.85312545230432
18.000616179169754
18.145302383549332
18.323228927611904
18.5536585311322
18.827959767810672
19.138707793148082
19.479518897320297
19.844907929088578
20.230165121697812
20.63124956342248
21.044697424566742
21.467542756734964
21.897248938035087
22.33164958075956
22.768897529624315
23.207420829453635
23.645884857380615
24.083159010861596
24.518288913754112
24.950471880809165
25.3790356619606
25.803420170974235
26.223161862812713
26.637880213922728
27.04726602328502
27.451071236686342
27.849100210855138
28.24120226706537
28.627265169990874
29.007209601402632
29.380984130465002
29.74856146039711
30.109934364205905
30.46511296505371
30.814121917880502
31.156998075700784
31.493788698229167
31.82454952858264
32.14934351240765
32.468239459264794
32.78131095270085
33.08863550387
33.39029365493241
33.68636838947878
33.9769444599341
34.26210799149747
34.54194595541663
34.816545895683625
35.085995541464776
35.35038261424588
35.60979454572525
35.86431834295612
36.11404038570928
36.35904633355443
36.59942098311077
36.835248205326586
37.066610847686974
37.29359069323489
37.51626839641664
37.734723457718516
37.94903418458468
38.159277677837586
38.36552980923672
38.567865216989624
38.76635729919128
38.96107821268017
39.15209887416078
39.339488968917266
39.52331695469515
39.70365007228036
39.880554360718655
40.05409466309964
40.224334645686774
40.40069485661428
40.633355222723154
40.9130975686992
41.23199170274376
41.58321906786058
41.9609200431025
42.36006271644741
42.77632936756527
43.20601843219977
43.64595972203965
44.09344136565833
44.54614700000375
45.00210067725082
45.45962048614049
45.917277833161116
46.37386239182821
46.82835174692158
47.279885290832084
47.727741751930694
48.17131977798205
48.610121164124
49.043736368205195
49.47183209609739
49.894140021406095
50.310448216890144
50.72059274899828
51.124450589206525
51.52193412436798
51.91298555010215
52.29757261590499
52.67568493556853
53.04733039231455
53.41253254266909
53.77132810221393
54.123764745944456
54.469899455232465
54.80979684696701
55.143527825733706
55.471168529927176
55.79279921926446
56.1085035550088
56.41836773799995
56.722480018751654
57.020930037853354
57.31380848781917
57.601206620368444
57.88321600709945
58.15992818219692
58.4314344681478
58.69782572449241
58.95919221853621
59.21562345427421
59.46720807616653
59.71403375747995
59.95618713036702
60.19375370559706
60.42681784422569
60.6554626917059
60.879770163351274
61.09982091242811
61.31569431439875
61.52746845864235
61.735220139620615
61.93902485637339
62.13895681544959
62.335088934014905
62.52749284857051
62.71623892611507
62.901396271354066
63.08303274602032
63.26121497642656
63.43600837559403
63.652065918464494
63.91889885558683
64.22804548927799
64.57222870989551
64.9451937402661
65.34156784939977
65.75673957191474
66.1867540356832
66.62822287737787
67.07824639649633
67.53434627294583
67.99440754629309
68.45662852870619
68.91947756400091
69.38165584202422
69.84206467484205
70.299778243542
70.7540194898032
71.20413920238428
71.64959811918992
72.08995159747288
72.52483633872292
72.95395888656016
73.37708561139353
73.79403417612144
74.20466621626346
74.608881002763
75.00660982318593
75.39781129766006
75.78246751004617
76.16058008354338
76.53216757522708
76.89726255993531
77.25590951319472
77.60816292266038
77.95408546416571
78.29374676495718
78.62722201239252
78.95459098577471
79.27593714455507
79.59134679516532
79.90090852153462
80.20471247972559
80.5028500704024
80.79541337262258
81.08249491898918
81.36418728533388
81.64058292809388
81.91177389166565
82.17785169079966
82.43890710570884
82.69503009758097
82.94630966875073
83.19283380291607
83.43468937298927
83.67196210004975
83.90473649577869
84.1330958358025
84.35712212690736
84.57689609177436
84.79249715339381
85.00400342772625
85.21149172155835
85.41503753365312
85.61471505643853
85.81059718468096
86.0027555263522
86.19126040758816
86.37618089338704
86.55758479501715
86.73553868926533
86.92856023361406
87.17624854913612
87.46959631208082
87.80085561657134
88.16336543944828
88.55140254195648
88.96005299059803
89.38510122993574
89.82293379809991
90.27045692059417
90.72502497117267
91.18437878494147
91.64659240442333
92.11002710674691
92.57329171928431
93.03520833161993
93.49478281138953
93.95117907273465
94.40369720293279
94.85175451750216
95.2948691440235
95.73264571888126
96.16476318742816
96.59096433010767
97.01104669334485
97.42485472556159
97.83227300983539
98.23322015747532
98.62764437425932
99.015518480326
99.39683661770219
99.77161084779779
100.13986831096935
100.50164906587553
100.85700374347036
101.20599201405874
101.548680934663
101.885143653127
102.21545836070042
102.53970720301227
102.85797556841216
103.17035130565246
103.47692413224352
103.77778512245467
104.07302626786746
104.36274008116176
104.64701929742628
104.92595657480815
105.19964429107628
105.46817432077351
105.7316378984104
105.9901254556072
106.24372653083853
106.49252965350459
106.73662228591867
106.97609074385979
107.21102016079938
107.44149443662138
107.6675962171078
107.88940686423604
108.10700644642611
108.32047372415742
108.52988614773074
108.7353198561421
108.93684968042773
109.13454914606298
109.32849048696772
109.5187446512784
109.70538131363432
109.888468892688
110.06807455983673
110.24426426224095
110.46985491528542
110.74477024139972
111.06074954115438
111.41068906406781
111.78848379952896
112.18889025114709
112.60740839650158
113.04017965555467
113.48389873816909
113.93573756904104
114.39327963454521
114.85446330325207
115.31753289471988
115.78099643712193
116.24358935441482
116.70424249960466
117.16205543324695
117.61627296450483
118.06626482057455
118.51150803218987
118.95157195214871
119.38610530956811
119.81482500262695
120.23750634869033
120.65397468355816
121.06409823047869
121.46778184640641
121.86496173795092
122.25560062490028
122.63968415869965
123.01721700628177
123.3882202793504
123.75272878985909
124.1107888591527
124.46245657524636
124.80779595523833
125.14687774301481
125.47977808739391
125.80657754485978
126.12736023825117
126.4422130121604
126.75122488512578
127.05448637233091
127.35208915144989
127.64412552181889
127.9306881785169
128.21186981619053
128.487762969785
128.75845972883323
129.02405162536525
129.2846294316556
129.54028308185835
129.7911015325753
130.0371727087517
130.27858341104533
130.51541927946573
130.74776473520816
130.975702957514
131.1993158505389
131.4186840304925
131.6338868099581
131.845002192215
132.0521068692299
132.255276223761
132.45458433100322
132.65010396872125
132.84190662726363
133.0300625156512
133.2146405824584
133.3957085235068
133.5733328002062
133.77496277927582
134.02996740492713
134.3295180619401
134.66602108652296
135.03294846473906
135.42469199137605
135.83643686242308
136.26405310404473
136.70400107756953
137.15325076853614
137.60921157357373
138.06967180409114
138.53274645155523
138.996832091391
139.46056803484575
139.92280246251624
140.3825639638541
140.8390360680442
141.29153567708286
141.73949454139716
142.18244321555096
142.61999714393858
143.05184455944428
143.47773619172736
143.89747639926895
144.31091549349992
144.71794315771447
145.11848233961172
145.51248489500406
145.89992692431937
146.28080519911282
146.655134178971
147.02294296598293
147.38427329033073
147.7391772585147
148.08771571271456
148.42995677702413
148.76597444752858
149.09584764043498
149.41965912153103
149.73749476117038
150.04944284483483
150.35559340164264
150.65603780348513
150.95086823457723
151.24017739425796
151.52405812654908
151.8026031944147
152.07590502382317
152.34405553419316
152.6071459643578
152.86526674724206
153.118507394219
153.36695640467482
153.61070119155644
153.84982801844927
154.08442195393872
154.31456683033838
154.54034521798522
154.7618384010227
154.97912636550987
155.19228778719597
155.40140002985387
155.60653914466982
155.80777987294115
156.00519565055208
156.19885862187633
156.38883964351234
156.57520830148127
156.75803292424408
156.93738059542005
157.1133368759059
157.34691785543737
157.6287003526743
157.95057762452294
158.3055789218925
158.68771392211062
159.09183832489094
159.51353763149137
159.94902714273357
160.3950652972252
160.84887904693053
161.30809939109574
161.77070572031997
162.2349777695419
162.69945413962125
163.16289662080735
163.62425891096936
164.0826601833628
164.53736213810433
164.98774913793142
165.43331090035818
165.8736276789647
166.30835757827603
166.7372255700592
167.16001397774036
167.57655419072347
167.98671964852022
168.39041960482223
168.78759421195295
169.17820948471473
169.5622539241074
169.93973470510576
170.31067501275632
170.67511152979935
171.03309212636046
171.38467424141047
171.72992306537915
172.06891031474237
172.40171301276533
172.72841243320136
173.04909332850377
173.3638430825411
173.67275115675955
173.9759084668698
174.2734070099318
174.56533937242827
174.85179847923993
175.13287722825964
175.40866831754536
175.67926397798024
175.9447558550725
176.2052348168759
176.4607908741401
176.7115130458176
176.95748930608053
177.19880649352598
177.43555027711508
177.6678050982624
177.8956541501891
178.11917934449963
178.33846130045794
178.55357932879326
178.76461142783077
178.97163428146925
179.17472326179765
179.37395243079195
179.56939455231205
179.76112110001003
179.94920226595818
180.13370698065188
180.3147029206265
180.49225652777673
180.70251429838507
180.96479864644533
181.2704682541
181.61209116500885
181.98327893898949
182.37854369772745
182.79317467887094
183.2231314364214
183.6649518089128
184.1156725711362
184.57276071531885
185.03405419765218
185.49771081121423
185.96216404766
186.42608512188045
186.8883496006053
187.3480096122055
187.80426916156637
188.25646276404905
188.70403725471147
189.14653612373928
189.58358595303443
190.01488464543021
190.44019120988168
190.85931707658028
191.27211861010124
191.6784906672368
192.07836075977355
192.47168442191693
192.85844112380911
193.23863034990606
193.61226892061146
193.97938797631883
194.34003087932072
194.69425122234827
195.0421110109503
195.38367938397272
195.71903118254212
196.04824598543382
196.3714071501804
196.6886009837665
196.99991615002617
197.30544295046252
197.6052729901995
197.89949859971978
198.18821260287564
198.47150790035965
198.74947729955042
199.02221321906353
199.28980756422996
199.55235152115984
199.80993546642867
200.06264882700395
200.31058001585927
200.55381633984712
200.792443955215
201.0265478100613
201.2562116152618
201.48151781158816
201.7025475528616
201.91938069018312
202.13209576352244
202.34076999944614
202.54547931154238
202.7462983021111
202.94330027009556
203.1365572221921
203.32613987736204
203.51211768742908
203.69455884485387
203.8735303005253
204.05844251975137
204.29940731655327
204.58722279607193
204.9139732061919
205.27285263295428
205.65801288402034
206.06443225064467
206.48780208672534
206.92442881231062
207.37114946676775
207.8252587857147
208.2844462297023
208.7467416287692
209.21046809863407
209.67420149648507
210.13673554020235
210.59705165647713
211.05429292769017
211.5077415597111
211.95679937414167
212.400971088504
212.83984989439716
213.27310500480414
213.70047094700547
214.12173801569338
214.53674440475325
214.94536958982135
215.34752778478162
215.74316329133623
216.13224589291616
216.51476690207372
216.8907361645432
217.2601789482499
217.6231336215871
217.97964961251512
218.32978543432495
218.67360728324533
219.01118764373328
219.34260406781587
219.66793833972295
219.98727546538038
220.30070309968707
220.60831078069077
220.91018953109725
221.20643128382216
221.49712860255894
221.7823742581151
222.06226103030656
222.3368814020924
222.60632741760563
222.87069046652016
223.13006118194104
223.38452929255533
223.63418354972168
223.87911162988516
224.11940008519633
224.35513427313842
224.58639833824935
224.81327516228188
225.0358463501469
225.25419221233545
225.468391751558
225.67852266019307
225.8846613180668
226.08688279367104
226.28526085121894
226.47986795854052
226.67077529402553
226.85805276492366
227.0417690135524
227.22199143659736
227.39878619905699
227.616724491792
227.8853008008318
228.19606993772337
228.5417690228672
228.91615569223407
229.31386793405434
229.73030355455967
230.1615157674004
230.60412324319992
231.05523235465037
231.51237006581303
231.97342602024366
232.43660254513046
232.90037148923483
233.36343711530677
233.82470342941954
234.28324692618455
234.73829257961984
235.18919302325287
235.63541060255795
236.0765020748858
236.51210537042004
236.94192813076063
237.36573772940966
237.78335271249804
238.19463550562318
238.5994860468345
238.99783631264967
239.38964546505127
239.77489612965462
240.15359041364394
240.52574729161458
240.8913997666212
241.25059266740365
241.60338083941517
241.9498272797832
242.29000190823118
242.62398020567068
242.95184220711013
243.27367163049897
243.58955501917822
243.89958118028136
244.20384048940187
244.50242455140975
244.79542564495424
245.0829364921471
245.36504985234413
245.64185835897868
245.91345422686038
246.17992913688823
246.4413740288173
246.69787902042236
246.9495332644285
247.1964248925938
247.43864092035378
247.6762672091907
247.90938840640015
248.1380879210843
248.36244788946058
248.58254916143738
248.79847128369983
249.01029249358513
249.2180897165652
249.42193856751933
249.62191335223324
249.81808707720285
250.0105314590106
250.1993169304953
250.38451266158725
250.5661865664058
250.74440532163928
250.93772447550623
251.18582422182863
251.47967875431368
251.8115242670187
252.1746860375796
252.56342911018598
252.97282942327422
253.39866278501643
253.83730826948585
254.28566573847309
254.741084122642
255.20129960700788
255.66438226725387
256.12869000002763
256.5928287602902
257.0556181383175
257.5160619824685
257.97332248804577
258.4266982745952
258.8756054168447
259.31956101860396
259.75816890699247
260.19110735247756
260.6181185787144
261.0389996819581
261.4535947681601
261.86178818105043
262.26349833293074
262.6586732899492
263.0472858231131
263.4293300081596
263.8048179402591
264.1737767808548
264.5362466509564
264.89227827624
265.2419314144973
265.58527325701453
265.922377073766
266.2533212016245
266.57818793987167
266.8970628276559
267.21003388594124
267.5171909890414
267.81862539230957
268.11442925071566
268.40469525883475
268.6895163197193
268.96898527209515
269.24319466348663
269.51223654627
269.776202324416
270.03518260366013
270.2892670901259
270.53854448298324
270.78310240928386
271.0230273498406
271.25840459917725
271.4893182172543
271.71585100668784
271.93808448449374
272.1560988713942
272.3699730776533
272.57978470111397
272.78561002589936
272.9875240253238
273.1856003649334
273.3799114165713
273.5705282628711
273.757520711769
273.94095731215896
274.1209053644391
274.2974309392338
274.523449384156
274.7988843120222
275.1154595664719
275.46605826303073
275.844563912715
276.2457233619904
276.665028200863
277.09861257210264
277.5431649689977
277.9958520658951
278.45425294242517
278.916302054211
279.3802405858817
279.84457377493635
280.30803446788224
280.7695516508742
281.2282232550796
281.6832926647793
282.1341283983741
282.5802065390848
283.021095666146
283.4564438921646
283.8859674871588
284.3094414464155
284.7266906121797
285.1375831107222
285.5420236056162
285.9399480684745
286.3313193807186
286.7161229533548
287.09436357607177
287.46606239652135
287.83125423161823
288.1899855740283
288.5423125507851
288.8882993268333
289.2280168048865
289.56154121268
289.88895333206386
290.2103373694968
290.5257803965856
290.83537153769987
291.1392015405954
291.4373622031163
291.729946040138
292.0170458863067
292.2987546374571
292.57516498061545
292.8463691946798
293.11245897065544
293.3735252604966
293.62965816014264
293.8809467978532
294.12747926174916
294.3693425169427
294.6066223586561
294.8394033728027
295.0677688887968
295.29180096859704
295.51158037723616
295.72718657641707
295.9386977163843
296.1461906330257
296.34974084888955
296.5494225801411
296.7453087397096
296.93747095111723
297.12597955766313
297.3109036345299
297.49231100555625
297.670268256582
297.87219234377085
298.12741751606166
298.4271258392443
298.7637328596111
299.1307185050714
299.5224814147714
299.93421268242486
300.3617874179919
300.8016703592326
301.2508352596531
301.7066947585563
302.16703995674567
302.62998824487244
303.09393826015906
303.5575310826008
304.0196164143175
304.4792241472791
304.93553892226356
305.38787859421615
305.83567572899966
306.2784615774012
306.7158521744578
307.14753625343633
307.57326496907723
307.992843039587
308.40612107944924
308.81298902407815
309.21337003086353
309.60721613331634
309.99450357174703
310.3752292371392
310.74940768105444
311.1170680795181
311.4782522210913
311.8330122530972
312.1814090495309
312.5235107530314
312.8593913706462
313.1891298221462
313.5128088691018
313.83051437382187
314.14233460744697
314.4483595826244
314.7486806496978
315.0433899704285
315.3325802178857
315.61634420943983
315.89477467867823
316.1679640221367
316.43600412792915
316.6989862037276
316.9570006500834
317.21013694625555
317.45848355880935
317.70212786819496
317.9411561051765
318.1756533058756
318.40570327010215
318.63138853606216
318.85279035593135
319.06998868418435
319.2830621653199
319.4920881322134
319.6971426055511
319.8983002966029
320.0956346115763
320.2892176656421
320.4791202867219
320.6654120324727
320.84816120335586
321.0274348549035