0
0.0660836148325774
0.18798079213290958
0.3568652401781467
0.5651383330350117
0.8062611574548775
1.074609196529876
1.3653471214822368
1.6743208687414204
1.9979639077243385
2.3332169202617727
2.6774576750623202
3.0284414116152343
3.3842488279611227
3.7432412875647403
4.1040221467603
4.465403367715995
4.826376681258578
5.186088692767937
5.543819422781727
5.898963887165285
6.25101564591872
6.599553845863505
6.944230490863743
7.284760434782513
7.620912812757961
7.952502913087963
8.279385754857387
8.601450581389358
8.918615641050067
9.230824069582264
9.538040355312681
9.84024699217333
10.13744184385112
10.429635905700867
10.716851043648967
10.999118531428369
11.276477356995112
11.548973028068964
11.816656462230606
12.079582970863388
12.337811547920744
12.591404042916258
12.840424679333582
13.084939436355263
13.325015681152987
13.560721746089063
13.792126623452198
14.019299694436901
14.242310475066853
14.461228450431866
14.676122858897738
14.88706260024172
15.094116080123243
15.297351127142692
15.4968349072398
15.692633846602387
15.884813589385441
16.073438935077007
16.25857381804799
16.440281264551825
16.618623381041218
16.79366133079513
16.96545532592055
17.134064618711633
17.299547497707156
17.461961287262614
17.62136234939113
17.777806086584302
17.931346949862316
18.08203844255685
18.229933133398166
18.41078629925466
18.643727442862332
18.920217097436275
19.232908498538308
19.575484060424102
19.9425144981139
20.32933705268609
20.731950239626496
21.146923099678165
21.571316967478115
22.002617710363594
22.43867730898492
22.877663447985206
23.318015995203737
23.758409564572318
24.197720599834796
24.634999934253603
25.06944849821469
25.500396271913065
25.927284283110307
26.349649160869205
26.767109762816908
27.179355594991556
27.586136733972143
27.987255222455417
28.382557695929098
28.771928976259932
29.15528647709958
29.532575391408063
29.90376486625035
30.268844012277334
30.62781925809036
30.98071146734835
31.327553728323704
31.6683895104986
32.00327078559325
32.33225677741158
32.65541258674913
32.97280816595016
33.284517438633735
33.59061742714154
33.89118767881589
34.18630956508303
34.47606592693358
34.76054051600456
35.03981775187609
35.313982311493085
35.58311895676361
35.84731223639979
36.10664636405641
36.36120500472397
36.611071189415
36.8563271650842
37.097054335753725
37.333333159873725
37.565243110674935
37.792862608779515
38.01626899659267
38.23553849692331
38.4507461982392
38.66196603093533
38.86927075992356
39.07273197815914
39.27242010268549
39.46840437504234
39.66075286680981
39.849532484556086
40.034808975635876
40.21664694385686
40.3951098534388
40.57026004683097
40.751441892634716
40.98844916351795
41.272161758014995
41.59473283090423
41.949414359325274
42.33040658370728
42.73272815229189
43.1521036745742
43.584866970012264
44.027877315301836
44.478447262690935
44.93428029210508
45.39341698390961
45.854188550215234
46.315176718624606
46.775179220588505
47.23317956014019
47.68832141481168
48.13988645336489
48.58727512940049
49.02998994413459
49.46762109631747
49.89983421483371
50.32635973591925
50.74698369923214
51.161539729788316
51.569902248056245
51.97198043497865
52.36771347889715
52.7570656967247
53.14002327375337
53.51659056004882
53.886787508636345
54.25064722457972
54.60821374121977
54.959540448162514
55.30468832373674
55.64372476157905
55.976722371214564
56.30375796894927
56.624911820730986
56.940266819232754
57.24990795544634
57.55392169683996
57.852395643240996
58.14541803110634
58.43307750370558
58.71546274252959
58.99266230878322
59.264764373809086
59.53185660984192
59.79402599662722
60.05135874645893
60.30394016910597
60.55185462081386
60.795185413342594
61.034014779949935
61.2684238174251
61.49849246434797
61.724299467392754
61.94592236903809
62.16343749075346
62.37691992714389
62.58644354319485
62.79208097475327
62.9939036297687
63.191981696719296
63.386384153267514
63.57717877165189
63.76443213668881
63.94820965270332
64.12857556263067
64.34982488552113
64.62141608302808
64.93497810611177
65.283310862452
65.66022479199287
66.06040229525203
66.47927833952797
66.9129370006169
67.35802241195123
67.81166188537335
68.27139939245471
68.73513820861858
69.20109141011025
69.6677391366951
70.13379182409024
70.59815788227901
71.05991679793328
71.51829523187541
71.97264632091836
72.42243206854955
72.86720817971528
73.30661092680747
73.7403457404102
74.16817731917747
74.58992122518849
75.0054366301786
75.41462008713596
75.81739982727763
76.21373135178416
76.60359339049356
76.9869841599755
77.36391875334132
77.73442618854268
78.09854742947027
78.45633339327615
78.80784323857273
79.15314310072104
79.49230469769269
79.82540442132695
80.15252236914083
80.4737415739262
80.78914740544002
81.09882688309614
81.40286834212321
81.70136088260689
81.99439412932892
82.28205784175806
82.56444173138733
82.84163519015004
83.11372715205778
83.38080590751001
83.64295899965805
83.90027310056708
84.15283393513432
84.40072620117719
84.64403351541236
84.88283836436516
85.11722206807505
85.3472647523149
85.57304532666471
85.79464147134085
86.01212962525118
86.22558498410406
86.43508149866368
86.64069187666855
86.8424875869853
87.04053887158688
87.23491474884185
87.42568302935226
87.61291032665515
87.7966620709212
87.99530252716742
88.24812165887141
88.5462105203888
88.88190486142913
89.24861462752945
89.64067665803752
90.05322768857302
90.48209478392008
90.92370015336766
91.3749797486028
91.83331256058122
92.29645966101164
92.76251157678493
93.22984285910032
93.69707286630242
94.16303189291357
94.62673199731566
95.08734159631521
95.54416384957452
95.99661793385874
96.444222808102
96.88658306965716
97.32337691144255
97.75434576698903
98.17928534324246
98.5980378362129
99.01048524098805
99.41654333301742
99.81615726706912
100.20929663985164
100.59595227921398
100.97613281182575
101.34986191751975
101.71717614765979
102.07812261708148
102.4327575017516
102.7811443665141
103.12335292233858
103.45945795544023
103.78953826567094
104.11367596144126
104.4319556665283
104.74446396098834
105.05128883731209
105.35251930069388
105.64824494050836
105.93855566285639
106.22354136603735
106.50329175972354
106.7778961231643
107.04744318395669
107.31202094137525
107.57171658613113
107.8266163747152
108.0768055771775
108.32236839103024
108.5633879082138
108.79994605935454
109.03212359392963
109.26000004751108
109.48365373148908
109.70316171650433
109.91859982866843
110.13004264696599
110.33756350491775
110.54123449197661
110.74112646405108
110.93730905074993
111.1298506630276
111.3188185108843
111.50427861069942
111.68629580540168
111.91725906247582
112.19711789744561
112.51770105313369
112.87198074661974
113.25391632868649
113.65831865975846
114.08073352900031
114.51734074275136
114.96486708306627
115.42051111531465
115.88187829676593
116.34692496549057
116.81390998566452
117.28135300231658
117.74799855177064
118.21278445449337
118.67481548011246
119.13334011510078
119.58773039459845
120.03746456884791
120.48211231113642
120.92132190953363
121.35480917020448
121.78234774596841
122.20376088158075
122.61891435177225
123.0277103365
123.4300820114184
123.825989001255
124.21541366074388
124.59835727064122
124.97483753260683
125.3448857375002
125.70854473563672
126.06586709622606
126.41691335420698
126.76175081476696
127.10045219712227
127.43309471524161
127.75975917714374
128.08052919302287
128.39549061823004
128.70473086778105
129.00833860356641
129.3064031828197
129.59901443976497
129.88626228995378
130.16823656766243
130.4450267473136
130.71672182199035
130.98341011122207
131.24517917071853
131.5021156632542
131.75430529264057
132.00183271999876
132.24478151692614
132.4832341139686
132.71727176917415
132.9469745390378
133.17242125962917
133.39368953291972
133.61085571672513
133.8239949228622
134.03318101643194
134.23848661775216
134.4399831076179
134.63774063919567
134.83182814142444
135.0223133360082
135.20926274754638
135.3927417175645
135.5999701520465
135.860091688693
136.16437507359845
136.50530941595486
136.87643694049117
137.27220885087
137.68786045824655
138.11930394774706
138.5630349454787
139.0160528056592
139.47579123387325
139.94005851342473
140.40698590286686
140.87498307628968
141.34269970352872
141.8089920765014
142.27289486880727
142.73359597381818
143.19041527812126
143.64278633848113
144.09024051220857
144.5323931504968
144.96893167664356
145.3996054409801
145.82421694553076
146.24261424609912
146.65468441151435
147.0603475234157
147.45955242217096
147.85227193566507
148.23849955052037
148.6182462743823
148.99153774524137
149.3584122099535
149.7189182393426
150.07311320422554
150.4210617302644
150.7628343828791
151.09850668922803
151.42815806502247
151.75187111809714
152.0697309077493
152.3818243420362
152.6882397100024
152.98906622566446
153.2843936656265
153.57431205966418
153.8589114129019
154.1382814964739
154.41251163770974
154.68169058039643
154.9459063292807
155.2052460585542
155.4597959996041
155.70964138254521
155.95486635815294
156.19555396189796
156.43178606267023
156.6636433420327
156.89120526373802
157.11455006363443
157.3337547338465
157.54889502014436
157.7600454194526
157.9672791819011
158.17066831259925
158.37028358344656
158.56619453866094
158.7584695049994
158.9471756078196
159.13237877970977
159.3141633387601
159.5531082425226
159.8398847585607
160.16646642039998
160.52595052292702
160.9124043233887
161.32073202278062
161.7465598670974
162.18613724796808
162.63625096525146
163.09415141397565
163.55748882126272
164.0242581964812
164.49275180697302
164.96151815028557
165.42932668200402
165.89513680145214
166.35807181365539
166.8173961924273
167.2724958869932
167.72286117521804
168.16807207778615
168.60778579818597
169.04172584558984
169.46967258562
169.89145505216052
170.30694402161484
170.71604590831566
171.11869771516407
171.51486223658154
171.90452463871233
172.28768863631964
172.6643739807575
173.03461381949424
173.3984525378955
173.75594408449058
174.10715017335554
174.45213911731614
174.7909845431367
175.1237644184674
175.450560234627
175.7714561824157
176.08653862089972
176.39589541284437
176.69961560452222
176.99778889225396
177.29050540678776
177.57785532203584
177.85992870237956
178.1368152207904
178.40860405005463
178.67538366392685
178.9372417594912
179.19426512085917
179.44653956406034
179.6941498470532
179.93717963146213
180.17571142633616
180.40982656284132
180.63960516217935
180.8651261207074
181.08646709451878
181.30370449180398
181.51691347061046
181.72616793908225
181.93154055698577
182.1331027428844
182.3309246847081
182.5250753438781
182.71562247363343
182.90263262692892
183.08617117437376
183.302102701793
183.56962073785763
183.88017463143885
184.2264094461402
184.60200196070792
185.0015195259248
185.42029778510957
185.8543353606096
186.3002026008278
186.75496332475407
187.21610686537278
187.68148949517706
188.14928385130585
188.617935297338
189.0861243338262
189.55273373233803
190.01682105213678
190.47759401426129
190.93438953404123
191.38665580117942
191.83393675806408
192.27585864750546
192.71211828920147
193.14247308922958
193.56673246058492
193.98475039413407
194.39641909588107
194.8016630577589
195.2004348282653
195.59271052798002
195.97848634922428
196.35777569573605
196.73060621324598
197.09701784573562
197.45706065005703
197.81079320674706
198.15828120901335
198.49959609585744
198.83481413104536
199.1640153585148
199.48728288733113
199.80470221343248
200.11636057659334
200.42234656000826
200.722749587415
201.0176596199655
201.30716680964542
201.5913612653906
201.87033281679643
202.1441708359153
202.41296407876382
202.67680055188924
202.9357674084423
203.18995085076173
203.43943606421868
203.68430714868205
203.92464707824342
204.1605376557097
204.39205948984412
204.61929196811883
204.8423132460027
205.06120023260786
205.27602858868684
205.48687272454472
205.69380580231524
205.89689973841828
206.09622521615285
206.29185169000127
206.48384739825298
206.67227937717692
206.8572134715951
207.04797773040403
207.2942634524077
207.58697337378513
207.91828071828544
208.28145517757488
208.67071255543576
209.0810852878195
209.50831025729445
209.9487321208095
210.39921985148817
210.85709468157995
211.32006788625768
211.78618707081162
212.25378980100862
212.72146357266627
213.18801135682574
213.65242149292285
214.11384207209136
214.5715588247779
215.02497597016367
215.47359953890657
215.91702301582035
216.3549151014554
216.7870091187185
217.21309383751975
217.63300547861832
218.046620927976
218.45385169545563
218.8546392251894
219.24894997978953
219.63677220286075
220.01811224049288
220.39299195433745
220.76144630890255
221.12352112858642
221.47927154110798
221.82876021542467
222.17205618302648
222.50923365266868
222.8403709943181
223.16554999011845
223.48485501227967
223.79837249435187
224.10619031521315
224.4083974523678
224.70508349069166
224.99633839172196
225.28225212760813
225.5629145227243
225.8384149855841
226.10884240013186
226.37428493333977
226.634829960868
226.89056393276098
227.1415723229954
227.38793953922917
227.62974888920192
227.86708252347407
228.10002141398883
228.3286453210659
228.55303278132632
228.77326109158852
228.98940630322932
229.20154321979214
229.40974539810094
229.6140851496308
229.81463354930267
230.01146044476488
230.20463446172616
230.39422302253152
230.58029235412812
230.7629075044541
230.98628623721396
231.25987120788946
231.5753070281549
231.9254071180527
232.30399372091068
232.70575942743284
233.12614805163395
233.56125137175937
234.00772025076236
234.4626878263464
234.9237031403805
235.3886738960513
235.85581704089097
236.32361610390876
236.7907845062002
237.25623327098165
237.7190441456666
238.17844580587607
238.63379320717112
239.08454993957332
239.53027310158706
239.97060019893357
240.4052377853909
240.83395157513712
241.25655803145696
241.67291713787404
242.08292615827
242.48651403495592
242.88363684443664
243.27427390495745
243.65842394297437
244.03610252014602
244.40733911537944
244.77217508791395
245.13066175763583
245.48285864006175
245.82883221228656
246.16865452278884
246.50240226272572
246.8301558307321
247.15199853460786
247.46801601438244
247.7782955441391
248.0829257093816
248.38199584532325
248.67559581009056
248.96381558261317
249.24674509301875
249.52447393971664
249.79709126249165
250.06468554716452
250.3273445313246
250.58515507283494
250.83820308095545
251.0865734307439
251.33034991424387
251.5696151874751
251.80445073762792
252.0349368528546
252.2611526024696
252.48317582240492
252.70108310434566
252.91494979360988
253.12484998756062
253.3308565372886
253.53304105262683
253.7314739134662
253.92622427306262
254.11736007498138
254.30494806250064
254.48905379341957
254.6880812099742
254.94140519077354
255.24009752936036
255.57647737970044
255.94394046232352
256.3368113795403
256.7502162904483
257.1799730368837
257.62249623748835
258.0747152988792
258.53400354967766
258.9981173375453
259.4651427607898
259.9334508659665
260.4016581048823
260.8685922598795
261.33326314455445
261.79483740045765
262.25261671397885
262.706018995407
263.1545621173448
263.59784982595806
264.0355597277095
264.4674324722878
264.8932635310498
265.31289457863045
265.72620727905877
266.1331175003848
266.5335699763437
266.92753442991847
267.31500159923877
267.6959800622311
268.0704936661098
268.43857891343504
268.80028307900034
269.155662441077
269.5047806727539
269.84770768322375
270.1845183343302
270.5152916575001
270.8401098795563
271.1590578277385
271.4722222461396
271.7796913306396
272.08155425536586
272.37790081063616
272.6688210789542
272.95440515590604
273.23474293138264
273.5099238774898
273.7800369028906
274.04517019491095
274.30541112409355
274.56084612993635
274.8115606614917
275.05763909261947
275.2991646858272
275.53621954909073
275.7688845956553
275.99723953251606
276.2213628324647
276.44133172895187
276.65722220769266
276.8691090041341
277.07706560439476
277.28116425153195
277.481475948333
277.6780704703856
277.8710163742982
278.06038100915794
278.2462305316317
278.4286299189807
278.6601037337357
278.94060133016285
279.2619302675666
279.617044538988
279.99988782828984
280.4052575349634
280.82868788724244
281.26634877587526
281.7149584825039
282.17170829297885
282.63419743922657
283.10037694305385
283.5685011361918
284.0370858069073
284.5048722179033
284.97079541737247
285.43395783250895
285.8936059799423
286.34911024878835
286.79994751751263
287.2456863234655
287.6859740220886
288.120525662679
288.5491142928875
288.97156268018045
289.38773623236017
289.7975368545988
290.20089753375527
290.5977777691741
290.9881598530778
291.37204505173065
291.74945109398175
292.1204093359707
292.4849627207595
292.84316393806773
293.1950736630429
293.54075935882986
293.8802939178748
294.2137547380108
294.54122282196164
294.86278198133283
295.17851827924585
295.4885193427613
295.79287404940834
296.0916719739077
296.38500316974796
296.6729577718702
296.9556258343316
297.23309705028504
297.5054606308837
297.7728051118842
298.03521826377926
298.2927869617619
298.54559712004345
298.79373360744836
299.0372802008482
299.27631953316705
299.5109330621194
299.7412010408625
299.96720249923754
300.1890152299302
300.40671577846393
300.6203794413235
300.8300802652336
301.03589104906405
301.2378833491776
301.43612749126896
301.6306925737845
301.82164648503476
302.0090559127623
302.19298635979237
302.4006194426338
302.6610577811149
302.9655827226026
303.30669424551274
303.6779439503313
304.0737911226666
304.4894780419901
304.9209229016124
305.3646265038175
305.81759266164136
306.2772589205411
306.7414368694978
307.20826061196317
307.6761422700902
308.1437336166615
308.6098927560636
309.07365591216796
309.53421230670364
309.99088296745316
310.4431024298769
310.8904028887312
311.33240040650793
311.76878301326843
312.1993005769212
312.6237560396336
313.04199782963246
313.4539133273103
313.85942287812827
314.25847554535363
314.6510443367684
315.0371228944961
315.4167223474045
315.7898684355671
316.15659948698396
316.5169641343411
316.8710197989343
317.21883114045846
317.56046875037714
317.8960081713789
318.2255288266069
318.54911332598147
318.86684672316505
319.1788159182603
319.48510918562323
319.78581572372957
320.08102528860456
320.37082788899585
320.65531350544177
320.93457188428164
321.2086923256267
321.4777635459852
321.7418735212595
322.00110939682844
322.25555737433973
322.5053026542634
322.7504293572697
322.9910204888677
323.22715788785723
323.45892220589843
323.68639287693753
323.9096481072397
324.1287648596321
324.3438188508196
324.55488454898153
324.7620351758862
324.9653427086238
325.16487789138716
325.36071024122134
325.5529080579595
325.7415384405196
325.9266672954517