0
0.06569853833125805
0.1868711488213014
0.35473119510611845
0.5617146783904662
0.8013129600223501
1.067928024872237
1.3567477814326854
1.6636385700905016
1.9850518053710067
2.317943983972342
2.6597068420093484
3.0081079752603603
3.3612390393831557
3.7174711383359074
4.075416308824151
4.433894269120438
4.791903700443837
5.148597453493818
5.503261176602381
5.855294972541143
6.204197012606872
6.549550633519998
6.891011669919567
7.228298473813433
7.561183390069318
7.889484668394708
8.213060055954642
8.531801321493013
8.845629062831303
9.154488597706916
9.458346450289246
9.757187022053193
10.051009960949816
10.339827937526694
10.623664397823632
10.90255209855159
11.176531434059935
11.445649235021891
11.7099576764302
11.969513256918749
12.224376098661837
12.474609121362047
12.720277563924814
12.961448372608487
13.198189831513995
13.430571147769506
13.658662143500083
13.882532991446288
14.102253959517006
14.31789524900335
14.529526778955073
14.73721809790833
14.941038226781467
15.141055580778547
15.337337881555538
15.529952084434747
15.71896433462302
15.904439907578707
16.086443188200036
16.265037629495836
16.440285741523077
16.612249068754167
16.780988183110512
16.946562675833906
17.109031154440157
17.268451242919486
17.424879584223593
17.57837184378791
17.728982718173423
17.876765939255026
18.021774288469558
18.199567804879788
18.429161268922243
18.7020511627805
19.010922089863556
19.349484104606884
19.712331850998456
20.094823577570786
20.49297639069338
20.903375801578093
21.32309751989798
21.74964008137845
22.18086690897263
22.614955479292966
23.050354531447915
23.485746516948108
23.9200152692051
24.35221800015121
24.781561210382442
25.207379961930076
25.62911996814246
26.04632212192962
26.458609133175397
26.865674075216685
27.26726997028291
27.663201906251867
28.053319250643117
28.43750913637403
28.81569139313332
29.187813352491986
29.553845956419504
29.913780324543108
30.267624445619838
30.61540079694899
30.957143994750325
31.292898789177592
31.622718533536197
31.946663625841047
32.26480029524041
32.577199590988904
32.88393639498202
33.18508872157539
33.48073695136193
33.77096335481612
34.05585150124591
34.33548593356868
34.609951720845615
34.879334233709365
35.143718813685496
35.40319061510769
35.657834367676486
35.90773426296106
36.15297378921396
36.39363564911795
36.629801649237145
36.86155264244892
37.08896844670434
37.31212782231488
37.53110841090833
37.745986718480815
37.95683808984389
38.16373669010763
38.366755498804196
38.565966300589466
38.76143968459828
38.95324504656396
39.14145059236983
39.32612334397771
39.50732915155696
39.685132698654265
39.8595975189986
40.030786005644366
40.207982538434514
40.44065162893538
40.719720716286226
41.03738434675646
41.38693062788211
41.76259122708318
42.15941221855101
42.5731423216809
43.00013626273544
43.43727171212646
43.881877369464355
44.33167091002891
44.78470541295231
45.239323113214994
45.69411547779393
46.14788875964102
46.599634203399674
47.04850227186851
47.49378062456114
47.93487504378282
48.37129289769335
48.80262875041302
49.22855211221785
49.6487968919312
50.063152265718614
50.47145475384955
50.87358141353187
51.26944371092432
51.65898303544998
52.042165689594576
52.41897959168205
52.789430820682355
53.153540783126495
53.51134401834479
53.862885842173114
54.2082208034853
54.54741101205907
54.88052483911514
55.207635855446156
55.52882173569922
55.84416353895036
56.15374491841588
56.45765152421202
56.755970485330344
57.048789964630274
57.33619875850131
57.61828599268103
57.89514082002937
58.1668522119994
58.433508733526445
58.69519840174474
58.95200852109283
59.20402558927644
59.45133517931155
59.69402187841604
59.932169206443064
60.16585957763307
60.39517424709941
60.62019328836529
60.84099556134161
61.05765870115435
61.270259100919496
61.47887190888387
61.68357102492921
61.88442910190649
62.08151754748362
62.274906535501344
62.46466501056737
62.65086069939027
62.833560126354044
63.01282862066462
63.188730338531855
63.405264823041676
63.67181626811733
63.98005871823331
64.32283135640482
64.6939788976725
65.08821348051401
65.50099595176921
65.92843312744401
66.36718910627494
66.81440861356654
67.26765085002825
67.7248326367168
68.18417858163836
68.64417922977641
69.10355415870937
69.56122016805114
70.01626385451254
70.46791807564038
70.9155416113975
71.35860158888694
71.79665829761683
72.2293520314431
72.65639186174661
73.07754552452579
73.49263176898448
73.90151229194397
74.30408594338219
74.70028332324848
75.09006179594434
75.47340188410155
75.85030353875703
76.22078319874115
76.58487138146937
76.94261023997956
77.29405182577153
77.63925641646193
77.97829103268504
78.31122836134857
78.63814553954505
78.95912345604643
79.27424581310866
79.58359860500266
79.88726945252503
80.18534720044387
80.47792145121714
80.76508225487157
81.04691978638166
81.32352410858542
81.59498495220942
81.86139153682404
82.12283242340959
82.37939538166447
82.63116729328911
82.87823405631494
83.12068052479235
83.35859043977383
83.59204638954216
83.82112977922095
84.04592079108606
84.26649837684496
84.48294023560562
84.69532280875005
84.90372127590723
85.10820955463771
85.30886030209072
85.50574492443847
85.69893358091485
85.88849519671705
86.07449747543443
86.25700690839584
86.43608879233041
86.63000532714261
86.87781923144118
87.17065974499586
87.50089591853063
87.86196671739447
88.24823445081444
88.6548580514025
89.07768408812066
89.51315182928712
89.95821225726914
90.41025759843409
90.86706059844627
91.32672209932468
91.78762577483796
92.24839908335386
92.7078793961797
93.165085251833
93.61919082848968
94.06950438929118
94.51544965864406
94.95654969582745
95.39241286594341
95.82272073869926
96.24721778061941
96.66570243823476
97.07801941947608
97.48405305163897
97.88372118916493
98.2769708803711
98.6637735426676
99.0441215540685
99.4180250940709
99.78550918734437
100.14661165590098
100.50138080973413
100.84987387712683
101.19215546167975
101.5282961845853
101.85837170327375
102.18246162277889
102.50064877772238
102.81301849795875
103.1196579752538
103.42065581347394
103.71610153932512
104.00608526023379
104.29069732712415
104.57002807379558
104.84416758579918
105.11320550445188
105.37723087066712
105.63633198004317
105.89059627950198
106.14011026270688
106.38495940352803
106.62522808318434
106.86099954920793
107.09235586741978
107.31937789838658
107.54214526875792
107.76073635996484
107.97522829299541
108.18569692619343
108.39221685270049
108.59486140248659
108.7937026449241
108.98881140127189
109.1802572487407
109.36810853386419
109.55243238699508
109.73329473128348
109.91076030443068
110.13688732491097
110.41161375559217
110.7268092823077
111.07548183052829
111.45162185123682
111.85006735118583
112.26638786951432
112.69678395169241
113.1380005522563
113.58725219022394
114.04215833251229
114.5006876394868
114.96110983193176
115.42195413730221
115.88197356078938
116.3401134266808
116.79548518531175
117.24734326426261
117.69506497288661
118.13813328359714
118.5761221066225
119.00868353672801
119.43553680034555
119.8564586265088
120.27127504570565
120.67985435641901
121.08210104175848
121.47795034575921
121.86736380554073
122.25032550219834
122.62683830466497
122.9969213717701
123.36060732240537
123.71794023695887
124.06897380678906
124.41376960490287
124.75239589137671
125.08492626312
125.41143874599868
125.7320148926135
126.04673900131017
126.35569755935991
126.65897856387377
126.95667120993407
127.24886534474497
127.53565124949886
127.81711924852401
128.09335954692511
128.36446195576022
128.6305157710753
128.8916095844829
129.1478311937026
129.39926747547253
129.64600432052896
129.8881265513548
130.1257178764467
130.35886083990005
130.5876367910607
130.81212585636618
131.03240692148418
131.24855761841565
131.46065431654395
131.66877212107747
131.8729848736512
132.0733651545617
132.26998428890695
132.4629123592175
132.65221820912168
132.83796946149425
133.0202325281739
133.19907262642596
133.40154700715723
133.6566155896586
133.95558813217667
134.29098948051015
134.6563930197025
135.04627716746398
135.45590102102616
135.88119756670272
136.31868066907938
136.76536568590495
137.2187003872448
137.67650543650274
138.13692300571495
138.59837240369617
139.05951183630503
139.51920513566247
139.97649370003825
140.4305714264376
140.88076354390972
141.3265083775527
141.76734155442423
142.2028822830508
142.6328214614957
143.0569115688623
143.4749579331798
143.88681117279606
144.2923607003307
144.69152872808323
145.08426601869192
145.4705471989913
145.850367358955
146.22373901461657
146.5906891703661
146.95125732796083
147.30549323139286
147.6534553098832
147.9952091880527
148.33082633857902
148.6603831299785
148.98395975998017
149.30163954766587
149.61350822178565
149.9196532924902
150.2201636195715
150.5151289260075
150.80463946956863
151.08878570820764
151.3676580488879
151.64134661908713
151.9099410772331
152.17353045900143
152.43220303674246
152.68604621830204
152.93514644538007
153.17958912882273
153.4194585777932
153.65483796018432
153.88580925604234
154.1124532351063
154.3348494292239
154.55307612177714
154.76721033348187
154.9773278204015
155.18350307220604
155.38580931470415
155.58431851250293
155.77910138212152
155.97022739636665
156.1577647976013
156.34178061257643
156.5223406629424
156.6995290223425
156.93355070686368
157.2151217887093
157.53625480952616
157.89008107352512
158.27069748571842
158.67303415939404
159.09273998969104
159.5260841870683
159.96987092179205
160.4213658373681
160.8782325669901
161.33847792542295
161.80040459363764
162.26257027168575
162.7237525549501
163.18291808898266
163.63919659417786
164.09185824851224
164.54029410628624
164.98399903415674
165.42255715547023
165.85562935286077
166.28294244529533
166.70427980112356
167.1194731766625
167.52839581687573
167.930956345732
168.32709383486446
168.71677292852186
169.0999804887588
169.47672180506177
169.84701803858422
170.21090366906066
170.56842427997287
170.91963493401926
171.2645983757596
171.60338385299016
171.93606587432657
172.2627232041139
172.58343807856542
172.89829537366748
173.20738207232552
173.51078662276785
173.8085985990894
174.10090818980868
174.3878059703148
174.66938252480867
174.94572828823627
175.21693327133207
175.48308695094107
175.74427807384816
176.00059458109004
176.2521234716906
176.4989507509695
176.74116133934453
176.97883903782608
177.21206647034018
177.44092506178126
177.6654950048723
177.88585524791233
178.10208347873757
178.31425611917288
178.5224483227448
178.7267339761635
178.92718570077912
179.12387486200907
179.31687157866486
179.50624472874875
179.69206196890553
179.87438974128526
180.05329329382613
180.26441418711173
180.52681620753688
180.83199089400475
181.17262000501458
181.54241259916245
181.93596369870542
182.34863337749272
182.77644164012148
183.21597767786986
183.6643216578344
184.1189772487696
184.57781355186438
185.03901417644158
185.501034260755
185.9625629291426
186.42249092100766
186.8798825786805
187.33395163711978
187.78404045856598
188.2296021031512
188.67018483690805
189.1054187509455
189.53500430355996
189.9587018661431
190.376323786844
190.7877266989612
191.19280489038894
191.59148527831252
191.98372221393177
192.36949355234393
192.7487972477704
193.1216480225307
193.48807498864093
193.84811929961592
194.2018321386068
194.54927319183713
194.89050908382578
195.2256121713567
195.55465952148248
195.8777319383992
196.19491324878132
196.50628955095215
196.81194872578894
197.11197985873315
197.40647290554705
197.69551825402198
197.979206494932
198.25762809616643
198.53087324462064
198.79903160970315
199.0621922330684
199.32044336207514
199.5738723723822
199.8225656549278
200.06660856414211
200.3060853348293
200.54107906092278
200.7716716393838
200.99794374968187
201.2199748340551
201.437843077735
201.65162540510212
201.8613974723685
202.0672336674536
202.26920711349746
202.46738967485985
202.66185196218214
202.85266334798044
203.03989197204714
203.22360475896423
203.40386742950332
203.5899560636622
203.83127642733484
204.1187705584647
204.44464594989392
204.8022022114321
205.1856812817749
205.5901384536137
206.0113306574636
206.44562010278048
206.8898911953291
207.34147874797725
207.7981060070719
208.25783114947046
208.71900109426525
209.1802116292311
209.64027307160788
210.09818034123205
210.55308737906412
211.0042851346143
211.4511825010745
211.8932897371172
212.3302041330039
212.76159781524876
213.18720720142005
213.6068238703797
214.02028661280718
214.42747465762102
214.8283016229815
215.22271092163223
215.6106708072612
215.99217115008943
216.36721983100824
216.73584008634302
217.09806818161272
217.45395112687996
217.80354514328357
218.14691392771346
218.4841274429546
218.81526077987988
219.1403931131974
219.45960697308973
219.7729874304529
220.0806215525074
220.3825978198927
220.67900575099563
220.96993544163985
221.25547731348777
221.5357217692601
221.81075902112227
222.08067883651032
222.34557042185398
222.6055222387317
222.86062192597623
223.11095617018455
223.35661065437105
223.5976699700869
223.83421758453073
224.06633578420772
224.29410565497463
224.51760704931266
224.7369185758834
224.95211758343117
225.16328015684826
225.37048111494414
225.57379401256895
225.77329114212114
225.96904354450888
226.1611210169401
226.34959212061344
226.53452419949352
226.71598338721714
226.89403462844004
227.1126256931732
227.38113048543633
227.69123380683993
228.03578416129844
228.4086343118134
228.80450354901856
229.21885902755776
229.64781293927462
230.08803400994722
230.53667108366318
230.99128701206303
231.4498016516606
231.91044266435438
232.371703042462
232.8323045694929
233.2911656933016
233.7473747894409
234.20016641851143
234.64890075690462
235.09304608593627
235.53216372307566
235.96589497160755
236.39394978998067
236.81609695945426
237.2321557291821
237.64198861085623
238.04549518555513
238.4426064582664
238.83328044341263
239.21749818652202
239.59526002043273
239.96658298195467
240.33149788814865
240.69004735250022
241.04228382825653
241.38826788998625
241.72806698812735
242.06175406507194
242.38940664585058
242.71110588907956
243.02693581130833
243.33698270197849
243.64133443666776
243.94008015109821
244.23330968975674
244.52111337429847
244.80358161124636
245.08080471771544
245.35287264689282
245.6198748573015
245.88190012422407
246.1390364426442
246.3913709009656
246.63898961034712
246.88197762298338
247.12041888235785
247.35439617303354
247.58399108758317
247.80928399834713
248.0303540378282
248.24727908554314
248.4601357578878
248.66899940642517
248.87394411760326
249.07504271491297
249.2723667643807
249.46598658704895
249.6559712624879
249.84238864649606
250.0253053811677
250.20478691013105
250.39911759312662
250.64740746917093
250.94077511061488
251.27158039944547
251.63325442586017
252.02015273866073
252.427428473296
252.8509232322633
253.2870720333491
253.7328222260416
254.18556293650485
254.643064269457
255.10342482185723
255.56502636384957
256.0264947437562
256.4866659773463
256.9445574639258
257.39934242963784
257.8503283476804
258.29693829174795
258.7386947898011
259.1752057768875
259.6061524805803
260.03127910094474
260.4503838827667
260.863311387348
261.26994584178925
261.6702050405762
262.06403600743494
262.4514101621623
262.8323199118448
263.20677548410976
263.5748019700314
263.9364372728375
264.291729795051
264.64073686862804
264.98352320813245
265.32015955304
265.65072168436797
265.9752893346912
266.2939454699389
266.6067755531461
266.91386691158067
267.21530828507633
267.5111893375305
267.8016003131483
268.08663169990666
268.36637396767946
268.64091733766423
268.91035158546384
269.17476588533873
269.43424866462135
269.6888875006635
269.9387690157855
270.18397881095586
270.42460139262425
270.66072013182475
270.892417215964
271.11977362535896
271.3428691044752
271.5617821506667
271.77658999892367
271.98736861966375
272.194192716193
272.3971357267566
272.5962698270936
272.79166594295737
272.9833937542255
273.171521708217
273.3561170342894
273.53724575279426
273.71497269686597
273.9414692722514
274.2166732419181
274.53243649486154
274.8817517888259
275.25859656799435
275.6577974268923
276.07491418272764
276.506139148636
276.94821020562875
277.39833574807244
277.85412999626504
278.3135573423072
278.77488349349846
279.23663441223283
279.6975602606545
280.1566043382943
280.6128761580755
281.0656283454248
281.51423674228704
281.95818321018317
282.3970407726141
282.83046076765993
283.25816182979383
283.67991991924185
284.09556087236035
284.5049526262858
284.90799930291297
285.30463615512804
285.6948245564211
286.07854845450316
286.4558108413249
286.8266307413531
287.1910409233426
287.549085517945
287.9008182587184
288.24630091532754
288.585601796917
288.9187946971032
289.2459577457936
289.5671726694168
289.88252392847374
290.1920981572539
290.4959835584803
290.7942694696081
291.0870459425184
291.37440340983534
291.6564323963276
291.9332232649779
292.20486602135225
292.47145012322443
292.733064349959
292.98979666276375
293.2417341191322
293.4889627732579
293.7315676230175
293.96963253799873
294.2032402265661
294.43247220191654
294.65740874703624
294.878128906596
295.09471046582763
295.3072299467281
295.51576260426793
295.7203824267946
295.9211621382164
296.1181732080739
296.3114858552779
296.5011690625695
296.6872905878089
296.86991697473104
297.04911357015106
297.2518905526527
297.5071574419283
297.8062394196905
298.14167464400435
298.50704793515104
298.8968475882733
299.30634122964125
299.7314691232378
300.1687514518874
300.6152090044928
301.0682942230624
301.5258317852724
301.98596729517976
302.4471230035037
302.9079596666722
303.3673432381232
303.8243169583822
304.27807636062283
304.727948034011
305.17337143723597
305.61388314664686
306.04910320528575
306.4787232335354
306.90249630011414
307.32022821582166
307.7317699962167
308.13701140721054
308.5358749580528
308.928311596444
309.314296180227
309.6938239062636
310.0669074252712
310.4335738245105
310.7938626487204
311.14782370330283
311.495515418842
311.8370034416995
312.1723592347974
312.5016591449241
312.82498335382195
313.1424151374521
313.45404019560425
313.7599459829004
314.06022132173433
314.3549558725225
314.64423984681235
314.92816363709363
315.20681759788636
315.4802917900176
315.7486758153083
316.01205864271543
316.27052848539756
316.5241726851705
316.7730776231738
317.01732864539713
317.25700999999754
317.492204791491
317.7229949391651
317.94946115104483
318.1716828990276
318.38973840654046
318.6037046352662
318.81365728323465
319.0196707828973
319.2218183032335
319.42017175342556
319.6148017954285
319.80577784744196
319.99316809949147
320.1770395257519
320.35745789594245