0
0.1943649096753026
0.3585741275126145
0.49686525818586147
0.6128416011305033
0.7096135131371524
0.7898649451072541
0.8559123045889515
0.9097553052543715
0.9531186050628341
0.987491075953852
1.0141557870513456
1.0342208828269848
1.0486418365241523
1.0582426561370062
1.063733847246469
1.065727924281166
1.064752755572458
1.0612631551339693
1.0556509544634378
1.0482539112494056
1.0393615252039645
1.0292252421915986
1.0180590873858146
1.0060478224893208
0.9933509881726136
0.9801042364953295
0.966424446520386
0.952412279584616
0.9381530557791302
0.9237200632828291
0.9091761727238432
0.8945744151135099
0.8799601210064769
0.865372021554171
0.8508421946836764
0.8363984663709787
0.8220636232384295
0.8078570112538069
0.7937946485262863
0.7798896226435483
0.7661528884098143
0.7525929930157695
0.7392170603445568
0.7260303860475616
0.7130372019168798
0.700240470985215
0.6876422813633583
0.6752438995275001
0.6630458608677987
0.6510481975242605
0.6392503158487067
0.6276513357043657
0.6162499343654265
0.6050445242843705
0.5940332803587831
0.5832141338947997
0.572584900154346
0.5621431999740049
0.5518865958046266
0.5418125193702734
0.5319183650231456
0.52220145752476
0.512659093581792
0.5032885437449973
0.49408706334882124
0.4850519046709225
0.47618032289107676
0.46746957919321747
0.458916955966137
0.45051974558678937
0.4422752742709667
0.5391430151931308
0.6922829944224731
0.8203569270710133
0.9268639261339632
1.014824105829297
1.086842923588856
1.1451694327025217
1.1917442950047201
1.2282418833327748
1.2561063067581677
1.2765832003116724
1.2907475755708258
1.2995247656270597
1.3037142086307094
1.3040046905041747
1.3009897349926138
1.2951803583223798
1.2870167431018942
1.2768780185667155
1.2650905536805783
1.2519351399257335
1.2376531886961506
1.2224523369280893
1.2065095877045897
1.1899789056108747
1.172990862032637
1.1556573097768323
1.1380749429582957
1.1203250539228664
1.1024777489120412
1.084592719426329
1.066720067545612
1.048902912822673
1.0311772606258318
1.013573395337459
0.996117001208599
0.9788291096957132
0.961727329227149
0.9448260599537496
0.9281370220881717
0.9116696499199947
0.8954312974458914
0.8794277528771339
0.8636631826230834
0.8481406866712765
0.8328621168117178
0.8178286000466776
0.8030403193827657
0.7884969642208179
0.7741975252370935
0.7601406547539764
0.7463245019290435
0.7327469818379575
0.7194056597107528
0.7062979455616877
0.6934209869563505
0.6807718619251154
0.6683474758431059
0.6561446579145268
0.6441601766410996
0.6323907259120316
0.6208329851617038
0.6094835982081613
0.5983392031687549
0.5873964379798934
0.5766519495869725
0.5661023937373343
0.5557444597983678
0.5455748499299652
0.5355903059740832
0.5257875984578164
0.5434273458206906
0.7073335240872407
0.8444954284312616
0.9586451974644287
1.0530039302876217
1.1303509534374636
1.1930851870337074
1.2432766399920192
1.282710431629748
1.3129272882205667
1.3352560794647543
1.3508429228181085
1.3606761617415246
1.3656079333028575
1.3663727936847403
1.3636038035354994
1.3578463917205685
1.3495699651549042
1.33917908819998
1.3270221556286717
1.3133988656199562
1.2985665179967658
1.2827463108530677
1.2661283766120297
1.2488759490970847
1.231128919354085
1.2130071171506343
1.1946123047803965
1.1760330451245624
1.1573431070700086
1.1386065747436744
1.1198773026610382
1.1012008329621938
1.0826162081286803
1.0641555236319107
1.0458463432921594
1.02771125435983
1.0097690542181417
0.9920353678264199
0.9745226010834647
0.9572410389774648
0.940198603432196
0.9234014904606955
0.9068543103958955
0.8905604119166675
0.8745219018181589
0.8587400337302687
0.8432151183364617
0.8279468854168531
0.812934358930908
0.7981761710350646
0.7836704345426554
0.7694150017063507
0.7554073515882637
0.7416447931021221
0.7281243756283139
0.7148430405790507
0.7017975575053623
0.6889846307030876
0.6764008595724657
0.664042809266763
0.6519069859291148
0.6399898833906869
0.6282879806880276
0.6167977547663777
0.6055156854124458
0.5944382771381448
0.5835620495043369
0.5728835449528917
0.5623993509757702
0.5521060728203185
0.5420003730667537
0.661926937049993
0.8096590876573609
0.9328555714835628
1.0349469408819327
1.1188936759268522
1.1872504800479184
1.2422222193255321
1.2857107256403653
1.319356886028659
1.3445764833774845
1.3625904262502129
1.3744515707977587
1.3810677542156855
1.3832216164674767
1.3815880548713986
1.3767473470961837
1.3692010173621247
1.3593803930787995
1.347656209314294
1.3343477183246064
1.3197297155615204
1.304038493432106
1.2874768295732832
1.2702186027651854
1.2524130909462126
1.2341882932939006
1.2156539908558437
1.196903060887086
1.1780158196286876
1.1590603348972592
1.1400940313622143
1.121166527228804
1.1023187631692228
1.0835860287591077
1.0649975607902413
1.0465777745483926
1.028347245998113
1.0103225026147553
0.9925174459158135
0.974943041522016
0.9576081006381599
0.9405195878002447
0.9236825215424064
0.9071008679973838
0.8907770504898875
0.8747127083994898
0.8589084078333927
0.8433641068362333
0.8280790279185646
0.8130519262297494
0.7982810617695439
0.7837643407585064
0.7694993440010256
0.7554833907436034
0.7417135928646914
0.7281868756166497
0.7149000379505798
0.7018497528601574
0.6890326218756931
0.6764451695581004
0.6640838864739477
0.6519452204553255
0.6400256133203259
0.6283214982620547
0.6168293133539087
0.6055455035623121
0.5944665475660131
0.5835889349973928
0.5729091917138595
0.5624238806780095
0.5521295976230707
0.5957942423110774
0.7549347942334141
0.887938148648657
0.9984543854882705
1.0896336611722692
1.1641941340373398
1.2244817073853043
1.272520848120698
1.310057095495356
1.3385971553631653
1.3594404555369783
1.3737076762150107
1.3823651831228003
1.3862461238156167
1.3860686440801913
1.3824516886993596
1.3759283376304403
1.3669574387073935
1.3559344337676567
1.343199825213433
1.3290464210718949
1.3137255618937167
1.297453358282441
1.2804155326245714
1.2627714918213362
1.2446577505790384
1.226191231941421
1.2074713168765219
1.18858431040625
1.1696020865064611
1.150587228852099
1.1315919869391062
1.1126608436282244
1.093831651579297
1.075135609378736
1.0565995120210065
1.0382451382164155
1.020090765979844
1.002151389786174
0.9844389812612814
0.9669634107417322
0.9497321824638777
0.9327512404716155
0.9160248170341186
0.899556085952993
0.8833468551287155
0.8673982323411752
0.8517102966307606
0.8362826526277346
0.8211141440516239
0.8062032934366256
0.791548072249237
0.7771462351916797
0.7629951490633794
0.7490920351783897
0.7354338520795005
0.7220174621429019
0.7088395596092871
0.6958967774260624
0.6831856506331759
0.6707026795018842
0.6584443153864146
0.646406992798407
0.6345871382494995
0.6229811793845944
0.6115855473727746
0.6003966968922939
0.5894111083965836
0.5786252768637851
0.5680357482994756
0.5576390903281044
0.5474319236583541
0.6911103648918738
0.8346827189732726
0.9542908519261716
1.053286730611168
1.1345640347120003
1.2006189235802287
1.2536059360907448
1.2953836862158548
1.3275557544438774
1.351505343031966
1.3684254056337994
1.3793447199722755
1.3851503289041505
1.3866069127676137
1.384373935578021
1.3790182192394322
1.371029496331933
1.3608292919169827
1.3487799023755032
1.3351929779001512
1.3203368019641732
1.3044420894910627
1.2877069707454423
1.2703012037256014
1.25237042803371
1.234039548768934
1.2154155944119998
1.19658944221711
1.1776390576627052
1.158631118999347
1.1396213832689734
1.120658221325436
1.1017815649911256
1.0830256091847934
1.064418924974219
1.0459851095689676
1.0277441790468693
1.0097121428049567
0.9919024008661924
0.9743255934007123
0.9569901383918439
0.9399027503773637
0.9230681648920814
0.9064901678505968
0.8901709608372839
0.8741120577641833
0.8583138559478636
0.8427762237474545
0.8274982569705089
0.8124786456950954
0.7977155560331449
0.7832068463427122
0.7689500288173172
0.754942387043357
0.7411809834927005
0.7276627165835473
0.7143843502746676
0.7013425372411931
0.6885338547051408
0.675954811904312
0.6636018826755904
0.6514715033737526
0.6395601050432651
0.6278641124495776
0.6163799560284609
0.6051040753051615
0.594032944742865
0.5831630488592416
0.5724909124295943
0.5620130943794354
0.5517261911742489
0.6214381128497246
0.7768365857482217
0.9066133897966275
1.014348035559978
1.103129564638349
1.1756241858149372
1.234131955296152
1.2806384451720294
1.3168551248729656
1.3442596994073428
1.3641264009581064
1.377554149794238
1.3854905212865942
1.3887524174159347
1.3880439990919438
1.3839717017102149
1.37705884467854
1.367755084059613
1.35644789807974
1.343470989947326
1.3291114795103605
1.3136158903629838
1.2971958890842867
1.2800333930684094
1.262284560382128
1.2440832293727577
1.2255440024716495
1.206763986853971
1.1878277993183355
1.1688058839197681
1.1497592164449466
1.1307392314483269
1.1117891506800635
1.0929461271068748
1.0742405949504987
1.0556986306655747
1.0373416049987507
1.019187189124028
1.0012500710990622
0.9835418259837412
0.9660720090508023
0.9488479207602063
0.9318751989184612
0.9151579768219438
0.8986991777729194
0.8825005375797278
0.8665629850926752
0.8508865403516576
0.8354706821181205
0.8203142054477449
0.8054155456436606
0.7907726340721751
0.7763831660422011
0.7622444756030016
0.7483537443366169
0.7347079045044065
0.7213037923844713
0.7081380816717734
0.6952073884106412
0.6825082322452366
0.6700371026977
0.6577904395556751
0.645764670942098
0.6339562163748674
0.6223614985179718
0.6109769436243514
0.5997990060602898
0.5888241612951938
0.5780489048512735
0.5674697815824468
0.5570833608087763
0.5469436837814717
0.7146947214928063
0.8550972439581902
0.9719674408032734
1.0685984089581106
1.1478326915389694
1.2121229314081188
1.2635852070423323
1.3040457721678125
1.335079668025587
1.358045627803514
1.37411554615088
1.3843000093838047
1.3894703463558709
1.3903776638082062
1.38766972471194
1.3819033290033687
1.3735591363227762
1.3630511138098915
1.350735411416853
1.3369179673357392
1.321862063178716
1.3057941503527393
1.2889087835223183
1.271372752272056
1.2533289135102963
1.2348998245959837
1.2161902588590336
1.1972898659110784
1.1782746097336732
1.1592101950158622
1.1401511518054854
1.1211447746331469
1.102230387311099
1.0834412229744033
1.06480542393577
1.046345944076228
1.0280823314657643
1.010030268500039
0.9922027055712357
0.9746100830178219
0.9572604917031159
0.9401604490820211
0.9233144880207164
0.906726242016847
0.8903977454251482
0.8743304146226166
0.8585245091413787
0.8429798341637325
0.8276953753099193
0.8126697804865977
0.7979011298315692
0.7833872522896262
0.7691255945062748
0.7551134183059672
0.7413477372844843
0.7278254327119122
0.7145432329313339
0.7014977763207786
0.6886856147907783
0.676103245366959
0.6637471239068186
0.6516136758363341
0.639699320809328
0.628000474280386
0.6165135567384485
0.6052350023548199
0.5941612784727501
0.5832888618591032
0.5726142757486791
0.5621340713576292
0.5518448443140266
0.646943660796824
0.7984791615503702
0.9249274360929635
1.0297950372846225
1.1161076299673889
1.186477054924028
1.243156466623939
1.288090378724591
1.3229555327508864
1.3491993058440859
1.3680697786132638
1.3806432829574304
1.387847845024728
1.3904835030691405
1.3892400283697726
1.3847109391992207
1.3774090673390593
1.3677749059336624
1.3561876424837274
1.3429738998242373
1.3284147576894036
1.3127517765588665
1.2961921292856897
1.2789137718267056
1.2610694800815583
1.2427902265216457
1.2241882656517262
1.205358481803791
1.1863835000835674
1.1673324807033738
1.1482646676762651
1.129230618324829
1.1102723467877342
1.091426148430654
1.072721787186475
1.0541845393378397
1.0358353634458526
1.0176913324238357
0.9997667654130162
0.9820728846835864
0.96461888656841
0.9474118784657032
0.9304571829457581
0.9137588297659612
0.89731948736859
0.8811408206664219
0.8652235731279133
0.8495677107138289
0.8341725795106114
0.8190369324828164
0.8041591115520735
0.7895370149562907
0.7751682736300544
0.7610501954919822
0.747179918806256
0.7335543554218992
0.7201703133262715
0.7070244506409042
0.694113365606566
0.6814335665232001
0.6689815323477759
0.6567536944714154
0.6447464760455373
0.6329562918051401
0.6213795611653494
0.61001270792331
0.5988521877332627
0.5878944730024177
0.5771360625629918
0.5665735008741006
0.556203358449186
0.573237746440809
0.7362898572951796
0.8726554431429305
0.9860598260803373
1.079718086274023
1.1564045486841772
1.218513877210966
1.2681117183062356
1.3069804932977784
1.3366577522072676
1.3584698189035274
1.3735606006672236
1.382916518506216
1.3873880366311604
1.387708248135955
1.3845092789459126
1.3783347867163378
1.3696535463497088
1.3588694416355136
1.3463301537668515
1.332334357295923
1.317138771200065
1.300964227536454
1.2840004743327458
1.2664103086652978
1.2483330528352312
1.22988818160853
1.2111775720414049
1.1922890322980386
1.1732962434272134
1.1542633080406897
1.1352433989360038
1.1162823556631762
1.0974186586024046
1.0786844307874806
1.0601071178364847
1.0417089795664325
1.0235089151171894
1.0055222026128794
0.9877612702645171
0.9702362563690442
0.9529549116194631
0.9359234683013665
0.9191462668686584
0.9026267176878486
0.8863667096606742
0.8703675107859898
0.8546292670956245
0.8391516883891552
0.823933673136449
0.808973810177757
0.7942701148729571
0.7798203812071333
0.7656220100448619
0.7516722439726514
0.7379680664264606
0.7245063496703601
0.7112838043758047
0.6982970665706241
0.6855426802342723
0.6730171445446825
0.6607169143564608
0.6486384204418979
0.6367780870908134
0.6251323373263561
0.6136975985515553
0.6024703160650164
0.591446966174594
0.580624035747492
0.5699980612661085
0.559565605428052
0.5493232732356691
0.6690181808576781
0.816500385916368
0.9394678933746908
1.0413486516885198
1.1251008401110676
1.1932772281663977
1.2480809674598017
1.2914124309421677
1.3249111991164264
1.3499919645438836
1.367874689662403
1.3796113995726407
1.3861092074518362
1.388150124562102
1.3864084869393494
1.3814641170169324
1.3738181559649127
1.3639015210110095
1.3520846258853694
1.3386864731249548
1.3239816317261028
1.308206185255561
1.2915626921796386
1.2742248764697548
1.2563418848409327
1.238041593170439
1.2194336770919552
1.2006108628728736
1.1816534589403467
1.1626293678487627
1.1435960050587133
1.1246028987182366
1.1056909225863512
1.0868953466653886
1.0682453153554465
1.0497652383110294
1.0314756261974527
1.0133929762347242
0.9955311653951163
0.9779011071636163
0.9605116032248147
0.9433695715190976
0.9264800219169743
0.9098468761492088
0.8934725531393886
0.8773586517218936
0.861505732870414
0.8459137192558168
0.8305818267978335
0.8155087801174696
0.8006928310060555
0.7861318594432921
0.7718234364997305
0.7577648588495529
0.7439532273693572
0.7303854477806258
0.7170583070817871
0.7039684611939226
0.6911124990714759
0.6784869300837437
0.6660882319397367
0.6539128391316538
0.6419571800534963
0.6302176753390153
0.6186907510902926
0.6073728395908639
0.5962604074926647
0.5853499338982838
0.5746379317586197
0.5641209538831057
0.553795584563351
0.5975123416747603
0.7568827306949044
0.8900760289301186
1.0007479199800446
1.092053395857748
1.1667147872218597
1.2270815971650741
1.2751813987907188
1.3127624094364443
1.341333645550361
1.3621965272721754
1.3764734525393971
1.3851322677776376
1.38900739662651
1.3888180842677627
1.3851842244153962
1.3786397092288303
1.3696440888706898
1.3585934099663075
1.3458286950329057
1.331643197154021
1.3162886389304194
1.299981460371611
1.2829076663515553
1.265226905563576
1.2470758980575294
1.228571743020155
1.2098139731656223
1.1908890209250425
1.1718688678133735
1.1528161927985074
1.1337833194400813
1.1148147992195458
1.0959485378111236
1.0772157799445927
1.058643359590755
1.0402530847664115
1.0220632606669136
1.0040889006858786
0.9863419932449348
0.9688324212437366
0.951567697426181
0.9345537736745526
0.9177948850733108
0.9012942092198701
0.8850535535099222
0.8690740260215003
0.8533557030759532
0.8378981870577971
0.8227003174193586
0.807760612634232
0.7930770388319108
0.7786473453883855
0.7644688930408433
0.7505388969272613
0.7368543090514439
0.7234119850710132
0.7102086123909512
0.6972408169345888
0.6845051267310696
0.6719980348886151
0.6597159856907204
0.6476554064677975
0.6358127166136611
0.6241843367059408
0.6127666908762739
0.6015562267498842
0.5905494179465233
0.5797427525310628
0.5691327697331144
0.5587160305102731
0.5484891489418247
0.6924759803115882
0.8363564618939926
0.956221586296809
1.0554304667078942
1.136882955968127
1.2030805369320692
1.2561823404575034
1.2980509476788662
1.3302933587436017
1.3542957241860147
1.3712535423876984
1.3821977856274048
1.3880173890053753
1.3894786641127501
1.3872424825155967
1.381876875329323
1.3738726169833537
1.3636521327847617
1.351578495773392
1.3379640194051745
1.3230775584390713
1.307150319644177
1.2903808575331162
1.2729392936648263
1.2549715775816923
1.2366028810168466
1.2179404589741527
1.1990753883257739
1.1800857951118326
1.1610385050900374
1.1419893920354218
1.1229869300558206
1.1040711386989537
1.085276283289648
1.0666309989881564
1.0481589318042694
1.0298801414176468
1.0118106722333486
0.9939639520171882
0.9763506453680373
0.9589791874094877
0.9418563080656162
0.9249867527116938
0.9083743163079698
0.8920212047237805
0.8759289361263811
0.8600979082781878
0.844527990214242
0.8292182754901397
0.8141674522315527
0.7993736824196747
0.784834820558336
0.770548373423842
0.7565116193985615
0.7427216146768033
0.7291752515409363
0.7158692871188295
0.7028003673328425
0.689965062241533
0.6773598739533331
0.6649812689637908
0.6528256762731383
0.6408895195505295
0.6291692161535873
0.6176611890948202
0.6063618705569657
0.595267727684005
0.5843752376530628
0.5736809181036252
0.5631813207627941
0.5528730350627882
0.6224566383164035
0.7776121977193174
0.9071811610928837
1.0147382132877276
1.1033682419744335
1.1757338432918438
1.2341319777539872
1.2805455423275243
1.3166836904771875
1.3440221274825828
1.3638333616932277
1.377214825700583
1.3851128110760034
1.388343115562117
1.3876089393244402
1.3835159172158331
1.3765866230533053
1.3672701012305322
1.355953312164945
1.3429695081807052
1.3286054136560757
1.3131071963472147
1.296686236057539
1.2795242033787715
1.2617770415053953
1.2435783975880572
1.225042703180417
1.206266939387749
1.1873356037001188
1.1683190212832542
1.149278105067679
1.1302641865254952
1.111320442472938
1.0924839612099824
1.0737851271593963
1.0552499856566417
1.03689985897483
1.0187524003275523
1.0008222644024811
0.9831210071888761
0.9656581682959093
0.9484410261705385
0.9314752142691345
0.9147648451255775
0.8983128418789709
0.8821209250313731
0.866190023534917
0.8505201469601252
0.8351107742287833
0.8199606935751508
0.8050683404706067
0.7904316421578113
0.7760482941218282
0.7619156282377763
0.7480308263129475
0.7343908197984046
0.7209924452975461
0.7078323766069314
0.6949072302476839
0.6822135265361782
0.6697477556050416
0.6575063583873544
0.6454857637496997
0.6336823922942775
0.6220926679067039
0.6107130180650755
0.5995398980239696
0.5885697849945041
0.5777991754126831
0.567224615491273
0.5568426740133202