0
0.19809201405977658
0.3653083231113731
0.5059924717624964
0.6238379651257079
0.722032963552086
0.8033282731766325
0.8700980507734164
0.9243916460792571
0.9679763296400241
1.0023777650556192
1.0289106053966968
1.048710061322762
1.0627548744186646
1.071889011910794
1.0768400837878016
1.0782352476848092
1.0766149120391022
1.0724445753986405
1.0661251686160342
1.0580022202593082
1.048371729524798
1.0374907335918504
1.0255780773788066
1.0128223307133386
0.9993863830693657
0.9854087359130301
0.9710084455105948
0.9562880802877592
0.9413345558315497
0.9262223120021214
0.9110152155361295
0.8957671007074548
0.8805238125049161
0.8653245044015471
0.8502015694612723
0.8351829219262086
0.8202914999195923
0.8055465413837398
0.7909640576536052
0.7765569265713018
0.7623359510471639
0.7483094265348007
0.7344842051572437
0.7208653113314555
0.7074566324045175
0.6942608335975345
0.6812796272002899
0.6685139524723546
0.6559639642769979
0.6436293420481619
0.6315091104404584
0.6196020401388587
0.6079064164666061
0.596420308124178
0.5851415056172763
0.5740675968232563
0.5631960285776358
0.5525240792643495
0.5420489611756755
0.531767767911245
0.5216775609892329
0.5117753359756992
0.5020580707278175
0.49252272015535126
0.48316623283141075
0.4739855603452435
0.4649776635095725
0.4561395168519611
0.44746812232555566
0.4389604966233148
0.4306137035106517
0.5295432859005135
0.6858023914294544
0.8163727282097399
0.9248453135042013
1.014318762417309
1.087467356453217
1.1465987875274801
1.1937036956091285
1.2304995867388804
1.2584682505006586
1.2788874443456064
1.2928590557275974
1.3013331811451025
1.3051288685396487
1.3049524640683963
1.3014111710743506
1.295029472894391
1.286258830520988
1.2754874439030768
1.2630491339691525
1.249231225709759
1.234280806875048
1.2184101469115804
1.201801230361085
1.1846100421690295
1.1669704053875938
1.1489967348973407
1.1307869982492775
1.1124241936380024
1.0939801486074663
1.075514594669037
1.057079169189892
1.0387171215083102
1.0204647554175021
1.0023530432392402
0.984407233194862
0.9666487613839508
0.949095079931992
0.9317603971311263
0.914656402289144
0.8977921162571486
0.8811748051975424
0.8648097334979816
0.8487009867957406
0.8328510830927344
0.8172617269851046
0.8019334695867559
0.7868662880390116
0.7720593198790763
0.757511301282346
0.7432203653368021
0.7291843685867536
0.7154007427271841
0.7018667327851672
0.6885792927392443
0.6755352546068933
0.6627312594694948
0.6501638729222395
0.6378295442445404
0.6257246823003013
0.6138456291640854
0.6021887135503038
0.5907502446477721
0.5795265282407461
0.5685138734541806
0.557708615346679
0.5471071005294044
0.5367057070988566
0.5265008584472975
0.5164889951814939
0.5066666148426628
0.5248815801413959
0.6924415658002271
0.8325665058810977
0.9490896846564252
1.0453195390381518
1.124110045362835
1.187924623050329
1.238888842612681
1.278836501888404
1.3093490769043972
1.331790606007966
1.3473381974566045
1.3570049918067637
1.3616660978859132
1.3620754375614001
1.3588826150806408
1.3526468901588287
1.343849833066991
1.332906134222048
1.3201726965814176
1.3059565063748702
1.2905214407178414
1.2740944282505746
1.256868825323544
1.2390124865596754
1.2206682503218247
1.201957857762632
1.182986711790057
1.1638435289707363
1.1446043625084437
1.1253342847129302
1.1060876688869432
1.086911161769466
1.067843927216782
1.0489185825313379
1.0301628252619373
1.0115993801623349
0.9932469606151646
0.9751211434329375
0.9572341944562
0.9395962373343497
0.922214830330805
0.9050960736657735
0.8882441044693448
0.8716620534697078
0.8553515849680631
0.8393136509851385
0.8235481401710467
0.8080544224728535
0.7928311200732405
0.7778764703684524
0.7631882016011904
0.748763755631904
0.7346002420042307
0.7206945621638844
0.7070433786608292
0.6936432697280512
0.6804906175006376
0.6675817608493224
0.6549129436810596
0.6424803630078606
0.6302801912012146
0.6183085743400573
0.6065616570023222
0.5950355924886781
0.583726543349152
0.5726306980821515
0.5617442784064131
0.5510635274970136
0.5405847460305286
0.5303042571614085
0.5202184499031851
0.6430284014001991
0.7941456461974375
0.9200792669379705
1.0243548232664386
1.110014971341069
1.179684848612081
1.235630126532633
1.2798049516918357
1.313895362186517
1.3393557116620691
1.3574401084806382
1.369229980200193
1.375657685753265
1.3775268907580913
1.3755305893550607
1.3702643833863974
1.3622427639879364
1.3519084710154847
1.3396420017294177
1.325770585731057
1.3105758282231084
1.2942998251489293
1.277150439991797
1.2593057286707154
1.240918347404495
1.2221191670893603
1.2030201979153041
1.1837167274491815
1.1642901026015782
1.1448101559110533
1.1253350401702449
1.105915153820534
1.0865922163935497
1.0674016466053753
1.048373242457341
1.0295313735277727
1.0108967285460337
0.9924858554623169
0.9743124207803144
0.9563873773224959
0.938719198244799
0.9213146618133999
0.9041784469969331
0.8873142579667285
0.870724113750516
0.8544093641863186
0.8383701379306511
0.822606079642827
0.8071159630112302
0.7918982117083789
0.7769506396106671
0.7622708091432682
0.7478558665766544
0.7337027802539894
0.7198082442654571
0.7061688305371681
0.692780939669455
0.6796408929279812
0.6667449140025846
0.6540891811517928
0.641669826248364
0.6294829593227125
0.6175246840240939
0.6057911074249209
0.5942783416232182
0.5829825245310247
0.5718998264025014
0.5610264322498709
0.5503585886871477
0.5398925643753242
0.5296246852624146
0.5744688819902883
0.7371676057204166
0.8730588182878306
0.9858907871741592
1.078898282371852
1.1548723288934384
1.2162215733379647
1.2650245218384224
1.303073119536199
1.3319140550424342
1.3528811029122072
1.3671244457404834
1.3756357722674504
1.379269947391628
1.3787637277898708
1.3747518224274042
1.3677811897904668
1.3583222063842932
1.3467801493992244
1.3335039124088206
1.3187935313134895
1.3029064727909734
1.2860638944848517
1.2684557817842246
1.2502451286821152
1.231571524454575
1.2125544174815357
1.1932950822616717
1.1738815975714294
1.15438722043654
1.134875408857727
1.115399494332145
1.0960043546772416
1.0767284372207877
1.0576032071274943
1.0386555672273317
1.019907501798385
1.001377138285711
0.9830794868256634
0.9650263164042954
0.947227277975859
0.9296896941675795
0.9124191267591272
0.8954196137236502
0.8786938851570889
0.8622434919473203
0.8460690960253633
0.8301704683984166
0.8145467746075208
0.799196516956049
0.7841177905859784
0.7693082059428523
0.7547651048551693
0.7404854841252018
0.7264661678990538
0.7127037438723641
0.6991946932726008
0.6859353447083253
0.6729219657333942
0.6601507355007202
0.647617804137143
0.6353192789622378
0.6232512606348382
0.6114098464623768
0.5997911437072411
0.5883912667715933
0.5772063717403079
0.5662326318769952
0.5554662570116957
0.5449035090883205
0.534540676037922
0.5243741142982772
0.6714007531085825
0.8182003753401749
0.9404145826031519
1.0414866753376006
1.124389093634374
1.19168586791108
1.245589718316947
1.2880096995627348
1.320592507781014
1.344758425214124
1.361732337810053
1.3725704425799472
1.378183307939897
1.379355780958489
1.3767646348002613
1.3709915035411795
1.3625384929830129
1.3518378906484558
1.3392614763979496
1.3251286059979785
1.309714047496565
1.2932540399386767
1.2759514674370227
1.2579801966172162
1.2394890918685508
1.2206057944063529
1.2014393331181918
1.1820830105491427
1.1626157349683564
1.1431057553552861
1.1236096654229486
1.1041764079423717
1.0848467574663216
1.0656549681357483
1.0466301074216224
1.0277957737856105
1.0091719874299863
0.9907748344615994
0.9726174329341378
0.9547103969981929
0.9370618271107928
0.9196781933493704
0.9025639500152839
0.8857225569017143
0.8691558641934843
0.8528650496964587
0.8368501121239099
0.8211105761739979
0.8056451162150169
0.7904520730119295
0.7755291853879155
0.7608739589368013
0.7464834842767043
0.7323546910011877
0.7184842330167065
0.7048686560131265
0.6915043325667806
0.6783875663864027
0.6655145625742037
0.6528814879571457
0.6404844626952366
0.6283195900502213
0.6163829673063236
0.6046706980092106
0.5931788906018565
0.5819036836846341
0.5708412456618613
0.5599877630582686
0.5493394845452192
0.5388926816916702
0.5286436806529815
0.600089223421509
0.7589423382479094
0.8915198125385536
1.0014970969728325
1.0920457685002996
1.165903353086251
1.225431163830493
1.2726673857787536
1.309368968823787
1.337052651686317
1.3570262054690236
1.3704173527304155
1.3781983555479065
1.3812072614160726
1.3801664983772213
1.3756977014002965
1.3683378016007146
1.3585479291372762
1.3467250269007314
1.3332109056973016
1.3182996254577142
1.3022438344869314
1.2852601651955164
1.2675346198901476
1.2492268081595441
1.2304734947350309
1.2113918577813754
1.1920808985037226
1.1726266529534048
1.1531012777241736
1.1335662940281128
1.1140743448159824
1.0946690089641398
1.075387870082675
1.0562618100713206
1.0373168279757408
1.0185745961594441
1.0000525907870346
0.9817654550786157
0.9637246461191614
0.9459394036885256
0.928416915668016
0.9111623714518406
0.8941797673883571
0.877471521107403
0.8610391657164875
0.8448831318188079
0.8290031781714785
0.8133983018108729
0.7980669951487973
0.7830072326328695
0.768216615726894
0.7536924017170511
0.7394315787375548
0.7254309133381166
0.711686984800043
0.6981962365757072
0.6849549892846898
0.6719594870441736
0.6592059018971863
0.6466903704975535
0.6344089931133772
0.6223578650533048
0.6105330798093879
0.5989307389027306
0.5875469571754098
0.5763778908459604
0.5654197072500261
0.5546686249075254
0.5441209010797896
0.533772830880901
0.5236794062079067
0.6951814867007997
0.838638384633668
0.9579680709781118
1.0565514802666078
1.1373065482681903
1.2027511987509614
1.2550574601202935
1.2960997358398352
1.3274945074155533
1.3506361598373715
1.3667272147773986
1.3768045512626077
1.3817620512557611
1.3823701490457074
1.3792930987681375
1.3731020540535928
1.3642895011709901
1.3532796272069507
1.3404374994853605
1.3260766738891363
1.3104666029956606
1.2938389860456103
1.2763928326879603
1.2582988323843953
1.2397030148306591
1.2207305291570116
1.20148796518453
1.182067283127138
1.1625454546481422
1.1429894029544405
1.1234547053522108
1.103989010864761
1.084632491199518
1.0654184421461654
1.0463753424107063
1.0275262618115362
1.0088906231048163
0.990484220306387
0.9723197036786587
0.9544074264952748
0.936755220349238
0.9193692685072558
0.9022538991377045
0.8854123305415639
0.8688463169538068
0.8525568655108829
0.8365438958919766
0.8208068133503587
0.8053442274847231
0.7901543961078513
0.7752350053673069
0.7605835037624894
0.7461969395164648
0.7320722031634811
0.7182059150162026
0.7045945940152121
0.6912345867479041
0.6781221783533145
0.66525355449557
0.6526248689235181
0.6402322271884361
0.6280717233258892
0.6161394453525848
0.6044314890726167
0.5929439553401749
0.5816729807145554
0.5706147252915869
0.559765374845683
0.5491211746836138
0.5386783927816429
0.5284333546137885
0.6257671744295789
0.7806081787507806
0.9097309751626946
1.0167348538953969
1.1047255177995507
1.1763832105296814
1.2340207772127783
1.2796332069953733
1.3149415847958852
1.3414308399506252
1.3603813814959747
1.3728972688491787
1.3799303975061055
1.3823012989457504
1.3807174827989939
1.3757871390620517
1.3680357488101234
1.3579153254788505
1.3458142931031867
1.3320669364952735
1.316960919725667
1.3007435395689262
1.2836270607017612
1.2657933465817532
1.2473984127935072
1.228575992621898
1.2094406462366951
1.190089561121285
1.1706061373315315
1.1510616127743345
1.1315155538599282
1.112019555670821
1.092616237224337
1.0733419732199312
1.054227211391486
1.0352969898869933
1.016572538757215
0.9980708290756234
0.9798059609871926
0.9617891807934216
0.9440292666252657
0.9265332329156698
0.9093059536796331
0.8923513087409927
0.8756714569056007
0.8592678665353306
0.8431407663214657
0.8272898785439823
0.8117140461699593
0.7964117415667877
0.7813808241960674
0.7666188847286672
0.7521230969502549
0.7378904430217998
0.7239176309161983
0.7102012362139016
0.6967376632330128
0.6835232297634201
0.6705541557332163
0.6578266109328171
0.6453367182188109
0.6330805754146706
0.6210542735823945
0.6092539050483101
0.5976755671687543
0.5863153809061927
0.5751695002872882
0.5642340927676714
0.5535053871043113
0.5429796351927987
0.5326531418791901
0.5503339857919289
0.7171571333390072
0.8565936890436557
0.9724714586903983
1.0680935320308913
1.1463102710299005
1.2095814482866696
1.2600292740495942
1.2994843023371525
1.3295257573128907
1.3515158301992762
1.3666292975820997
1.3758791638896342
1.3801383031692742
1.3801589221755663
1.3765894158252088
1.3699884412939682
1.3608371167054802
1.34954950006224
1.3364815905671847
1.3219396260783551
1.306186922301062
1.2894497333540746
1.2719224470277903
1.2537710377616789
1.2351380626781685
1.2161463841312876
1.1968993897626659
1.1774866266506183
1.1579839332736004
1.1384553843975143
1.1189561383019997
1.0995320943651028
1.0802222420750045
1.0610594968095732
1.0420708982435518
1.0232793122630661
1.0047034538331692
0.986358405007688
0.968256761628204
0.9504081120756956
0.9328203401985058
0.9154990506062675
0.8984486619240166
0.8816718831098206
0.8651705914785592
0.8489454034409428
0.8329963458078818
0.8173225350768566
0.8019226652179355
0.7867947884361401
0.7719366530383913
0.7573455673044189
0.7430186225189135
0.7289526195341275
0.7151442122356136
0.7015898450657009
0.6882859080682484
0.6752286429539577
0.6624142495982728
0.6498388755611401
0.6374986286384874
0.6253896090330023
0.6135079103384624
0.6018496297744709
0.5904108855592646
0.579187819409524
0.5681765937053691
0.5573734252920426
0.546774549490318
0.5363762590623918
0.5261748882727135
0.6486258712351681
0.7993342530945882
0.9249081455106021
1.0288663248328074
1.1142460397823748
1.1836673863698612
1.2393917276944135
1.2833696810736
1.3172841541652658
1.342586641221607
1.3605289022698153
1.3721903405673423
1.3785015621630297
1.3802647145963882
1.3781715061664688
1.372816411049897
1.3647127879910934
1.3543025399859807
1.3419656060506973
1.3280285098365359
1.3127722390709726
1.2964383795662113
1.27923440577557
1.2613380912173102
1.2429017353820686
1.2240559319200464
1.2049123250337233
1.1855662673070064
1.1660986678618943
1.1465793589385205
1.1270663213967993
1.1076097558649904
1.0882514137101411
1.0690264904239677
1.0499647976533413
1.0310905963334165
1.0124244894284846
0.9939830280937387
0.9757797661888431
0.9578256648477372
0.9401291329739555
0.9226969080450771
0.9055336580967234
0.8886430416900768
0.8720270641204705
0.8556870452168364
0.8396230958244758
0.8238348411742773
0.8083210353622275
0.793080089368609
0.7781097974079225
0.7634077131102716
0.7489709643040459
0.7347965123967242
0.7208810349999268
0.707221097728945
0.6938130869328871
0.6806533175123187
0.6677380011199093
0.6550633094548053
0.64262536387634
0.6304202675157384
0.6184441160121736
0.6066930087920472
0.595163049743758
0.5838503719333803
0.5727511363325694
0.5618615222759746
0.5511777711069162
0.5406961452933239
0.5304129620043476
0.5753546246039886
0.738392102149969
0.8745670609674696
0.9876354544792357
1.0808386028597734
1.1569734303761416
1.2184533127626107
1.267361195661351
1.3054925133018316
1.3343972291287265
1.3554118576456402
1.3696889415651043
1.37822220311308
1.3818682523028065
1.381365357924359
1.3773493393669367
1.3703685837826394
1.360894361837055
1.349332698063814
1.3360331614567147
1.3212964338073498
1.3053806202038174
1.2885072782294313
1.2708667447525033
1.2526223310823819
1.2339139470297324
1.2148613478879702
1.1955659282151405
1.1761159435073123
1.1565849201306968
1.1370362650193384
1.1175236074391148
1.0980917874871123
1.0787793753023662
1.0596179323917196
1.0406343400513862
1.0218507217775907
1.0032851689031421
0.9849527614836519
0.9668652924023691
0.9490324041195775
0.9314614829922452
0.9141580449410412
0.8971262002027977
0.8803686262085663
0.863886928925929
0.8476817288230265
0.8317528344519913
0.8160993791412502
0.8007198892362678
0.7856124349583276
0.7707746406076114
0.7562038287671692
0.7418970025515936
0.7278509711327065
0.7140623230855772
0.7005275277876615
0.6872429109437114
0.6742047304569757
0.6614091601366212
0.6488523419656145
0.6365303757710876
0.6244393555377178
0.612575371385139
0.6009345220965981
0.5895129155047406
0.5783067013032651
0.5673120425588902
0.5565251455295509
0.5459422630652648
0.5355596794052525
0.5253737345078251
0.6726739432208159
0.8197468091257656
0.942188257290623
1.0434485016631774
1.126504909774502
1.1939269323672437
1.247931068073218
1.290429676308428
1.3230726098068135
1.3472830264803595
1.364288323006085
1.375146166029147
1.38076943949635
1.3819440150436175
1.3793473004342176
1.3735630446188987
1.3650940601353365
1.354373243153802
1.3417730166512358
1.3276135140199004
1.3121700210153644
1.2956792441030733
1.2783440327207694
1.260339164454497
1.241812993345868
1.2228943409002353
1.2036919490893794
1.18429899660212
1.1647955721549914
1.1452487280839183
1.125716139038729
1.1062464894332145
1.086880461597859
1.0676528047919445
1.0485921927284503
1.029722547762509
1.0110639227774998
0.9926321660521709
0.9744408314995248
0.9565001114075176
0.9388185330024433
0.9214022056971513
0.9042559609986751
0.887382924169294
0.8707852292310396
0.8544638278830957
0.8384189022332862
0.8226498308284521
0.8071553990011243
0.7919338570702887
0.7769830054796463
0.7623002965655394
0.7478828503289764
0.7337275711189103
0.7198311166474528
0.7061900050994585
0.692800637340931
0.6796592737920937
0.6667621422625057
0.6541053828545511
0.6416851166098916
0.6294974403786437
0.6175384423851707
0.6058042138805098
0.5942908668200375
0.5829945225253711
0.5719113434749832
0.5610375194818514
0.5503692763892053
0.5399028899593591
0.5296346756718802
0.600964545204937
0.7595987270559623
0.8919890570911176
1.0018066082345516
1.092219182917599
1.1659610407737258
1.2253906775400705
1.2725438558542945
1.3091754203593726
1.3368002988705063
1.3567246991166872
1.3700749946112074
1.3778222860916371
1.3808036169245523
1.3797405429813074
1.3752539634425067
1.3678801576238244
1.3580796874537442
1.3462490236684606
1.332729567808155
1.317815025004529
1.3017577293351712
1.2847740445790472
1.267049748931239
1.2487442574694854
1.2299941662567215
1.2109165018717045
1.1916101392421496
1.1721610192048129
1.1526411858056034
1.1331120993814991
1.1136263211763233
1.0942273763799364
1.0749528023011843
1.0558334285890654
1.0368952274811944
1.0181598318468439
0.999644695282166
0.9813644389879668
0.9633304968915827
0.9455520973812114
0.9280364095984899
0.9107886165994938
0.8938126996232305
0.8771110736033587
0.8606852602893073
0.8445356891490536
0.8286621108285259
0.8130635221977184
0.7977384100966542
0.7826847494001773
0.7679001379635871
0.7533818338456987
0.7391268230767942
0.7251318731715336
0.711393562445106
0.6979083354138489
0.6846725125789928
0.6716823391667773
0.6589339877058714
0.646423595991136
0.6341472652843848
0.6221010919448492
0.6102811706480654
0.5986836043207707
0.5873045088495488
0.5761400418625902
0.5651863722613327
0.5544397194964733
0.5438963419141313
0.5335525343680606