0
0.1932028236117077
0.356318827322196
0.4935796613258864
0.6085836689184437
0.7044368605505298
0.7838192545592049
0.8490438555320117
0.9021072962906908
0.9447314368701174
0.9784027103639754
1.0044019899618657
1.02383537924518
1.037656528370854
1.0466877885886912
1.0516381541766908
1.053118756677883
1.0516562062034067
1.0477041418803148
1.0416533030222992
1.0338404444042406
1.0245540937960653
1.0140448043771924
1.002525859904966
0.9901811543261331
0.977169503098027
0.9636259265651463
0.949666574558262
0.9353914901511726
0.9208854414055335
0.9062210929498923
0.8914607769227206
0.8766570331352257
0.8618546517998095
0.8470918839782954
0.8324003738540285
0.8178074443391296
0.8033355116286547
0.7890034420013103
0.774826904362575
0.7608185533076596
0.746988992811376
0.733346393609671
0.7198975198574824
0.7066473404466812
0.6935997324428912
0.680757360201723
0.668121976577654
0.6556945632987847
0.6434753475728928
0.6314640844263483
0.6196598938630024
0.6080616398813304
0.5966677217206761
0.5854763143687688
0.5744853312315863
0.5636924766369199
0.5530953239640745
0.542691274765693
0.5324776687114503
0.5224517259828302
0.512610634834996
0.5029515179664364
0.49347147878312064
0.48416759754519606
0.4750369466519213
0.4660766000271479
0.45728363973935715
0.4486551592670978
0.44018827829303486
0.4318801294951903
0.42372788907937164
0.5200208103249625
0.6721495160505379
0.7992878463957238
0.9049282998629109
0.9920844973116182
1.0633574237504255
1.1209915131169013
1.1669228925083766
1.2028220177621256
1.2301301535190312
1.2500901307949586
1.2637737282596655
1.2721051036006268
1.2758809657634214
1.2757884094595617
1.272418115707324
1.266280351755806
1.257814329178177
1.2473976927041077
1.2353552587487984
1.2219666226425219
1.207472237865064
1.192078681309561
1.1759630527839904
1.1592771975141334
1.1421513955802112
1.1246970933594829
1.1070096068832158
1.089169850470074
1.07124777058982
1.0533015612667702
1.0353815996454294
1.0175300032226768
0.9997822298871073
0.9821684871152098
0.9647134278097246
0.9474380216213669
0.9303593083418727
0.9134912246893196
0.8968452183152176
0.8804301495200282
0.8642531871101969
0.8483195126950688
0.8326332028698319
0.8171967676439171
0.802011957478667
0.7870793701797121
0.7723990672473805
0.7579702713651785
0.743791829555524
0.7298619864810989
0.716178727166597
0.702739612401222
0.6895420268625084
0.6765830645724499
0.6638597036487286
0.65136873134657
0.6391068623852266
0.6270706948106296
0.615256787104495
0.6036616307237619
0.592281701908276
0.5811134577046627
0.5701533495432967
0.5593978312786211
0.5488433793530232
0.538486482664408
0.5283236558505026
0.5183514593839569
0.5085664684796939
0.49896531146092826
0.5166438815790834
0.6796485174348549
0.8159807803226298
0.9293664753150978
1.0230210955253973
1.0997190475912566
1.161854945612905
1.211494823189459
1.250420466951255
1.280169482912787
1.3020679937731068
1.3172596545347248
1.326730593439084
1.3313309477994943
1.3317934619139609
1.3287495483121508
1.3227431266938232
1.314242235515988
1.3036501689547246
1.2913141453444927
1.2775327849425533
1.2625623988841468
1.2466232457338997
1.2299045776689446
1.2125688037495024
1.1947550563017306
1.176582449646421
1.1581520424917955
1.139551743207207
1.120854744808822
1.1021244729772617
1.0834143030512982
1.0647691803245165
1.0462276626777214
1.0278213654916233
1.0095773411244267
0.9915177803328726
0.9736609979383425
0.9560222302350251
0.9386134749437856
0.9214446100853282
0.9045232174342533
0.8878550864512812
0.8714445299706817
0.8552945077502248
0.8394068464557644
0.8237824428780255
0.8084213388770222
0.7933229369805214
0.7784860030081032
0.7639088686712157
0.749589399219912
0.7355251706454855
0.7217134251344252
0.7081512170031502
0.6948353696709567
0.6817625893192513
0.6689294306748259
0.6563323801026874
0.6439678335662246
0.6318321534547099
0.6199216536912325
0.6082326407053419
0.596761411515031
0.5855042679529765
0.5744575184482384
0.5636175065267112
0.5529805879654819
0.542543155981474
0.5323016479265622
0.5222525236984389
0.5123923102801368
0.6318172461291989
0.778801342421977
0.9013063537045163
1.0027586125925199
1.0861144877373692
1.1539254839167812
1.2083932203704133
1.2514168803667862
1.2846347250672183
1.3094603613127016
1.3271127064155295
1.3386427752358918
1.3449567144840626
1.3468356216741828
1.3449529530888642
1.339887733362941
1.3321403156957123
1.3221408370600696
1.3102590011812851
1.2968131268532141
1.2820771141772347
1.2662863997708678
1.2496429305368397
1.2323198395717103
1.2144656971969179
1.1962078221560217
1.1776553456923302
1.158900519000765
1.1400230863243206
1.1210905343865905
1.1021597621397283
1.0832798593689255
1.0644912809391898
1.0458288249017984
1.0273212830112939
1.0089926153744182
0.990862976683368
0.9729484849836191
0.9552626325641583
0.9378160170243747
0.9206170629372687
0.9036723876403449
0.8869866523800105
0.8705634999277712
0.8544050137534259
0.8385125344750345
0.8228863076319397
0.8075260124795405
0.7924305706274101
0.7775984755455911
0.7630277058507101
0.7487159211432206
0.7346604398509041
0.7208583481812958
0.707306513816764
0.6940016415412303
0.6809403032719344
0.6681189634074929
0.6555340124829548
0.643181777906187
0.6310585536472564
0.6191606023402345
0.6074841824316153
0.596025552790492
0.5847809804156398
0.5737467461888462
0.5629191714356917
0.5522945882946192
0.541869378404172
0.5316399581170393
0.5216027858444807
0.565184402029624
0.7234440139285513
0.8556436280822167
0.9654261309436186
1.0559353128834827
1.1298839060819317
1.1896127478073641
1.2371421336675879
1.274213580483941
1.3023304783213228
1.3227892228181972
1.3367077836378793
1.3450500967822854
1.3486471223347183
1.3482150376079887
1.3443707343901814
1.3376461153640362
1.32849842203016
1.3173216296062666
1.3044549406456691
1.290190115676389
1.2747775749985821
1.258432360275232
1.2413392277659472
1.2236567108960836
1.2055206234413167
1.1870472097656455
1.1683349682995292
1.1494696321668203
1.1305225633037004
1.1115554681486859
1.0926203796265053
1.0737609583622554
1.0550147041419282
1.036412308504021
1.017979989127358
0.9997392498865019
0.9817077719325757
0.963900255908738
0.9463282267709521
0.9290011432219024
0.9119262256180735
0.8951089406467118
0.8785533174810493
0.8622620668275969
0.8462367902499126
0.8304781906417997
0.8149861295296082
0.7997598561205216
0.7847979905026579
0.7700987409826195
0.75565985388371
0.741478803924203
0.7275527351654751
0.7138786171379574
0.7004531912941956
0.6872730914316005
0.6743348028693247
0.6616347490443937
0.6491692662316094
0.6369346610448516
0.6249271961461368
0.6131431273915141
0.6015787053141678
0.5902301882600629
0.5790938411903467
0.5681659674242725
0.557442885554626
0.5469209494257489
0.5365965611246581
0.5264661475989821
0.5165262007356157
0.6594643895187228
0.8022042901620615
0.9210537770174678
1.019357977273429
1.1000045259688822
1.165484568158505
1.2179476102992366
1.259248517398471
1.2909870072033234
1.314542984377738
1.3311065400000284
1.341703887941773
1.3472197671150712
1.3484167807177694
1.3459525303491284
1.3403922804687491
1.332223817870385
1.3218672102122844
1.3096838951169298
1.2959842914843698
1.2810353998827315
1.2650668226137622
1.2482757819264045
1.230831391268484
1.2128783904972726
1.1945409003267753
1.1759248299247749
1.1571211759701818
1.1382065339586769
1.1192473772702864
1.1002988435349077
1.0814084827820332
1.062616138576877
1.0439550946467435
1.025453738958846
1.0071350966760353
0.9890186739202718
0.9711202478999621
0.9534526040151267
0.9360261735912566
0.9188489050340879
0.901927150123995
0.8852653450040601
0.8688669054096977
0.8527337237422793
0.8368670050048831
0.8212668297467328
0.8059327997449143
0.7908636991534482
0.7760579798142941
0.7615135095987657
0.7472279276274492
0.7331984663301079
0.7194222028236039
0.7058959408043339
0.6926163812492119
0.6795800510437932
0.6667834124722561
0.6542228268386628
0.6418946199171418
0.6297950674802452
0.6179204297470868
0.606266959145611
0.5948309117472504
0.5836085477257998
0.5725961562991732
0.5617900514485226
0.5511865665321506
0.5407820926648772
0.5305730388604385
0.520555875815218
0.5900302868281859
0.7445733385276521
0.8735700760248765
0.980593093115885
1.0687254248722986
1.1406276294374653
1.1985951521061957
1.2446093255709616
1.2803778907257999
1.3073751867558085
1.3268724817641866
1.3399660488042735
1.347601090863062
1.350592388885397
1.3496421621659112
1.3453551816611193
1.3382530573318496
1.328784025048215
1.3173342767749245
1.3042363112214777
1.2897761189148067
1.2741991594027926
1.2577161576163465
1.2405081474622046
1.2227304542266553
1.2045161287788781
1.1859790305391604
1.1672155997952272
1.148309781939427
1.1293314155576148
1.1103408814230733
1.0913890664314252
1.0725186567366123
1.0537662964730568
1.0351619477818519
1.016731204417559
0.9984950157643843
0.9804706079733301
0.9626722699057747
0.9451111832554213
0.9277965127604086
0.9107352122994273
0.8939325433144435
0.8773923285820368
0.8611171333538576
0.8451084049213776
0.8293667406126701
0.813891888110433
0.7986830199928376
0.7837386731654253
0.7690570003511354
0.7546356878689718
0.7404721701683108
0.7265635487496286
0.712906764078634
0.6994985280851315
0.686335453753611
0.6734140065385953
0.6607305952040502
0.6482815431977982
0.6360631469291024
0.6240716619585012
0.6123033371616925
0.6007544184086638
0.589421161671471
0.5782998291185122
0.5673867223628919
0.5566781615981072
0.5461704989279564
0.535860137599665
0.5257435076564776
0.5158741888719238
0.682797396014305
0.822441100560521
0.9386154251127454
1.0346082332459658
1.1132572236397564
1.1770110366858781
1.2279819978061708
1.2679930364006844
1.2986162397210113
1.3212077234662978
1.3369370296152885
1.3468126234163647
1.3517039143033531
1.3523602658914733
1.3494278069274057
1.343462055454193
1.3349421327805135
1.3242807100643723
1.3118329339709496
1.2979038199348265
1.2827555657886747
1.2666136474733993
1.2496717403973758
1.2320959521681274
1.2140284036021567
1.1955909302499714
1.176887377451498
1.158007200141781
1.1390254276855674
1.1200072697971364
1.1010068310265881
1.0820706332282628
1.0632377829895612
1.0445408080467287
1.0260075004536475
1.0076603740642545
0.9895184506554656
0.9715971466997253
0.9539088844807904
0.936463812145225
0.9192696265423963
0.9023324473839152
0.8856565381458871
0.8692451352923979
0.8531000009805514
0.8372222083387997
0.8216117383774766
0.8062680956427611
0.791189988307666
0.7763757962560324
0.7618233294382502
0.7475301734771341
0.7334935167052625
0.7197103962354044
0.7061775822188116
0.6928917455312874
0.6798493875360204
0.6670469476907517
0.6544807678728005
0.642147156337047
0.6300423741176233
0.6181626681681666
0.6065042789897548
0.5950634529092712
0.5838364406841761
0.5728195236733958
0.5620090090052755
0.5514012236979625
0.5409925526774967
0.5307794029983879
0.5207582346684235
0.6154746157134795
0.7661987278426587
0.8919045473284131
0.9960925659492917
1.0817831023407916
1.1515831363956834
1.2077418047364
1.2521996742221009
1.2866303811066457
1.3124782936009383
1.3309888459792478
1.3432359490989607
1.3501454720445683
1.3525155346945286
1.3510342534823938
1.3462933820846303
1.33880426788203
1.3290063727454964
1.317277556021732
1.3039432030421312
1.2892832906718545
1.2735384743930607
1.2569151546053237
1.2395903606679262
1.2217160217195866
1.203422340854538
1.184820936225081
1.1660061379082698
1.147059609516099
1.1280503415713703
1.109036637977086
1.090068743205775
1.071188099150673
1.0524303890566287
1.0338251123954538
1.0153968778864324
0.9971663704445407
0.979150165543393
0.9613621541738848
0.9438132574037651
0.9265121881791251
0.9094657994288535
0.8926789536191139
0.8761554624050875
0.859897549992324
0.8439066743513244
0.828183176886012
0.8127268164145762
0.7975365772733475
0.7826110045892749
0.7679481154022122
0.7535456003484277
0.7394007985892815
0.7255108121522591
0.7118725166843285
0.6984826215999149
0.6853376976543115
0.6724342056990006
0.6597685286622633
0.6473369845315906
0.635135855211304
0.6231613893139953
0.6114098306252129
0.5998774212979701
0.5885604106409833
0.5774550619352271
0.5665576772069836
0.5558645688870278
0.5453720997512559
0.5350766663139847
0.5249747050815998
0.542119451902531
0.704371999613304
0.8400033632134949
0.9527333265798129
1.0457721922436776
1.121889838713944
1.1834769062941508
1.2325961257584122
1.271026227911693
1.3003022976500627
1.3217482260607425
1.3365057235072382
1.3455592224677388
1.3497573799548594
1.3498316472739413
1.346412285885375
1.3400422601614934
1.3311887209473114
1.320254193028933
1.3075852236319911
1.2934798414761228
1.2781938264147623
1.2619469666272811
1.2449280989562932
1.2272992626595673
1.2091992520995551
1.1907468748053913
1.172042927639942
1.1531750731080725
1.1342162630314483
1.1152297499233133
1.0962686851832524
1.0773778695860405
1.0585956890067467
1.0399536058655081
1.0214785529396548
1.0031925665373365
0.9851138618643405
0.9672575475359966
0.9496355151206799
0.9322575485187073
0.9151311156897048
0.8982619334858054
0.8816542018462027
0.8653108176875621
0.8492335048562655
0.8334230987469681
0.8178795487593795
0.8026021969699596
0.7875897255984553
0.7728404067373678
0.7583520295491288
0.7441221112675417
0.7301478243390621
0.7164261653324085
0.7029538932669563
0.6897276577720266
0.6767439536613459
0.6639992121363155
0.6514897729714131
0.6392119448777867
0.6271619893809955
0.6153361603409392
0.6037307043404926
0.5923418743392914
0.5811659294395087
0.5701991654791808
0.559437893247888
0.5488784580034629
0.5385172538628055
0.5283506966398839
0.5183752698561924
0.6374875648707061
0.7841188260895897
0.9063112228511375
1.0074857518355806
1.090594144705346
1.1581839534428664
1.2124533173171492
1.25529847614366
1.2883550755271085
1.313034510520272
1.3305537824989964
1.341962250423429
1.3481646189690617
1.3499407383965798
1.3479629693976174
1.3428094288679004
1.334979687241902
1.3249031251306023
1.3129488429430571
1.2994346583029956
1.284634028654169
1.2687819943346532
1.2520801247691562
1.2347012653034117
1.2167937386046217
1.19848464105967
1.179882910674381
1.1610805805653202
1.1421573234171218
1.1231804096683524
1.1042066854766315
1.085285113862353
1.066456051996465
1.0477542527217394
1.0292083946734405
1.0108424139036358
0.9926763876303042
0.9747263903708564
0.9570058823498363
0.9395254017192732
0.9222933580370882
0.9053163200053532
0.8885989358036613
0.8721448051780618
0.8559560045494721
0.840033836759234
0.8243785416131243
0.8089897664218848
0.7938664272094824
0.7790069907015981
0.764409429520829
0.7500713809909825
0.7359901568948296
0.7221628249214546
0.7085862454332693
0.6952571077869266
0.6821719759931991
0.6693273015203711
0.6567194665546852
0.6443447874962357
0.6321995497490881
0.6202800067264781
0.6085824078765809
0.5971030035264023
0.5858380531544698
0.5747838286490565
0.5639366439528203
0.5532928245055909
0.5428487429826829
0.5326008107495708
0.5225454775291648
0.5662034049272403
0.7247413759812124
0.8571734498849929
0.9671489295322034
1.0578171380434729
1.1318955987857073
1.191729260288928
1.2393419861699981
1.2764783520642669
1.3046444020181223
1.325138815732191
1.3390815323971705
1.3474381860763591
1.3510412000387224
1.3506080133452123
1.3467565920457236
1.3400197954076205
1.3308556661089677
1.3196588677853718
1.3067691977728972
1.2924789321355712
1.2770389395030812
1.2606646368107286
1.243541103153283
1.225827149973362
1.2076588322080857
1.1891526029557153
1.1704071284537871
1.1515082922376978
1.1325275896050853
1.1135268238595708
1.0945581315147122
1.075665241648536
1.056885722756122
1.0382503223342228
1.019785299195474
1.0015122009748512
0.9834487351013385
0.9656096305536837
0.9480064323501973
0.9306486139591417
0.913543411417737
0.8966962972456841
0.8801113116811433
0.863791166346943
0.8477374688169993
0.8319509203673043
0.8164313845764655
0.8011781072727552
0.7861897077110208
0.7714643896004483
0.7569998963589236
0.7427936972820964
0.7288429320674087
0.7151445642765024
0.7016953300013551
0.6884918567246459
0.6755306237536909
0.6628080480080777
0.6503204593604276
0.6380641578126134
0.6260353993729811
0.61423043330007
0.6026455034747408
0.5912768615413362
0.5801207658668736
0.5691735132807674
0.5584314156561045
0.5478908205855598
0.5375481237444547
0.5273997486184822
0.5174421715870189
0.6607873830184576
0.8039335570481346
0.9231227505203204
1.021709379141578
1.1025891858544128
1.1682600495276023
1.220877664329247
1.262301865765043
1.294136958295637
1.3177666737241573
1.3343843951406438
1.3450191780943221
1.3505582142713404
1.3517662235877186
1.3493026449742707
1.3437342192188582
1.3355502670425095
1.3251720655108454
1.3129618948760764
1.2992310053099245
1.2842472276840913
1.2682408491558144
1.2514096518406035
1.233923119941493
1.2159264114591126
1.1975440017810148
1.178882276197743
1.1600321642279274
1.1410707309879464
1.122064548649572
1.1030688558096977
1.0841314841757033
1.0652922103260622
1.0465845574556136
1.0280369177335207
1.0096723871045663
0.9915105832636794
0.9735672450292688
0.9558552717295385
0.9383850742351885
0.9211646390696849
0.9042003617985415
0.8874966509628108
0.8710569702825575
0.8548831911000961
0.8389765437165252
0.8233370961833409
0.8079644599136039
0.7928574118322089
0.7780144030838952
0.7634332972547498
0.7491117262611153
0.7350469194238889
0.7212359430975063
0.7076755976930174
0.6943625720039365
0.6812933885668281
0.6684644974402673
0.6558722541018943
0.6435129725640167
0.6313829219636345
0.6194783516400842
0.6077955048442483
0.5963306286522637
0.5850799749120658
0.5740398207452446
0.5632064742653232
0.5525762580229159
0.5421455530468977
0.531910761957345
0.5218683441165458
0.5911860358367798
0.7454315051170353
0.874174011630263
0.980980135688796
1.068927565374054
1.1406727641598498
1.1985071634213138
1.2444087102899521
1.280082362279409
1.3070000395369936
1.3264308875310875
1.3394693435105476
1.3470590098130237
1.3500132434746253
1.349033171612007
1.344722221817991
1.3376015087163848
1.3281185661852835
1.316658759978273
1.3035539369080942
1.2890895908827082
1.2735109685565897
1.257028394889856
1.2398225134806033
1.222048342947572
1.203838721549095
1.1853074374133987
1.1665506686642815
1.1476520976297047
1.1286817257386408
1.1096994815784378
1.0907564644019057
1.071895098799677
1.0531519787692736
1.034557107652616
1.0161358746560052
0.9979093459373777
0.9798945983757534
0.9621059307801108
0.9445545196690419
0.9272494456074412
0.9101977282297252
0.8934045158322699
0.8768737226535078
0.8606078044791831
0.8446082853078536
0.8288756813740767
0.8134097975863412
0.7982097483737032
0.783274112031827
0.7686010010223924
0.7541881306211323
0.7400329087553662
0.7261324563793693
0.712483697673817
0.6990833570122774
0.6859280385010127
0.6730142150700341
0.6603382917520128
0.6478965962550823
0.6356854246740714
0.6237010337946747
0.6119396751156071
0.6003975964853985
0.5890710537465587
0.577956312061235
0.5670496764904192
0.5563474641832262
0.5458460349245733
0.5355417903154238
0.525431163278898