0
0.19199735239533075
0.35423863809150086
0.49090425005390814
0.6055488029752709
0.7012406631037795
0.7806275684730832
0.8459947093879066
0.8993148741272967
0.942289525810701
0.976387539956615
1.0028747778661755
1.022844548623685
1.0372395582076515
1.046872827968699
1.0524454135566546
1.0545617055159335
1.0537425926078678
1.050436897556585
1.0450313116834993
1.0378591823042276
1.0292062501862564
1.0193207176901937
1.0084138589744005
0.996668094683295
0.9842409546178077
0.9712663931949176
0.9578598587402324
0.944120789043364
0.9301334804296898
0.9159703703965306
0.9016936082700745
0.8873556308602142
0.8730012860633737
0.8586689020002108
0.8443902371559383
0.8301928661126146
0.8160993702383524
0.8021289553977867
0.7882975210207189
0.7746180912501064
0.761101569699115
0.747756490913813
0.7345899803191551
0.72160735445577
0.7088128845172507
0.6962095791222919
0.6837995906119596
0.6715842499550682
0.6595641718325409
0.6477394668896634
0.6361096309167544
0.6246738693376905
0.6134309561153343
0.60237939430383
0.5915174577940152
0.5808431721713951
0.5703544514125064
0.5600490125986863
0.5499245152639092
0.539978487657433
0.5302084191353886
0.5206117296098638
0.5111858086887247
0.5019280195036041
0.4928357079345038
0.48390621582163745
0.4751368860655559
0.46652506637492835
0.45806812354117377
0.44976343364234406
0.441608403498102
0.5371404365604187
0.6882051084791179
0.8145678730868516
0.9196759022157942
1.0065044360742725
1.0776207323174152
1.1352406850456631
1.1812758981127776
1.217375936729302
1.244963762249597
1.2652667564145166
1.2793435414335872
1.2881070398060377
1.2923443825350927
1.2927345460098512
1.2898613410361894
1.2842289517059509
1.2762716471334519
1.2663631868887848
1.2548248659682735
1.2419332926878102
1.2279264847981748
1.2130090626064842
1.1973566604226347
1.1811198153483278
1.164427794745377
1.1473910521859747
1.1301047060993248
1.1126489656520455
1.0950935891052351
1.077496698019627
1.0599084517053814
1.0423711903827577
1.0249203459328344
1.0075863431507341
0.9903940746162117
0.9733647030306584
0.9565156398122558
0.9398610814863133
0.9234128438948148
0.9071801523718446
0.8911705131331406
0.8753895325502573
0.8598416362117148
0.8445297553501545
0.8294560107930236
0.8146214112271003
0.8000263973310127
0.7856705907882513
0.7715532177981286
0.7576729089087131
0.7440280223694077
0.7306164908165096
0.7174360622190243
0.7044841877634102
0.6917581963753741
0.6792552173925149
0.6669723023177814
0.6549063760137372
0.6430543194473887
0.6314129342600541
0.6199790039887049
0.6087492834713886
0.5977205124666598
0.5868894302850653
0.5762527863590755
0.5658073385652197
0.555549862938905
0.5454771718676129
0.5355860893034898
0.5258734826120842
0.5432335337996352
0.7049102724546514
0.840228194126804
0.9528645920035095
1.0459932636488873
1.1223527426214772
1.1843068156533474
1.233895109900329
1.2728767002348729
1.3027697659361617
1.3248837834460725
1.3403481711625862
1.3501368985759254
1.3550897355568041
1.355930600201133
1.3532834848432664
1.3476858440096307
1.3396003938561172
1.3294259470329128
1.3175059563450457
1.3041358417917055
1.2895692534368495
1.2740243228806511
1.2576885589110847
1.2407229558821626
1.2232654696841117
1.2054343021558878
1.187329918679461
1.1690396887974188
1.150636411234879
1.132183440563549
1.1137338742542928
1.0953327971794684
1.0770187555185453
1.0588235045760945
1.0407743525499085
1.0228936225896896
1.0051999976335224
0.9877089490325661
0.9704328233461949
0.9533818677901249
0.9365639659477927
0.9199853577020717
0.9036506424106798
0.8875632521817198
0.8717253218793398
0.8561382040447717
0.8408022679962488
0.825717351649466
0.8108825589863633
0.7962966353335889
0.7819577879072661
0.7678639842568465
0.7540128069112458
0.7404016802815369
0.7270277622644677
0.7138881086893166
0.70097959967508
0.6882990520267122
0.675843175542045
0.6636086453084815
0.6515920768029836
0.6397900700016166
0.6281992105379134
0.616816079195487
0.6056372589125668
0.5946593532208325
0.5838789826306102
0.5732927849519109
0.5628974427438076
0.5526896555168528
0.5426661753853576
0.6609682103578179
0.8067357083263088
0.9283138844570799
1.0290838217926686
1.1119639162260035
1.1794710711797751
1.2337788095009825
1.2767620937490105
1.310038199416534
1.335002228857329
1.3528576292732684
1.364642932807193
1.3712519404448924
1.3734565648688204
1.3719220119533475
1.3672215128334089
1.3598485997968264
1.35022815396225
1.3387261033979632
1.3256574289885314
1.311293088034158
1.2958660009864482
1.2795764610780813
1.2625950756227793
1.2450702710864572
1.2271278644918848
1.2088755580305695
1.1904064570883548
1.1717987128896286
1.1531197790545904
1.1344269354871144
1.115768268385615
1.097185147461028
1.0787119587830063
1.0603776975108805
1.0422068398343356
1.024219356031512
1.006432026825072
0.9888583443646661
0.9715094426500994
0.9543940277270789
0.9375190071542406
0.9208895902385532
0.9045095939536717
0.888381657870571
0.872507351442123
0.856887434900711
0.8415218552814379
0.8264100088019435
0.8115506826241553
0.7969422930956686
0.7825828092684384
0.7684699539210822
0.7546011299716338
0.7409735854659806
0.7275843320460543
0.7144302878037725
0.7015082503331399
0.6888149080652555
0.6763469187076813
0.664100862746645
0.6520733065036608
0.6402607935911186
0.628659860066198
0.6172670440760881
0.6060789008774756
0.5950919932350424
0.5843029176112793
0.5737082956136523
0.5633047763897281
0.5530890510350874
0.5961267001973157
0.7531506425256387
0.8844044816449594
0.9934860097805662
1.0835002961538658
1.1571265885617088
1.2166773077406077
1.2641479606911266
1.3012592566125785
1.3294964120730284
1.3501403726248116
1.3642959053256905
1.3729156798418838
1.3768210611819443
1.3767200613172654
1.3732229833238565
1.3668553150377034
1.3580695387934145
1.3472556222436873
1.3347493646308843
1.3208394886270771
1.3057738788504343
1.289765731143186
1.2729982747082682
1.2556287858746362
1.2377919364686858
1.2196031142905641
1.2011604842768873
1.1825491848953154
1.1638402112436985
1.1450954362679675
1.1263664021800823
1.1076971702015752
1.089125106398053
1.0706811159452452
1.0523917376620138
1.0342785160801629
1.0163596255096643
0.998649911733877
0.9811613089573069
0.9639036432312093
0.9468843992134565
0.9301095614813911
0.913583362432041
0.8973090548053553
0.8812884847151479
0.865522852452356
0.8500123046940272
0.8347565468537206
0.8197545103804864
0.8050048233906169
0.7905055580748692
0.7762545771231396
0.7622493557114982
0.7484872238961943
0.734965252272246
0.7216804117514949
0.7086295091875603
0.695809285294776
0.6832163860655508
0.6708474181179062
0.658698941198907
0.6467674938747974
0.6350496071836393
0.6235418104253402
0.6122406364342631
0.6011426365409476
0.5902443896334029
0.5795424856361495
0.5690335622155959
0.5587142797098852
0.5485813465959819
0.6902617735423918
0.8318645038983044
0.949849858057426
1.0475203145666505
1.1277268262058895
1.1929287381518603
1.2452488836752351
1.2865184800575284
1.3183175323991498
1.342008966063628
1.3587682438542998
1.3696090848988847
1.3754055733281612
1.3769112430546824
1.374775955495277
1.3695583162030962
1.3617410376896226
1.351739555125281
1.3399109026463927
1.326562318848882
1.3119583044843475
1.2963263327249728
1.2798617267028058
1.2627318675549337
1.245080411942915
1.2270305677171207
1.2086879668005848
1.1901421661969223
1.1714702530438967
1.1527379370060795
1.134000346097094
1.1153052647058892
1.0966921101530227
1.0781947623282218
1.0598414174317492
1.041655489427925
1.0236567914595978
1.005861196618812
0.9882820417915388
0.9709298765023326
0.9538131267567498
0.9369384832337652
0.9203107256034166
0.9039336550509853
0.8878095538341173
0.8719399779144051
0.8563254260222595
0.8409658300126894
0.8258603987471154
0.8110079018376045
0.7964066240677263
0.7820545148428154
0.7679492066473677
0.7540880819438355
0.7404683225772402
0.7270869306747092
0.7139407870902708
0.7010266506457224
0.6883412120806967
0.6758810872234385
0.6636428598170357
0.6516230720123435
0.6398182601946986
0.6282249525961532
0.616839682357436
0.6056589887278808
0.5946794437660179
0.5838976309390521
0.5733101668693795
0.562913705093557
0.5527049318633851
0.6214300926738268
0.7747228441690654
0.9027601365724416
1.0090693017838182
1.0966944077885254
1.1682628179932026
1.226041158567798
1.2719861704830489
1.307784477132185
1.3348923606469658
1.3545656116375344
1.3678872726751092
1.3757912540284758
1.3790827124701788
1.378455687650029
1.3745080126271312
1.367755425332183
1.3586411957917972
1.347547352569102
1.3348029148734997
1.3206909691922935
1.3054545461501423
1.2893024023077033
1.2724139745393568
1.2549433039673434
1.2370224096235525
1.2187643362090297
1.2002649598205333
1.1816078044710456
1.1628623631091897
1.1440889510736783
1.125338279001001
1.1066531432639817
1.0880702424469375
1.0696196819773143
1.0513273138186274
1.033214257740747
1.015298087364006
0.9975933517731663
0.9801115747984767
0.9628622856231008
0.9458527519198336
0.9290886630774561
0.9125741452280185
0.8963122101836225
0.8803046243969019
0.864552418404937
0.8490556727997236
0.8338139754502782
0.8188262029202941
0.8040909033301789
0.78960610358877
0.7753696130455225
0.7613788700166215
0.7476311697843919
0.7341235535534827
0.720852969980422
0.7078162033484149
0.6950099801253564
0.6824309299709017
0.6700756503791759
0.6579406894785923
0.6460225802535562
0.6343178471136988
0.6228230151523639
0.6115346126448421
0.6004491909933599
0.5895633252310697
0.5788736052084639
0.5683766689610033
0.5580691763898342
0.5480045167324263
0.7135316165544815
0.8520924289982108
0.9674487396466794
1.0628468615431304
1.1410887135830994
1.2045922707802184
1.2554434779648143
1.295442672708877
1.3261425686968096
1.34888269104535
1.3648183913408654
1.374946014166451
1.3801246328517631
1.3810948129530123
1.378495235726821
1.372875000643086
1.3647079769430202
1.3544023708804191
1.342309501960639
1.328731143942557
1.3139269340344895
1.298120228397974
1.2815029586924767
1.2642397453430396
1.2464715512198865
1.2283193290431589
1.2098864117337418
1.1912614775443917
1.1725194098488643
1.1537251712569154
1.13493265535773
1.116188552586173
1.0975318314596723
1.078995303696456
1.0606068758158462
1.0423892750392605
1.0243618704034074
1.006540261361258
0.9889372892848384
0.9715633763637741
0.9544265862568052
0.9375334422031499
0.9208885145797712
0.9044954751515707
0.8883564208771129
0.8724728382595112
0.8568450656808726
0.8414729992321179
0.8263557150884999
0.8114919645098644
0.7968799265111044
0.7825175400875671
0.7684023561803285
0.7545317495089076
0.74090284098253
0.7275126250582227
0.7143579384904739
0.7014355314577375
0.6887420638862142
0.6762741422266381
0.66402832871394
0.652001154626244
0.6401891444787067
0.628588815796679
0.6171966899759018
0.6060093010427107
0.5950232127778987
0.5842349977959368
0.5736412730135442
0.5632386810198854
0.5530239072525658
0.6467616573717636
0.7961907325805442
0.9208992559468007
1.0243415599896215
1.1094982718736515
1.1789422500218232
1.2348933352309654
1.2792669662948142
1.3137151748978673
1.3396638527094242
1.3583426138014878
1.3708118670097906
1.3779859410977626
1.380653113568913
1.379493084291447
1.3750905794077548
1.367950962383831
1.3585084604375017
1.347136699015453
1.3341575423678804
1.3198480172803586
1.3044462837581967
1.2881566208715296
1.2711544440251465
1.2535903802813342
1.2355935889141836
1.2172748360267591
1.1987277366935143
1.1800337328684545
1.1612612216230929
1.1424685671732793
1.1237057941012458
1.1050143732605933
1.0864301667266767
1.0679826611455887
1.049696815877899
1.031593439427488
1.0136894294652286
0.9959990042557564
0.9785333353201922
0.9613015618684077
0.9443108093413841
0.9275663887452644
0.9110723922440719
0.8948315120997976
0.8788454994946244
0.86311515305153
0.8476405385439675
0.8324210793251593
0.8174556362427228
0.802742643444156
0.7882801113629436
0.7740657727241779
0.7600970493431944
0.7463711867808547
0.7328852106807299
0.7196360388314246
0.7066204418003413
0.6938351279424619
0.6812767158191264
0.6689417933713828
0.6568268989732984
0.6449285626809722
0.6332433037801675
0.6217676441043469
0.6104981094058596
0.5994312545271767
0.5885636489611796
0.5778918880655773
0.5674126096694233
0.5571224775386429
0.5738889646277555
0.7348403185636595
0.8694691428365923
0.9814489089090462
1.0739499641645363
1.1497080990714268
1.2110847270100038
1.2601168065271733
1.2985621201284636
1.3279369232195153
1.3495492131643996
1.3645271181200695
1.3738434783796647
1.3783370748408432
1.3787309546790165
1.3756486294623296
1.3696262893963733
1.3611263988599394
1.35054740387372
1.3382322960189714
1.3244756992655515
1.3095309432788098
1.293615962494513
1.2769180282633872
1.2595978027154944
1.2417928011517343
1.223620986227185
1.205183030428356
1.1865655490839602
1.1678414106903585
1.149073954631597
1.1303156989644145
1.1116120461363728
1.0930009893647927
1.0745143847081284
1.056179389396394
1.0380180647596033
1.0200491892902253
1.0022878989313806
0.9847465924107951
0.9674353472911751
0.9503619154761118
0.9335325528594278
0.9169516164335829
0.9006225797052473
0.8845473846491054
0.8687273777744469
0.8531627853254286
0.8378534057604718
0.8227982356726563
0.8079959592718309
0.7934447007808083
0.7791423542537633
0.7650864345023934
0.7512742873807577
0.7377030115435657
0.7243695843366675
0.7112708304502102
0.6984034915751809
0.685764222965347
0.6733496288590255
0.6611562721184023
0.649180686853995
0.6374194013021951
0.6258689392833865
0.6145258292085772
0.6033866127880765
0.5924478632274834
0.5817061627978463
0.5711581381740763
0.5608004428005494
0.5506297737803387
0.668666142689365
0.8141449588039865
0.9354601197754161
1.0359893451279885
1.1186478553576047
1.185951010835024
1.240069919762197
1.2828772640123816
1.315988884660535
1.3407988695383197
1.3585094571979104
1.3701574522036004
1.3766368719479096
1.378718460781005
1.3770668987764763
1.3722536456777867
1.364772612753785
1.3550486904115044
1.3434470584067826
1.3302821576539083
1.3158246736578423
1.3003073923631967
1.2839301303242112
1.2668642074028644
1.2492567143426456
1.2312337977872758
1.2129036596835432
1.1943578952839662
1.1756756445079481
1.1569240848519018
1.138159826864413
1.1194318409561672
1.1007805385456115
1.0822407509077876
1.0638413727342309
1.0456065222479143
1.0275565542636134
1.0097078244355344
0.99207410265235
0.9746662685608721
0.957493073458272
0.9405614524777518
0.9238764181844437
0.9074419481749013
0.8912604967975816
0.8753337445251055
0.8596623142837336
0.8442462257315498
0.8290847756365208
0.8141767947311177
0.7995206285113547
0.7851142679531808
0.7709553860488668
0.7570413924356366
0.7433694945916444
0.7299367111741432
0.7167399378147663
0.7037759419824844
0.6910414213435732
0.6785329945450758
0.6662472467407549
0.6541807183087138
0.6423299432058297
0.630691445075319
0.6192617512650552
0.6080373946958115
0.5970149395247031
0.5861909610004051
0.5755620669160207
0.5651249020399407
0.5548761414360995
0.5979711235791791
0.7552454850281901
0.8867064467446784
0.9959578694503145
1.086109990900036
1.1598467770388066
1.2194843306363736
1.2670217549988472
1.3041824341128019
1.3324542105962915
1.3531201991800605
1.3672870348071744
1.3759089961110027
1.3798088332632106
1.3796957562079561
1.3761808967458098
1.3697909707479519
1.3609790902672774
1.3501357944996337
1.3375974100845838
1.323653253064585
1.3085516745731078
1.2925061573030048
1.2757002003897966
1.258291333966822
1.2404145331399854
1.222185396631905
1.2037021046161243
1.1850500762744804
1.1663004077970884
1.147514952735942
1.1287455264475408
1.1100360817828485
1.0914241766048252
1.072940707855594
1.0546122327011564
1.0364604032628288
1.0185033352346073
1.0007559743570953
0.983230224598873
0.9659359344364569
0.9488806236638041
0.93207023516569
0.9155090653105072
0.8992003166169209
0.8831458789381464
0.867346918402982
0.8518036059223552
0.8365156245059674
0.8214819159897685
0.8067010941522018
0.7921712321516416
0.7778901835906994
0.7638554185764199
0.7500642611909621
0.7365137734496741
0.723200921696262
0.7101225027230214
0.6972752527188221
0.6846558076116643
0.6722607690031321
0.6600866865949974
0.6481300931599063
0.6363875118138618
0.6248554642067522
0.6135304748996602
0.6024090900432102
0.5914878788159816
0.5807634245980107
0.5702323588651014
0.559891333379112
0.5497370508630025
0.6917849429650523
0.8337548579582607
0.9520468170104521
1.0499717578142145
1.1303879403064707
1.1957610107714824
1.2482192391449614
1.2895985381131343
1.321482961826592
1.3452389260886735
1.3620449063838072
1.3729172201784359
1.3787321921527278
1.3802452878785463
1.3781080357207776
1.3728804730223771
1.3650465467890969
1.3550227591574857
1.3431670635496977
1.3297874844904458
1.3151491999902711
1.2994802663426754
1.2829765100902628
1.265805742803698
1.2481119889748031
1.2300187728429515
1.2116319959453905
1.1930414512839183
1.1743244174709304
1.1555467794795533
1.1367638037908268
1.1180233985122499
1.099365084723141
1.080822826843582
1.0624248974531227
1.044194768792263
1.0261523067419591
1.0083134259380477
0.9906914970934827
0.9732970990892029
0.9561386788204415
0.9392229459501159
0.9225546921013761
0.9061377300055793
0.8899743473109524
0.8740661057372386
0.8584135049355945
0.8430164781780928
0.8278742320962762
0.8129855345327284
0.7983486658371953
0.7839615713395285
0.769821877571728
0.7559269612831856
0.7422739973410937
0.7288599810275127
0.7156817855492419
0.7027361621314173
0.6900197934534542
0.6775292872844
0.6652612190782201
0.6532121226420028
0.6413785260099871
0.6297569490007284
0.6183439163262469
0.6071359588708409
0.596129640386516
0.5853215359697342
0.574708254112365
0.5642864408340438
0.5540527731343541
0.6225889662058678
0.7755169005715513
0.9032429473612985
1.0092870876705844
1.0966868808104977
1.1680643653326732
1.2256813522772787
1.2714904032763152
1.3071746708363439
1.3341873987908501
1.3537817440800792
1.367038474445913
1.3748895324965649
1.378138347143515
1.3774775435045699
1.3735034893447744
1.3667311032666418
1.3576027133613695
1.3464994367132361
1.3337495436738862
1.3196355265051454
1.3044000257102035
1.2882513069651547
1.2713683770191688
1.2539049242616314
1.235992708718667
1.2177445999912033
1.1992561767388825
1.180610766748356
1.1618778332872688
1.1431173698187123
1.1243801651415228
1.1057087770416079
1.087139877251687
1.0687035155362257
1.0504254125784622
1.0323267276569847
1.0144249092815691
0.996734520774849
0.9792670372124642
0.962031942453566
0.9450365236925208
0.9282863946100858
0.9117857284312556
0.8955374658021193
0.8795434113315064
0.8638045463350336
0.8483209777880371
0.833092261217942
0.8181172905546724
0.8033945940507055
0.7889222094042633
0.7746979350830476
0.7607192156589275
0.7469833416982975
0.7334873577982527
0.7202282118732136
0.7072026900357826
0.6944075203479192
0.6818393336963142
0.6694947305329533
0.6573702595176995
0.6454624573399541
0.6337678504120337
0.622282965995588
0.6110043344364047
0.5999285115962523
0.5890520725996534
0.5783716115727262
0.5678837690601505
0.557585207020333