0
0.19553136408112512
0.3606327693156052
0.499583471085765
0.6160222716796064
0.7130901239044164
0.7934972168151394
0.8595826088108582
0.913365442433977
0.9565870097634076
0.9907505315515928
1.0171513632053766
1.0369081346756315
1.0509853098892714
1.0602145802165224
1.0653130074054875
1.0668986913579974
1.0655042598910673
1.0615885507439922
1.0555467949659596
1.047719630770125
1.0383989287670494
1.027838157479544
1.0162530845225248
1.0038297734936497
0.9907289174282299
0.9770871378731835
0.9630219867855171
0.9486347188641989
0.9340111349353887
0.9192248061774153
0.9043388469712216
0.8894064635831728
0.8744730324304251
0.8595773112407102
0.8447513699313601
0.8300229188332088
0.8154146890129317
0.8009458361962967
0.7866322660961569
0.7724868466921107
0.7585203623306186
0.7447411389887174
0.7311560790558552
0.7177702639395054
0.7045876753140099
0.6916110602842568
0.6788422491981476
0.6662822855541846
0.6539314525914205
0.6417895520426882
0.6298557439039414
0.6181289254561227
0.606607526408142
0.595289744038925
0.584173514217235
0.5732565561881243
0.5625364588936738
0.5520106337966886
0.5416764304206202
0.5315310752851158
0.5215717619858379
0.5117956167591953
0.5021997451081689
0.4927812283434383
0.48353713870907333
0.47446454904562374
0.465560539595556
0.4568222010842753
0.4482466499568866
0.4398310151238179
0.4315724679003919
0.5291473702685431
0.6833138810787337
0.8121723031495686
0.9192587115567118
1.007625043878952
1.0799040071177768
1.138368233846217
1.1849786104839064
1.2214268181092718
1.2491717807139555
1.2694719091680546
1.2834131773636341
1.2919302688105339
1.2958305123659226
1.2958094806553302
1.2924665245743796
1.2863176516253307
1.2778071733072367
1.2673177129393867
1.2551785899178154
1.2416730767474948
1.227044676326718
1.2115028036943105
1.1952258781732956
1.1783688570504678
1.1610635249739607
1.1434222789610446
1.1255424308312252
1.1075058314245976
1.0893827497842805
1.071233238463101
1.0531075032045474
1.0350486646700972
1.0170928505992176
0.9992702215097243
0.9816063820196607
0.9641222985263442
0.946835325593344
0.9297598087752734
0.9129071547414328
0.8962866862897765
0.8799054457932911
0.8637690578993681
0.8478813881839165
0.8322453342939378
0.8168624621337547
0.801733669237352
0.7868588689765761
0.7722375042327095
0.7578683112166484
0.7437496883469407
0.7298795424193457
0.7162555354285348
0.7028750003547505
0.689735098844569
0.6768327507601892
0.6641648083646792
0.6517279422424292
0.639518772537147
0.6275338433425012
0.6157696436420811
0.6042226449302512
0.5928892910275831
0.5817660238357644
0.5708492915645108
0.5601355529936631
0.5496212845472737
0.5393029987477644
0.5291772235038862
0.5192405367390942
0.5094895435885965
0.5273706333040141
0.692467531252574
0.8305627599727585
0.945427471637604
1.0403163128739485
1.1180374976222287
1.1810148555590392
1.2313395926484731
1.2708153007575576
1.3009983612827982
1.3232311230294431
1.3386712516802282
1.3483169729863198
1.3530288698293995
1.3535487041039664
1.3505157197830109
1.3444804873769514
1.3359168704429518
1.3252331925375882
1.312781009588317
1.2988626604480191
1.2837376569037886
1.2676290529905632
1.2507285110516475
1.2332005172244453
1.2151859765801674
1.1968055347688196
1.1781615993822785
1.1593432277549216
1.1404245659065357
1.1214699466889109
1.1025334196437613
1.0836606025123123
1.0648905810068405
1.0462554280604799
1.0277826229529259
1.0094946683743238
0.9914101995716195
0.9735446914613701
0.9559103578960131
0.938517271580775
0.9213731531711893
0.9044839458218433
0.8878540509474064
0.8714865455354958
0.8553833150923792
0.8395453398205861
0.8239727004414837
0.8086648570536548
0.7936205997828746
0.7788382982687397
0.7643158313931262
0.7500507981655099
0.7360404465330646
0.7222818425728742
0.7087718096042434
0.695507057113116
0.6824841353165
0.6696995275770289
0.6571496219533219
0.6448307732522263
0.6327392850153183
0.6208714522749152
0.6092235596587536
0.5977918957657246
0.586572754693839
0.575562464338456
0.5647573662679355
0.5541538357824315
0.5437482945350423
0.5335371854481356
0.5235170174620057
0.644447870564939
0.7933078722489725
0.9173882443927945
1.0201566612247488
1.104605777582365
1.1733172108378385
1.2285192596880887
1.272134451413095
1.3058213655682185
1.3310104383678893
1.3489352275645783
1.360660079430195
1.3671010265522767
1.3690495480298883
1.3671872884909302
1.3621012182790573
1.3542966858970569
1.3442089914518933
1.3322129040390176
1.3186308853852555
1.3037402045532236
1.2877789697210453
1.2709518759032938
1.2534335201761322
1.2353757275556243
1.2169063183318392
1.1981358673756268
1.1791588686497014
1.1600549782614689
1.1408931195155099
1.121731115046087
1.1026180356670183
1.0835957819292596
1.0646989836612928
1.045957100571361
1.0273946151499889
1.0090315959020966
0.990884906736687
0.9729677922514243
0.9552914181588749
0.9378641579233113
0.9206928330178548
0.9037822842927458
0.8871361545203518
0.8707566987299908
0.854645248971519
0.8388021771133615
0.8232271494159372
0.8079191774523695
0.7928767399244869
0.7780978767426779
0.7635802329014001
0.7493211655495206
0.7353177471006951
0.7215668704685054
0.7080652231591795
0.6948093743105034
0.6817958026154491
0.6690208686461571
0.6564809099967279
0.6441721986924441
0.6320909915012463
0.62023353320588
0.6085960676502482
0.5971748436101311
0.5859661379397558
0.5749662395130424
0.5641714756017477
0.5535782104683875
0.5431828361946854
0.5329817974243293
0.5771325440839464
0.7375413818409671
0.8715491474841807
0.9828457545677622
1.0746154728090513
1.1496063494641844
1.2101892874644855
1.258410823565967
1.2960349439478058
1.3245846070893443
1.3453730391813798
1.3595327381314912
1.3680401811857554
1.3717371295038157
1.3713491324877871
1.3675009310292854
1.3607317132538577
1.3515046924305918
1.3402189309568655
1.3272180635502344
1.312797729712476
1.2972118158213461
1.2806781927257491
1.2633840533337706
1.2454900524266523
1.2271338727420156
1.2084334290562133
1.1894885045415602
1.1703859857326493
1.1511983996919708
1.1319881291693559
1.1128081547690454
1.0937026585520107
1.0747097278470306
1.0558605768843843
1.0371817481925658
1.018695192121771
1.00041881817129
0.9823676151441634
0.9645533318605319
0.9469855801889362
0.9296717864177821
0.9126174919495714
0.8958268994647023
0.8793027555094821
0.8630467884186644
0.8470597228879758
0.8313415079506805
0.8158914047726273
0.8007080912282806
0.7857897804025048
0.7711342540953856
0.756738986484559
0.7426011404908134
0.7287176810153088
0.7150853561199699
0.7017007917368694
0.6885604708685937
0.6756608064487906
0.6629981261052074
0.6505687238301001
0.6383688483052551
0.6263947416607641
0.6146426384138544
0.6031087791252926
0.5917894120163888
0.5806808224636785
0.5697793079429136
0.5590812057246568
0.5485828962228713
0.538280786572629
0.528171348652379
0.6729970847627543
0.8176381865512039
0.9380819247485865
1.0377159173232087
1.1194643473468204
1.1858497022291692
1.2390491616919337
1.2809407207681132
1.3131446445353712
1.3370584463322595
1.3538873282391557
1.3646705564717627
1.3703041441814654
1.3715604326501183
1.3691054270451521
1.3635115056292304
1.3552730911635456
1.344815711163275
1.3325050851904912
1.3186556866384982
1.3035381637659746
1.2873852086473665
1.2703966179093116
1.2527435302477696
1.2345726761811278
1.2160098533136037
1.1971627539865182
1.1781229285735924
1.1589686303021471
1.1397669543381113
1.1205738168649924
1.1014376997176247
1.0823986626049729
1.0634908171234863
1.0447427673517644
1.02617797057681
1.007816328791175
0.9896737254264596
0.971763341900829
0.9540956744488867
0.9366788949305739
0.9195195180051725
0.9026220372436435
0.8859900180365953
0.8696254012228962
0.8535294784341639
0.8377023780510394
0.8221437452413999
0.8068524072473361
0.7918268312948926
0.7770649208559218
0.7625643131538493
0.7483222671724191
0.7343358483822253
0.720601877457782
0.7071170389640375
0.6938778674206386
0.6808808070257379
0.6681222181711
0.6555984080892827
0.6433056456293227
0.6312401730008824
0.6193982277783014
0.607776049326617
0.5963698836621854
0.5851759950751396
0.57419068544811
0.5634102675719429
0.5528311082517178
0.542449603213205
0.5322621971787321
0.6026023236049836
0.7591326860159445
0.8897992336847328
0.9982182986115636
1.087510533310584
1.1603694873853854
1.2191186117921957
1.2657635287993192
1.3020330427876823
1.3294196929332232
1.3492104206543103
1.3625150275533855
1.3702903845601304
1.3733613035155365
1.3724387875263406
1.3681348195161795
1.360977870165962
1.3514218047600357
1.3398574924764912
1.3266215286992933
1.3120035025938963
1.296252168531414
1.2795808882288755
1.2621729385910365
1.2441856080878484
1.225753689334092
1.206992641472187
1.188000082596833
1.168860983954407
1.149646369938682
1.1304171427490581
1.1112251656594017
1.0921135587783095
1.0731195166510135
1.0542735221191455
1.0356014240784284
1.0171246374092249
0.9988605670425944
0.9808237839270555
0.9630256845287373
0.9454755585884502
0.9281805777374508
0.9111460437635835
0.8943759734562184
0.8778729358213658
0.8616385225033832
0.845673329282772
0.8299772044055924
0.8145493160691087
0.7993882682915373
0.7844922076438033
0.7698588623244851
0.7554856594034892
0.7413697234464904
0.7275079864364827
0.7138971695549741
0.7005338761641027
0.6874145710060188
0.6745356519760535
0.661893434873844
0.649484204027508
0.6373042015022036
0.6253496634513078
0.6136168208468077
0.6021019121967692
0.5908011839249855
0.5797109214839188
0.5688274233486055
0.5581470274839933
0.5476661159974613
0.5373811022796795
0.5273463077383035
0.6964931086940437
0.8380091721595685
0.9557530381454025
1.0530543571397821
1.1327869410514488
1.1974305764155315
1.2491244949315874
1.2897148731465862
1.3207938533445112
1.3437348677859189
1.359722409589247
1.369777852478686
1.3747817506389666
1.3754930894288555
1.3725663192390998
1.3665640893826363
1.357971741652382
1.3472073045665596
1.334630529089261
1.320550380566936
1.305232503909169
1.2889053493765825
1.27176515605527
1.2539802256792645
1.235694570056383
1.217031667301256
1.1980968120722681
1.1789806224180623
1.1597592073136953
1.1404986911814072
1.121253917568361
1.10207212357874
1.0829929478465454
1.0640494372387357
1.0452698037094479
1.026676909941509
1.0082901108052877
0.9901250635011823
0.9721944338908773
0.9545085549151816
0.93707528304181
0.9199008888632088
0.9029897334593195
0.8863451676236459
0.8699690199978182
0.8538624419824782
0.8380254598032165
0.8224576292487762
0.8071576877850787
0.7921240464553693
0.7773545324615969
0.762846747743713
0.7485978886921271
0.734604997853838
0.7208648463542696
0.7073741026236605
0.6941292634348359
0.6811267602413376
0.6683629258661892
0.6558340566668008
0.6435364012655886
0.6314661917718023
0.6196196534877935
0.607993016127113
0.596582513736963
0.585384408422506
0.5743949900469479
0.5636105657259183
0.5530275004666116
0.5426421797015633
0.532451049228802
0.6283359919214199
0.780958394122499
0.9082579954401087
1.0137771161007212
1.1005731968686785
1.1712830343541032
1.2281835678193065
1.2732388768713339
1.308142969489241
1.3343570832277478
1.3531416396880886
1.3655842354011407
1.3726209064797985
1.375059774742314
1.3735972273439718
1.3688333091222775
1.3612846954549032
1.3513960072597002
1.3395500638279507
1.3260763231702766
1.3112581361811315
1.295339029873307
1.278528430400167
1.261004650545012
1.242922383038425
1.2244134289201676
1.2055898554396847
1.1865487735820968
1.1673718322001292
1.148128983369529
1.1288800459121404
1.1096749248818947
1.0905564467566624
1.071560449330285
1.0527167827109598
1.0340507536617454
1.0155830118709355
0.997330617651501
0.97930758966009
0.9615250503473711
0.9439919951848905
0.9267151850322466
0.9096999251094713
0.8929498004292358
0.8764674012318648
0.8602540133182411
0.8443102408036423
0.8286357179596069
0.8132296084946387
0.7980903722693443
0.7832161409680255
0.7686045506152662
0.7542530068662495
0.7401585790047774
0.7263181821854168
0.7127284841880547
0.6993860895639196
0.6862874358959035
0.6734288996966061
0.660806798729854
0.6484173919044652
0.6362569266878176
0.6243216287690342
0.6126077234675296
0.6011114465590868
0.5898290516737598
0.5787568075068121
0.5678910291615696
0.5572280478176
0.5467642467769952
0.5364960432710982
0.5538352207109998
0.718215368073292
0.8556372950292984
0.9698672363965211
1.0641555402922223
1.1413067569725497
1.2037415828535694
1.2535482257437613
1.2925281110622096
1.3222353944899543
1.344010573357579
1.3590096996865249
1.36822959047188
1.372529597603551
1.3726504016840875
1.3692304832641646
1.3628192548338605
1.3538899935478266
1.3428504629469227
1.3300516858934355
1.3157953453651245
1.300340463948479
1.2839097685859637
1.2666946017002945
1.2488591338085413
1.2305438762722478
1.2118691809935698
1.192937396906205
1.173837198365247
1.1546425167528613
1.1354176869888415
1.1162163122583777
1.0970840932582375
1.0780598073502663
1.0591754323429803
1.0404583821535909
1.0219309060413237
1.0036116525033878
0.9855158837062121
0.9676557539212426
0.9500412496795829
0.9326799326284385
0.915577744209841
0.8987388910277089
0.8821664616158338
0.8658621745363816
0.8498269995473804
0.8340608802747888
0.8185632495897924
0.8033327838930062
0.7883678135227999
0.7736661216598937
0.7592252596562823
0.7450423934771178
0.7311145362693122
0.7174384396305152
0.7040107572732597
0.6908279752291482
0.6778865201395896
0.6651827212441405
0.6527128766986694
0.6404732367492653
0.6284600399318249
0.6166695181425154
0.6050979095976786
0.5937414570005601
0.5825964356777931
0.5716591441405157
0.5609259037896918
0.5503930919049983
0.5400571063203329
0.5299144084014941
0.6505686450391135
0.7991214055450353
0.9229265517964202
1.0254474835074763
1.1096730670087567
1.178182253586857
1.233200828985653
1.2766485467763933
1.310181757954184
1.3352293860593711
1.353023596428106
1.3646269035642362
1.3709553949219537
1.3727987443679461
1.370837878068151
1.365658106573511
1.3577651670812285
1.347594134138511
1.335518864265486
1.321861098308497
1.3068977295815465
1.2908668111068433
1.2739726737294697
1.2563903853380787
1.2382701479995575
1.2197407192682963
1.2009124246991152
1.181878787831154
1.1627201938876286
1.1435051878255333
1.124291172353337
1.1051278616724274
1.0860562684344561
1.0671115010463335
1.048322844512822
1.0297144694337086
1.0113068397056149
0.9931163004303252
0.9751564904126232
0.9574382238957279
0.9399700066332829
0.922758603184953
0.9058087341942491
0.8891241500906064
0.8727069602932339
0.85655858494561
0.8406792766306075
0.8250687692532002
0.809725979694576
0.7946494357401368
0.7798371039362184
0.7652866619646324
0.7509954116707951
0.7369604445878956
0.7231786090364624
0.7096466052811596
0.696360984153846
0.6833181980643991
0.6705146153689266
0.6579465460746285
0.6456102610563524
0.6335020010257312
0.6216180015993213
0.6099544975538151
0.598507730088389
0.5872739567491818
0.576249472226906
0.5654305816635704
0.5548136428814814
0.5443950436655648
0.5341712171528367
0.5783651279630216
0.73895796441761
0.8731179804879393
0.9845395500910166
1.07641079290093
1.1514830738111552
1.2121301626049692
1.260401068355109
1.298061907993354
1.3266374782515586
1.3474425906643854
1.3616111099766093
1.3701206916673245
1.3738141130724577
1.3734177973410597
1.3695572428278047
1.3627722814864156
1.353526683666939
1.3422199941741644
1.3291962621059596
1.3147514823010225
1.2991398425189995
1.2825794752762627
1.2652577987036022
1.2473356601843344
1.2289509064919415
1.2102215905989284
1.1912476154374143
1.1721159727937989
1.1528992700218725
1.1336599692932552
1.1144511079313257
1.0953169223857588
1.0762955440659103
1.0574182208734932
1.0387115285030515
1.0201974390011788
1.001893883653413
0.9838158670473999
0.9659751497714145
0.9483813549038428
0.9310419143072715
0.9139623762933069
0.8971469449274945
0.8805983703992827
0.8643183798149211
0.848307698685611
0.8325662731334195
0.8170933630498833
0.8018876422606661
0.7869473210562121
0.7722701764363967
0.7578536786968678
0.7436949854821973
0.7297910570545735
0.7161386359177653
0.7027343428586607
0.6895746551762113
0.6766559803422653
0.6639746402268819
0.6515269231890615
0.6393090721932355
0.627317323631136
0.615547906337105
0.6039970552486893
0.5926610129077211
0.5815360591184372
0.5706184859171757
0.5599046249747083
0.5493908514059791
0.5390735669787338
0.5289492383086046
0.6740969505519467
0.8190594335318253
0.939771586141165
1.039628851084435
1.1215618427631702
1.1880977943391287
1.2414189161767113
1.2834076366320895
1.3156876696212902
1.3396593525110028
1.3565305005732846
1.3673432917922017
1.3729944975929627
1.374258686709498
1.371803120302466
1.3662026120232098
1.357951844586872
1.347476748063291
1.3351440382804585
1.3212692496908103
1.3061236977110808
1.2899404614458558
1.2729198277794378
1.2552324090714189
1.2370266461859516
1.2184278390637147
1.1995436804380304
1.1804668220686003
1.161275003848409
1.1420354109584416
1.1228047226836368
1.1036306548458619
1.0845541130640957
1.065608912507073
1.0468236332541172
1.0282221922891406
1.0098240523495694
0.9916455362684572
0.9736995496739074
0.9559967964975862
0.9385454138600683
0.9213518713695242
0.9044208369833494
0.8877556878803425
0.8713585503283422
0.8552305574908804
0.8393719836079465
0.8237823471735654
0.8084605844474118
0.7934050650958538
0.7786137700434709
0.7640842642997258
0.7498138582394362
0.7357995658503625
0.7220382433320669
0.7085265326823328
0.6952609778790964
0.6822380218762665
0.6694540033324277
0.6569052367849144
0.6445879739036827
0.6324984550608852
0.6206329093447617
0.6089875670436264
0.5975586649458571
0.5863424698140125
0.5753352595356205
0.5645333550344737
0.5539331108316157
0.5435309134587185
0.5333232006547683
0.603502924112027
0.7597228847489227
0.8901249338160029
0.998319119981795
1.0874205093650837
1.1601180152448192
1.2187310754997145
1.2652615880848608
1.3014355019333503
1.32874271608756
1.348467912409709
1.3617189351486705
1.3694509223434561
1.3724872271545407
1.3715376880014878
1.3672130102709756
1.3600408341041414
1.350474411430415
1.338903789845648
1.325664890550583
1.311046754199139
1.2952977935681087
1.2786310364571936
1.261229364817717
1.243249749129562
1.224826727366192
1.2060756279577582
1.1870939013161876
1.1679661856882313
1.1487636422113126
1.1295468036802956
1.1103676160940628
1.091269045355046
1.0722881672912155
1.053455519590654
1.0347967724379399
1.016333401361577
0.9980827175532778
0.9800592563294392
0.9622744312437439
0.9447374512801738
0.9274555302147742
0.910433890762218
0.893676603672502
0.8771861630600823
0.8609642091960032
0.8450112805989941
0.8293272642641039
0.8139112861047882
0.7987619800318383
0.7838774625212863
0.7692554841730536
0.7548934517052637
0.7407885059621147
0.7269375661408762
0.7133373648821121
0.6999844984925565
0.6868754395062446
0.6740065829753199
0.6613742499486028
0.6489747247406247
0.6368042521598332
0.6248590713346406
0.6131354156626709
0.6016295248099051
0.590337649381175
0.579256077389675
0.5683811071829988
0.557709083480622
0.5472363876798788
0.5369594350907944