0
0.1968981995605244
0.36321347078731675
0.5032445877462476
0.620646884601636
0.7185756427893671
0.7997534714222413
0.8665302001949202
0.9209343245360664
0.9647152604729814
0.9993832839756924
1.0262398781944102
1.046409022649699
1.0608598367924569
1.0704280724269493
1.07583433682142
1.0776998296152671
1.0765598897389668
1.0728757344750715
1.0670446862871672
1.0594092235552608
1.0502628387252158
1.0398604473905457
1.0284190588495392
1.0161258865421678
1.0031426306092306
0.9896067859047033
0.9756367267479558
0.9613344294038612
0.9467863264286522
0.932066592425251
0.9172388739538627
0.9023568488201824
0.8874663485491703
0.8726065377570982
0.8578098448637034
0.8431043471948646
0.8285130703772914
0.8140554902494941
0.799747768728648
0.7856030475788793
0.7716323447707139
0.7578442169283159
0.7442457853562032
0.7308423270776431
0.7176380262977998
0.7046358031121797
0.6918376713997207
0.679244833309868
0.6668577360447386
0.6546763301903519
0.6426999240713819
0.630927549484176
0.6193577767068331
0.6079889248852584
0.5968190602873081
0.5858460158386206
0.5750674998562735
0.5644810314305972
0.55408406897537
0.5438739412760182
0.5338479416140581
0.5240032928916077
0.5143371930738109
0.5048468137991757
0.4955293139318007
0.4863818503723044
0.4774015846428152
0.46858568594512195
0.4599313465871912
0.45143576972059496
0.4430961960834662
0.5413252205390463
0.6965818638347809
0.8263993120970179
0.9343300586444829
1.0234395499192597
1.0963736561725066
1.1554155267692328
1.2025348498747552
1.239430993889068
1.2675703451546203
1.2882174666148067
1.3024629138505721
1.3112470995766128
1.3153808115439074
1.3155633266312559
1.312395889817762
1.3063980303096512
1.298016897220339
1.2876369357851796
1.2755890031793047
1.2621579455215437
1.2475887732614466
1.2320919940317536
1.2158480923966306
1.199011940359186
1.181716440536225
1.1640754336582144
1.146186027173331
1.1281310842944552
1.1099820012346289
1.09179831802405
1.073631705845392
1.055525201865324
1.037515312490071
1.0196330076219446
1.001903682021899
0.9843490075614474
0.9669865363309942
0.9498307940223265
0.9328936572831904
0.9161844168746962
0.8997106538870804
0.8834778472776474
0.8674904351396123
0.8517511748432764
0.8362621111211113
0.8210240552211618
0.8060373106285713
0.7913012861063302
0.7768150300405074
0.7625769506436072
0.7485852024996531
0.7348374910369473
0.7213313454752053
0.7080639883156353
0.6950325223763969
0.6822338493466543
0.6696647927961842
0.6573220527909438
0.645202283684139
0.6333020691184769
0.6216179684094225
0.610146521948778
0.5988842565451766
0.5878276999674894
0.5769733947426148
0.5663178985668326
0.5558577844009946
0.5455896712351034
0.5355101902767616
0.5256160232485105
0.5435642176104961
0.7098884106763786
0.8490516255105016
0.96484545840424
1.0605418248871075
1.1389644515847537
1.202549961126501
1.2534011345958838
1.2933316478119912
1.3239062549168192
1.3464747886727937
1.3622014861964251
1.3720905724657402
1.3770070419543472
1.3776967475576654
1.3748026703812783
1.3688788799305027
1.3604026215507408
1.349784609428905
1.3373781373483116
1.323487252955651
1.3083734632776745
1.292261527236177
1.2753447243102527
1.2577878223181655
1.23973297607191
1.2213022783888892
1.2025987747139544
1.1837118978296999
1.164717131908032
1.1456786560953471
1.1266516457027655
1.1076820184722254
1.0888090429835027
1.0700657418179431
1.051479432929413
1.0330732989389517
1.0148662725949738
0.9968738591801518
0.9791088876071228
0.961581392742734
0.944299539676484
0.9272693628432412
0.9104956013851244
0.8939813744013506
0.8777289048208244
0.8617391989142418
0.8460126426526864
0.8305487230632969
0.8153464969972433
0.8004043702441871
0.7857204496733995
0.7712923825920063
0.757117608962209
0.7431932549476343
0.7295163112608257
0.7160835378005507
0.7028916359144207
0.6899371622351869
0.677216608342141
0.6647264214965553
0.6524629916096727
0.640422700120372
0.6286019114226745
0.6169969902380931
0.6056043109024615
0.5944202697459231
0.5834412740210492
0.5726637776772009
0.5620842534458178
0.5516992169378229
0.5415052244133598
0.6631902983456196
0.8130493008311904
0.9379983289043442
1.0415213245536417
1.1266248957767209
1.1959034216811553
1.2515960375584443
1.2956340768363959
1.3296839067877644
1.3551831989913896
1.3733717126649037
1.3853185506564727
1.3919455335394255
1.394047329176733
1.3923092030871078
1.3873202766634531
1.3795896620336834
1.369555300475005
1.3575935564002506
1.3440284430505818
1.329138843420256
1.3131645553583202
1.2963114008190284
1.2787557978512671
1.2606491685067809
1.2421213429105322
1.22328363341663
1.2042303099139302
1.1850426530231184
1.165789779546795
1.146529777311994
1.1273129218231923
1.1081806871673159
1.089168716090166
1.0703066468703384
1.0516190894278468
1.0331268496601071
1.0148465914813125
0.9967922925957344
0.9789750135011104
0.9614035579549194
0.9440849192858197
0.927024065665002
0.9102249505914928
0.8936899088303649
0.8774205365050303
0.8614172903400042
0.8456800608815529
0.8302079494687377
0.8149996259558903
0.800053223412114
0.7853665501949265
0.7709370584746112
0.7567619612215929
0.7428382425911311
0.729162716450983
0.7157320565835656
0.7025428220816792
0.689591492841411
0.6768744791301178
0.6643881536905236
0.6521288510040134
0.6400928999104039
0.6282766227436807
0.6166763474634058
0.6052884123418093
0.5941091912139355
0.5831350678562994
0.5723624697901746
0.5617878584912173
0.5514077334942732
0.5957800532009375
0.7573050452805903
0.8922814167185563
1.004417776180208
1.0969146410917423
1.1725339867752373
1.2336589603558854
1.2823466369926368
1.3203701788529294
1.349260467479671
1.3703376366534366
1.3847401927782015
1.3934498439016336
1.3973129303973781
1.397058953784399
1.3933162882223615
1.386626932336815
1.377456763192494
1.366207251410524
1.353224121464893
1.3388048110564548
1.323204677395178
1.3066430242636693
1.2893083244261239
1.2713623537458052
1.2529437568448054
1.234171249898035
1.2151454545300127
1.1959540164430276
1.1766699228828457
1.1573563383637464
1.138066557181682
1.118845354071445
1.0997312208772414
1.080755700662064
1.0619457963620293
1.0433236741831606
1.024907630318549
1.0067128994201926
0.9887514810313071
0.9710332739021478
0.9535658684933518
0.9363550937477829
0.9194052704803269
0.9027194123560932
0.886299356014544
0.8701460550646932
0.8542595651079555
0.8386393438965521
0.823284174359372
0.8081924392384963
0.7933620234699992
0.7787905484853342
0.7644752777913942
0.7504133050395039
0.736601475593531
0.7230365288894072
0.7097150412523512
0.696633526579106
0.6837884011292603
0.6711760496937617
0.6587928051637909
0.6466349905912411
0.6346989190539379
0.6229809070593407
0.6114772753504526
0.6001843761339313
0.5890985787945409
0.5782162793193513
0.5675339224564203
0.5570479747585612
0.5467549629571543
0.6925606864539876
0.8382302652919646
0.9595654642104974
1.0599710815778924
1.1423864039115355
1.2093468961036258
1.2630409361116433
1.305356389752853
1.3379219917695726
1.3621425930975235
1.3792298179037532
1.3902285169416753
1.3960395642675152
1.3974395366259158
1.3950981437972674
1.389590983166134
1.3814152756577125
1.3709990333988746
1.3587101764113687
1.3448650663844655
1.3297360206652582
1.3135572112648566
1.2965297522703725
1.278825948383609
1.2605935533301063
1.241959282395737
1.223031642025105
1.2039029289131444
1.1846520421032203
1.165346682211885
1.1460432917695167
1.1267908485717395
1.107629845537462
1.0885948066283877
1.0697146993638746
1.0510133228286298
1.0325108960278664
1.0142235838900895
0.9961648462959223
0.9783454200918841
0.9607737162426557
0.9434564666987526
0.926398367687915
0.9096031784686287
0.8930730217660652
0.8768093586840439
0.8608124829243684
0.8450821895910061
0.8296174565143193
0.8144168852059441
0.7994785164310073
0.7848001089914585
0.7703790470740756
0.7562125072459555
0.742297424371388
0.7286305852660557
0.7152086286143895
0.7020280932179234
0.6890854345219564
0.6763770475740045
0.6638992882644333
0.6516484798034115
0.6396209400485677
0.6278129831867549
0.6162209292932767
0.6048411117559623
0.5936698997446334
0.582703672247666
0.5719388557984166
0.5613719077020798
0.550999328653249
0.6217326951525836
0.7793154829231999
0.9108954522348529
1.0201064628044816
1.1100843962152316
1.183535918244501
1.2427959054471724
1.289879946885982
1.326525394259274
1.354232258279813
1.374293973519677
1.3878259918348907
1.3957901142231677
1.3990154658778389
1.3982167500316003
1.394009353472061
1.386924475616363
1.3774184324459415
1.3658843690062434
1.3526608588624227
1.3380392094279452
1.3222695793696344
1.305566665555533
1.2881149613035643
1.2700728225613003
1.2515759704057965
1.2327406292511698
1.2136651917340227
1.1944353869693638
1.175122663959593
1.1557886709046774
1.1364855921846042
1.117257095407263
1.0981407863985175
1.0791674534370814
1.060363392528597
1.0417502350950347
1.0233457516148934
1.0051647636564096
0.9872189043668588
0.969517745622491
0.9520686224919371
0.9348771133480634
0.9179473570116465
0.9012821793955045
0.8848832833421065
0.8687514862495447
0.8528867446413191
0.8372884180849437
0.821955216582465
0.8068854526084236
0.7920769579244427
0.7775273041353505
0.7632337165016074
0.7491932537693651
0.7354027343312773
0.7218588735906725
0.7085582293942929
0.6954972995215863
0.6826724881173942
0.6700801695040327
0.657716669465734
0.645578304818972
0.6336613843904371
0.6219622223009571
0.6104771372235296
0.5992024809315931
0.5881346233764269
0.577269961266354
0.5666049403132852
0.55613603068282
0.545918033260042
0.7161982991094304
0.8586983757241357
0.9772957607686438
1.0753364551021698
1.155708570083835
1.2209041231103424
1.2730730632544598
1.3140708688238927
1.3454977423903431
1.3687341083627884
1.3849705413876898
1.3952337088913158
1.4004087777144316
1.401258756724735
1.3984416390938603
1.3925230447661152
1.3839911196485168
1.3732662901688244
1.3607103141696841
1.3466338989393039
1.3313043545789283
1.3149515858621628
1.2977731042255614
1.2799382618207098
1.2615920476917628
1.242858830025003
1.2238448352957954
1.2046411490979287
1.1853246908435848
1.165962128483776
1.1466087453293625
1.1273123941338652
1.1081129860287
1.0890440818183003
1.0701341998445064
1.0514065260035328
1.0328807816341115
1.0145728263236284
0.9964956623866711
0.9786598223250093
0.9610734032499783
0.9437429186703785
0.9266728870863893
0.9098668905301229
0.8933269066917471
0.8770542797665296
0.8610491816715019
0.8453113310435364
0.8298396058996462
0.8146325570649368
0.7996881456891571
0.785004095965313
0.7705777301728317
0.756406200127703
0.742486393693656
0.7288150789508139
0.7153888597598809
0.7022042598661941
0.6892577095951268
0.6765455914658822
0.6640642432132634
0.6518099772238212
0.639779099429624
0.6279679148327739
0.6163727331570862
0.6049898829289317
0.5938157250934842
0.5828466316306098
0.5720790269628092
0.5615093605031167
0.5511341323037088
0.6476637997085838
0.8014176879479611
0.9296968994020577
1.0360632349714058
1.123589991232221
1.1949300592382688
1.252372053609216
1.297890946817755
1.3331898334539587
1.3597387428560586
1.37880527261624
1.3914825486290143
1.3987130449987943
1.4013092426967595
1.39997164067691
1.3953028775295409
1.3878237005954144
1.3779814568433266
1.366161095043559
1.3526941816810338
1.3378660391848394
1.3219218981456102
1.305072059388092
1.2874970928397769
1.2693520056882166
1.2507696700505568
1.2318639869665307
1.2127311953205513
1.19345499003044
1.1741055999832002
1.1547429418302464
1.135418318264559
1.1161742335123508
1.0970474026677157
1.0780679856804274
1.0592614673796965
1.0406490713978942
1.022247986709946
1.0040726455838034
0.9861343536134779
0.9684423121134454
0.9510036687289191
0.933823687626326
0.9169064029878619
0.9002543864606779
0.88386927044183
0.8677516850659527
0.8519015342880139
0.8363180417699755
0.8209998772845094
0.8059452561156624
0.7911519786656079
0.7766175482799846
0.7623391654883329
0.7483138420787453
0.7345383769096894
0.7210094538868513
0.7077236155702734
0.6946773392628084
0.6818670174896848
0.6692890117561644
0.6569396387518326
0.6448152085884061
0.632912024211729
0.6212263948095821
0.6097546357271162
0.5984930983622778
0.5874381481400752
0.5765861844716623
0.565933650549834
0.5554770191694002
0.5728315730399738
0.7383495436653436
0.8767577611060486
0.9918417117195893
1.0868683865281121
1.1646568247605127
1.2276402746198412
1.27791769298197
1.3173000851241268
1.3473497293456271
1.3694142281271433
1.3846558121552688
1.3940766754855738
1.3985408541574391
1.3987931134783769
1.3954755820704106
1.3891406130162773
1.3802643157499193
1.369256896780042
1.3564714871199455
1.342211487385603
1.3267375682338536
1.3102739370635523
1.293013229916148
1.2751207299654408
1.2567378816381123
1.2379859296449964
1.2189681586506973
1.1997737742701258
1.1804774258820363
1.161144097316025
1.141827753584716
1.1225747438579654
1.1034241302101129
1.0844083635690216
1.06555522431883
1.0468872291401232
1.0284234204432794
1.0101792573181267
0.9921672148602017
0.9743975076774828
0.9568779040360138
0.9396146120713805
0.9226119716536139
0.9058733225771418
0.8894005098599205
0.8731947133841176
0.8572560025677415
0.8415839875766041
0.8261774682773505
0.8110349264894904
0.7961542649839596
0.7815331663000561
0.7671689108182606
0.7530586269786449
0.7391991746035026
0.725587310347111
0.7122196214127187
0.6990926278596504
0.6862027524511501
0.6735463791714993
0.6611198447285667
0.6489194666179195
0.6369415552772033
0.6251824230222122
0.6136383862944313
0.6023057850152418
0.5911809882684673
0.5802603788701289
0.5695403937853422
0.5590174944218488
0.5486881891206288
0.6701440768913074
0.8197558686804064
0.9444784505242061
1.047793196313336
1.1327044241380817
1.2018046063957348
1.257331183107774
1.3012140386279538
1.3351182429963304
1.360480394148566
1.3785393167811069
1.390363288415128
1.3968734120313389
1.3988637324355548
1.3970189573830283
1.3919277560263628
1.3840988688264177
1.3739698326619143
1.3619166796897522
1.3482631806997152
1.3332879970799936
1.3172307231972094
1.300296960578671
1.2826629691843052
1.264480043381935
1.2458778906151429
1.2269677293025123
1.2078436597488915
1.188586971680489
1.169266608466528
1.1499406487726018
1.1306592884105007
1.1114639214401931
1.0923901819381858
1.0734676094670106
1.0547208100590686
1.036170528566435
1.0178333921324556
0.9997233602444843
0.9818514367971263
0.9642264181258414
0.9468552518589459
0.9297428953598779
0.9128932600938514
0.8963086746914798
0.8799906959893622
0.863939774923529
0.8481557670520359
0.8326377671294588
0.8173844143553332
0.8023938339661519
0.7876638076843536
0.7731917784922522
0.758974936295235
0.7450102548270838
0.7312945279457048
0.7178244180072267
0.7045964666391312
0.6916071415779032
0.6788528376164269
0.6663299149773857
0.6540346946246552
0.641963492124108
0.6301126172622277
0.6184783862048511
0.6070571242306643
0.5958451936061838
0.5848389674749459
0.5740348603502546
0.5634293238723213
0.5530188459735436
0.5974357025799273
0.7591651276526435
0.8943100350397082
1.006584089192929
1.0991922748065948
1.1749000832952898
1.236094139453286
1.284834138013526
1.3228958300916591
1.351812069619905
1.3729047767598144
1.387314000721007
1.3960227808389514
1.3998786118866906
1.3996119820291244
1.3958523583370386
1.3891420788891555
1.379947757383908
1.3686715123220297
1.3556595848374688
1.341209755614122
1.3255776023628147
1.308982799583307
1.2916141205530811
1.2736335787327142
1.255179943685405
1.2363720296086236
1.2173107245541088
1.1980837431649047
1.1787640708278049
1.1594151601112503
1.1400901377254113
1.1208340238031842
1.1016852632082599
1.0826754424494491
1.0638316721555106
1.0451760353090735
1.026726952100178
1.008499604917389
0.9905060333052189
0.9727561662137448
0.9552575504751681
0.938016091254239
0.9210360335528384
0.9043204660152658
0.8878711634259894
0.8716891300960358
0.8557743764757044
0.8401263923788109
0.8247439283688951
0.8096253854808795
0.794768625754535
0.7801712789609623
0.7658305924784007
0.7517436614265014
0.7379073196333416
0.724318303524181
0.7109731807811256
0.6978684596491271
0.685000549329528
0.672365827375536
0.6599606213583495
0.6477812459491709
0.6358240077602472
0.6240852172307578
0.612561188655148
0.6012482653802808
0.5901428138762147
0.5792412205653418
0.5685399247505369
0.5580353896727994
0.5477241273222372
0.6938517883433265
0.8398429322202611
0.9614465783607284
1.0620749483926082
1.1446737367070807
1.2117839362668068
1.2655986968034634
1.3080100001646162
1.3406501327148441
1.3649270089628855
1.382054895312093
1.3930809212131479
1.3989079255697432
1.400314179018943
1.3979708522158556
1.392454798376882
1.3842643234293732
1.3738283734554715
1.3615156714051793
1.34764326966732
1.3324840802016653
1.3162727864243366
1.2992109417518265
1.2814712274480295
1.263201720243944
1.2445294125471242
1.2255630481231332
1.2063951259468761
1.1871047176757603
1.1677596725208061
1.1484165568224487
1.1291244558636384
1.1099239518222843
1.0908496444861089
1.0719305654839617
1.0531905664263252
1.0346499111326242
1.016324800590962
0.9982287246045657
0.9803724442702524
0.9627643894768242
0.9454113075737332
0.9283179056720453
0.9114879519097229
0.8949235742355746
0.8786262376251882
0.8625962369765967
0.8468333676208762
0.8313366056897975
0.8161045502972779
0.8011352384498083
0.7864264246861566
0.7719754879914106
0.7577795993691662
0.7438356874936886
0.7301405327359667
0.7166907669370345
0.7034829218824316
0.6905134457668866
0.6777787262806525
0.6652751118366909
0.6529989181014704
0.6409464553694642
0.6291140302416354
0.6174979552088131
0.6060945561126431
0.5949001946262082
0.5839112422588554
0.5731241181791269
0.5625352723601553
0.5521411982723919
0.6227708449470927
0.7801618136941363
0.911577083705715
1.0206467936990924
1.1105036173855158
1.1838514407791534
1.2430227485113088
1.2900310663447112
1.3266119588599634
1.3542638951001529
1.3742789795231385
1.3877715158827808
1.3957023145242036
1.3988996476983786
1.3980774768098354
1.3938505649892343
1.386749545393087
1.377230257930386
1.3656854451659626
1.3524533310297244
1.3378249184316524
1.32205009360898
1.305343328952496
1.2878889256285764
1.2698450726080701
1.2513473443262517
1.2325118335017657
1.2134368307579433
1.1942079754930237
1.1748966239694634
1.1555643720542634
1.1362633284715469
1.1170371205751082
1.0979233073479948
1.078952635736659
1.0601513767306379
1.041541125275108
1.0231396349195727
1.0049617031454574
0.9870189458531295
0.9693209226619669
0.9518749513460565
0.9346866051550111
0.9177600074479656
0.9010979822159608
0.884702220642518
0.8685735389210649
0.8527118852576535
0.8371166184263956
0.8217864426697057
0.8067196699202361
0.7919141281083342
0.7773673884572253
0.763076673826506
0.7490390427026286
0.7352513121149716
0.7217101973168799
0.7084122555233351
0.6953539844760778
0.6825317881794882
0.669942041015778
0.6575810690438486
0.6454451891921759
0.6335307106175713
0.6218339479095358
0.6103512201510449
0.5990788794093009
0.5880132964760904
0.5771508682696282
0.5664880411971596
0.5560212859936936