0.0  28.920579271720367
1.68  31.166591033745252
3.36  37.445604006538545
5.04  36.07036450676187
6.72  29.600633595410006
8.4  30.078652107393637
10.08  36.614674530306324
11.76  37.04307029966997
13.44  0.0
15.12  0.0
16.8  2.1991972448238135
18.48  4.398430956800143
20.16  0.0
21.84  0.0
23.52  0.9486861067794059
25.2  4.750387783603631
26.88  0.0
28.56  0.0
30.24  0.0
31.919999999999998  4.738662169044068
33.6  1.0316117133566451
35.28  0.0
36.96  0.0
38.64  4.364151808283156
40.32  2.2741480875954796
42.0  0.0
43.68  0.0
45.36  3.655528643175263
47.04  3.3425791537639573
48.72  0.0
50.4  0.0
52.08  2.667043782142007
53.76  4.155107459470252
55.44  0.0
57.12  0.0
58.8  1.4743741180786574
60.48  4.649527077249673
62.16  0.0
63.839999999999996  0.0
65.52  0.16882862088940853
67.2  4.787985995468049
68.88  0.49516831859001975
70.56  0.0
72.24  0.0
73.92  4.559884010584114
75.6  1.7820059398175778
77.28  0.0
78.96  0.0
80.64  3.982684262560622
82.32  2.9324159049803074
84.0  0.0
85.67999999999999  0.0
87.36  3.100576283511108
89.03999999999999  3.858324582248951
90.72  0.0
92.39999999999999  0.0
94.08  1.981092914538322
95.75999999999999  4.488845815888968
97.44  0.0
99.11999999999999  0.0
100.8  0.7099400944496785
102.47999999999999  4.775707862197059
104.16  0.0
105.83999999999999  0.0
107.52  0.0
109.2  4.69694900055414
110.88  1.266936603408674
112.56  0.0
114.24  0.0
115.92  4.25859888925047
117.6  2.484524357375639
119.28  0.0
120.96  0.0
122.64  3.494216944045892
124.32  3.5119007170149468
126.0  0.0
127.67999999999999  0.0
129.35999999999999  2.4623230804987593
131.04  4.2704113156322006
132.72  0.0
134.4  0.0
136.07999999999998  1.241917518510704
137.76  4.701985739006192
139.44  0.0
141.12  0.0
142.79999999999998  0.0
144.48  4.773583307707748
146.16  0.7355669316075089
147.84  0.0
149.51999999999998  0.0
151.2  4.479722621108726
152.88  2.0046670585200626
154.56  0.0
156.23999999999998  0.0
157.92  3.8429012050514517
159.6  3.120292933818964
161.28  0.0
162.96  0.0
164.64  2.9118731355933436
166.32  3.9970339425275005
168.0  0.0
