0.0  30.005253379089048
1.68  31.70374585195404
3.36  33.842265922389274
5.04  35.843362020778564
6.72  37.16669033695952
8.4  37.45492057328348
10.08  36.63022367185331
11.76  34.91528752172469
13.44  0.0
15.12  0.0
16.8  0.0
18.48  0.0
20.16  0.0
21.84  0.0
23.52  0.611275782867085
25.2  2.5915691164697177
26.88  3.872076801687154
28.56  4.10703113544429
30.24  3.2329888278268233
31.919999999999998  1.4859622078384902
33.6  0.0
35.28  0.0
36.96  0.0
38.64  0.0
40.32  0.0
42.0  0.0
43.68  0.7132414539568672
45.36  2.671508997504428
47.04  3.908405212730184
48.72  4.089938536586023
50.4  3.167090629591562
52.08  1.3890524999483396
53.76  0.0
55.44  0.0
57.12  0.0
58.8  0.0
60.48  0.0
62.16  0.0
63.839999999999996  0.8147666285273236
65.52  2.749798959836034
67.2  3.9423198004000617
68.88  4.0703199997307875
70.56  3.099236442411825
72.24  1.2912849159659152
73.92  0.0
75.6  0.0
77.28  0.0
78.96  0.0
80.64  0.0
82.32  0.0
84.0  0.9157886048303339
85.67999999999999  2.8263906517377686
87.36  3.97379961911413
89.03999999999999  4.048187641248368
90.72  3.029468172900187
92.39999999999999  1.1927198369588172
94.08  0.0
95.75999999999999  0.0
97.44  0.0
99.11999999999999  0.0
100.8  0.0
102.47999999999999  0.0
104.16  1.016244991891952
105.83999999999999  2.9012367703313386
107.52  4.0028252269982625
109.2  4.023555130039823
110.88  2.9578289098026955
112.56  1.0934181365259887
114.24  0.0
115.92  0.0
117.6  0.0
119.28  0.0
120.96  0.0
122.64  0.0
124.32  1.1160737480451424
126.0  2.9742910908011018
127.67999999999999  4.029378697894108
129.35999999999999  3.996437679095655
131.04  2.884362897387321
132.72  0.9934411432023458
134.4  0.0
136.07999999999998  0.0
137.76  0.0
139.44  0.0
141.12  0.0
142.79999999999998  0.0
144.48  1.2152132192463694
146.16  3.0455084949423727
147.84  4.053443632430273
149.51999999999998  3.9668520361002284
151.2  2.809115508118898
152.88  0.8928506025823795
154.56  0.0
156.23999999999998  0.0
157.92  0.0
159.6  0.0
161.28  0.0
162.96  0.0
164.64  1.313602177153243
166.32  3.11484499902645
168.0  4.075005168150505
