0.0  36.39761998344815
1.68  33.905652858001446
3.36  31.259145771761045
5.04  29.1727189389945
6.72  28.209757509145447
8.4  28.630284101049078
10.08  30.32074647644621
11.76  32.824679360334066
13.44  2.1326276499351025
15.12  4.198048797727297
16.8  5.129896358305228
18.48  4.676549201739897
20.16  2.960421903774055
21.84  0.44490988237536166
23.52  0.0
25.2  0.0
26.88  0.0
28.56  0.0
30.24  0.0
31.919999999999998  0.0
33.6  2.248510985920568
35.28  4.27096731943787
36.96  5.1401603207635285
38.64  4.621387089581654
40.32  2.854728806687455
42.0  0.31722546461421386
43.68  0.0
45.36  0.0
47.04  0.0
48.72  0.0
50.4  0.0
52.08  0.0
53.76  2.363005645943018
55.44  4.341248100131181
57.12  5.147249730316307
58.8  4.5633708178452554
60.48  2.7472726347039345
62.16  0.18934512902997813
63.839999999999996  0.0
65.52  0.0
67.2  0.0
68.88  0.0
70.56  0.0
72.24  0.0
73.92  2.476040918325594
75.6  4.408847734535305
77.28  5.151160208558165
78.96  4.502536217266028
80.64  2.6381197525439535
82.32  0.06134785426641676
84.0  0.0
85.67999999999999  0.0
87.36  0.0
89.03999999999999  0.0
90.72  0.0
92.39999999999999  0.002669933398587787
94.08  2.5875469927063657
95.75999999999999  4.473724473248971
97.44  5.1518893403854324
99.11999999999999  4.438920859173656
100.8  2.527337572812913
102.47999999999999  0.0
104.16  0.0
105.83999999999999  0.0
107.52  0.0
109.2  0.0
110.88  0.0
112.56  0.13069438733883088
114.24  2.6974550031530997
115.92  4.535838248525952
117.6  5.149436675487725
119.28  4.37256403228818
120.96  2.414994514367153
122.64  0.0
124.32  0.0
126.0  0.0
127.67999999999999  0.0
129.35999999999999  0.0
131.04  0.0
132.72  0.2586381246824758
134.4  2.80569707069467
136.07999999999998  4.595150699020746
137.76  5.143803728626059
139.44  4.303506718455398
141.12  2.301159960058556
142.79999999999998  0.0
144.48  0.0
146.16  0.0
147.84  0.0
149.51999999999998  0.0
151.2  0.0
152.88  0.38642212762891504
154.56  2.9122063452430007
156.23999999999998  4.651625193480597
157.92  5.134993978697343
159.6  4.231791567336545
161.28  2.185904213884127
162.96  0.0
164.64  0.0
166.32  0.0
168.0  0.0
