0.0  39.50502664459985
1.68  37.10554428817066
3.36  24.98162858005324
5.04  34.38768487472177
6.72  41.07571415122113
8.4  27.804555792577712
10.08  28.786107410942293
11.76  41.49001388877089
13.44  0.0
15.12  0.0
16.8  4.824833288267199
18.48  5.272047100593172
20.16  0.0
21.84  0.0
23.52  8.289412287938113
25.2  0.0
26.88  0.0
28.56  7.499670306834682
30.24  1.604513341751014
31.919999999999998  0.0
33.6  3.2655286995122417
35.28  6.5397471931402285
36.96  0.0
38.64  0.0
40.32  8.471448640299515
42.0  0.0
43.68  0.0
45.36  6.512438451296656
47.04  3.305007048376106
48.72  0.0
50.4  1.5624380387664454
52.08  7.519492517182275
53.76  0.0
55.44  0.0
57.12  8.280474544385722
58.8  0.0
60.48  0.0
62.16  5.238454271660543
63.839999999999996  4.859976392756549
65.52  0.0
67.2  0.0
68.88  8.168143432967716
70.56  0.0
72.24  0.0
73.92  7.724898872887908
75.6  1.0968350866299441
77.28  0.0
78.96  3.733813180897617
80.64  6.200953768367355
82.32  0.0
84.0  0.0
85.67999999999999  8.457138878611545
87.36  0.0
89.03999999999999  0.0
90.72  6.829184446638125
92.39999999999999  2.825623780383293
94.08  0.0
95.75999999999999  2.064766757880532
97.44  7.268893952455892
99.11999999999999  0.0
100.8  0.0
102.47999999999999  8.373753956011175
104.16  0.0
105.83999999999999  0.0
107.52  5.632770900325629
109.2  4.42999606819095
110.88  0.0
112.56  0.30480559210316915
114.24  8.016773954774314
115.92  0.0
117.6  0.0
119.28  7.921660226983153
120.96  0.5851148579621523
122.64  0.0
124.32  4.188338096885396
126.0  5.8393090586560215
127.67999999999999  0.0
129.35999999999999  0.0
131.04  8.411663509583436
132.72  0.0
134.4  0.0
136.07999999999998  7.120764048950809
137.76  2.335827737751704
139.44  0.0
141.12  2.559486555000282
142.79999999999998  6.991508610549788
144.48  0.0
146.16  0.0
147.84  8.436175044094634
149.51999999999998  0.0
151.2  0.0
152.88  6.006330068502277
154.56  3.9836906578061972
156.23999999999998  0.0
157.92  0.8179370239309884
159.6  7.835861668688633
161.28  0.0
162.96  0.0
164.64  8.08922927908841
166.32  0.07123840835807549
168.0  0.0
