0.0  29.07374988790411
1.68  28.186878538381478
3.36  30.96877988749356
5.04  35.436309396609865
6.72  38.40468240397293
8.4  37.75782361451553
10.08  33.95686170053477
11.76  29.71140276062914
13.44  0.0
15.12  0.0
16.8  1.190985190717071
18.48  4.714007679519026
20.16  4.876537680805491
21.84  1.562711817710948
23.52  0.0
25.2  0.0
26.88  0.0
28.56  0.2398155571052638
30.24  4.201593847603822
31.919999999999998  5.168166037397729
33.6  2.4504881530212375
35.28  0.0
36.96  0.0
38.64  0.0
40.32  0.0
42.0  3.550963988589978
43.68  5.289781917062274
45.36  3.2576529991567558
47.04  0.0
48.72  0.0
50.4  0.0
52.08  0.0
53.76  2.7835212836240513
55.44  5.237384632362632
57.12  3.957653785285337
58.8  0.0
60.48  0.0
62.16  0.0
63.839999999999996  0.0
65.52  1.9245116002395877
67.2  5.012697849313336
68.88  4.5274632195901106
70.56  0.8147187571956596
72.24  0.0
73.92  0.0
75.6  0.0
77.28  1.0021930019199026
78.96  4.623112885500278
80.64  4.948336797230892
82.32  1.746021136839406
84.0  0.0
85.67999999999999  0.0
87.36  0.0
89.03999999999999  0.04690616817913096
90.72  4.081445564601047
92.39999999999999  5.206429421341548
94.08  2.619886240649844
95.75999999999999  0.0
97.44  0.0
99.11999999999999  0.0
100.8  0.0
102.47999999999999  3.4055146258415667
104.16  5.293250852640989
105.83999999999999  3.4075673198337
107.52  0.0
109.2  0.0
110.88  0.0
112.56  0.0
114.24  2.6175555570717037
115.92  5.205945005144594
117.6  4.08315274339214
119.28  0.04958793895523428
120.96  0.0
122.64  0.0
124.32  0.0
126.0  1.7434891340618568
127.67999999999999  4.9473839002378535
129.35999999999999  4.6244183895759905
131.04  1.0048262474352254
132.72  0.0
134.4  0.0
136.07999999999998  0.0
137.76  0.8120687282205741
139.44  4.52607318839025
141.12  5.013558732688574
142.79999999999998  1.927009697001615
144.48  0.0
146.16  0.0
147.84  0.0
149.51999999999998  0.0
151.2  3.95587234647594
152.88  5.2377725753367965
154.56  2.785802054006166
156.23999999999998  0.0
157.92  0.0
159.6  0.0
161.28  0.0
162.96  3.2555387551168096
164.64  5.289684157826711
166.32  3.552952404154906
168.0  0.0
