0.0  29.40077149653522
1.68  16.824991495487758
3.36  18.034201077115185
5.04  32.01867184775225
6.72  47.10092670000634
8.4  50.68680396314337
10.08  39.781982269055206
11.76  23.492333965824404
13.44  0.0
15.12  0.0
16.8  5.06676956300676
18.48  16.92981991577764
20.16  14.655933108661522
21.84  0.14387682263875412
23.52  0.0
25.2  0.0
26.88  0.0
28.56  10.798898390778994
30.24  17.922504406056344
31.919999999999998  10.080250193837092
33.6  0.0
35.28  0.0
36.96  0.0
38.64  1.0275224555804154
40.32  15.147157551635967
42.0  16.618435162280544
43.68  4.212791768829141
45.36  0.0
47.04  0.0
48.72  0.0
50.4  7.2654994314357655
52.08  17.554321323208196
53.76  13.184727551658407
55.44  0.0
57.12  0.0
58.8  0.0
60.48  0.0
62.16  12.57240881925464
63.839999999999996  17.71191371042376
65.52  8.06140829130893
67.2  0.0
68.88  0.0
70.56  0.0
72.24  3.3521676009597607
73.92  16.26817468340804
75.6  15.599739382563502
77.28  1.9050263977849862
78.96  0.0
80.64  0.0
82.32  0.0
84.0  9.340214384092446
85.67999999999999  17.879187763919106
87.36  11.488471687758722
89.03999999999999  0.0
90.72  0.0
92.39999999999999  0.0
94.08  0.0
95.75999999999999  14.131320618208543
97.44  17.19899810131543
99.11999999999999  5.904966093069852
100.8  0.0
102.47999999999999  0.0
104.16  0.0
105.83999999999999  5.61959454866231
107.52  17.11151010421541
109.2  14.31477142378179
110.88  0.0
112.56  0.0
114.24  0.0
115.92  0.0
117.6  11.255501081186974
119.28  17.898874087895226
120.96  9.596118933045695
122.64  0.0
124.32  0.0
126.0  0.0
127.67999999999999  1.6051107178355353
129.35999999999999  15.449024699405664
131.04  16.392512542744797
132.72  3.647731942455908
134.4  0.0
136.07999999999998  0.0
137.76  0.0
139.44  7.791100555044496
141.12  17.662768909459107
142.79999999999998  12.78546442276724
144.48  0.0
146.16  0.0
147.84  0.0
149.51999999999998  0.0
151.2  12.978667466150036
152.88  17.6130442689855
154.56  7.539969884291869
156.23999999999998  0.0
157.92  0.0
159.6  0.0
161.28  3.9192820349845956
162.96  16.503029152663437
164.64  15.306222948474927
166.32  1.3282346021093892
168.0  0.0
