0.0  31.796675701481693
1.68  26.67365497632416
3.36  27.541853727422826
5.04  33.620217827536095
6.72  39.440493191682926
8.4  39.7666090594564
10.08  34.30518313312672
11.76  27.969455906286086
13.44  0.0
15.12  0.0
16.8  4.453048316776242
18.48  7.100246090139952
20.16  3.3598782212850873
21.84  0.0
23.52  0.0
25.2  0.0
26.88  2.246897917465624
28.56  6.887007783056715
30.24  5.331386721259924
31.919999999999998  0.0
33.6  0.0
35.28  0.0
36.96  0.0
38.64  5.819995692414222
40.32  6.641969844640008
42.0  1.4886555578930938
43.68  0.0
45.36  0.0
47.04  0.0
48.72  4.031485979127031
50.4  7.129156232721532
52.08  3.8132525295797253
53.76  0.0
55.44  0.0
57.12  0.0
58.8  1.7431979664405644
60.48  6.732549995307539
62.16  5.665125331002487
63.839999999999996  0.0
65.52  0.0
67.2  0.0
68.88  0.0
70.56  5.501317914049317
72.24  6.814699595739049
73.92  1.9974006718322588
75.6  0.0
77.28  0.0
78.96  0.0
80.64  3.588094297716125
82.32  7.119464032906106
84.0  4.245979165837439
85.67999999999999  0.0
87.36  0.0
89.03999999999999  0.0
90.72  1.230059096899849
92.39999999999999  6.541637374526223
94.08  5.968188907036943
95.75999999999999  0.025602817430737
97.44  0.0
99.11999999999999  0.0
100.8  0.0
102.47999999999999  5.152852072297834
104.16  6.950529697210529
105.83999999999999  2.4953304322960688
107.52  0.0
109.2  0.0
110.88  0.0
112.56  3.1252741117091993
114.24  7.071221971184165
115.92  4.655715039062407
117.6  0.0
119.28  0.0
120.96  0.0
122.64  0.7102598090884862
124.32  6.315303657962327
126.0  6.238936446760928
127.67999999999999  0.5498601004977757
129.35999999999999  0.0
131.04  0.0
132.72  0.0
134.4  4.776485010048126
136.07999999999998  7.04872466789603
137.76  2.9797486920160194
139.44  0.0
141.12  0.0
142.79999999999998  0.0
144.48  2.6455314600685957
146.16  6.984691264524974
147.84  5.040241546666215
149.51999999999998  0.0
151.2  0.0
152.88  0.0
154.56  0.1866146675116387
156.23999999999998  6.0547743779701415
157.92  6.475901929667965
159.6  1.0711400483547315
161.28  0.0
162.96  0.0
164.64  0.0
166.32  4.374254647318825
168.0  7.108752810108386
