0.0  32.74078406653002
1.68  37.635134215829304
3.36  38.968439083888185
5.04  35.636984403462115
6.72  30.39855959657432
8.4  27.589550388469476
10.08  29.53526407688535
11.76  34.625032307326165
13.44  5.312194436640785
15.12  4.935237425696953
16.8  0.47287422636111176
18.48  0.0
20.16  0.0
21.84  0.0
23.52  3.037602263564733
25.2  5.7536355529284515
26.88  3.7067899235810575
28.56  0.0
30.24  0.0
31.919999999999998  0.0
33.6  0.0
35.28  4.458168965082754
36.96  5.5788445238336
38.64  2.0813337673580925
40.32  0.0
42.0  0.0
43.68  0.0
45.36  1.5247873611661826
47.04  5.401251995527362
48.72  4.80654200864407
50.4  0.23296033371680996
52.08  0.0
53.76  0.0
55.44  0.0
57.12  3.239259185772214
58.8  5.765844248386781
60.48  3.519443993007811
62.16  0.0
63.839999999999996  0.0
65.52  0.0
67.2  0.0
68.88  4.606796342873553
70.56  5.512896766857492
72.24  1.8554026512929782
73.92  0.0
75.6  0.0
77.28  0.0
78.96  1.755228264825119
80.64  5.480931377509159
82.32  4.669501007771994
84.0  0.0
85.67999999999999  0.0
87.36  0.0
89.03999999999999  0.0
90.72  3.435291792411807
92.39999999999999  5.768041726554825
94.08  3.3259872628643308
95.75999999999999  0.0
97.44  0.0
99.11999999999999  0.0
100.8  0.12753853341697674
102.47999999999999  4.747424954618341
104.16  5.437376984510201
105.83999999999999  1.6262500054218418
107.52  0.0
109.2  0.0
110.88  0.0
112.56  1.982621571151209
114.24  5.551094235525049
115.92  4.524352366940823
117.6  0.0
119.28  0.0
120.96  0.0
122.64  0.0
124.32  3.6253597126831942
126.0  5.760224171958134
127.67999999999999  3.1267556314646505
129.35999999999999  0.0
131.04  0.0
132.72  0.0
134.4  0.36768125533153684
136.07999999999998  4.879810627299494
137.76  5.352416301553022
139.44  1.394273706765186
141.12  0.0
142.79999999999998  0.0
144.48  0.0
146.16  2.2065724578595702
147.84  5.611618746024682
149.51999999999998  4.371348107280584
151.2  0.0
152.88  0.0
154.56  0.0
156.23999999999998  0.0
157.92  3.8091329322523797
159.6  5.742405158192243
161.28  2.922095024065598
162.96  0.0
164.64  0.0
166.32  0.0
168.0  0.6071855734352084
