0.0  5.709218870553254
1.68  29.14416348233996
3.36  63.1121851315462
5.04  22.205481898901077
6.72  9.278192389965508
8.4  56.834163697584195
10.08  45.300609997931
11.76  3.677026168220049
13.44  3.286712682379772
15.12  27.965756822332416
16.8  0.0
18.48  0.0
20.16  27.38041961357527
21.84  4.79307410633273
23.52  0.0
25.2  10.558372589518623
26.88  24.41498628585079
28.56  0.0
30.24  0.0
31.919999999999998  29.55870371661729
33.6  0.0
35.28  0.0
36.96  17.173979233908753
38.64  19.347170269396358
40.32  0.0
42.0  0.0
43.68  29.900333178852296
45.36  0.0
47.04  0.0
48.72  22.7224663941872
50.4  13.077201736294352
52.08  0.0
53.76  2.070076635177468
55.44  28.38408056949492
57.12  0.0
58.8  0.0
60.48  26.8590742057105
62.16  5.9946703963793295
63.839999999999996  0.0
65.52  9.406518157132302
67.2  25.10415950556655
68.88  0.0
70.56  0.0
72.24  29.32677110149686
73.92  0.0
75.6  0.0
77.28  16.158477849547065
78.96  20.26437061044087
80.64  0.0
82.32  0.0
84.0  29.972224682426095
85.67999999999999  0.0
87.36  0.0
89.03999999999999  21.906417081007888
90.72  14.165438192597286
92.39999999999999  0.0
94.08  0.8500073537958617
95.75999999999999  28.755329153392772
97.44  0.0
99.11999999999999  0.0
100.8  26.29318286653506
102.47999999999999  7.186324490590605
104.16  0.0
105.83999999999999  8.239062959489225
107.52  25.751697330243147
109.2  0.0
110.88  0.0
112.56  29.046199865363313
114.24  0.0
115.92  0.0
117.6  15.116177535375957
119.28  21.14796237457098
120.96  0.0
122.64  0.0
124.32  29.994407076456014
126.0  0.0
127.67999999999999  0.0
129.35999999999999  21.054035847260756
131.04  15.23018118699331
132.72  0.0
134.4  0.0
136.07999999999998  29.07888685608305
137.76  0.0
139.44  0.0
141.12  25.683684130136886
142.79999999999998  8.36606002369761
144.48  0.0
146.16  7.05794322784819
147.84  26.35652581461844
149.51999999999998  0.0
151.2  0.0
152.88  28.71745533724887
154.56  0.982106762379944
156.23999999999998  0.0
157.92  14.04880695254973
159.6  21.99648011969092
161.28  0.0
162.96  0.0
164.64  29.96684357131211
166.32  0.0
168.0  0.0
