0.0  59.25936695154863
1.68  20.06808629016471
3.36  14.230399299126745
5.04  56.42434697081988
6.72  40.55919602227535
8.4  6.525631981959531
10.08  39.896253871989416
11.76  56.765337251296195
13.44  0.0
15.12  0.0
16.8  25.742863285843374
18.48  0.6159392843005751
20.16  0.0
21.84  12.78809097655516
23.52  19.482007164759423
25.2  0.0
26.88  0.0
28.56  26.795158712374654
30.24  0.0
31.919999999999998  0.0
33.6  18.218662745164576
35.28  14.321479692264855
36.96  0.0
38.64  0.0
40.32  26.1825146655089
42.0  0.0
43.68  0.0
45.36  22.517202750777663
47.04  8.271075167237807
48.72  0.0
50.4  5.499090109231721
52.08  23.942998292663262
53.76  0.0
55.44  0.0
57.12  25.416617634846354
58.8  1.7067405072495303
60.48  0.0
62.16  11.81807041246682
63.839999999999996  20.215763806376305
65.52  0.0
67.2  0.0
68.88  26.73674984196827
70.56  0.0
72.24  0.0
73.92  17.402725080974253
75.6  15.232406021571272
77.28  0.0
78.96  0.0
80.64  26.395571859437204
82.32  0.0
84.0  0.0
85.67999999999999  21.906046951903463
87.36  9.302570019101456
89.03999999999999  0.0
90.72  4.4261394067701785
92.39999999999999  24.414283064971897
94.08  0.0
95.75999999999999  0.0
97.44  25.048218375178994
99.11999999999999  2.794711091107043
100.8  0.0
102.47999999999999  10.828449509633023
104.16  20.91599248574781
105.83999999999999  0.0
107.52  0.0
109.2  26.633997915922116
110.88  0.0
112.56  0.0
114.24  16.5579248956801
115.92  16.118069316599282
117.6  0.0
119.28  0.0
120.96  26.56485184340083
122.64  0.0
124.32  0.0
126.0  21.258559846323358
127.67999999999999  10.318636504301857
129.35999999999999  0.0
131.04  3.3458479262726297
132.72  24.845076606343156
134.4  0.0
136.07999999999998  0.0
137.76  24.638276499163148
139.44  3.8780466303105614
141.12  0.0
142.79999999999998  9.820869560095861
144.48  21.581531869523054
146.16  0.0
147.84  0.0
149.51999999999998  26.48707334890504
151.2  0.0
152.88  0.0
154.56  15.685663295320442
156.23999999999998  16.977000699606847
157.92  0.0
159.6  0.0
161.28  26.69007386555827
162.96  0.0
164.64  0.0
166.32  20.575815295179922
168.0  11.317589470643695
