0.0  66.58991577838485
1.68  25.478982976453555
3.36  4.11670690857196
5.04  56.215519278664374
6.72  50.78030082172376
8.4  1.4771421376775535
10.08  32.271885405026566
11.76  65.73548985436213
13.44  0.0
15.12  0.0
16.8  28.14272356295762
18.48  9.900174534710628
20.16  0.0
21.84  7.1945311792500055
23.52  29.53439565116244
25.2  0.0
26.88  0.0
28.56  31.65458964436255
30.24  1.7382260018723614
31.919999999999998  0.0
33.6  15.00347210795152
35.28  24.8314905423543
36.96  0.0
38.64  0.0
40.32  33.19957146959242
42.0  0.0
43.68  0.0
45.36  21.88015981812633
47.04  18.585660115169155
48.72  0.0
50.4  0.0
52.08  32.68167030790182
53.76  0.0
55.44  0.0
57.12  27.397305599235835
58.8  11.184994238153891
60.48  0.0
62.16  5.866217611160451
63.839999999999996  30.13306637873537
65.52  0.0
67.2  0.0
68.88  31.212097009299224
70.56  3.089339441060398
72.24  0.0
73.92  13.782216198064022
75.6  25.71211930702664
77.28  0.0
78.96  0.0
80.64  33.08749881110921
82.32  0.0
84.0  0.0
85.67999999999999  20.841845318177572
87.36  19.693528316187066
89.03999999999999  0.0
90.72  0.0
92.39999999999999  32.90698135384974
94.08  0.0
95.75999999999999  0.0
97.44  26.60644904429623
99.11999999999999  12.451263563380992
100.8  0.0
102.47999999999999  4.528174886929465
104.16  30.681761239872525
105.83999999999999  0.0
107.52  0.0
109.2  30.717838929202564
110.88  4.435329192757299
112.56  0.0
114.24  12.53810240218289
115.92  26.550104371780495
117.6  0.0
119.28  0.0
120.96  32.920550342759896
122.64  0.0
124.32  0.0
126.0  19.768964496142996
127.67999999999999  20.768734685567807
129.35999999999999  0.0
131.04  0.0
132.72  33.07771597918779
134.4  0.0
136.07999999999998  0.0
137.76  25.771465538350014
139.44  13.696882395326302
141.12  0.0
142.79999999999998  3.1826221582230914
144.48  31.179570220944818
146.16  0.0
147.84  0.0
149.51999999999998  30.172635133982215
151.2  5.773962925104886
152.88  0.0
154.56  11.273194090300361
156.23999999999998  27.344055933496886
157.92  0.0
159.6  0.0
161.28  32.6990029495538
162.96  0.0
164.64  0.0
166.32  18.663296731126007
168.0  21.809495987273007
