0.0  50.76690147280428
1.68  18.03331293740842
3.36  15.689233668356312
5.04  48.390567175873116
6.72  51.18462372935122
8.4  18.521737032579217
10.08  15.278232230944866
11.76  47.89648761375754
13.44  18.255493193869274
15.12  0.0
16.8  0.0
18.48  14.05804548969809
20.16  18.645870414928922
21.84  0.0
23.52  0.0
25.2  13.542290008389777
26.88  19.022126411733954
28.56  0.0
30.24  0.0
31.919999999999998  13.016278437669996
33.6  19.383976231359547
35.28  0.0
36.96  0.0
38.64  12.480409146034722
40.32  19.731145831225103
42.0  0.0
43.68  0.0
45.36  11.935087967605044
47.04  20.063372286636437
48.72  0.0
50.4  0.0
52.08  11.380727894774807
53.76  20.3804039899092
55.44  0.0
57.12  0.0
58.8  10.817748765434626
60.48  20.682000840920345
62.16  0.0
63.839999999999996  0.0
65.52  10.24657694501322
67.2  20.967934428945536
68.88  0.0
70.56  0.0
72.24  9.667645003575178
73.92  21.237988205643195
75.6  0.0
77.28  0.0
78.96  9.081391388218202
80.64  21.491957649054466
82.32  0.0
84.0  0.0
85.67999999999999  8.488260091021873
87.36  21.729650418495552
89.03999999999999  0.0
90.72  0.0
92.39999999999999  7.888700312793792
94.08  21.950886500224627
95.75999999999999  0.0
97.44  0.0
99.11999999999999  7.283166122874761
100.8  22.15549834377343
102.47999999999999  0.0
104.16  0.0
105.83999999999999  6.67211611525398
107.52  22.34333098883892
109.2  0.0
110.88  0.0
112.56  6.0560130612577865
114.24  22.514242182640935
115.92  0.0
117.6  0.0
119.28  5.435323559076014
120.96  22.668102487655872
122.64  0.0
124.32  0.0
126.0  4.810517680390468
127.67999999999999  22.80479537964408
129.35999999999999  0.0
131.04  0.0
132.72  4.182068614369598
134.4  22.924217335898334
136.07999999999998  0.0
137.76  0.0
139.44  3.550452309306962
141.12  23.026277913645934
142.79999999999998  0.0
144.48  0.0
146.16  2.9161471121649782
147.84  23.11089981854343
149.51999999999998  0.0
151.2  0.0
152.88  2.2796334063069033
154.56  23.178018963215706
156.23999999999998  0.0
157.92  0.0
159.6  1.6413932476830109
161.28  23.227584515790916
162.96  0.0
164.64  0.0
166.32  1.0019099997516818
168.0  23.259558938397788
