0.0  47.09876231308737
1.68  42.1061014189265
3.36  25.84707069681992
5.04  19.202223624524166
6.72  30.705161436701808
8.4  45.58331175535051
10.08  44.729507696515114
11.76  29.24024151823646
13.44  0.0
15.12  0.0
16.8  9.916258594697638
18.48  13.258343440920523
20.16  0.0
21.84  0.0
23.52  0.0
25.2  6.9201564024677715
26.88  14.23488687675779
28.56  3.2685573198478304
30.24  0.0
31.919999999999998  0.0
33.6  3.461804308257035
35.28  14.260573904039957
36.96  6.745295072449848
38.64  0.0
40.32  0.0
42.0  0.0
43.68  13.333688690760816
45.36  9.771463241832695
47.04  0.0
48.72  0.0
50.4  0.0
52.08  11.5161449530371
53.76  12.144921029678992
55.44  0.0
57.12  0.0
58.8  0.0
60.48  8.929350266904063
62.16  13.70712713056455
63.839999999999996  0.8816159527668037
65.52  0.0
67.2  0.0
68.88  5.7460963325150995
70.56  14.353729912096878
72.24  4.527680072450784
73.92  0.0
75.6  0.0
77.28  2.1790169017068335
78.96  14.041537854460461
80.64  7.871305988722858
82.32  0.0
84.0  0.0
85.67999999999999  0.0
87.36  12.791404640671818
89.03999999999999  10.689147484797363
90.72  0.0
92.39999999999999  0.0
94.08  0.0
95.75999999999999  10.686836180413827
97.44  12.792979486036595
99.11999999999999  0.0
100.8  0.0
102.47999999999999  0.0
104.16  7.86841261492745
105.83999999999999  14.042271044901637
107.52  2.1824350613731864
109.2  0.0
110.88  0.0
112.56  4.524397899694909
114.24  14.353572472245952
115.92  5.749265816664213
117.6  0.0
119.28  0.0
120.96  0.8781642223431492
122.64  13.706089577027164
124.32  8.932059361572632
126.0  0.0
127.67999999999999  0.0
129.35999999999999  0.0
131.04  12.143072668550712
132.72  11.518212697178434
134.4  0.0
136.07999999999998  0.0
137.76  0.0
139.44  9.768927539217485
141.12  13.334976964010313
142.79999999999998  0.0
144.48  0.0
146.16  0.0
147.84  6.7422414072199155
149.51999999999998  14.260996652824739
151.2  3.4651605587048433
152.88  0.0
154.56  0.0
156.23999999999998  3.2651896695389455
157.92  14.234415862469728
159.6  6.923186921207917
161.28  0.0
162.96  0.0
164.64  0.0
166.32  13.257010126187893
168.0  9.918760950324264
