0.0  47.3514253725844
1.68  51.4662601235436
3.36  50.97609767958112
5.04  46.00541858956909
6.72  37.81656530551139
8.4  28.48916054022181
10.08  20.391970973067707
11.76  15.581340606034711
13.44  0.0
15.12  0.0
16.8  0.0
18.48  3.3101180223069706
20.16  11.771200348202758
21.84  17.24289517965391
23.52  18.335623236833214
25.2  14.77187776662017
26.88  7.456699531800301
28.56  0.0
30.24  0.0
31.919999999999998  0.0
33.6  0.0
35.28  0.0
36.96  0.0
38.64  0.18156252691689723
40.32  9.184985604701849
42.0  15.855810451963784
43.68  18.49992943429479
45.36  16.445848057863497
47.04  10.215216196738435
48.72  1.3903510672754482
50.4  0.0
52.08  0.0
53.76  0.0
55.44  0.0
57.12  0.0
58.8  0.0
60.48  6.3339994479273045
62.16  14.011657469336365
63.839999999999996  18.130946558415502
65.52  17.64574134777382
67.2  12.679263458488613
68.88  4.492788415101713
70.56  0.0
72.24  0.0
73.92  0.0
75.6  0.0
77.28  0.0
78.96  0.0
80.64  3.3004259624754786
82.32  11.763596793205018
84.0  17.23931111116989
85.67999999999999  18.336968856812454
87.36  14.777811344447342
89.03999999999999  7.465714189431609
90.72  0.0
92.39999999999999  0.0
94.08  0.0
95.75999999999999  0.0
97.44  0.0
99.11999999999999  0.0
100.8  0.1717125950360039
102.47999999999999  9.1764322488516
104.16  15.850725863106788
105.83999999999999  18.49960488315053
107.52  16.450365966708656
109.2  10.223429207631265
110.88  1.4001734224914237
112.56  0.0
114.24  0.0
115.92  0.0
117.6  0.0
119.28  0.0
120.96  0.0
122.64  6.324742854933556
124.32  14.005218931242734
126.0  18.128961191836364
127.67999999999999  17.648713351928265
129.35999999999999  12.686438069904037
131.04  4.502343585642818
132.72  0.0
134.4  0.0
136.07999999999998  0.0
137.76  0.0
139.44  0.0
141.12  0.0
142.79999999999998  3.290732967945072
144.48  11.75598990669151
146.16  17.23572216041756
147.84  18.338309283660635
149.51999999999998  14.783740737116567
151.2  7.474726732731405
152.88  0.0
154.56  0.0
156.23999999999998  0.0
157.92  0.0
159.6  0.0
161.28  0.0
162.96  0.16186261452518735
164.64  9.167876294185048
166.32  15.845636785236469
168.0  18.4992750928158
