0.0  32.000844944507946
1.68  34.6754738007707
3.36  36.60560379760033
5.04  36.7205723508181
6.72  34.95660524392585
8.4  32.29219282947687
10.08  30.205311557584658
11.76  29.85357552631948
13.44  0.0
15.12  0.7319190501076003
16.8  2.9590722901916875
18.48  3.5447982739810038
20.16  2.1641888883149996
21.84  0.0
23.52  0.0
25.2  0.0
26.88  0.0
28.56  0.09862452845080494
30.24  2.552591964691612
31.919999999999998  3.5906108825633676
33.6  2.6368817147517065
35.28  0.2204476537323341
36.96  0.0
38.64  0.0
40.32  0.0
42.0  0.0
43.68  2.06564342252604
45.36  3.52323264103879
47.04  3.026449164285667
48.72  0.8508637993477833
50.4  0.0
52.08  0.0
53.76  0.0
55.44  0.0
57.12  1.5135772882122984
58.8  3.3447875892117245
60.48  3.3206104656974484
62.16  1.4544572120290966
63.839999999999996  0.0
65.52  0.0
67.2  0.0
68.88  0.0
70.56  0.9137969610888479
72.24  3.0609010503974234
73.92  3.510092442676844
75.6  2.012200140305868
77.28  0.0
78.96  0.0
80.64  0.0
82.32  0.0
84.0  0.2852099884574921
85.67999999999999  2.680522298051932
87.36  3.5889218425502207
89.03999999999999  2.5065102289027434
90.72  0.03371210069121977
92.39999999999999  0.0
94.08  0.0
95.75999999999999  0.0
97.44  0.0
99.11999999999999  2.215642437797328
100.8  3.5546136378175466
102.47999999999999  2.9218047870256765
104.16  0.6682413399728743
105.83999999999999  0.0
107.52  0.0
109.2  0.0
110.88  0.0
112.56  1.6809163983632702
114.24  3.408249364458727
115.92  3.244992018984125
117.6  1.2817048587345337
119.28  0.0
120.96  0.0
122.64  0.0
124.32  0.0
126.0  1.0932009478478084
127.67999999999999  3.1544430274630706
129.35999999999999  3.4658837315359246
131.04  1.8547637590924326
132.72  0.0
134.4  0.0
136.07999999999998  0.0
137.76  0.0
139.44  0.47102329892886163
141.12  2.8011956483800047
142.79999999999998  3.5775165077185584
144.48  2.3693528632218572
146.16  0.0
147.84  0.0
149.51999999999998  0.0
151.2  0.0
152.88  0.0
154.56  2.3596430401517585
156.23999999999998  3.5763712224446462
157.92  2.8092502021996415
159.6  0.4838097495681061
161.28  0.0
162.96  0.0
164.64  0.0
166.32  0.0
168.0  1.8437047604042496
