0.0  37.29098543589933
1.68  39.27107804778143
3.36  37.9574437549437
5.04  34.07876875414264
6.72  29.78659320400397
8.4  27.46183019007561
10.08  28.394049212952883
11.76  32.06613897459173
13.44  3.107820899633488
15.12  5.758896547188703
16.8  5.215454172973985
18.48  1.7789467452788688
20.16  0.0
21.84  0.0
23.52  0.0
25.2  0.0
26.88  2.1600183761889395
28.56  5.398504231266544
30.24  5.642385318560828
31.919999999999998  2.756378338198867
33.6  0.0
35.28  0.0
36.96  0.0
38.64  0.0
40.32  1.1441231731853976
42.0  4.867928817473659
43.68  5.891445229495007
45.36  3.6469175282600093
47.04  0.0
48.72  0.0
50.4  0.0
52.08  0.0
53.76  0.09216049341102428
55.44  4.1838962290852955
57.12  5.95478251113415
58.8  4.422490850730695
60.48  0.4369988926645765
62.16  0.0
63.839999999999996  0.0
65.52  0.0
67.2  0.0
68.88  3.3679699918392454
70.56  5.830400511380141
72.24  5.05864903874186
73.92  1.4808139027395084
75.6  0.0
77.28  0.0
78.96  0.0
80.64  0.0
82.32  2.445871462752222
84.0  5.5222202633804365
85.67999999999999  5.53533776492176
87.36  2.4779475569161358
89.03999999999999  0.0
90.72  0.0
92.39999999999999  0.0
94.08  0.0
95.75999999999999  1.4466689869619418
97.44  5.039956878406673
99.11999999999999  5.8375298364284385
100.8  3.3969660937321406
102.47999999999999  0.0
104.16  0.0
105.83999999999999  0.0
107.52  0.0
109.2  0.40186154371260896
110.88  4.398813285516333
112.56  5.955698913987563
114.24  4.208898262097241
115.92  0.12737927660018356
117.6  0.0
119.28  0.0
120.96  0.0
122.64  0.0
124.32  3.6190009725852805
126.0  5.886119821359568
127.67999999999999  4.888148614503383
129.35999999999999  1.1786720499509649
131.04  0.0
132.72  0.0
134.4  0.0
136.07999999999998  0.0
137.76  2.725102836928614
139.44  5.630985978244276
141.12  5.413304380996163
142.79999999999998  2.192808223576774
144.48  0.0
146.16  0.0
147.84  0.0
149.51999999999998  0.0
151.2  1.7452982310836256
152.88  5.198340254653981
154.56  5.7678104879148036
156.23999999999998  3.1378180465436447
157.92  0.0
159.6  0.0
161.28  0.0
162.96  0.0
164.64  0.7104746335050316
166.32  4.601821426510176
168.0  5.940491442029176
