0.0  11.35114742958535  100.0
0.12  11.438529147671966
0.24  11.517763153692371
0.36  11.588752919262399
0.48  11.651413371507799
0.6  11.705670994758599
0.72  11.75146391414879
0.84  11.788741961074077
0.96  11.81746672049146
1.08  11.837611560075043
1.2  11.849161641273021
1.3199999999999998  11.852113912340933
1.44  11.84647708345593
1.56  11.83227158404641
1.68  11.80952950249997
1.7999999999999998  11.778294508441194
1.92  11.738621757798523
2.04  11.690577780906553
2.16  11.63424035391677
2.28  11.569698353815376
2.4  11.497051597372053
2.52  11.416410664367726
2.6399999999999997  11.32789670547284
2.76  11.231641235170333
2.88  11.127785910139083
3.0  11.016482293534565
3.12  10.897891605623137
3.2399999999999998  10.772184461245313
3.36  10.639540594601325
3.48  10.500148571868937
3.5999999999999996  10.354205492179478
3.7199999999999998  10.201916677492672
3.84  10.043495351924554
3.96  9.879162311095353
4.08  9.709145582075687
4.2  9.533680074519781
4.32  9.353007223583669
4.4399999999999995  9.167374625234533
4.56  8.977035664564248
4.68  8.782249137726192
4.8  8.58327886811911
4.92  8.380393317445474
5.04  8.173865192274361
5.16  7.963971046740328
5.279999999999999  7.750990882010114
5.3999999999999995  7.535207743148279
5.52  7.316907314011203
5.64  7.096377510795927
5.76  6.873908074866608
5.88  6.649790165476444
6.0  6.424315952997125
6.12  6.1977782132610635
6.24  5.970469923613975
6.359999999999999  5.742683861266691
6.4799999999999995  5.514712204525631
6.6  5.286846137470949
6.72  5.059375458640214
6.84  4.832588194263503
6.96  4.60677021658301
7.08  4.382204867776879
7.199999999999999  4.159172589992757
7.319999999999999  3.9379505619817823
7.4399999999999995  3.7188123428082944
7.56  3.5020275230945463
7.68  3.2878613842430973
7.8  3.07657456606259
7.92  2.8684227432049854
8.04  2.663656310804405
8.16  2.462520079689362
8.28  2.265252981521476
8.4  2.072087784194616
8.52  1.8832508178092846
8.64  1.6989617115173044
8.76  1.5194331415122893
8.879999999999999  1.3448705904213092
9.0  1.175472118333229
9.12  1.011428145679004
9.24  0.8529212481590125
9.36  0.7001259638923822
9.48  0.553208612942951
9.6  0.41232712935651267
9.719999999999999  0.27763090582382416
9.84  0.14926065106401548
9.959999999999999  0.02734826000323043
10.08  0.0
10.2  0.0
10.32  0.0
10.44  0.0
10.559999999999999  0.0
10.68  0.0
10.799999999999999  0.0
10.92  0.0
11.04  0.0
11.16  0.0
11.28  0.0
11.4  0.0
11.52  0.0
11.639999999999999  0.0
11.76  0.0
11.879999999999999  0.0
12.0  0.0
12.12  0.0
12.24  0.0
12.36  0.0
12.48  0.0
12.6  0.0
12.719999999999999  0.0
12.84  0.0
12.959999999999999  0.0
13.08  0.0
13.2  0.0
13.32  0.0
13.44  0.0
13.559999999999999  0.0
13.68  0.0
13.799999999999999  0.0
13.92  0.0
14.04  0.06058970544583475
14.16  0.1769736561587567
14.28  0.298619324482835
14.399999999999999  0.42535183649734576
14.52  0.5569910740614841
14.639999999999999  0.6933519318831972
14.76  0.8342445786673001
14.879999999999999  0.9794747219803299
15.0  1.1288438764700353
15.12  1.282149635078068
15.24  1.4391859428858544
15.36  1.5997433732351245
15.479999999999999  1.7636094057667526
15.6  1.9305687060240038
15.719999999999999  2.1004034062690726
15.84  2.272893387165125
15.959999999999999  2.447816559979443
16.08  2.624949148967325
16.2  2.8040659736005145
16.32  2.98494073030843
16.439999999999998  3.167346273405344
16.56  3.3510548948817234
16.68  3.535838602743103
16.8  3.721469397585825
16.919999999999998  3.9077195471043216
17.04  4.0943618582311005
17.16  4.281169946616379
17.28  4.4679185031611794
17.4  4.654383557323926
17.52  4.8403427369275684
17.64  5.025575524201035
17.759999999999998  5.2098635077959825
17.88  5.392990630526922
18.0  5.574743432590038
18.12  5.754911290023568
18.24  5.933286648179936
18.36  6.109665249987579
18.48  6.28384635878783
18.599999999999998  6.455632975540261
18.72  6.6248320501973295
18.84  6.791254687057265
18.96  6.954716343911863
19.08  7.115037024813829
19.2  7.2720414662962245
19.32  7.425559316884527
19.439999999999998  7.575425309749865
19.56  7.721479428359913
19.68  7.863567064991939
19.8  8.001539171980596
19.919999999999998  8.135252405580989
20.04  8.26456926233555
20.16  8.38935820784134
20.279999999999998  8.50949379782232
20.4  8.624856791419175
20.52  8.735334256617245
20.64  8.840819667741052
20.759999999999998  8.941212994951904
20.88  9.036420785693043
21.0  9.126356238034527
21.119999999999997  9.210939265878219
21.24  9.290096555990942
21.36  9.363761616841748
21.48  9.431874819227216
21.599999999999998  9.494383428676354
21.72  9.551241629634669
21.84  9.602410541434534
21.96  9.647858226067047
22.08  9.68755968777799
22.2  9.721496864518517
22.32  9.749658611288728
22.439999999999998  9.772040675419957
22.56  9.788645663849472
22.68  9.7994830024486
22.8  9.80456888747317
22.919999999999998  9.803926229212637
23.04  9.79758458792171
23.16  9.785580102126078
23.279999999999998  9.767955409401004
23.4  9.744759559729273
23.52  9.716047921552185
23.64  9.681882080634827
23.759999999999998  9.642329731874051
23.88  9.597464564184836
24.0  9.547366138608133
24.119999999999997  9.492119759790135
24.24  9.431816340990268
24.36  9.366552262782086
24.48  9.296429225618178
24.599999999999998  9.221554096437167
24.72  9.142038749497475
24.84  9.05799990162938
24.96  8.969558942103276
25.08  8.876841757318635
25.2  8.779978550524408
25.32  8.679103656787825
25.439999999999998  8.574355353434612
25.56  8.465875666189499
25.68  8.353810171251755
25.8  8.238307793545895
25.919999999999998  8.119520601393203
26.04  7.997603597854907
26.16  7.872714509002853
26.279999999999998  7.74501356937819
26.4  7.614663304903381
26.52  7.4818283135168695
26.64  7.34667504380419
26.759999999999998  7.209371571902699
26.88  7.070087376961079
27.0  6.928993115437735
27.119999999999997  6.786260394525332
27.24  6.64206154499131
27.36  6.496569393726731
27.48  6.349957036297576
27.599999999999998  6.202397609794604
27.72  6.054064066278957
27.84  5.90512894712197
27.959999999999997  5.7557641585379375
28.08  5.6061407486090955
28.2  5.456428686101838
28.32  5.306796641372547
28.439999999999998  5.157411769660641
28.56  5.008439497064891
28.68  4.860043309497488
28.799999999999997  4.712384544907871
28.919999999999998  4.56562218906588
29.04  4.419912675190666
29.16  4.275409687708184
29.279999999999998  4.132263970416175
29.4  3.990623139331126
29.52  3.8506315004867826
29.64  3.7124298729484564
29.759999999999998  3.5761554173015466
29.88  3.4419414698665194
30.0  3.3099173828858213
30.119999999999997  3.1802083709210396
30.24  3.0529353636910455
30.36  2.92821486557384
30.48  2.8061588219861955
30.599999999999998  2.686874492846482
30.72  2.5704643333164023
30.84  2.4570258820079998
30.959999999999997  2.346651656831672
31.08  2.239429058650709
31.2  2.135440282896725
31.32  2.0347622392890186
31.439999999999998  1.9374664797892578
31.56  1.8436191349108042
31.68  1.753280858489538
31.799999999999997  1.6665067810105298
31.919999999999998  1.5833464715716332
32.04  1.503843908552064
32.16  1.428037459040377
32.28  1.3559598670623545
32.4  1.2876382506356494
32.519999999999996  1.2230941076634163
32.64  1.1623433306651918
32.76  1.1053962303285048
32.879999999999995  1.0522575678501327
33.0  1.0029265960212812
33.12  0.9573971089959789
33.24  0.9156575006672647
33.36  0.8776908315607589
33.48  0.8434749041403974
33.6  0.8129823464063001
33.72  0.7861807036498591
33.839999999999996  0.763032538216539
33.96  0.7434955371123233
34.08  0.7275226272753043
34.199999999999996  0.7150620983196587
34.32  0.7060577325453254
34.44  0.7004489419928527
34.56  0.6981709123093707
34.68  0.6991547531785227
34.8  0.7033276550542206
34.92  0.710613051925575
35.04  0.7209307898283952
35.16  0.7341973008066026
35.28  0.7503257820160235
35.4  0.7692263796518494
35.519999999999996  0.7908063773711372
35.64  0.8149703888715804
35.76  0.8416205542787836
35.879999999999995  0.8706567399856348
36.0  0.90197674157912
36.12  0.9354764894827428
36.24  0.9710502569357081
36.36  1.008590869924129
36.48  1.0479899186738701
36.6  1.0891379703100283
36.72  1.1319247822840248
36.839999999999996  1.1762395161660646
36.96  1.221970951398009
37.08  1.2690076986001766
37.199999999999996  1.3172384120244949
37.32  1.3665520007462526
37.44  1.4168378381872242
37.559999999999995  1.4679859695645874
37.68  1.5198873168619347
37.8  1.572433880921992
37.92  1.6255189402643895
38.04  1.6790372462364092
38.16  1.7328852141103255
38.28  1.7869611097469793
38.4  1.841165231452544
38.519999999999996  1.8954000866632328
38.64  1.9495705631013385
38.76  2.003584094055552
38.879999999999995  2.0573508174488015
39.0  2.110783728367609
39.12  2.163798824738966
39.24  2.216315245853063
39.36  2.268255403443368
39.48  2.3195451050494604
39.6  2.3701136694024743
39.72  2.4198940335881867
39.839999999999996  2.468822851758645
39.96  2.5168405851793696
40.08  2.563891583416248
40.199999999999996  2.6099241564836686
40.32  2.654890637793246
40.44  2.6987474377609875
40.559999999999995  2.741455087949594
40.68  2.7829782756416197
40.8  2.8232858687590014
40.92  2.8623509310642663
41.04  2.900150727598735
41.16  2.936666720333734
41.28  2.9718845540310763
41.4  3.0057940323301557
41.519999999999996  3.0383890840995447
41.64  3.0696677201121494
41.76  3.0996319801237346
41.879999999999995  3.128287870455787
42.0  3.1556452922042406
42.12  3.1817179602166137
42.239999999999995  3.206523313000612
42.36  3.230082413747561
42.48  3.252419842674339
42.6  3.2735635809071715
42.72  3.293544886150369
42.839999999999996  3.3123981604020005
42.96  3.3301608099974724
43.08  3.346873098279951
43.199999999999996  3.362577991214595
43.32  3.3773209962804582
43.44  3.391149994990771
43.559999999999995  3.4041150694080797
43.68  3.4162683230360775
43.8  3.427663696484448
43.92  3.438356778317002
44.04  3.448404611506243
44.16  3.4578654959297377
44.28  3.4667987873550636
44.4  3.4752646933705513
44.519999999999996  3.4833240667284713
44.64  3.4910381965760235
44.76  3.498468598057107
44.879999999999995  3.505676800774323
45.0  3.5127241366064945
45.12  3.51967152738129
45.239999999999995  3.5265792729063667
45.36  3.5335068398645118
45.48  3.5405126520799257
45.6  3.547653882662881
45.72  3.5549862485391293
45.839999999999996  3.562563807868524
45.96  3.5704387608541457
46.08  3.5786612544391154
46.199999999999996  3.5872791913827786
46.32  3.5963380442016053
46.44  3.6058806744526004
46.559999999999995  3.6159471578281552
46.68  3.626574615521739
46.8  3.6377970523127257
46.92  3.6496452018069485
47.04  3.6621463792563915
47.16  3.675324342367494
47.28  3.689199160492631
47.4  3.7037870925830454
47.519999999999996  3.7191004742648466
47.64  3.7351476143816136
47.76  3.751932701328356
47.879999999999995  3.7694557194820444
48.0  3.7877123760132867
48.12  3.8066940383426204
48.239999999999995  3.8263876824827725
48.36  3.846775852485477
48.48  3.8678366311882706
48.6  3.8895436224323854
48.72  3.911865944898569
48.839999999999996  3.9347682376824036
48.96  3.958210677705237
49.08  3.982149009030783
49.199999999999996  4.00653458413123
49.32  4.031314417119996
49.44  4.05643124894131
49.559999999999995  4.08182362447989
49.68  4.107425981526587
49.8  4.1331687515086895
49.92  4.158978471866158
50.04  4.184777909927873
50.16  4.210486198114765
50.28  4.236018980269609
50.4  4.2612885688865045
50.519999999999996  4.286204112986691
50.64  4.310671776360783
50.76  4.334594925872161
50.879999999999995  4.357874329490639
51.0  4.380408363700842
51.12  4.402093229905392
51.239999999999995  4.422823179419616
51.36  4.442490746631293
51.48  4.4609869898770285
51.6  4.478201739565366
51.72  4.494023853056236
51.839999999999996  4.508341475786812
51.96  4.521042308115063
52.08  4.532013877334728
52.199999999999996  4.5411438142988185
52.32  4.548320134073179
52.44  4.553431520027365
52.559999999999995  4.55636761075666
52.68  4.55701928921741
52.8  4.555278973446745
52.919999999999995  4.551040908228437
53.04  4.544201457058577
53.16  4.5346593937577
53.28  4.522316193070756
53.4  4.5070763195920165
53.519999999999996  4.488847514349633
53.64  4.467541078382883
53.76  4.443072152645831
53.879999999999995  4.415359993572308
54.0  4.3843282436404625
54.12  4.349905196279663
54.239999999999995  4.3120240544682815
54.36  4.270623182378731
54.48  4.225646349434728
54.6  4.177042966156204
54.72  4.124768311179132
54.839999999999996  4.068783748850624
54.96  4.009056936814393
55.08  3.9455620230175126
55.199999999999996  3.878279831586843
55.32  3.807198037042168
55.44  3.7323113263329715
55.559999999999995  3.6536215482071066
55.68  3.5711378494419703
55.8  3.4848767974926513
55.919999999999995  3.3948624891359693
56.04  3.301126644715646
56.16  3.2037086876205634
56.28  3.1026558086559106
56.4  2.9980230149964564
56.519999999999996  2.889873163440318
56.64  2.7782769777129563
56.76  2.663313049601994
56.879999999999995  2.545067823736056
57.0  2.423635565853478
57.12  2.299118314440163
57.239999999999995  2.171625815649855
57.36  2.041275441454588
57.48  1.9081920910077754
57.599999999999994  1.7725080752375053
57.72  1.6343629847231662
57.839999999999996  1.4939035409439778
57.96  1.3512834310233621
58.08  1.2066631261294403
58.199999999999996  1.0602096837267982
58.32  0.9120965339106942
58.44  0.7625032500899185
58.559999999999995  0.6116153043195706
58.68  0.4596238076197666
58.8  0.30672523565037113
58.919999999999995  0.15312114014559441
59.04  0.0
59.16  0.0
59.28  0.0
59.4  0.0
59.519999999999996  0.0
59.64  0.0
59.76  0.0
59.879999999999995  0.0
60.0  0.0
60.12  0.0
60.239999999999995  0.0
60.36  0.0
60.48  0.0
60.599999999999994  0.0
60.72  0.0
60.839999999999996  0.0
60.96  0.0
61.08  0.0
61.199999999999996  0.0
61.32  0.0
61.44  0.0
61.559999999999995  0.0
61.68  0.0
61.8  0.0
61.919999999999995  0.0
62.04  0.0
62.16  0.0
62.28  0.0
62.4  0.0
62.519999999999996  0.0
62.64  0.0
62.76  0.0
62.879999999999995  0.0
63.0  0.0
63.12  0.0
63.239999999999995  0.0
63.36  0.0
63.48  0.0
63.599999999999994  0.0
63.72  0.0
63.839999999999996  0.0
63.96  0.0
64.08  0.0
64.2  0.0
64.32  0.0
64.44  0.0
64.56  0.0
64.67999999999999  0.0
64.8  0.0
64.92  0.0
65.03999999999999  0.0
65.16  0.0
65.28  0.0
65.39999999999999  0.0
65.52  0.0
65.64  0.0
65.75999999999999  0.0
65.88  0.0
66.0  0.0
66.12  0.0
66.24  0.0
66.36  0.0
66.48  0.0
66.6  0.0
66.72  0.0
66.84  0.0
66.96  0.0
67.08  0.0
67.2  0.0
67.32  0.0
67.44  0.0
67.56  0.0
67.67999999999999  0.0
67.8  0.0
67.92  0.08791093584016862
68.03999999999999  0.2972963899316492
68.16  0.5088681307210361
68.28  0.7223113663995833
68.39999999999999  0.9373062324378835
68.52  1.1535283075204048
68.64  1.3706491409307981
68.75999999999999  1.5883367904662609
68.88  1.8062563699329068
69.0  2.024070605250998
69.12  2.2414403981777005
69.24  2.4580253966344596
69.36  2.6734845706086268
69.48  2.887476792582718
69.6  3.0996614214312297
69.72  3.3096988887124366
69.84  3.5172512862729293
69.96  3.721982954075047
70.08  3.9235610671517156
70.2  4.121656220589044
70.32  4.315943011436707
70.44  4.5061006164463056
70.56  4.691813364540467
70.67999999999999  4.872771302921807
70.8  5.048670755737093
70.92  5.219214874221635
71.03999999999999  5.384114177261251
71.16  5.5430870813220885
71.28  5.695860418714781
71.39999999999999  5.8421699431777565
71.52  5.981760821784133
71.64  6.114388112198739
71.75999999999999  6.239817224336399
71.88  6.357824365498146
72.0  6.468196968090107
72.11999999999999  6.570734099059971
72.24  6.665246850217247
72.36  6.75155870863687
72.48  6.8295059063812635
72.6  6.898937748812144
72.72  6.959716920802039
72.84  7.0117197701948415
72.96  7.0548365679065235
73.08  7.088971744098897
73.2  7.114044099903676
73.32  7.129986994218733
73.44  7.136748505144524
73.56  7.134291565675732
73.67999999999999  7.12259407331106
73.8  7.101648973292729
73.92  7.071464315237009
74.03999999999999  7.032063282966714
74.16  6.983484197407672
74.28  6.925780492461823
74.39999999999999  6.859020663821044
74.52  6.783288190737561
74.64  6.69868143081807
74.75999999999999  6.6053134879608235
74.88  6.503312053606052
75.0  6.392819221522036
75.11999999999999  6.273991276399787
75.24  6.146998456580159
75.36  6.012024691287619
75.48  5.869267312794134
75.6  5.718936743985846
75.72  5.561256161853086
75.84  5.396461137471817
75.96  5.224799253090158
76.08  5.04652969697943
76.2  4.86192283675285
76.32  4.671259771897378
76.44  4.4748318663057205
76.56  4.272940261635713
76.67999999999999  4.065895372361811
76.8  3.854016363420609
76.92  3.637630611387627
77.03999999999999  3.4170731501549887
77.16  3.1926861021116224
77.28  2.9648180958575123
77.39999999999999  2.7338236715098674
77.52  2.5000626746857106
77.64  2.263899640268894
77.75999999999999  2.0257031670896977
77.88  1.7858452846656836
78.0  1.5447008131690088
78.11999999999999  1.3026467177994578
78.24  1.0600614587559243
78.36  0.8173243380085509
78.48  0.5748148440815074
78.6  0.33291199606216393
78.72  0.09199368805492047
78.84  0.0
78.96  0.0
79.08  0.0
79.2  0.0
79.32  0.0
79.44  0.0
79.56  0.0
79.67999999999999  0.0
79.8  0.0
79.92  0.0
80.03999999999999  0.0
80.16  0.0
80.28  0.0
80.39999999999999  0.0
80.52  0.0
80.64  0.0
80.75999999999999  0.0
80.88  0.0
81.0  0.0
81.11999999999999  0.0
81.24  0.0
81.36  0.0
81.48  0.0
81.6  0.0
81.72  0.0
81.84  0.0
81.96  0.0
82.08  0.0
82.2  0.0
82.32  0.0
82.44  0.0
82.56  0.0
82.67999999999999  0.0
82.8  0.0
82.92  0.0
83.03999999999999  0.0
83.16  0.0
83.28  0.0
83.39999999999999  0.0
83.52  0.0
83.64  0.0
83.75999999999999  0.0
83.88  0.0
84.0  0.0
84.11999999999999  0.0
84.24  0.0
84.36  0.0
84.47999999999999  0.0
84.6  0.0
84.72  0.0
84.84  0.0
84.96  0.0
85.08  0.0
85.2  0.0
85.32  0.0
85.44  0.0
85.56  0.0
85.67999999999999  0.0
85.8  0.0
85.92  0.0
86.03999999999999  0.0
86.16  0.0
86.28  0.0
86.39999999999999  0.0
86.52  0.0
86.64  0.0
86.75999999999999  0.0
86.88  0.0
87.0  0.0
87.11999999999999  0.0
87.24  0.0
87.36  0.0
87.47999999999999  0.0
87.6  0.0
87.72  0.0
87.84  0.0540176014118785
87.96  0.255529101386053
88.08  0.4559423321132383
88.2  0.6549303717625055
88.32  0.852171046865732
88.44  1.0473475046480134
88.56  1.2401487731089857
88.67999999999999  1.4302703078010273
88.8  1.6174145242772684
88.92  1.8012913152127996
89.03999999999999  1.9816185512356796
89.16  2.1581225645372717
89.28  2.330538614367863
89.39999999999999  2.4986113335617004
89.52  2.6620951552740166
89.64  2.82075471915421
89.75999999999999  2.9743652562216765
89.88  3.1227129517544876
90.0  3.265595285546301
90.11999999999999  3.4028213489335206
90.24  3.5342121380420233
90.36  3.6596008227513144
90.47999999999999  3.7788329909237017
90.6  3.8917668674963246
90.72  3.9982735080846314
90.84  4.0982369667981144
90.96  4.191554438020982
91.08  4.2781363719629955
91.2  4.357906563838826
91.32  4.43080221658738
91.44  4.496773977095507
91.56  4.555785945943919
91.67999999999999  4.607815660746093
91.8  4.652854053203745
91.92  4.69090538005479
92.03999999999999  4.721987128141991
92.16  4.746129893881519
92.28  4.763377237461938
92.39999999999999  4.773785512153477
92.52  4.777423669157303
92.64  4.774373038472041
92.75999999999999  4.7647270863023765
92.88  4.748591149580034
93.0  4.726082148212704
93.11999999999999  4.697328275719184
93.24  4.66246866895147
93.36  4.621653057644476
93.47999999999999  4.575041394573326
93.6  4.522803467134812
93.72  4.465118491205406
93.84  4.402174688161469
93.96  4.334168845979332
94.08  4.261305865362278
94.2  4.183798291869577
94.32  4.101865835048232
94.44  4.015734875591419
94.56  3.9256379615699735
94.67999999999999  3.8318132948010803
94.8  3.7345042084368556
94.92  3.6339586368691266
95.03999999999999  3.530428579060017
95.16  3.4241695564172496
95.28  3.3154400663422705
95.39999999999999  3.2045010325830385
95.52  3.0916152535283863
95.64  2.9770468495802076
95.75999999999999  2.861060710739152
95.88  2.7439219455350696
96.0  2.625895332428062
96.11999999999999  2.5072447747964715
96.24  2.388232760618452
96.36  2.2691198279401408
96.47999999999999  2.1501640372084556
96.6  2.031620451529014
96.72  1.9137406258905096
96.84  1.7967721063744087
96.96  1.6809579403461277
97.08  1.5665361985974662
97.2  1.4537395103825308
97.32  1.3427946122600922
97.44  1.2339219116235167
97.56  1.1273350657671226
97.67999999999999  1.0232405773018285
97.8  0.9218374066978037
97.92  0.8233166026930788
98.03999999999999  0.7278609512682951
98.16  0.6356446438463722
98.28  0.5468329653350329
98.39999999999999  0.4615820025856494
98.52  0.38003837379863925
98.64  0.3023389793601521
98.75999999999999  0.2286107745483894
98.88  0.15897056450123037
99.0  0.09352482178952526
99.11999999999999  0.032369526891391165
99.24  0.0
99.36  0.0
99.47999999999999  0.0
99.6  0.0
99.72  0.0
99.84  0.0
99.96  0.0
100.08  0.0
100.2  0.0
100.32  0.0
100.44  0.0
100.56  0.0
100.67999999999999  0.0
100.8  0.0
100.92  0.0
101.03999999999999  0.0
101.16  0.0
101.28  0.0
101.39999999999999  0.0
101.52  0.0
101.64  0.0
101.75999999999999  0.0
101.88  0.0
102.0  0.0
102.11999999999999  0.0
102.24  0.00795577817729401
102.36  0.06016301957835757
102.47999999999999  0.11516667229167682
102.6  0.17279107672599237
102.72  0.23285543889811589
102.83999999999999  0.2951742698368559
102.96  0.3595578335842657
103.08  0.4258126028054703
103.2  0.4937417210051704
103.32  0.563145470337669
103.44  0.6338217439883911
103.56  0.7055665220972578
103.67999999999999  0.7781743501908653
103.8  0.8514388190863456
103.92  0.9251530452308403
104.03999999999999  0.9991101504412022
104.16  1.073103740013802
104.28  1.1469283781789832
104.39999999999999  1.2203800598847305
104.52  1.2932566779030203
104.64  1.3653584842660151
104.75999999999999  1.4364885450531921
104.88  1.5064531875674168
105.0  1.5750624389565444
105.11999999999999  1.6421304553578233
105.24  1.7074759406644073
105.36  1.7709225540382143
105.47999999999999  1.8322993053189651
105.6  1.891440937507329
105.72  1.9481882955294842
105.83999999999999  2.002388680521461
105.96  2.05389618890465
106.08  2.1025720355570447
106.2  2.14828486042155
106.32  2.1909110179281064
106.44  2.2303348486456986
106.56  2.266448932618038
106.67999999999999  2.29915432387856
106.8  2.3283607656799314
106.92  2.353986886016618
107.03999999999999  2.3759603730610146
107.16  2.394218130177856
107.28  2.4087064102252373
107.39999999999999  2.419380928895656
107.52  2.426206956895345
107.64  2.4291593908057254
107.75999999999999  2.4282228025161827
107.88  2.4233914671635204
108.0  2.41466936955885
108.11999999999999  2.4020701891287075
108.24  2.3856172634424837
108.36  2.365343530443808
108.47999999999999  2.341291449548314
108.6  2.3135129018147933
108.72  2.282069069440687
108.83999999999999  2.2470302948763496
108.96  2.2084759198946786
109.08  2.16649410499538
109.2  2.1211816295630777
109.32  2.072643673239161
109.44  2.020993579005738
109.56  1.9663525985181853
109.67999999999999  1.9088496202587377
109.8  1.848620881119567
109.92  1.7858096620569948
110.03999999999999  1.7205659684914874
110.16  1.6530461961585639
110.28  1.583412783145696
110.39999999999999  1.5118338488776093
110.52  1.438482820838801
110.64  1.3635380498464764
110.75999999999999  1.2871824147097886
110.88  1.2096029171319
111.0  1.1309902677308246
111.11999999999999  1.051538464071799
111.24  0.9714443616189752
111.36  0.8909072385283228
111.47999999999999  0.810128355213773
111.6  0.7293105096290775
111.72  0.6486575892143964
111.83999999999999  0.5683741204624001
111.96  0.48866481706166376
112.08  0.4097341275769929
112.2  0.3317857836247312
112.32  0.2550223494994147
112.44  0.1796447742022591
112.56  0.10585194681675303
112.67999999999999  0.03384025616629582
112.8  0.0
112.92  0.0
113.03999999999999  0.0
113.16  0.0
113.28  0.0
113.39999999999999  0.0
113.52  0.0
113.64  0.0
113.75999999999999  0.0
113.88  0.0
114.0  0.0
114.11999999999999  0.0
114.24  0.0
114.36  0.0
114.47999999999999  0.0
114.6  0.0
114.72  0.0
114.83999999999999  0.0
114.96  0.0
115.08  0.0
115.19999999999999  0.0
115.32  0.0
115.44  0.0
115.56  0.0
115.67999999999999  0.0
115.8  0.0
115.92  0.0
116.03999999999999  0.0
116.16  0.0
116.28  0.0
116.39999999999999  0.0
116.52  0.0
116.64  0.0
116.75999999999999  0.0
116.88  0.0
117.0  0.0
117.11999999999999  0.0
117.24  0.0
117.36  0.07245161054415095
117.47999999999999  0.16093481040956445
117.6  0.25319925574135693
117.72  0.34910498258727246
117.83999999999999  0.44850404392595594
117.96  0.5512407842296316
118.08  0.6571521296885614
118.19999999999999  0.7660678934966259
118.32  0.8778110955678919
118.44  0.9921982960258753
118.56  1.1090399417805632
118.67999999999999  1.2281407254831969
118.8  1.3492999561247072
118.92  1.4723119405219984
119.03999999999999  1.596966374915484
119.16  1.7230487458825428
119.28  1.8503407397541098
119.39999999999999  1.9786206597065252
119.52  2.1076638496865128
119.64  2.2372431243155315
119.75999999999999  2.36712920390921
119.88  2.4970911537393135
120.0  2.6268968266589248
