0.0  12.795018260745387  100.0
0.12  12.893107942159418
0.24  12.979648001365268
0.36  13.054524822876632
0.48  13.117644242929803
0.6  13.168931672439435
0.72  13.208332183108688
0.84  13.235810556640633
0.96  13.251351297072643
1.08  13.254958606329996
1.2  13.246656323168953
1.3199999999999998  13.226487825753082
1.44  13.194515898179144
1.56  13.15082256134082
1.68  13.095508868589027
1.7999999999999998  13.02869466671725
1.92  12.950518322868303
2.04  12.86113641802563
2.16  12.760723407817187
2.28  12.649471251423233
2.4  12.527589009440618
2.52  12.395302411615491
2.6399999999999997  12.25285339541349
2.76  12.100499616451438
2.88  11.938513931866998
3.0  11.767183857752997
3.12  11.58681100183047
3.2399999999999998  11.397710472579432
3.36  11.200210266088535
3.48  10.994650631923983
3.5999999999999996  10.78138341935457
3.7199999999999998  10.560771405303141
3.84  10.3331876054252
3.96  10.099014569742794
4.08  9.858643664286042
4.2  9.612474340215797
4.32  9.36091339191881
4.4399999999999995  9.104374205581585
4.56  8.843275999760449
4.68  8.578043059473755
4.8  8.30910396534707
4.92  8.036890819343993
5.04  7.761838468613789
5.16  7.484383728982429
5.279999999999999  7.204964609605719
5.3999999999999995  6.924019540292237
5.52  6.641986602989768
5.64  6.359302768911631
5.76  6.076403142759306
5.88  5.793720215474433
6.0  5.511683126927428
6.12  5.2307169399209865
6.24  4.951241926855227
6.359999999999999  4.673672870366978
6.4799999999999995  4.398418379218893
6.6  4.125880220674738
6.72  3.8564526705555915
6.84  3.59052188212769
6.96  3.328465274926483
7.08  3.070650944573354
7.199999999999999  2.8174370945912477
7.319999999999999  2.5691714911734875
7.4399999999999995  2.326190941806429
7.56  2.0888207985913194
7.68  1.8573744870539948
7.8  1.6321530611731214
7.92  1.4134447852984062
8.04  1.2015247435699696
8.16  0.9966544773889239
8.28  0.7990816514273051
8.4  0.6090397486027996
8.52  0.4267477943808593
8.64  0.252410110703178
8.76  0.08621609977804257
8.879999999999999  0.0
9.0  0.0
9.12  0.0
9.24  0.0
9.36  0.0
9.48  0.0
9.6  0.0
9.719999999999999  0.0
9.84  0.0
9.959999999999999  0.0
10.08  0.0
10.2  0.0
10.32  0.0
10.44  0.0
10.559999999999999  0.0
10.68  0.0
10.799999999999999  0.0
10.92  0.0
11.04  0.0
11.16  0.0
11.28  0.0
11.4  0.0
11.52  0.0
11.639999999999999  0.0
11.76  0.0
11.879999999999999  0.0
12.0  0.0
12.12  0.0
12.24  0.0
12.36  0.0
12.48  0.0
12.6  0.0
12.719999999999999  0.0
12.84  0.0
12.959999999999999  0.0
13.08  0.0
13.2  0.020771070655135837
13.32  0.1595839503258476
13.44  0.30313020377086186
13.559999999999999  0.4511332556193113
13.68  0.6033136779476023
13.799999999999999  0.7593897388147612
13.92  0.9190779471481296
14.04  1.082093592879839
14.16  1.2481512812572846
14.28  1.4169654602753816
14.399999999999999  1.588250940205478
14.52  1.7617234042246603
14.639999999999999  1.9370999091802603
14.76  2.114099375557209
14.879999999999999  2.292443065750537
15.0  2.471855049781828
15.12  2.65206265763627
15.24  2.8327969174366907
15.36  3.0137929787117326
15.479999999999999  3.1947905200576665
15.6  3.3755341405367916
15.719999999999999  3.5557737341998426
15.84  3.735264847165456
15.959999999999999  3.9137690167359667
16.08  4.091054092076079
16.2  4.266894536028612
16.32  4.441071707689806
16.439999999999998  4.61337412541536
16.56  4.783597709977351
16.68  4.95154600764106
16.8  5.117030392980308
16.919999999999998  5.27987025129847
17.04  5.439893140571698
17.16  5.596934932879024
17.28  5.750839935332641
17.4  5.901460990568904
17.52  6.04865955690791
17.64  6.192305768335556
17.759999999999998  6.332278474507633
17.88  6.468465261019832
18.0  6.600762450231017
18.12  6.729075082969524
18.24  6.853316881493141
18.36  6.973410194113405
18.48  7.08928592193295
18.599999999999998  7.200883428181743
18.72  7.308150430673172
18.84  7.41104287793475
18.96  7.5095248096000615
19.08  7.603568201678907
19.2  7.693152797350862
19.32  7.778265923954066
19.439999999999998  7.858902296865606
19.56  7.935063810992493
19.68  8.006759320612774
19.8  8.074004408325004
19.919999999999998  8.136821143880688
20.04  8.195237833688754
20.16  8.249288761793448
20.279999999999998  8.299013923137101
20.4  8.3444587499274
20.52  8.38567383193459
20.64  8.42271463154787
20.759999999999998  8.45564119442184
20.88  8.484517856543558
21.0  8.509412948547936
21.119999999999997  8.53039849810497
21.24  8.547549931195338
21.36  8.560945773082413
21.48  8.570667349778141
21.599999999999998  8.576798490787573
21.72  8.579425233902615
21.84  8.578635532799135
21.96  8.574518968173756
22.08  8.567166463136799
22.2  8.556670003556585
22.32  8.543122364027411
22.439999999999998  8.52661684010887
22.56  8.507246987458702
22.68  8.485106368453721
22.8  8.460288306865198
22.919999999999998  8.43288565112527
23.04  8.402990546690058
23.16  8.370694217973655
23.279999999999998  8.336086760294073
23.4  8.299256942238923
23.52  8.260292018824167
23.64  8.219277555784323
23.759999999999998  8.176297265297091
23.88  8.131432853409116
24.0  8.08476387939372
24.119999999999997  8.036367627234277
24.24  7.986318989390622
24.36  7.934690362968748
24.48  7.881551558377266
24.599999999999998  7.826969720517559
24.72  7.771009262517845
24.84  7.7137318119854035
24.96  7.655196169715287
25.08  7.595458280758686
25.2  7.5345712177193205
25.32  7.472585176112293
25.439999999999998  7.409547481586475
25.56  7.34550260877914
25.68  7.280492211540032
25.8  7.21455516423147
25.919999999999998  7.14772761378168
26.04  7.080043042140242
26.16  7.011532338757441
26.279999999999998  6.942223882683303
26.4  6.872143633857925
26.52  6.801315233141129
26.64  6.729760110608304
26.759999999999998  6.6574976016185605
26.88  6.584545070143183
27.0  6.510918038824837
27.119999999999997  6.4366303252228185
27.24  6.361694183685602
27.36  6.286120452279925
27.48  6.209918704195031
27.599999999999998  6.133097403032048
27.72  6.055664061381308
27.84  5.977625402085298
27.959999999999997  5.898987521581115
28.08  5.819756054714654
28.2  5.739936340418627
28.32  5.659533587647991
28.439999999999998  5.578553040969927
28.56  5.497000145210305
28.68  5.414880708565473
28.799999999999997  5.33220106359637
28.919999999999998  5.248968225532025
29.04  5.1651900473210235
29.16  5.080875370882542
29.279999999999998  4.99603417402313
29.4  4.910677712501497
29.52  4.824818656740868
29.64  4.738471222707367
29.759999999999998  4.651651296492728
29.88  4.564376552161191
30.0  4.476666562442599
30.119999999999997  4.38854290187747
30.24  4.30002924204423
30.36  4.211151438524471
30.48  4.121937609288331
30.599999999999998  4.032418204209574
30.72  3.9426260654475564
30.84  3.852596478462306
30.959999999999997  3.762367213457698
31.08  3.6719785570777184
31.2  3.581473334210732
31.32  3.49089691978707
31.439999999999998  3.4002972404860166
31.56  3.309724766298983
31.68  3.2192324919265305
31.799999999999997  3.1288759080179194
31.919999999999998  3.0387129622923617
32.04  2.9488040106120224
32.16  2.8592117581069987
32.28  2.7700011904823785
32.4  2.6812394956673495
32.519999999999996  2.592995975994937
32.64  2.5053419511298123
32.76  2.4183506519891416
32.879999999999995  2.3320971059285407
33.0  2.2466580134916034
33.12  2.162111617046629
33.24  2.078537561658721
33.36  1.9960167485688203
33.48  1.9146311816735062
33.6  1.8344638074207726
33.72  1.7555983485567952
33.839999999999996  1.6781191321775688
33.96  1.6021109125568915
34.08  1.527658689238161
34.199999999999996  1.4548475208922573
34.32  1.3837623354572846
34.44  1.3144877370877133
34.56  1.2471078104508688
34.68  1.1817059229178832
34.8  1.1183645252032934
34.92  1.0571649510135472
35.04  0.9981872162690436
35.16  0.9415098184666542
35.28  0.8872095367514071
35.4  0.8353612332649853
35.519999999999996  0.7860376563372269
35.64  0.7393092460827899
35.76  0.6952439429603281
35.879999999999995  0.6539069998447026
36.0  0.6153607981545994
36.12  0.5796646685682509
36.24  0.546874716848678
36.36  0.5170436552875632
36.48  0.4902206402624243
36.6  0.4664511163867595
36.72  0.44577666771593316
36.839999999999996  0.42823487645368985
36.96  0.41385918958484047
37.08  0.40267879383947935
37.199999999999996  0.39471849937238046
37.32  0.38999863251883293
37.44  0.38853493796439786
37.559999999999995  0.3903384906417997
37.68  0.3954156176425274
37.8  0.4037678304047676
37.92  0.41539176741218764
38.04  0.43027914761060115
38.16  0.44841673472138455
38.28  0.46978631260175785
38.4  0.49436467177303434
38.519999999999996  0.5221236072084166
38.64  0.5530299274421457
38.76  0.5870454750319338
38.879999999999995  0.6241271583765895
39.0  0.6642269948604813
39.12  0.7072921652666395
39.24  0.7532650793702782
39.36  0.8020834525948031
39.48  0.853680393582998
39.6  0.9079845025069371
39.72  0.9649199799116135
39.839999999999996  1.0244067458592336
39.96  1.0863605691134375
40.08  1.1506932060760113
40.199999999999996  1.2173125491626025
40.32  1.2861227842784984
40.44  1.3570245570312172
40.559999999999995  1.4299151472933167
40.68  1.5046886517060312
40.8  1.5812361736933507
40.92  1.6594460205357005
41.04  1.7392039070331633
41.16  1.820393165270729
41.28  1.9028949599809621
41.4  1.986588508984783
41.519999999999996  2.07135130817671
41.64  2.1570593605087507
41.76  2.243587408415892
41.879999999999995  2.3308091691167916
42.0  2.4185975722149373
42.12  2.5068249990191345
42.239999999999995  2.5953635229973204
42.36  2.684085150773885
42.48  2.7728620630790326
42.6  2.861566855058414
42.72  2.950072775352244
42.839999999999996  3.038253963356266
42.96  3.1259856840809808
43.08  3.213144560031655
43.199999999999996  3.299608799539183
43.32  3.3852584209804344
43.44  3.4699754723377962
43.559999999999995  3.5536442455590707
43.68  3.6361514851925274
43.8  3.7173865907865977
43.92  3.797241812560001
44.04  3.87561243986543
44.16  3.9523969819887577
44.28  4.027497340845786
44.4  4.100818975159652
44.519999999999996  4.172271055724455
44.64  4.241766611383881
44.76  4.30922266537814
44.879999999999995  4.3745603617378634
45.0  4.437705081429672
45.12  4.498586547985334
45.239999999999995  4.557138922374177
45.36  4.613300886906649
45.48  4.667015717986215
45.6  4.718231347556151
45.72  4.766900413117788
45.839999999999996  4.812980296227118
45.96  4.856433149407268
46.08  4.897225911445183
46.199999999999996  4.935330311071684
46.32  4.970722859055126
46.44  5.003384828769729
46.559999999999995  5.033302225330418
46.68  5.060465743416576
46.8  5.084870713937328
46.92  5.1065170397209965
47.04  5.125409120440553
47.16  5.141555767015962
47.28  5.154970105762603
47.4  5.165669472582292
47.519999999999996  5.173675297520556
47.64  5.179012980039572
47.76  5.181711755381284
47.879999999999995  5.181804552419372
48.0  5.179327843421678
48.12  5.174321486166731
48.239999999999995  5.1668285588787155
48.36  5.156895188464697
48.48  5.144570372556425
48.6  5.129905795875534
48.72  5.112955641456992
48.839999999999996  5.093776397279317
48.96  5.072426658863044
49.08  5.048966928409923
49.199999999999996  5.0234594110648665
49.32  4.995967808890995
49.44  4.966557113154137
49.559999999999995  4.9352933955183875
49.68  4.902243598757284
49.8  4.867475327586796
49.92  4.831056640226216
50.04  4.793055841291328
50.16  4.753541276620804
50.28  4.7125811306316825
50.4  4.670243226793113
50.519999999999996  4.626594831799399
50.64  4.581702464012963
50.76  4.535631706737007
50.879999999999995  4.488447026863848
51.0  4.440211599430919
51.12  4.390987138599751
51.239999999999995  4.340833735556082
51.36  4.2898097038100635
51.48  4.237971432355091
51.6  4.185373247122261
51.72  4.132067281144327
51.839999999999996  4.078103353819018
51.96  4.023528859636048
52.08  3.9683886667059154
52.199999999999996  3.9127250254010506
52.32  3.856577487391491
52.44  3.799982835328068
52.559999999999995  3.7429750233958115
52.68  3.68558512892979
52.8  3.6278413152539244
52.919999999999995  3.569768805871198
53.04  3.511389870101635
53.16  3.4527238202309514
53.28  3.393787020200028
53.4  3.3345929058316326
53.519999999999996  3.275152016557423
53.64  3.215472038574479
53.76  3.155557859327235
53.879999999999995  3.0954116331769868
54.0  3.035032858088128
54.12  2.9744184631272956
54.239999999999995  2.9135629065389015
54.36  2.8524582841288244
54.48  2.791094447656304
54.6  2.729459132903345
54.72  2.667538097060959
54.839999999999996  2.6053152650422633
54.96  2.5427728843041906
55.08  2.479891687732189
55.199999999999996  2.4166510641160586
55.32  2.3530292357199967
55.44  2.289003442425923
55.559999999999995  2.224550131906657
55.68  2.1596451552640907
55.8  2.0942639675479224
55.919999999999995  2.0283818325517267
56.04  1.96197403126674
56.16  1.8950160733581902
56.28  1.8274839110152832
56.4  1.7593541545144744
56.519999999999996  1.6906042888247312
56.64  1.6212128905757326
56.76  1.5511598447025607
56.879999999999995  1.4804265600761688
57.0  1.4089961834254845
57.12  1.3368538108558758
57.239999999999995  1.263986696269598
57.36  1.1903844559961276
57.48  1.1160392689450127
57.599999999999994  1.0409460715999084
57.72  0.9651027471810066
57.839999999999996  0.8885103083130141
57.96  0.8111730725475105
58.08  0.7330988301029651
58.199999999999996  0.6542990032005431
58.32  0.5747887963917349
58.44  0.49458733729272736
58.559999999999995  0.41371780716131656
58.68  0.3322075607748032
58.8  0.2500882350911604
58.919999999999995  0.1673958462017765
59.04  0.08417087411114643
59.16  0.00045833490745073036
59.28  0.0
59.4  0.0
59.519999999999996  0.0
59.64  0.0
59.76  0.0
59.879999999999995  0.0
60.0  0.0
60.12  0.0
60.239999999999995  0.0
60.36  0.0
60.48  0.0
60.599999999999994  0.0
60.72  0.0
60.839999999999996  0.0
60.96  0.0
61.08  0.0
61.199999999999996  0.0
61.32  0.0
61.44  0.0
61.559999999999995  0.0
61.68  0.0
61.8  0.0
61.919999999999995  0.0
62.04  0.0
62.16  0.0
62.28  0.0
62.4  0.0
62.519999999999996  0.0
62.64  0.0
62.76  0.0
62.879999999999995  0.0
63.0  0.0
63.12  0.0
63.239999999999995  0.0
63.36  0.0
63.48  0.0
63.599999999999994  0.0
63.72  0.0
63.839999999999996  0.0
63.96  0.0
64.08  0.0
64.2  0.0
64.32  0.0
64.44  0.0
64.56  0.0
64.67999999999999  0.0
64.8  0.0
64.92  0.0
65.03999999999999  0.0
65.16  0.0
65.28  0.0
65.39999999999999  0.0
65.52  0.0
65.64  0.0
65.75999999999999  0.0
65.88  0.0
66.0  0.0
66.12  0.0
66.24  0.0
66.36  0.0
66.48  0.0
66.6  0.0
66.72  0.0
66.84  0.0
66.96  0.0
67.08  0.0
67.2  0.0
67.32  0.0
67.44  0.0
67.56  0.0
67.67999999999999  0.0
67.8  0.0
67.92  0.0
68.03999999999999  0.0
68.16  0.0
68.28  0.0
68.39999999999999  0.004968149772087038
68.52  0.16755579752719907
68.64  0.33334815629845727
68.75999999999999  0.5021333288466647
68.88  0.673690800116199
69.0  0.8477917258536587
69.12  1.0241992427393205
69.24  1.2026687996115872
69.36  1.3829485093133045
69.48  1.5647795206373276
69.6  1.7478964097988032
69.72  1.9320275908116933
69.84  2.116895744098698
69.96  2.302218262616575
70.08  2.4877077147327595
70.2  2.6730723230438826
70.32  2.8580164582844443
70.44  3.0422411474316773
70.56  3.2254445950722306
70.67999999999999  3.407322717059284
70.8  3.5875696854513484
70.92  3.7658784836898755
71.03999999999999  3.9419414709412495
71.16  4.115450954497824
71.28  4.286099769105158
71.39999999999999  4.453581862057468
71.52  4.617592882879734
71.64  4.777830776394371
71.75999999999999  4.933996377952706
71.88  5.085794009595606
72.0  5.232932075894674
72.11999999999999  5.375123658215829
72.24  5.512087106139205
72.36  5.643546624764485
72.48  5.769232856629679
72.6  5.888883456971412
72.72  6.0022436610592855
72.84  6.10906684234278
72.96  6.2091150601595375
73.08  6.302159595765191
73.2  6.387981475460678
73.32  6.466371979610739
73.44  6.537133136367884
73.56  6.600078198939711
73.67999999999999  6.655032105263785
73.8  6.701831918982771
73.92  6.740327250644544
74.03999999999999  6.770380658085563
74.16  6.791868024992966
74.28  6.8046789166792685
74.39999999999999  6.808716912145426
74.52  6.803899911551819
74.64  6.790160418261954
74.75999999999999  6.767445794672837
74.88  6.735718491094914
75.0  6.694956246997384
75.11999999999999  6.645152263988114
75.24  6.586315349952888
75.36  6.518470033836168
75.48  6.441656650603938
75.6  6.355931395989341
75.72  6.261366350682948
75.84  6.158049473692076
75.96  6.046084564656493
76.08  5.925591194972431
76.2  5.79670460764156
76.32  5.6595755858268175
76.44  5.514370290163011
76.56  5.36127006493648
76.67999999999999  5.200471213313845
76.8  5.032184741866489
76.92  4.856636074703696
77.03999999999999  4.674064737592683
77.16  4.484724012509346
77.28  4.2888805631288545
77.39999999999999  4.0868140318281005
77.52  3.878816608836095
77.64  3.6651925742306606
77.75999999999999  3.4462578135395443
77.88  3.2223393077650213
78.0  2.9937745987088444
78.11999999999999  2.760911230530429
78.24  2.524106168527082
78.36  2.2837251961775364
78.48  2.040142291541242
78.6  1.793738984155187
78.72  1.5449036936163885
78.84  1.294031051083688
78.96  1.0415212049732232
79.08  0.7877791121625699
79.2  0.533213816055782
79.32  0.2782377128944442
79.44  0.023265807732658628
79.56  0.0
79.67999999999999  0.0
79.8  0.0
79.92  0.0
80.03999999999999  0.0
80.16  0.0
80.28  0.0
80.39999999999999  0.0
80.52  0.0
80.64  0.0
80.75999999999999  0.0
80.88  0.0
81.0  0.0
81.11999999999999  0.0
81.24  0.0
81.36  0.0
81.48  0.0
81.6  0.0
81.72  0.0
81.84  0.0
81.96  0.0
82.08  0.0
82.2  0.0
82.32  0.0
82.44  0.0
82.56  0.0
82.67999999999999  0.0
82.8  0.0
82.92  0.0
83.03999999999999  0.0
83.16  0.0
83.28  0.0
83.39999999999999  0.0
83.52  0.0
83.64  0.0
83.75999999999999  0.0
83.88  0.0
84.0  0.0
84.11999999999999  0.0
84.24  0.0
84.36  0.0
84.47999999999999  0.0
84.6  0.0
84.72  0.0
84.84  0.0
84.96  0.0
85.08  0.0
85.2  0.0
85.32  0.0
85.44  0.0
85.56  0.0
85.67999999999999  0.0
85.8  0.0
85.92  0.0
86.03999999999999  0.0
86.16  0.0
86.28  0.0
86.39999999999999  0.0
86.52  0.0
86.64  0.0
86.75999999999999  0.0
86.88  0.0
87.0  0.0
87.11999999999999  0.0
87.24  0.0
87.36  0.0
87.47999999999999  0.0
87.6  0.0
87.72  0.0
87.84  0.0
87.96  0.0
88.08  0.0
88.2  0.0
88.32  0.0
88.44  0.1496976265057801
88.56  0.3996125379890597
88.67999999999999  0.6488135279053817
88.8  0.8968648391639151
88.92  1.1433339173861647
89.03999999999999  1.3877922448864557
89.16  1.629816166649322
89.28  1.8689877066091274
89.39999999999999  2.1048953725556876
89.52  2.3371349480102674
89.64  2.565310269442096
89.75999999999999  2.7890339872241534
89.88  3.0079283087589683
90.0  3.2216257222402813
90.11999999999999  3.429769699555968
90.24  3.632015376878811
90.36  3.8280302115371945
90.47999999999999  4.017494613806124
90.6  4.2001025523099464
90.72  4.375562131781832
90.84  4.54359614198244
90.96  4.703942576639152
91.08  4.856355121329008
91.2  5.000603609292785
91.32  5.136474444234438
91.44  5.263770989227941
91.56  5.38231392092462
91.67999999999999  5.491941548326164
91.8  5.592510095462382
91.92  5.683893947387997
92.03999999999999  5.765985858989923
92.16  5.838697126173945
92.28  5.901957719078852
92.39999999999999  5.9557163770455865
92.52  5.999940665149607
92.64  6.034616992185167
92.75999999999999  6.059750590071818
92.88  6.075365454734178
93.0  6.0815042485879065
93.11999999999999  6.078228164845255
93.24  6.065616753934812
93.36  6.043767712409499
93.47999999999999  6.012796634796988
93.6  5.972836728924446
93.72  5.924038495327347
93.84  5.866569371427971
93.96  5.80061334124416
94.08  5.726370511461677
94.2  5.644056654775293
94.32  5.553902721473048
94.44  5.456154320305286
94.56  5.351071169746355
94.67999999999999  5.2389265208182385
94.8  5.120006552707479
94.92  4.994609742463387
95.03999999999999  4.863046210121502
95.16  4.725637040647653
95.28  4.582713584148718
95.39999999999999  4.4346167358404145
95.52  4.281696197307633
95.64  4.1243097206309525
95.75999999999999  3.9628223369903366
95.88  3.7976055713894166
96.0  3.6290366451740037
96.11999999999999  3.457497668043223
96.24  3.2833748212748595
96.36  3.1070575339047
96.47999999999999  2.9289376536142337
96.6  2.74940861409241
96.72  2.5688646006445057
96.84  2.3876997158237767
96.96  2.2063071468622613
97.08  2.025078336672171
97.2  1.8444021601813168
97.32  1.6646641077543736
97.44  1.4862454774357907
97.56  1.3095225777316635
97.67999999999999  1.1348659426232226
97.8  0.9626395604795727
97.92  0.793200118505736
98.03999999999999  0.6268962643288264
98.16  0.46406788628717344
98.28  0.3050454139476151
98.39999999999999  0.15014914033071491
98.52  0.0
98.64  0.0
98.75999999999999  0.0
98.88  0.0
99.0  0.0
99.11999999999999  0.0
99.24  0.0
99.36  0.0
99.47999999999999  0.0
99.6  0.0
99.72  0.0
99.84  0.0
99.96  0.0
100.08  0.0
100.2  0.0
100.32  0.0
100.44  0.0
100.56  0.0
100.67999999999999  0.0
100.8  0.0
100.92  0.0
101.03999999999999  0.0
101.16  0.0
101.28  0.0
101.39999999999999  0.0
101.52  0.0
101.64  0.0
101.75999999999999  0.0
101.88  0.0
102.0  0.0
102.11999999999999  0.0
102.24  0.0
102.36  0.0
102.47999999999999  0.0
102.6  0.0
102.72  0.0
102.83999999999999  0.0
102.96  0.0
103.08  0.0
103.2  0.0
103.32  0.0
103.44  0.0
103.56  0.0
103.67999999999999  0.0
103.8  0.0
103.92  0.0
104.03999999999999  0.10648008675217085
104.16  0.23776847559500042
104.28  0.37084156141215663
104.39999999999999  0.5053567712749716
104.52  0.6409691850418021
104.64  0.7773323307992837
104.75999999999999  0.9140989828014667
104.88  1.05092196014241
105.0  1.1874549243965031
105.11999999999999  1.3233531744644274
105.24  1.458274436868528
105.36  1.5918796497530279
105.47999999999999  1.7238337388584277
105.6  1.8538063837579402
105.72  1.9814727726657078
105.83999999999999  2.10651434415234
105.96  2.228619514133168
106.08  2.347484386526278
106.2  2.4628134460157485
106.32  2.574320231393382
106.44  2.6817279879974354
106.56  2.7847702978112494
106.67999999999999  2.8831916858365223
106.8  2.9767482014066102
106.92  3.0652079731622104
107.03999999999999  3.148351736469272
107.16  3.2259733321207613
107.28  3.297880175226576
107.39999999999999  3.363893693262767
107.52  3.4238497323187023
107.64  3.4775989306515687
107.75999999999999  3.5250070587295212
107.88  3.5659553250191127
108.0  3.6003406468479304
108.11999999999999  3.628075885750802
108.24  3.6490900467860836
108.36  3.6633284413880673
108.47999999999999  3.670752813402104
108.6  3.6713414280301038
108.72  3.665089123495761
108.83999999999999  3.6520073253214673
108.96  3.6321240231904683
109.08  3.605483710451306
109.2  3.572147286402915
109.32  3.5321919215813544
109.44  3.4857108863503328
109.56  3.432813343178781
109.67999999999999  3.373624103068148
109.8  3.308283346671723
109.92  3.2369463107253433
110.03999999999999  3.159782940485692
110.16  3.0769775089467215
110.28  2.988728203678347
110.39999999999999  2.895246682202311
110.52  2.7967575968895395
110.64  2.6934980904304022
110.75999999999999  2.585717262993893
110.88  2.473675612253813
111.0  2.3576444475202605
111.11999999999999  2.2379052792710064
111.24  2.1147491854315046
111.36  1.9884761558041522
111.47999999999999  1.859394416094056
111.6  1.7278197330248068
111.72  1.5940747020782857
111.83999999999999  1.4584880194311798
111.96  1.3213937396953168
112.08  1.1831305211006768
112.2  1.0440408597865733
112.32  0.9044703148914313
112.44  0.7647667261506854
112.56  0.6252794257302765
112.67999999999999  0.48635844603411227
112.8  0.3483537252340424
112.92  0.21161431227549893
113.03999999999999  0.07648757311277299
113.16  0.0
113.28  0.0
113.39999999999999  0.0
113.52  0.0
113.64  0.0
113.75999999999999  0.0
113.88  0.0
114.0  0.0
114.11999999999999  0.0
114.24  0.0
114.36  0.0
114.47999999999999  0.0
114.6  0.0
114.72  0.0
114.83999999999999  0.0
114.96  0.0
115.08  0.0
115.19999999999999  0.0
115.32  0.0
115.44  0.0
115.56  0.0
115.67999999999999  0.0
115.8  0.0
115.92  0.0
116.03999999999999  0.0
116.16  0.0
116.28  0.0
116.39999999999999  0.0
116.52  0.0
116.64  0.0
116.75999999999999  0.0
116.88  0.0
117.0  0.0
117.11999999999999  0.0
117.24  0.0
117.36  0.0
117.47999999999999  0.0
117.6  0.0
117.72  0.0
117.83999999999999  0.0
117.96  0.0
118.08  0.0
118.19999999999999  0.0
118.32  0.0
118.44  0.0
118.56  0.0
118.67999999999999  0.0
118.8  0.12438513311907085
118.92  0.2878105028004585
119.03999999999999  0.45564858660496554
119.16  0.6275838749346938
119.28  0.8032908151691898
119.39999999999999  0.9824344795634641
119.52  1.1646712539928596
119.64  1.3496495460717197
119.75999999999999  1.5370105111309194
119.88  1.726388794501214
120.0  1.91741328851429
