0.0  11.646291930235396  100.0
0.12  11.775385145226624
0.24  11.895542822948354
0.36  12.006572724385729
0.48  12.108296132411738
0.6  12.200548172492972
0.72  12.283178109955726
0.84  12.356049623265488
0.96  12.419041052817501
1.08  12.472045624781607
1.2  12.514971649590938
1.3199999999999998  12.547742694711218
1.44  12.570297731375062
1.56  12.58259125501424
1.68  12.584593379171395
1.7999999999999998  12.576289902722099
1.92  12.557682350287482
2.04  12.52878798576729
2.16  12.489639798972934
2.28  12.440286465389832
2.4  12.380792279147801
2.52  12.311237059327738
2.6399999999999997  12.231716029781788
2.76  12.1423396726929
2.88  12.043233556147785
3.0  11.934538136044896
3.12  11.81640853270595
3.2399999999999998  11.689014282605482
3.36  11.552539065678454
3.48  11.40718040870995
3.5999999999999996  11.253149365354483
3.7199999999999998  11.090670173374573
3.84  10.919979889729133
3.96  10.74132800418207
4.08  10.554976032139761
4.2  10.361197087463125
4.32  10.160275436035354
4.4399999999999995  9.952506030900475
4.56  9.738194029820091
4.68  9.51765429612635
4.8  9.291210883778158
4.92  9.059196507554738
5.04  8.821951999346004
5.16  8.579825751522696
5.279999999999999  8.333173148390706
5.3999999999999995  8.08235598675368
5.52  7.827741886625631
5.64  7.569703693150797
5.76  7.308618870801717
5.88  7.044868890937879
6.0  6.778838613816871
6.12  6.51091566615725
6.24  6.241489815357699
6.359999999999999  5.970952341480171
6.4799999999999995  5.699695408105874
6.6  5.428111433171893
6.72  5.156592460893217
6.84  4.885529535869764
6.96  4.615312080470795
7.08  4.346327276579886
7.199999999999999  4.078959452772377
7.319999999999999  3.813589477983971
7.4399999999999995  3.5505941627140336
7.56  3.2903456687900166
7.68  3.03321092870046
7.8  2.779551075483313
7.92  2.5297208841336607
8.04  2.284068225470692
8.16  2.0429335333777257
8.28  1.806649286301598
8.4  1.575539503868351
8.52  1.349919259441758
8.64  1.130094209418846
8.76  0.9163601400233223
8.879999999999999  0.7090025323228565
9.0  0.5082961461602956
9.12  0.3145046236516763
9.24  0.12788011286563206
9.36  0.0
9.48  0.0
9.6  0.0
9.719999999999999  0.0
9.84  0.0
9.959999999999999  0.0
10.08  0.0
10.2  0.0
10.32  0.0
10.44  0.0
10.559999999999999  0.0
10.68  0.0
10.799999999999999  0.0
10.92  0.0
11.04  0.0
11.16  0.0
11.28  0.0
11.4  0.0
11.52  0.0
11.639999999999999  0.0
11.76  0.0
11.879999999999999  0.0
12.0  0.0
12.12  0.0
12.24  0.0
12.36  0.0
12.48  0.0
12.6  0.0
12.719999999999999  0.0
12.84  0.0
12.959999999999999  0.0
13.08  0.0
13.2  0.0
13.32  0.0
13.44  0.0
13.559999999999999  0.0
13.68  0.0
13.799999999999999  0.0
13.92  0.0
14.04  0.0
14.16  0.0
14.28  0.11558081271253251
14.399999999999999  0.2860481816803083
14.52  0.46174807395987594
14.639999999999999  0.642392336979305
14.76  0.827687571203704
14.879999999999999  1.0173356372212818
15.0  1.2110341668359685
15.12  1.4084770772370965
15.24  1.6093550873179394
15.36  1.8133562352174795
15.479999999999999  2.0201663961644436
15.6  2.2294697997088386
15.719999999999999  2.440949545434141
15.84  2.6542881162529675
15.959999999999999  2.8691678884001393
16.08  3.0852716372500693
16.2  3.3022830380996497
16.32  3.5198871610738003
16.439999999999998  3.7377709593282695
16.56  3.9556237497431406
16.68  4.173137685320531
16.8  4.390008218521998
16.919999999999998  4.605934554803503
17.04  4.820620095630416
17.16  5.033772870279845
17.28  5.2451059557644975
17.4  5.454337884239348
17.52  5.661193037281139
17.64  5.865402026459995
17.759999999999998  6.0667020596529015
17.88  6.264837292579799
18.0  6.459559165074838
18.12  6.650626721638081
18.24  6.83780691584581
18.36  7.020874898231481
18.48  7.199614287283285
18.599999999999998  7.373817423239018
18.72  7.543285604393621
18.84  7.707829305669914
18.96  7.867268379238353
19.08  8.021432237006984
19.2  8.170160014838173
19.32  8.313300718384093
19.439999999999998  8.450713350468302
19.56  8.582267019975742
19.68  8.707841032248448
19.8  8.82732496101883
19.919999999999998  8.940618701946569
20.04  9.04763250785893
20.16  9.148287005827585
20.279999999999998  9.242513196247732
20.4  9.33025243411741
20.52  9.411456392746278
20.64  9.486087010153822
20.759999999999998  9.55411641844684
20.88  9.615526856495134
21.0  9.670310566252343
21.119999999999997  9.718469673096301
21.24  9.7600160505893
21.36  9.794971170083924
21.48  9.823365935624311
21.599999999999998  9.84524050461555
21.72  9.86064409475598
21.84  9.869634777747628
21.96  9.872279260319777
22.08  9.868652653118602
22.2  9.858838228033036
22.32  9.842927164542642
22.439999999999998  9.82101828568753
22.56  9.79321778427375
22.68  9.759638939938979
22.8  9.720401827713959
22.919999999999998  9.675633018724149
23.04  9.625465273683567
23.16  9.57003722983945
23.279999999999998  9.509493082030986
23.4  9.443982258529216
23.52  9.373659092327369
23.64  9.298682488551806
23.759999999999998  9.219215588663431
23.88  9.135425432117461
24.0  9.04748261614682
24.119999999999997  8.955560954329624
24.24  8.859837134596056
24.36  8.760490377322938
24.48  8.657702094156242
24.599999999999998  8.55165554819277
24.72  8.442535516141668
24.84  8.33052795307518
24.96  8.215819660365298
25.08  8.098597957389554
25.2  7.979050357574433
25.32  7.857364249329469
25.439999999999998  7.733726582408422
25.56  7.6083235602166965
25.68  7.481340338565895
25.8  7.352960731357321
25.919999999999998  7.223366923656577
26.04  7.092739192600915
26.16  6.961255636559919
26.279999999999998  6.829091912948285
26.4  6.696420985067435
26.52  6.563412878329672
26.64  6.430234446195718
26.759999999999998  6.297049146132556
26.88  6.164016825874883
27.0  6.031293520249073
27.119999999999997  5.899031258794195
27.24  5.767377884389956
27.36  5.636476883076827
27.48  5.5064672252285405
27.599999999999998  5.37748321821257
27.72  5.249654370649122
27.84  5.123105268354711
27.959999999999997  4.997955462031446
28.08  4.874319366738962
28.2  4.75230617316167
28.32  4.632019770659904
28.439999999999998  4.513558682070152
28.56  4.397016010196068
28.68  4.28247939590933
28.799999999999997  4.17003098775679
28.919999999999998  4.059747422948612
29.04  3.9516998195806585
29.16  3.845953779923551
29.279999999999998  3.742569404590637
29.4  3.641601317377581
29.52  3.5430987005473087
29.64  3.4471053403159644
29.759999999999998  3.3536596822779314
29.88  3.2627948964914553
30.0  3.174538951930356
30.119999999999997  3.0889146999922876
30.24  3.0059399667397173
30.36  2.925627653536435
30.48  2.8479858457297444
30.599999999999998  2.7730179290170183
30.72  2.70072271312428
30.84  2.631094562414957
30.959999999999997  2.5641235330376655
31.08  2.4997955162141823
31.2  2.4380923872615234
31.32  2.3789921599359367
31.439999999999998  2.3224691456814712
31.56  2.268494117361503
31.68  2.2170344770481734
31.799999999999997  2.168054427442516
31.919999999999998  2.1215151464962965
32.04  2.077374964806215
32.16  2.035589545351468
32.28  1.9961120651466688
32.4  1.9588933983845949
32.519999999999996  1.9238823006458046
32.64  1.8910255937563267
32.76  1.8602683508790059
32.879999999999995  1.8315540814296625
33.0  1.8048249154154568
33.12  1.7800217867997405
33.24  1.7570846155055315
33.36  1.7359524876780401
33.48  1.716563833835917
33.6  1.698856604550631
33.72  1.6827684433037275
33.839999999999996  1.6682368561827767
33.96  1.6551993780883822
34.08  1.6435937351367012
34.199999999999996  1.6333580029544894
34.32  1.6244307605768398
34.44  1.6167512396712147
34.56  1.6102594688252687
34.68  1.604896412650306
34.8  1.600604105466728
34.92  1.597325779352729
35.04  1.5950059863528252
35.16  1.5935907146578514
35.28  1.5930274985840318
35.4  1.593265522194077
35.519999999999996  1.5942557164194953
35.64  1.5959508495588786
35.76  1.598305611043149
35.879999999999995  1.6012766883747265
36.0  1.6048228371634368
36.12  1.6089049441980898
36.24  1.6134860835083316
36.36  1.6185315653873549
36.48  1.6240089783613576
36.6  1.6298882241072756
36.72  1.6361415453354327
36.839999999999996  1.6427435466688005
36.96  1.6496712085651075
37.08  1.6569038943426802
37.199999999999996  1.6644233503848325
37.32  1.672213699611508
37.44  1.680261428320117
37.559999999999995  1.688555366510772
37.68  1.6970866618234357
37.8  1.7058487472269412
37.92  1.7148373026113752
38.04  1.7240502104466633
38.16  1.7334875056809822
38.28  1.7431513200628346
38.4  1.7530458210804736
38.519999999999996  1.7631771457215484
38.64  1.7735533292645411
38.76  1.784184229321757
38.879999999999995  1.795081445361272
39.0  1.8062582339421387
39.12  1.817729419903781
39.24  1.8295113037563164
39.36  1.8416215655239163
39.48  1.8540791652979949
39.6  1.8669042407612282
39.72  1.880118001946958
39.839999999999996  1.893742623501602
39.96  1.9078011347199713
40.08  1.9223173076254192
40.199999999999996  1.9373155433679123
40.32  1.952820757213886
40.44  1.9688582624019177
40.559999999999995  1.9854536531378626
40.68  2.0026326870021514
40.8  2.020421167040564
40.92  2.0388448238078705
41.04  2.0579291976310734
41.16  2.0776995213563167
41.28  2.098180603839828
41.4  2.1193967144396018
41.519999999999996  2.14137146875997
41.64  2.164127715896615
41.76  2.187687427424233
41.879999999999995  2.212071588363658
42.0  2.237300090359017
42.12  2.263391627289371
42.239999999999995  2.2903635935325606
42.36  2.3182319850918534
42.48  2.3470113037888027
42.6  2.376714464717994
42.72  2.407352707151603
42.839999999999996  2.4389355090733758
42.96  2.47147050551348
43.08  2.5049634108468544
43.199999999999996  2.5394179452091814
43.32  2.574835765175338
43.44  2.6112163988364108
43.559999999999995  2.6485571854018617
43.68  2.686853219444215
43.8  2.726097299894087
43.92  2.7662798838840126
44.04  2.8073890455297703
44.16  2.8494104397283304
44.28  2.8923272710419585
44.4  2.9361202677282985
44.519999999999996  2.9807676609666296
44.64  3.026245169320857
44.76  3.0725259884702756
44.879999999999995  3.1195807862296108
45.0  3.1673777028703864
45.12  3.215882356746332
45.239999999999995  3.265057855216437
45.36  3.3148648108498664
45.48  3.365261362888254
45.6  3.4162032039318917
45.72  3.467643611807656
45.839999999999996  3.519533486568057
45.96  3.5718213925623803
46.08  3.624453605512849
46.199999999999996  3.6773741645206233
46.32  3.7305249289188414
46.44  3.7838456398823284
46.559999999999995  3.837273986696274
46.68  3.89074567757909
46.8  3.9441945149478044
46.92  3.9975524750078884
47.04  4.050749791542719
47.16  4.103715043772149
47.28  4.156375248143553
47.4  4.208655953913155
47.519999999999996  4.26048134237019
47.64  4.311774329551314
47.76  4.362456672287812
47.879999999999995  4.41244907742374
48.0  4.461671314038695
48.12  4.510042328505048
48.239999999999995  4.557480362205623
48.36  4.6039030717343
48.48  4.649227651398961
48.6  4.693370957843039
48.72  4.736249636599369
48.839999999999996  4.7777802503876
48.96  4.817879408964219
49.08  4.856463900332255
49.199999999999996  4.89345082311627
49.32  4.9287577199066215
49.44  4.962302711375848
49.559999999999995  4.994004630969252
49.68  5.02378315997086
49.8  5.0515589627456405
49.92  5.077253821958565
50.04  5.100790773571119
50.16  5.122094241416173
50.28  5.141090171152427
50.4  5.15770616340043
50.519999999999996  5.1718716058631395
50.64  5.183517804234738
50.76  5.192578111703168
50.879999999999995  5.198988056852978
51.0  5.2026854697769975
51.12  5.203610606207004
51.239999999999995  5.201706269475945
51.36  5.196917930126195
51.48  5.189193842980981
51.6  5.1784851614986716
51.72  5.164746049232339
51.839999999999996  5.1479337882201435
51.96  5.128008884134979
52.08  5.104935168025334
52.199999999999996  5.078679894482643
52.32  5.049213836074066
52.44  5.016511373883464
52.559999999999995  4.980550584007069
52.68  4.941313319854744
52.8  4.898785290111713
52.919999999999995  4.852956132219984
53.04  4.803819481243557
53.16  4.751373033985719
53.28  4.695618608231937
53.4  4.636562196996536
53.519999999999996  4.574214017656649
53.64  4.5085885558619525
53.76  4.439704604114312
53.879999999999995  4.367585294916708
54.0  4.292258128396637
54.12  4.213754994314929
54.239999999999995  4.132112188376626
54.36  4.047370422766895
54.48  3.9595748308409213
54.6  3.868774965902925
54.72  3.7750247940160917
54.839999999999996  3.6783826807915174
54.96  3.5789113721110004
55.08  3.476677968745313
55.199999999999996  3.3717538948362717
55.32  3.2642148602182495
55.44  3.1541408165615104
55.559999999999995  3.0416159073271705
55.68  2.9267284115308483
55.8  2.8095706813195154
55.919999999999995  2.6902390733733594
56.04  2.568833874152416
56.16  2.4454592190151585
56.28  2.3202230052439057
56.4  2.193236799020239
56.519999999999996  2.0646157364008473
56.64  1.9344784183529018
56.76  1.8029467999155244
56.879999999999995  1.670146073562394
57.0  1.5362045468485666
57.12  1.4012535144327085
57.239999999999995  1.265427124574207
57.36  1.1288622402129653
57.48  0.991698294747803
57.599999999999994  0.8540771426376436
57.72  0.7161429049581174
57.839999999999996  0.5780418100543486
57.96  0.4399220294386509
58.08  0.3019335090907108
58.199999999999996  0.16422779632524032
58.32  0.026957862400695254
58.44  0.0
58.559999999999995  0.0
58.68  0.0
58.8  0.0
58.919999999999995  0.0
59.04  0.0
59.16  0.0
59.28  0.0
59.4  0.0
59.519999999999996  0.0
59.64  0.0
59.76  0.0
59.879999999999995  0.0
60.0  0.0
60.12  0.0
60.239999999999995  0.0
60.36  0.0
60.48  0.0
60.599999999999994  0.0
60.72  0.0
60.839999999999996  0.0
60.96  0.0
61.08  0.0
61.199999999999996  0.0
61.32  0.0
61.44  0.0
61.559999999999995  0.0
61.68  0.0
61.8  0.0
61.919999999999995  0.0
62.04  0.0
62.16  0.0
62.28  0.0
62.4  0.0
62.519999999999996  0.0
62.64  0.0
62.76  0.0
62.879999999999995  0.0
63.0  0.0
63.12  0.0
63.239999999999995  0.0
63.36  0.0
63.48  0.0
63.599999999999994  0.0
63.72  0.0
63.839999999999996  0.0
63.96  0.0
64.08  0.0
64.2  0.0
64.32  0.0
64.44  0.0
64.56  0.0
64.67999999999999  0.0
64.8  0.0
64.92  0.0
65.03999999999999  0.0
65.16  0.0
65.28  0.0
65.39999999999999  0.0
65.52  0.0
65.64  0.0
65.75999999999999  0.0
65.88  0.0
66.0  0.0
66.12  0.0
66.24  0.0
66.36  0.0
66.48  0.0
66.6  0.0
66.72  0.0
66.84  0.0
66.96  0.0
67.08  0.0
67.2  0.0
67.32  0.0
67.44  0.0
67.56  0.07991475972102799
67.67999999999999  0.24674250473344786
67.8  0.4153328513528175
67.92  0.5854722219690416
68.03999999999999  0.756943418540922
68.16  0.9295258979028485
68.28  1.1029960547561477
68.39999999999999  1.2771275119938719
68.52  1.451691417990731
68.64  1.6264567504738943
68.75999999999999  1.8011906265756177
68.88  1.9756586186526448
69.0  2.1496250754430495
69.12  2.322853448117651
69.24  2.4951066207689454
69.36  2.666147244868146
69.48  2.8357380772084007
69.6  3.003642320841149
69.72  3.169623968501357
69.84  3.333448148007368
69.96  3.494881469111971
70.08  3.6536923712727507
70.2  3.8096514718015713
70.32  3.9625319138470103
70.44  4.11210971365706
70.56  4.258164106563952
70.67999999999999  4.400477891129832
70.8  4.5388377708877705
70.92  4.6730346931105355
71.03999999999999  4.802864184038694
71.16  4.92812667999867
71.28  5.0486278538421905
71.39999999999999  5.1641789361404955
71.52  5.274597030569065
71.64  5.37970542292223
71.75999999999999  5.479333883202269
71.88  5.573318960232827
72.0  5.661504268253495
72.11999999999999  5.7437407649604895
72.24  5.819887020466893
72.36  5.889809476665948
72.48  5.9533826964921115
72.6  6.01048960258617
72.72  6.061021704884016
72.84  6.1048793166623145
72.96  6.141971758589829
73.08  6.172217550348387
73.2  6.195544589404946
73.32  6.211890316533705
73.44  6.2212018677060055
73.56  6.223436211985382
73.67999999999999  6.218560275085562
73.8  6.206551048270334
73.92  6.18739568229659
74.03999999999999  6.161091566124237
74.16  6.127646390140647
74.28  6.087078193671224
74.39999999999999  6.039415396572623
74.52  5.984696814730936
74.64  5.922971659312652
74.75999999999999  5.854299519643482
74.88  5.7787503296164955
75.0  5.696404317559196
75.11999999999999  5.607351939516614
75.24  5.511693795935799
75.36  5.409540531765865
75.48  5.301012720016195
75.6  5.186240728844575
75.72  5.065364572275986
75.84  4.938533744682209
75.96  4.80590703918108
76.08  4.6676523501439835
76.2  4.523946460029009
76.32  4.374974810785977
76.44  4.220931260108462
76.56  4.0620178228367
76.67999999999999  3.89844439784288
76.8  3.730428480758534
76.92  3.558194862931329
77.03999999999999  3.3819753170249722
77.16  3.202008269702608
77.28  3.018538461860406
77.39999999999999  2.8318165969021334
77.52  2.64209897757085
77.64  2.449647131877801
77.75999999999999  2.2547274286903285
77.88  2.057610683564062
78.0  1.8585717554253307
78.11999999999999  1.6578891347295164
78.24  1.4558445237413338
78.36  1.25272240960046
78.48  1.0488096308534554
78.6  0.8443949381489311
78.72  0.6397685498075893
78.84  0.4352217029931721
78.96  0.23104620122162434
79.08  0.027533958957967286
79.2  0.0
79.32  0.0
79.44  0.0
79.56  0.0
79.67999999999999  0.0
79.8  0.0
79.92  0.0
80.03999999999999  0.0
80.16  0.0
80.28  0.0
80.39999999999999  0.0
80.52  0.0
80.64  0.0
80.75999999999999  0.0
80.88  0.0
81.0  0.0
81.11999999999999  0.0
81.24  0.0
81.36  0.0
81.48  0.0
81.6  0.0
81.72  0.0
81.84  0.0
81.96  0.0
82.08  0.0
82.2  0.0
82.32  0.0
82.44  0.0
82.56  0.0
82.67999999999999  0.0
82.8  0.0
82.92  0.0
83.03999999999999  0.0
83.16  0.0
83.28  0.0
83.39999999999999  0.0
83.52  0.0
83.64  0.0
83.75999999999999  0.0
83.88  0.0
84.0  0.0
84.11999999999999  0.0
84.24  0.0
84.36  0.0
84.47999999999999  0.0
84.6  0.0
84.72  0.0
84.84  0.0
84.96  0.0
85.08  0.0
85.2  0.0
85.32  0.0
85.44  0.0
85.56  0.0
85.67999999999999  0.0
85.8  0.0
85.92  0.0
86.03999999999999  0.0
86.16  0.0
86.28  0.0
86.39999999999999  0.0
86.52  0.0
86.64  0.0
86.75999999999999  0.0
86.88  0.0
87.0  0.0
87.11999999999999  0.0
87.24  0.0
87.36  0.0
87.47999999999999  0.0
87.6  0.0
87.72  0.0
87.84  0.0
87.96  0.0
88.08  0.0
88.2  0.0
88.32  0.0
88.44  0.1398822250475663
88.56  0.32684940461861767
88.67999999999999  0.5132728381005377
88.8  0.6988635900162194
88.92  0.8833351862209324
89.03999999999999  1.0664041062361922
89.16  1.2477902701135632
89.28  1.4272175189267295
89.39999999999999  1.6044140880009004
89.52  1.7791130719996724
89.64  1.9510528810038101
89.75999999999999  2.1199776867317275
89.88  2.2856378580684176
90.0  2.4477903850882803
90.11999999999999  2.606199290778019
90.24  2.7606360296873977
90.36  2.910879872759226
90.47999999999999  3.056718277615195
90.6  3.1979472436005736
90.72  3.334371650918382
90.84  3.465805583213499
90.96  3.592072632997437
91.08  3.7130061893362845
91.2  3.828449707257516
91.32  3.9382569583657427
91.44  4.042292262192235
91.56  4.140430697839767
91.67999999999999  4.2325582955213665
91.8  4.318572207629615
91.92  4.398380859011854
92.03999999999999  4.471904076166573
92.16  4.5390731951160825
92.28  4.599831147751647
92.39999999999999  4.654132526488205
92.52  4.7019436271077915
92.64  4.7432424697124045
92.75999999999999  4.778018797749628
92.88  4.806274055116221
93.0  4.828021341387867
93.11999999999999  4.843285345265089
93.24  4.852102256368289
93.36  4.854519655556234
93.47999999999999  4.850596383985044
93.6  4.840402391165432
93.72  4.824018562317514
93.84  4.801536525362783
93.96  4.773058437933067
94.08  4.738696754815152
94.2  4.698573976288581
94.32  4.652822377851651
94.44  4.601583721867105
94.56  4.5450089516955225
94.67999999999999  4.483257868917835
94.8  4.416498794283202
94.92  4.344908213049763
95.03999999999999  4.26867040541758
95.16  4.187977062781856
95.28  4.10302689056409
95.39999999999999  4.0140251984039566
95.52  3.9211834785216917
95.64  3.8247189730830633
95.75999999999999  3.724854231422004
95.88  3.6218166579956974
96.0  3.515838051966388
96.11999999999999  3.4071541393200167
96.24  3.2960040984479466
96.36  3.1826300801306466
96.47999999999999  3.0672767228738933
96.6  2.950190664557375
96.72  2.8316200513636507
96.84  2.7118140449602235
96.96  2.591022328912252
97.08  2.4694946153045034
97.2  2.3474801525510975
97.32  2.2252272353696414
97.44  2.1029827178918037
97.56  1.9809915308771189
97.67999999999999  1.8594962039875071
97.8  1.7387363940713159
97.92  1.6189484203928908
98.03999999999999  1.500364807730444
98.16  1.383213838248621
98.28  1.26771911303579
98.39999999999999  1.1540991241753729
98.52  1.0425668382003752
98.64  0.9333292917573071
98.75999999999999  0.8265872002806182
98.88  0.7225345804530622
99.0  0.6213583871997572
99.11999999999999  0.5232381659335927
99.24  0.42834572073978394
99.36  0.3368447991545003
99.47999999999999  0.24889079415908
99.6  0.16463046397658743
99.72  0.08420167022115982
99.84  0.007733134913497586
99.96  0.0
100.08  0.0
100.2  0.0
100.32  0.0
100.44  0.0
100.56  0.0
100.67999999999999  0.0
100.8  0.0
100.92  0.0
101.03999999999999  0.0
101.16  0.0
101.28  0.0
101.39999999999999  0.0
101.52  0.0
101.64  0.0
101.75999999999999  0.0
101.88  0.0
102.0  0.0
102.11999999999999  0.0
102.24  0.0
102.36  0.0
102.47999999999999  0.0
102.6  0.0
102.72  0.0
102.83999999999999  0.0
102.96  0.0
103.08  0.0
103.2  0.0
103.32  0.0
103.44  0.0
103.56  0.0
103.67999999999999  0.0
103.8  0.0
103.92  0.024847365486402484
104.03999999999999  0.09103699283120825
104.16  0.159386869367101
104.28  0.2297047586125568
104.39999999999999  0.3017948569583153
104.52  0.37545824159252716
104.64  0.4504933244893681
104.75999999999999  0.5266963114996155
104.88  0.6038616655711547
105.0  0.681782573118446
105.11999999999999  0.7602514125533633
105.24  0.8390602239845693
105.36  0.9180011790905509
105.47999999999999  0.9968670501703162
105.6  1.0754516773774407
105.72  1.1535504331465551
105.83999999999999  1.230960682826899
105.96  1.307482240545659
106.08  1.3829178193324156
106.2  1.4570734745492484
106.32  1.5297590396831136
106.44  1.600788553574382
106.56  1.6699806781713378
106.67999999999999  1.7371591059218416
106.8  1.8021529559330014
106.92  1.8647971580542277
107.03999999999999  1.924932824063187
107.16  1.9824076051616273
107.28  2.037076035015708
107.39999999999999  2.0887998576062228
107.52  2.137448339185163
107.64  2.182898563668495
107.75999999999999  2.225035710829262
107.88  2.263753316691318
108.0  2.2989535155607745
108.11999999999999  2.3305472631709447
108.24  2.358454540455846
108.36  2.38260453750786
108.47999999999999  2.402935817316801
108.6  2.4193964589298744
108.72  2.4319441797150456
108.83999999999999  2.4405464364547154
108.96  2.4451805050402062
109.08  2.445833538583544
109.2  2.4425026038076183
109.32  2.4351946956219273
109.44  2.4239267298370635
109.56  2.408725514017193
109.67999999999999  2.3896276965157095
109.8  2.366679693785788
109.92  2.339937596102997
110.03999999999999  2.309467051883352
110.16  2.2753431308249867
110.28  2.2376501661470947
110.39999999999999  2.196481576243728
110.52  2.1519396661141035
110.64  2.1041354089738986
110.75999999999999  2.0531882084945217
110.88  1.999225642158282
111.0  1.942383186258159
111.11999999999999  1.882803923110007
111.24  1.820638231082781
111.36  1.7560434580901736
111.47999999999999  1.6891835792215355
111.6  1.6202288392251343
111.72  1.5493553805888656
111.83999999999999  1.4767448579951303
111.96  1.4025840399558998
112.08  1.3270643984624892
112.2  1.2503816875099534
112.32  1.1727355113814812
112.44  1.094328883599636
112.56  1.0153677774735301
112.67999999999999  0.9360606691881637
112.8  0.8566180744004303
112.92  0.7772520793204435
113.03999999999999  0.698175867269746
113.16  0.6196032417189218
113.28  0.5417481468158631
113.39999999999999  0.46482418642185386
113.52  0.38904414267835763
113.64  0.31461949512830334
113.75999999999999  0.24175994141689092
113.88  0.17067292059454378
114.0  0.10156314004036487
114.11999999999999  0.03463210701880631
114.24  0.0
114.36  0.0
114.47999999999999  0.0
114.6  0.0
114.72  0.0
114.83999999999999  0.0
114.96  0.0
115.08  0.0
115.19999999999999  0.0
115.32  0.0
115.44  0.0
115.56  0.0
115.67999999999999  0.0
115.8  0.0
115.92  0.0
116.03999999999999  0.0
116.16  0.0
116.28  0.0
116.39999999999999  0.0
116.52  0.0
116.64  0.0
116.75999999999999  0.0
116.88  0.0
117.0  0.0
117.11999999999999  0.0
117.24  0.0
117.36  0.0
117.47999999999999  0.0
117.6  0.0
117.72  0.0
117.83999999999999  0.0
117.96  0.0
118.08  0.0015229210093268275
118.19999999999999  0.080098387280371
118.32  0.16310560959315346
118.44  0.250428354620154
118.56  0.3419403665267393
118.67999999999999  0.4375055778888709
118.8  0.5369783417435907
118.92  0.6402036843405223
119.03999999999999  0.7470175781188526
119.16  0.8572472343918618
119.28  0.9707114151794111
119.39999999999999  1.0872207635886486
119.52  1.2065781521036718
119.64  1.328579048107251
119.75999999999999  1.4530118959208949
119.88  1.5796585146146274
120.0  1.7082945108041063
