0.0  10.654744815183122  100.0
0.12  10.767338584768137
0.24  10.873354395669699
0.36  10.972633083299959
0.48  11.065023413796188
0.6  11.150382340449793
0.72  11.228575249922377
0.84  11.299476197821305
0.96  11.36296813322062
1.08  11.418943111727303
1.2  11.467302496707623
1.3199999999999998  11.507957148303957
1.44  11.540827599888473
1.56  11.56584422161711
1.68  11.582947370764513
1.7999999999999998  11.592087528538858
1.92  11.593225423094006
2.04  11.586332138475694
2.16  11.571389209258166
2.28  11.548388700647935
2.4  11.517333273852023
2.52  11.478236236529222
2.6399999999999997  11.431121578164491
2.76  11.376023990228584
2.88  11.312988871007244
3.0  11.242072315007103
3.12  11.163341086868193
3.2399999999999998  11.076872579736223
3.36  10.982754758071268
3.48  10.881086084892956
3.5999999999999996  10.771975433486121
3.7199999999999998  10.655541983614679
3.84  10.531915102315443
3.96  10.401234209367544
4.08  10.263648627557165
4.2  10.119317417881156
4.32  9.968409199857014
4.4399999999999995  9.8111019571305
4.56  9.647582828595668
4.68  9.478047885265607
4.8  9.302701893155323
4.92  9.121758062461142
5.04  8.935437783343556
5.16  8.74397034864286
5.279999999999999  8.547592663878648
5.3999999999999995  8.346548944905825
5.52  8.141090403620778
5.64  7.931474922131851
5.76  7.7179667158283225
5.88  7.5008359858014355
6.0  7.280358561089958
6.12  7.056815531240867
6.24  6.830492869693334
6.359999999999999  6.601681048510994
6.4799999999999995  6.370674645003605
6.6  6.1377719407945035
6.72  5.90327451390483
6.84  5.667486824439251
6.96  5.43071579447068
7.08  5.1932703827336155
7.199999999999999  4.955461154746734
7.319999999999999  4.717599848995546
7.4399999999999995  4.479998939815198
7.56  4.242971197621723
7.68  4.006829247147276
7.8  3.7718851243412366
7.92  3.538449832604234
8.04  3.306832899026343
8.16  3.077341931303882
8.28  2.850282176011355
8.4  2.6259560789059493
8.52  2.4046628479421486
8.64  2.186698019672639
8.76  1.9723530297096148
8.879999999999999  1.7619147879170969
9.0  1.5556652590005364
9.12  1.3538810491543862
9.24  1.1568329994216429
9.36  0.9647857864117618
9.48  0.777997531014351
9.6  0.5967194157363579
9.719999999999999  0.4211953112793376
9.84  0.25166141296150807
9.959999999999999  0.08834588757619055
10.08  0.0
10.2  0.0
10.32  0.0
10.44  0.0
10.559999999999999  0.0
10.68  0.0
10.799999999999999  0.0
10.92  0.0
11.04  0.0
11.16  0.0
11.28  0.0
11.4  0.0
11.52  0.0
11.639999999999999  0.0
11.76  0.0
11.879999999999999  0.0
12.0  0.0
12.12  0.0
12.24  0.0
12.36  0.0
12.48  0.0
12.6  0.0
12.719999999999999  0.0
12.84  0.0
12.959999999999999  0.0
13.08  0.0
13.2  0.0
13.32  0.0
13.44  0.0
13.559999999999999  0.0
13.68  0.0
13.799999999999999  0.0
13.92  0.0
14.04  0.0
14.16  0.0
14.28  0.0
14.399999999999999  0.0
14.52  0.0
14.639999999999999  0.0
14.76  0.010833522879569624
14.879999999999999  0.16902915169229465
15.0  0.333259229051968
15.12  0.5032865917739848
15.24  0.6788660771273656
15.36  0.8597448904190541
15.479999999999999  1.0456629844601713
15.6  1.2363534503230864
15.719999999999999  1.4315429187782498
15.84  1.6309519717808794
15.959999999999999  1.8342955633595293
16.08  2.041283449241841
16.2  2.251620624536874
16.32  2.465007768778741
16.439999999999998  2.681141697622748
16.56  2.8997158204728866
16.68  3.120420603308106
16.8  3.3429440359652576
16.919999999999998  3.5669721031273474
17.04  3.7921892582587455
17.16  4.01827889972234
17.28  4.244923848309184
17.4  4.471806825407191
17.52  4.698610931033415
17.64  4.925020120953305
17.759999999999998  5.1507196821109025
17.88  5.375396705595506
18.0  5.598740556373392
18.12  5.8204433390177
18.24  6.040200358675145
18.36  6.257710576515426
18.48  6.472677058917384
18.599999999999998  6.684807419655906
18.72  6.8938142543642895
18.84  7.099415566559171
18.96  7.301335184528688
19.08  7.4993031683992015
19.2  7.693056206711959
19.32  7.882338001858251
19.439999999999998  8.066899643739983
19.56  8.246499971042084
19.68  8.420905919523678
19.8  8.589892856756832
19.919999999999998  8.75324490276419
20.04  8.910755236030685
20.16  9.06222638438909
20.279999999999998  9.207470500304881
20.4  9.346309620112294
20.52  9.478575906780751
20.64  9.60411187581906
20.759999999999998  9.722770603953409
20.88  9.834415920245
21.0  9.938922579342957
21.119999999999997  10.036176416599234
21.24  10.126074484803306
21.36  10.208525172326187
21.48  10.283448302495596
21.599999999999998  10.35077521405646
21.72  10.41044882260389
21.84  10.462423662908689
21.96  10.506665912088916
22.08  10.543153393614107
22.2  10.57187556216248
22.32  10.592833469384686
22.439999999999998  10.606039710661072
22.56  10.611518352972837
22.68  10.609304844040276
22.8  10.599445902914368
22.919999999999998  10.581999392240434
23.04  10.557034172444585
23.16  10.524629938125814
23.279999999999998  10.484877036967397
23.4  10.437876271512359
23.52  10.383738684177684
23.64  10.322585325911533
23.759999999999998  10.254547008926455
23.88  10.179764043969513
24.0  10.098385962617693
24.119999999999997  10.0105712251129
24.24  9.916486914276591
24.36  9.81630841606839
24.48  9.71021908737638
24.599999999999998  9.598409911649323
24.72  9.481079143002137
24.84  9.35843193944623
24.96  9.230679985915092
25.08  9.09804110777342
25.2  8.960738875514362
25.32  8.819002201364798
25.439999999999998  8.673064928532293
25.56  8.523165413839994
25.68  8.369546104506885
25.8  8.21245310984045
25.919999999999998  8.052135768617303
26.04  7.888846212934139
26.16  7.7228389293169455
26.279999999999998  7.554370317880251
26.4  7.383698250330959
26.52  7.21108162761217
26.64  7.0367799379822085
26.759999999999998  6.861052816321948
26.88  6.684159605460395
27.0  6.506358920303567
27.119999999999997  6.327908215545349
27.24  6.149063357731341
27.36  5.970078202437608
27.48  5.791204177315351
27.599999999999998  5.612689871740858
27.72  5.434780633796339
27.84  5.257718175292859
27.959999999999997  5.081740185530065
28.08  4.907079954470345
28.2  4.733966005986255
28.32  4.562621741820021
28.439999999999998  4.393265096873042
28.56  4.226108206420779
28.68  4.06135708582529
28.799999999999997  3.899211323292888
28.919999999999998  3.7398637861991535
29.04  3.5835003414769013
29.16  3.430299590535297
29.279999999999998  3.280432619150002
29.4  3.134062762735143
29.52  2.991345387377927
29.64  2.852427686986145
29.759999999999998  2.717448496867466
29.88  2.5865381240276486
30.0  2.459818194442289
30.119999999999997  2.337401517523865
30.24  2.219391967972539
30.36  2.105884385165594
30.48  1.996964490206305
30.599999999999998  1.8927088207191258
30.72  1.7931846834434926
30.84  1.6984501246445345
30.959999999999997  1.6085539183241966
31.08  1.523535572182265
31.2  1.443425351242396
31.32  1.3682443190242135
31.439999999999998  1.298004396108833
31.56  1.2327084359116551
31.68  1.1723503174431025
31.799999999999997  1.1169150548055595
31.919999999999998  1.0663789231423373
32.04  1.0207096007231833
32.16  0.9798663268198757
32.28  0.9438000749950626
32.4  0.9124537413983458
32.519999999999996  0.8857623476346284
32.64  0.863653257742271
32.76  0.846046408791522
32.879999999999995  0.832854554587961
33.0  0.8239835219408385
33.12  0.8193324789323797
33.24  0.8187942146016186
33.36  0.8222554294347285
33.48  0.8295970360337387
33.6  0.8406944693164918
33.72  0.855418005582979
33.839999999999996  0.8736330897669478
33.96  0.8952006701766149
34.08  0.9199775400148157
34.199999999999996  0.9478166849566887
34.32  0.9785676360523504
34.44  1.01207682721275
34.56  1.0481879565291572
34.68  1.086742350670473
34.8  1.1275793315978877
34.92  1.1705365848330944
35.04  1.2154505285148265
35.16  1.262156682478087
35.28  1.3104900365921346
35.4  1.360285417595992
35.519999999999996  1.4113778536750472
35.64  1.4636029360280092
35.76  1.5167971766812034
35.879999999999995  1.570798361816307
36.0  1.6254458998878452
36.12  1.6805811638190766
36.24  1.7360478265780661
36.36  1.7916921894507485
36.48  1.847363502343873
36.6  1.9029142754683084
36.72  1.9582005817721044
36.839999999999996  2.0130823495129158
36.96  2.0674236443805616
37.08  2.121092940603347
37.199999999999996  2.1739633804954064
37.32  2.2259130219271372
37.44  2.276825073226692
37.559999999999995  2.326588115047566
37.68  2.375096308764869
37.8  2.4222495909918904
37.92  2.467953853838005
38.04  2.5121211105592693
38.16  2.5546696462843084
38.28  2.5955241535295484
38.4  2.6346158522503935
38.519999999999996  2.6718825942076245
38.64  2.7072689514615593
38.76  2.7407262888402495
38.879999999999995  2.772212820262003
39.0  2.801693648826548
39.12  2.8291407906237924
39.24  2.8545331822435314
39.36  2.8778566720040235
39.48  2.899103994951895
39.6  2.9182747317202336
39.72  2.9353752513659868
39.839999999999996  2.9504186383418505
39.96  2.9634246037913665
40.08  2.974419381389424
40.199999999999996  2.9834356079831266
40.32  2.990512189320323
40.44  2.995694151184918
40.559999999999995  2.9990324762890928
40.68  3.0005839273029973
40.8  3.0004108564320684
40.92  2.998581001980971
41.04  2.9951672723708205
41.16  2.990247518103489
41.28  2.983904292192516
41.4  2.9762245996050796
41.519999999999996  2.967299636283061
41.64  2.9572245183338923
41.76  2.9460980020030503
41.879999999999995  2.934022195060299
42.0  2.9211022602502172
42.12  2.9074461114752665
42.239999999999995  2.8931641033954216
42.36  2.8783687151430617
42.48  2.863174228865016
42.6  2.84769640381507
42.72  2.8320521467308026
42.839999999999996  2.8163591792367244
42.96  2.800735703023298
43.08  2.785300063556455
43.199999999999996  2.770170413076487
43.32  2.755464373647346
43.44  2.74129870101824
43.559999999999995  2.7277889500584904
43.68  2.7150491425242076
43.8  2.703191437911224
43.92  2.6923258081432566
44.04  2.6825597168368573
44.16  2.6739978038760297
44.28  2.666741576019026
44.4  2.660889104248069
44.519999999999996  2.656534728559156
44.64  2.6537687708744295
44.76  2.6526772567432793
44.879999999999995  2.653341646480383
45.0  2.655838576370094
45.12  2.660239610545732
45.239999999999995  2.666611004130935
45.36  2.6750134782067474
45.48  2.6855020071441653
45.6  2.69812561881624
45.72  2.7129272081772364
45.839999999999996  2.729943364668763
45.96  2.749204213884032
46.08  2.770733273891876
46.199999999999996  2.7945473265914713
46.32  2.8206563044374495
46.44  2.8490631928429604
46.559999999999995  2.8797639485352517
46.68  2.912747434105006
46.8  2.9479953689564344
46.92  2.985482296830774
47.04  3.0251755700405374
47.16  3.067035350516747
47.28  3.1110146277356256
47.4  3.1570592535552446
47.519999999999996  3.205107993956786
47.64  3.2550925976488587
47.76  3.306937881457213
47.879999999999995  3.3605618323862916
48.0  3.415875726203049
48.12  3.4727842623580014
48.239999999999995  3.53118571502303
48.36  3.5909720999904993
48.48  3.6520293571438556
48.6  3.714237548175785
48.72  3.777471069196586
48.839999999999996  3.841598877842844
48.96  3.906484734464293
49.08  3.971987456935569
49.199999999999996  4.037961188609419
49.32  4.104255678898185
49.44  4.170716575942156
49.559999999999995  4.237185730795969
49.68  4.303501512537885
49.8  4.369499133681707
49.92  4.435010985247176
50.04  4.499866980822057
50.16  4.563894908927855
50.28  4.626920792981022
50.4  4.688769258123083
50.519999999999996  4.749263904176081
50.64  4.808227683963839
50.76  4.865483286225771
50.879999999999995  4.920853522337322
51.0  4.974161716040059
51.12  5.025232095375176
51.239999999999995  5.073890186006621
51.36  5.119963205113591
51.48  5.163280455028173
51.6  5.2036737157909005
51.72  5.240977635796056
51.839999999999996  5.275030119699274
51.96  5.305672712762195
52.08  5.332750980813125
52.199999999999996  5.356114885008309
52.32  5.375619150585866
52.44  5.391123628813566
52.559999999999995  5.402493651342202
52.68  5.409600376189033
52.8  5.41232112458938
52.919999999999995  5.410539707970295
53.04  5.404146744317334
53.16  5.393039963224059
53.28  5.3771244989342
53.4  5.356313170707883
53.519999999999996  5.330526749866619
53.64  5.2996942128958375
53.76  5.263752980009924
53.879999999999995  5.222649138611363
54.0  5.17633765110411
54.12  5.124782546550708
54.239999999999995  5.0679570956930196
54.36  5.005843968888395
54.48  4.938435376545423
54.6  4.865733191677024
54.72  4.787749054223103
54.839999999999996  4.704504456830128
54.96  4.616030811810928
55.08  4.522369499044635
55.199999999999996  4.423571894613755
55.32  4.319699380013262
55.44  4.2108233318044705
55.559999999999995  4.097025091625126
55.68  3.978395916505836
55.8  3.8550369094820685
55.919999999999995  3.727058930529783
56.04  3.594582487892344
56.16  3.45773760990522
56.28  3.3166636974639414
56.4  3.17150935732014
56.519999999999996  3.022432216428406
56.64  2.869598717605659
56.76  2.713183896802045
56.879999999999995  2.55337114232004
57.0  2.3903519363552115
57.12  2.224325579268176
57.239999999999995  2.055498897032691
57.36  1.88408593233977
57.48  1.7103076198711862
57.599999999999994  1.5343914462887542
57.72  1.356571095517795
57.839999999999996  1.1770860799339464
57.96  0.9961813580919355
58.08  0.8141069396641366
58.199999999999996  0.6311174782832993
58.32  0.4474718530103756
58.44  0.2634327391727897
58.559999999999995  0.07926616934180575
58.68  0.0
58.8  0.0
58.919999999999995  0.0
59.04  0.0
59.16  0.0
59.28  0.0
59.4  0.0
59.519999999999996  0.0
59.64  0.0
59.76  0.0
59.879999999999995  0.0
60.0  0.0
60.12  0.0
60.239999999999995  0.0
60.36  0.0
60.48  0.0
60.599999999999994  0.0
60.72  0.0
60.839999999999996  0.0
60.96  0.0
61.08  0.0
61.199999999999996  0.0
61.32  0.0
61.44  0.0
61.559999999999995  0.0
61.68  0.0
61.8  0.0
61.919999999999995  0.0
62.04  0.0
62.16  0.0
62.28  0.0
62.4  0.0
62.519999999999996  0.0
62.64  0.0
62.76  0.0
62.879999999999995  0.0
63.0  0.0
63.12  0.0
63.239999999999995  0.0
63.36  0.0
63.48  0.0
63.599999999999994  0.0
63.72  0.0
63.839999999999996  0.0
63.96  0.0
64.08  0.0
64.2  0.0
64.32  0.0
64.44  0.0
64.56  0.0
64.67999999999999  0.0
64.8  0.0
64.92  0.0
65.03999999999999  0.0
65.16  0.0
65.28  0.0
65.39999999999999  0.0
65.52  0.0
65.64  0.0
65.75999999999999  0.0
65.88  0.0
66.0  0.0
66.12  0.0
66.24  0.0
66.36  0.0
66.48  0.0
66.6  0.0
66.72  0.0
66.84  0.0
66.96  0.0
67.08  0.0
67.2  0.0
67.32  0.0
67.44  0.04668785241177348
67.56  0.2620784748160423
67.67999999999999  0.47901535157893915
67.8  0.6971715995948327
67.92  0.9162177185251399
68.03999999999999  1.1358221292007706
68.16  1.3556517164388309
68.28  1.5753723753127877
68.39999999999999  1.7946495599093755
68.52  2.0131488335993586
68.64  2.2305364198462487
68.75999999999999  2.4464797525764816
68.88  2.6606480251338716
69.0  2.872712736843784
69.12  3.08234823621701
69.24  3.2892322598284105
69.36  3.493046465913533
69.48  3.6934769617355183
69.6  3.8902148237863012
69.72  4.082956609898531
69.84  4.271404862359436
69.96  4.4552686011344065
70.08  4.634263806326028
70.2  4.808113889013371
70.32  4.976550149638457
70.44  5.139312223129003
70.56  5.296148509970397
70.67999999999999  5.446816592466673
70.8  5.591083635456289
70.92  5.728726770777201
71.03999999999999  5.85953346480596
71.16  5.98330186842584
71.28  6.099841148811395
71.39999999999999  6.208971802450287
71.52  6.310525948857254
71.64  6.404347604470297
71.75999999999999  6.490292936255772
71.88  6.568230494585655
72.0  6.638041424988205
72.11999999999999  6.699619658411973
72.24  6.752872079681924
72.36  6.797718673866263
72.48  6.834092650312841
72.6  6.86194054415444
72.72  6.8812222951231865
72.84  6.891911303555403
72.96  6.8939944635098644
73.08  6.8874721729632284
73.2  6.8723583210884955
73.32  6.8486802526631525
73.44  6.81647870969523
73.56  6.775807750396357
73.67999999999999  6.7267346456715575
73.8  6.669339753335836
73.92  6.603716370307726
74.03999999999999  6.529970563068834
74.16  6.4482209767176775
74.28  6.358598622983873
74.39999999999999  6.261246647606068
74.52  6.156320077513815
74.64  6.043985548288909
74.75999999999999  5.924421012416679
74.88  5.797815428871155
75.0  5.664368434611123
75.11999999999999  5.524289998595094
75.24  5.377800058953832
75.36  5.225128143988257
75.48  5.066512977688063
75.6  4.902202070493103
75.72  4.732451296044533
75.84  4.55752445469666
75.96  4.377692824581949
76.08  4.1932347010431155
76.2  4.004434925264951
76.32  3.811584402955978
76.44  3.614979613946057
76.56  3.4149221135808188
76.67999999999999  3.211718026805639
76.8  3.0056775358433394
76.92  2.797114362379377
77.03999999999999  2.5863452451750275
77.16  2.373689414035508
77.28  2.159468061064465
77.39999999999999  1.9440038101375237
77.52  1.7276201855292932
77.64  1.5106410806272643
77.75999999999999  1.2933902276621005
77.88  1.0761906693806909
78.0  0.8593642335817354
78.11999999999999  0.6432310114251958
78.24  0.42810884041851
78.36  0.21431279297059846
78.48  0.0021546713921760108
78.6  0.0
78.72  0.0
78.84  0.0
78.96  0.0
79.08  0.0
79.2  0.0
79.32  0.0
79.44  0.0
79.56  0.0
79.67999999999999  0.0
79.8  0.0
79.92  0.0
80.03999999999999  0.0
80.16  0.0
80.28  0.0
80.39999999999999  0.0
80.52  0.0
80.64  0.0
80.75999999999999  0.0
80.88  0.0
81.0  0.0
81.11999999999999  0.0
81.24  0.0
81.36  0.0
81.48  0.0
81.6  0.0
81.72  0.0
81.84  0.0
81.96  0.0
82.08  0.0
82.2  0.0
82.32  0.0
82.44  0.0
82.56  0.0
82.67999999999999  0.0
82.8  0.0
82.92  0.0
83.03999999999999  0.0
83.16  0.0
83.28  0.0
83.39999999999999  0.0
83.52  0.0
83.64  0.0
83.75999999999999  0.0
83.88  0.0
84.0  0.0
84.11999999999999  0.0
84.24  0.0
84.36  0.0
84.47999999999999  0.0
84.6  0.0
84.72  0.0
84.84  0.0
84.96  0.0
85.08  0.0
85.2  0.0
85.32  0.0
85.44  0.0
85.56  0.0
85.67999999999999  0.0
85.8  0.0
85.92  0.0
86.03999999999999  0.0
86.16  0.0
86.28  0.0
86.39999999999999  0.0
86.52  0.0
86.64  0.0
86.75999999999999  0.0
86.88  0.0
87.0  0.0
87.11999999999999  0.0
87.24  0.0
87.36  0.0
87.47999999999999  0.0
87.6  0.0
87.72  0.0
87.84  0.1379446839368756
87.96  0.2979773225492314
88.08  0.45681241572918996
88.2  0.6142202829148071
88.32  0.7699759966661325
88.44  0.9238597275604934
88.56  1.0756570773595935
88.67999999999999  1.2251593999248567
88.8  1.3721641093823327
88.92  1.5164749750651225
89.03999999999999  1.6579024027894054
89.16  1.7962637020472345
89.28  1.9313833387281305
89.39999999999999  2.0630931730112194
89.52  2.191232682098457
89.64  2.315649167490239
89.75999999999999  2.436197946535047
89.88  2.55274252801542
90.0  2.6651547715638153
90.11999999999999  2.773315030733171
90.24  2.8771122795784536
90.36  2.976444222636787
90.47999999999999  3.0712173882255644
90.6  3.161347205009397
90.72  3.2467580618178316
90.84  3.3273833507275232
90.96  3.4031654934532556
91.08  3.474055951122917
91.2  3.540015217542195
91.32  3.601012796084703
91.44  3.657027160372743
91.56  3.708045698943183
91.67999999999999  3.754064644121423
91.8  3.795088985354433
91.92  3.831132367281025
92.03999999999999  3.8622169728444615
92.16  3.888373391777965
92.28  3.9096404748193283
92.39999999999999  3.9260651740344654
92.52  3.9377023696538394
92.64  3.944614683847598
92.75999999999999  3.9468722818872926
92.88  3.9445526611621378
93.0  3.9377404285379405
93.11999999999999  3.9265270665646623
93.24  3.9110106890566687
93.36  3.8912957865854456
93.47999999999999  3.867492962440432
93.6  3.83971865962707
93.72  3.808094879484513
93.84  3.772748892516885
93.96  3.7338129420428
94.08  3.6914239412767933
94.2  3.6457231644647434
94.32  3.5968559327020735
94.44  3.544971295068925
94.56  3.4902217057216682
94.67999999999999  3.432762697582032
94.8  3.372752553268348
94.92  3.3103519739130736
95.03999999999999  3.24572374651101
95.16  3.17903241043997
95.28  3.110443923793959
95.39999999999999  3.0401253301632014
95.52  2.968244426491602
95.64  2.894969432634469
95.75999999999999  2.820468663232542
95.88  2.7449102025090033
96.0  2.668461582587045
96.11999999999999  2.5912894659136474
96.24  2.513559332364353
96.36  2.435435171590024
96.47999999999999  2.357079181153171
96.6  2.278651470986094
96.72  2.2003097746878963
96.84  2.122209168159868
96.96  2.044501796062201
97.08  1.9673366065559819
97.2  1.890859094775518
97.32  1.8152110554564653
97.44  1.7405303451242808
97.56  1.6669506542271784
97.67999999999999  1.5946012895750434
97.8  1.5236069674244899
97.92  1.4540876175268291
98.03999999999999  1.3861581984330453
98.16  1.3199285243255223
98.28  1.2555031036234503
98.39999999999999  1.1929809895832593
98.52  1.132455643091908
98.64  1.0740148078257215
98.75999999999999  1.0177403979224613
98.88  0.9637083982893414
99.0  0.9119887776450244
99.11999999999999  0.8626454143676581
99.24  0.815736035196835
99.36  0.7713121668116933
99.47999999999999  0.7294191002827211
99.6  0.6900958683702628
99.72  0.6533752356177818
99.84  0.619283701164155
99.96  0.5878415141749718
100.08  0.5590627017692641
100.2  0.5329551092951982
100.32  0.509520452784878
100.44  0.4887543833965888
100.56  0.4706465636309071
100.67999999999999  0.45518075508549505
100.8  0.4423349174932737
100.92  0.4320813187681163
101.03999999999999  0.4243866557629892
101.16  0.41921218542697
101.28  0.41651386602897295
101.39999999999999  0.41624250809946356
101.52  0.4183439347243957
101.64  0.42275915081018156
101.75999999999999  0.42942452092362215
101.88  0.4382719552965642
102.0  0.44922910357203955
102.11999999999999  0.46221955585646507
102.24  0.4771630506306154
102.36  0.49397568906244305
102.47999999999999  0.5125701552544918
102.6  0.5328559419505574
102.72  0.5547395812187237
102.83999999999999  0.5781248796206082
102.96  0.6029131573718407
103.08  0.6290034909934001
103.2  0.6562929589499491
103.32  0.6846768897685578
103.44  0.714049112129616
103.56  0.7443022064201601
103.67999999999999  0.7753277572412818
103.8  0.8070166063609081
103.92  0.8392591056066918
104.03999999999999  0.8719453691955498
104.16  0.9049655250015185
104.28  0.9382099642671453
104.39999999999999  0.9715695892707925
104.52  1.004936058467543
104.64  1.038202028630017
104.75999999999999  1.0712613935230388
104.88  1.1040095186555503
105.0  1.136343471663296
105.11999999999999  1.1681622478864098
105.24  1.199366990717443
105.36  1.22986120630806
105.47999999999999  1.259550972235153
105.6  1.2883451397410646
105.72  1.3161555291767988
105.83999999999999  1.3428971182919158
105.96  1.3684882230306836
106.08  1.3928506705093218
106.2  1.41590996386683
106.32  1.43759543869779
106.44  1.4578404107941414
106.56  1.476582314939611
106.67999999999999  1.4937628345202472
106.8  1.5093280217316334
106.92  1.5232284081835723
107.03999999999999  1.5354191057213327
107.16  1.5458598973026705
107.28  1.554515317788993
107.39999999999999  1.5613547245291794
107.52  1.5663523576343668
107.64  1.569487389862116
107.75999999999999  1.5707439660482418
107.88  1.570111232045042
108.0  1.5675833531443526
108.11999999999999  1.5631595219841528
108.24  1.5568439559571217
108.36  1.54864588415951
108.47999999999999  1.538579523938201
108.6  1.526664047113289
108.72  1.512923535972594
108.83999999999999  1.4973869291537083
108.96  1.4800879575471992
109.08  1.4610650703737438
109.2  1.4403613516049938
109.32  1.4180244269160625
109.44  1.3941063613743947
109.56  1.368663548086602
109.67999999999999  1.3417565880406321
109.8  1.3134501613968723
109.92  1.2838128904963453
110.03999999999999  1.2529171948692668
110.16  1.2208391385407127
110.28  1.1876582699440688
110.39999999999999  1.1534574547652898
110.52  1.118322702053459
110.64  1.0823429839443894
110.75999999999999  1.045610049355128
110.88  1.008218232016966
111.0  0.970264253224325
111.11999999999999  0.9318470196856005
111.24  0.8930674168695233
111.36  0.8540280982487702
111.47999999999999  0.8148332708480567
111.6  0.7755884775105238
111.72  0.7364003763006414
111.83999999999999  0.6973765174664576
111.96  0.6586251183871302
112.08  0.6202548369349127
112.2  0.5823745436818517
112.32  0.5450930933836345
112.44  0.508519096172172
112.56  0.47276068888959805
112.67999999999999  0.437925306993569
112.8  0.4041194574632848
112.92  0.37144849313206585
113.03999999999999  0.34001638886928554
113.16  0.30992552003034934
113.28  0.28127644358845433
113.39999999999999  0.254167682356065
113.52  0.2286955126986272
113.64  0.20495375613480582
113.75999999999999  0.18303357521117758
113.88  0.1630232740302634
114.0  0.1450081038019742
114.11999999999999  0.12907007377955948
114.24  0.11528776793013656
114.36  0.10373616768021057
114.47999999999999  0.09448648106426366
114.6  0.0876059785937372
114.72  0.08315783615053093
114.83999999999999  0.08120098519712227
114.96  0.08178997058123275
115.08  0.08497481620043204
115.19999999999999  0.09080089877663272
115.32  0.09930882997699692
115.44  0.11053434710214799
115.56  0.12450821254776495
115.67999999999999  0.14125612222971773
115.8  0.16079862314752263
115.92  0.1831510402441272
116.03999999999999  0.2083234127044123
116.16  0.23632043981768802
116.28  0.2671414365128293
116.39999999999999  0.3007802986582256
116.52  0.33722547820098536
116.64  0.37645996820335886
116.75999999999999  0.4184612978168959
116.88  0.46320153721764695
117.0  0.5106473125084562
117.11999999999999  0.5607598305774142
117.24  0.6134949138841254
117.36  0.6688030451284208
117.47999999999999  0.7266294217393137
117.6  0.7869140201049515
117.72  0.8495916694476792
117.83999999999999  0.9145921352318986
117.96  0.9818402119759384
118.08  1.0512558253232034
118.19999999999999  1.1227541432119765
118.32  1.1962456959677477
118.44  1.271636505126668
118.56  1.3488282207838473
118.67999999999999  1.4277182672457984
118.8  1.50819999675181
118.92  1.590162851015692
119.03999999999999  1.6734925303256736
119.16  1.7580711699274265
119.28  1.8437775234027038
119.39999999999999  1.9304871527441796
119.52  2.018072624815453
119.64  2.10640371387438
119.75999999999999  2.1953476098272158
119.88  2.2847691318713794
120.0  2.3745309471752627
