0.0  12.673673125768833  100.0
0.12  12.78621612940588
0.24  12.88745950508963
0.36  12.977255249810993
0.48  13.055474308031144
0.6  13.122006776240791
0.72  13.176762071662246
0.84  13.219669064848098
0.96  13.250676176003152
1.08  13.26975143492944
1.2  13.276882504567206
1.3199999999999998  13.272076668177764
1.44  13.25536078028668
1.56  13.22678118157813
1.68  13.186403578002658
1.7999999999999998  13.134312884431573
1.92  13.070613033261077
2.04  12.995426748438163
2.16  12.908895285447972
2.28  12.81117813786873
2.4  12.702452711165275
2.52  12.582913964455514
2.6399999999999997  12.452774021045714
2.76  12.312261748590348
2.88  12.161622309789877
3.0  12.001116684595697
3.12  11.831021164944858
3.2399999999999998  11.651626823098342
3.36  11.463238954705684
3.48  11.266176497764743
3.5999999999999996  11.060771428689373
3.7199999999999998  10.847368136738726
3.84  10.62632277810018
3.96  10.39800261095346
4.08  10.162785312876126
4.2  9.921058281980212
4.32  9.673217923196598
4.4399999999999995  9.419668921147283
4.56  9.160823501066341
4.68  8.897100679247815
4.8  8.628925504513187
4.92  8.356728292202227
5.04  8.080943852199125
5.16  7.802010712510683
5.279999999999999  7.5203703399150506
5.3999999999999995  7.236466359198133
5.52  6.950743772490208
5.64  6.6636481802076215
5.76  6.3756250050937755
5.88  6.087118720839709
6.0  5.798572086747941
6.12  5.5104253898834035
6.24  5.223115696132688
6.359999999999999  4.937076111567411
6.4799999999999995  4.65273505547921
6.6  4.370515546422979
6.72  4.090834502571395
6.84  3.8141020576477542
6.96  3.5407208936654957
7.08  3.2710855916620662
7.199999999999999  3.005582001571521
7.319999999999999  2.7445866323350323
7.4399999999999995  2.488466063301167
7.56  2.237576377918513
7.68  1.992262620672148
7.8  1.752858278162731
7.92  1.5196847851726085
8.04  1.2930510565075182
8.16  1.0732530453453737
8.28  0.8605733287653219
8.4  0.6552807210707414
8.52  0.45762991545974163
8.64  0.2678611545353835
8.76  0.0861999300862406
8.879999999999999  0.0
9.0  0.0
9.12  0.0
9.24  0.0
9.36  0.0
9.48  0.0
9.6  0.0
9.719999999999999  0.0
9.84  0.0
9.959999999999999  0.0
10.08  0.0
10.2  0.0
10.32  0.0
10.44  0.0
10.559999999999999  0.0
10.68  0.0
10.799999999999999  0.0
10.92  0.0
11.04  0.0
11.16  0.0
11.28  0.0
11.4  0.0
11.52  0.0
11.639999999999999  0.0
11.76  0.0
11.879999999999999  0.0
12.0  0.0
12.12  0.0
12.24  0.0
12.36  0.0
12.48  0.0
12.6  0.0
12.719999999999999  0.0
12.84  0.0
12.959999999999999  0.0
13.08  0.0
13.2  0.0
13.32  0.0
13.44  0.0
13.559999999999999  0.15215672230999688
13.68  0.3101914608750429
13.799999999999999  0.4728073803826236
13.92  0.6397056946028021
14.04  0.8105848307632386
14.16  0.9851410032974781
14.28  1.1630687842888972
14.399999999999999  1.344061669484598
14.52  1.5278126387742617
14.639999999999999  1.7140147100521863
14.76  1.9023614854059754
14.879999999999999  2.0925476886026795
15.0  2.2842696928727264
15.12  2.4772260380231033
15.24  2.6711179359447046
15.36  2.8656497636135
15.479999999999999  3.0605295427219548
15.6  3.255469405115319
15.719999999999999  3.450186043247046
15.84  3.64440114490882
15.959999999999999  3.8378418115328348
16.08  4.030240959407691
16.2  4.22133770319374
16.32  4.410877721169289
16.439999999999998  4.5986136016855
16.56  4.7843051703549495
16.68  4.967719797546356
16.8  5.148632685806644
16.919999999999998  5.326827136879629
17.04  5.502094798040018
17.16  5.674235887510006
17.28  5.843059398775362
17.4  6.008383283666512
17.52  6.17003461411932
17.64  6.327849722578646
17.759999999999998  6.481674321056106
17.88  6.631363598901071
18.0  6.776782299390971
18.12  6.917804775293467
18.24  7.054315023598439
18.36  7.18620669966253
18.48  7.313383111052425
18.599999999999998  7.43575719141573
18.72  7.5532514547495015
18.84  7.665797930476619
18.96  7.773338079778764
19.08  7.875822693672142
19.2  7.973211773347645
19.32  8.065474393331403
19.439999999999998  8.152588548054116
19.56  8.234540982448296
19.68  8.311327007221534
19.8  8.382950299481125
19.919999999999998  8.449422689410587
20.04  8.510763933722034
20.16  8.567001476629747
20.279999999999998  8.618170199109658
20.4  8.664312157226966
20.52  8.705476310329328
20.64  8.741718239916402
20.759999999999998  8.773099860007747
20.88  8.799689119840204
21.0  8.821559699732791
21.119999999999997  8.838790700962283
21.24  8.85146633049536
21.36  8.859675581424003
21.48  8.863511909949631
21.599999999999998  8.863072909758044
21.72  8.858459984622058
21.84  8.84977802006127
21.96  8.837135054879358
22.08  8.820641953387922
22.2  8.800412079113137
22.32  8.776560970766504
22.439999999999998  8.749206021244389
22.56  8.71846616040298
22.68  8.684461542335077
22.8  8.647313237853837
22.919999999999998  8.607142932865523
23.04  8.5640726332887
23.16  8.518224377151784
23.279999999999998  8.469719954473348
23.4  8.418680635501522
23.52  8.365226907859164
23.64  8.309478223110997
23.759999999999998  8.251552753237414
23.88  8.191567157467059
24.0  8.12963635988745
24.119999999999997  8.065873338218573
24.24  8.000388924100209
24.36  7.933291615208535
24.48  7.864687399482029
24.599999999999998  7.794679591701069
24.72  7.723368682629355
24.84  7.65085220088921
24.96  7.577224587706454
25.08  7.502577084624365
25.2  7.426997634250061
25.32  7.350570794060798
25.439999999999998  7.273377663261984
25.56  7.195495822653587
25.68  7.116999287426846
25.8  7.037958472778969
25.919999999999998  6.958440172200047
26.04  6.878507548253551
26.16  6.798220135639864
26.279999999999998  6.717633856300966
26.4  6.636801046294552
26.52  6.5557704941363
26.64  6.474587490281374
26.759999999999998  6.393293887388911
26.88  6.311928170987892
27.0  6.230525540138126
27.119999999999997  6.149117997657078
27.24  6.067734449461473
27.36  5.986400812552366
27.48  5.90514013115338
27.599999999999998  5.823972700494575
27.72  5.742916197718431
27.84  5.661985819370356
27.959999999999997  5.581194424923184
28.08  5.5005526857742515
28.2  5.420069239144132
28.32  5.33975084629816
28.439999999999998  5.259602554505933
28.56  5.179627862149202
28.68  5.099828886385934
28.799999999999997  5.020206532776866
28.919999999999998  4.940760666281464
29.04  4.861490283032143
29.16  4.782393682299269
29.279999999999998  4.70346863806466
29.4  4.624712569628189
29.52  4.5461227106802875
29.64  4.467696276283135
29.759999999999998  4.389430627214407
29.88  4.31132343114041
30.0  4.233372820099356
30.119999999999997  4.155577543791037
30.24  4.077937118185888
30.36  4.0004519689843985
30.48  3.923123569476876
30.599999999999998  3.845954572374022
30.72  3.768948935199785
30.84  3.692112038860659
30.959999999999997  3.6154507990284164
31.08  3.5389737699977095
31.2  3.462691240704673
31.32  3.3866153226182867
31.439999999999998  3.310760029242596
31.56  3.2351413469946584
31.68  3.1597772972503497
31.799999999999997  3.0846879893781156
31.919999999999998  3.0098956646085395
32.04  2.935424730616229
32.16  2.861301786718972
32.28  2.7875556396276058
32.4  2.714217309709099
32.519999999999996  2.6413200277535234
32.64  2.568899222264531
32.76  2.496992497320996
32.879999999999995  2.4256396010855883
33.0  2.3548823850638474
33.12  2.2847647542444336
33.24  2.215332608278106
33.36  2.146633773879164
33.48  2.0787179286586204
33.6  2.011636516623387
33.72  1.9454426555996736
33.839999999999996  1.8801910368621861
33.96  1.8159378172731637
34.08  1.75274050425665
34.199999999999996  1.6906578339538365
34.32  1.6297496429248703
34.44  1.570076733780698
34.56  1.5117007351456466
34.68  1.4546839563676555
34.8  1.3990892374075354
34.92  1.3449797943523107
35.04  1.2924190610100137
35.16  1.241470527053785
35.28  1.1921975731932475
35.4  1.1446633038587237
35.519999999999996  1.098930377891198
35.64  1.05506083773587
35.76  1.0131159376414591
35.879999999999995  0.9731559713698567
36.0  0.9352400999219146
36.12  0.8994261797849503
36.24  0.8657705922057675
36.36  0.8343280739902391
36.48  0.8051515503256279
36.6  0.7782919701163926
36.72  0.7537981443168602
36.839999999999996  0.7317165877357599
36.96  0.7120913647776927
37.08  0.6949639395757599
37.199999999999996  0.6803730309570581
37.32  0.6683544726694806
37.44  0.6589410792833597
37.559999999999995  0.6521625181660018
37.68  0.6480451879100537
37.8  0.64661210357902
37.92  0.6478827891142334
38.04  0.6518731772279411
38.16  0.6585955170865341
38.28  0.6680582900665064
38.4  0.6802661338436222
38.519999999999996  0.6952197750529083
38.64  0.712915970733605
38.76  0.7333474587492443
38.879999999999995  0.7565029173485798
39.0  0.7823669340080086
39.12  0.8109199836710606
39.24  0.8421384164748751
39.36  0.8759944550278709
39.48  0.9124562012769117
39.6  0.9514876529762988
39.72  0.993048729744963
39.839999999999996  1.03709530867243
39.96  1.0835792694081938
40.08  1.1324485486437572
40.199999999999996  1.1836472038713386
40.32  1.2371154862782285
40.44  1.2927899226113666
40.559999999999995  1.3506034058227754
40.68  1.410485294282778
40.8  1.4723615193253625
40.92  1.5361547008677532
41.04  1.6017842708246282
41.16  1.669166604017133
41.28  1.738215156256541
41.4  1.8088406092639606
41.519999999999996  1.880951022069076
41.64  1.9544519885142146
41.76  2.029246800473858
41.879999999999995  2.1052366163850564
42.0  2.1823206346701713
42.12  2.2603962716209196
42.239999999999995  2.3393593433013717
42.36  2.4191042510170484
42.48  2.499524169888514
42.6  2.580511240060166
42.72  2.6619567600683074
42.839999999999996  2.7437513818877375
42.96  2.8257853071720302
43.08  2.907948484200327
43.199999999999996  2.990130805042411
43.32  3.072222302453604
43.44  3.154113346013081
43.559999999999995  3.235694837021553
43.68  3.316858401678637
43.8  3.3974965820655347
43.92  3.4775030244655327
44.04  3.5567726645626303
44.16  3.635201909067889
44.28  3.7126888133336005
44.4  3.789133254526879
44.519999999999996  3.8644370999472084
44.64  3.9385043700861844
44.76  4.011241396042816
44.879999999999995  4.08255697092378
45.0  4.152362494874826
45.12  4.220572113407715
45.239999999999995  4.287102848705874
45.36  4.35187472361146
45.48  4.4148108780172635
45.6  4.475837677407968
45.72  4.534884813317143
45.839999999999996  4.59188539548897
45.96  4.646776035556634
46.08  4.699496922073019
46.199999999999996  4.749991886753128
46.32  4.798208461812158
46.44  4.844097928307695
46.559999999999995  4.887615355419383
46.68  4.928719630624382
46.8  4.967373480752059
46.92  5.003543483926549
47.04  5.037200072430671
47.16  5.068317526549847
47.28  5.096873959479359
47.4  5.122851293402657
47.519999999999996  5.1462352268728
47.64  5.167015193652771
47.76  5.185184313193712
47.879999999999995  5.200739332953058
48.0  5.213680562776581
48.12  5.224011801590144
48.239999999999995  5.23174025666765
48.36  5.236876455761799
48.48  5.239434152403748
48.6  5.23943022469581
48.72  5.236884567939194
48.839999999999996  5.231819981455007
48.96  5.224262049972389
49.08  5.2142390199720055
49.199999999999996  5.201781671386389
49.32  5.18692318507099
49.44  5.169699006470449
49.559999999999995  5.150146705914733
49.68  5.128305835988073
49.8  5.104217786421024
49.92  5.077925636961911
50.04  5.049474008688629
50.16  5.018908914225147
50.28  4.9862776073290025
50.4  4.951628432316833
50.519999999999996  4.915010673794467
50.64  4.87647440715568
50.76  4.836070350310996
50.879999999999995  4.793849717102611
51.0  4.749864072856091
51.12  4.704165192511674
51.239999999999995  4.6568049217698375
51.36  4.6078350416757035
51.48  4.55730713705574
51.6  4.505272469208008
51.72  4.45178185323356
51.839999999999996  4.396885540382078
51.96  4.340633105768892
52.08  4.283073341803815
52.199999999999996  4.2242541576543
52.32  4.164222485046555
52.44  4.103024190688549
52.559999999999995  4.040703995577997
52.68  3.977305401437203
52.8  3.9128706244942313
52.919999999999995  3.8474405368067406
53.04  3.781054615301762
53.16  3.7137508986798906
53.28  3.6455659523081767
53.4  3.576534841200567
53.519999999999996  3.506691111159429
53.64  3.4360667781257153
53.76  3.3646923257594685
53.879999999999995  3.2925967112459364
54.0  3.219807379296446
54.12  3.1463502842868243
54.239999999999995  3.0722499204497113
54.36  2.9975293600112902
54.48  2.9222102991367898
54.6  2.846313111523468
54.72  2.7698569094546235
54.839999999999996  2.692859612103149
54.96  2.6153380208488315
55.08  2.5373079013497506
55.199999999999996  2.458784072084862
55.32  2.3797804990625275
55.44  2.3003103963678178
55.559999999999995  2.220386332200661
55.68  2.140020340036804
55.8  2.0592240345246573
55.919999999999995  1.9780087317127653
56.04  1.8963855731860264
56.16  1.8143656536727202
56.28  1.7319601516695828
56.4  1.649180462619213
56.519999999999996  1.566038334161194
56.64  1.482546002968139
56.76  1.398716332667642
56.879999999999995  1.3145629523435036
57.0  1.2301003951025011
57.12  1.1453442361876718
57.239999999999995  1.060311230115369
57.36  0.9750194463107641
57.48  0.8894884027157377
57.599999999999994  0.8037391968434935
57.72  0.7177946337566283
57.839999999999996  0.631679350448911
57.96  0.5454199361159203
58.08  0.4590450478070409
58.199999999999996  0.3725855209587674
58.32  0.2860744743194891
58.44  0.1995474087868629
58.559999999999995  0.11304229969155485
58.68  0.026599682075354403
58.8  0.0
58.919999999999995  0.0
59.04  0.0
59.16  0.0
59.28  0.0
59.4  0.0
59.519999999999996  0.0
59.64  0.0
59.76  0.0
59.879999999999995  0.0
60.0  0.0
60.12  0.0
60.239999999999995  0.0
60.36  0.0
60.48  0.0
60.599999999999994  0.0
60.72  0.0
60.839999999999996  0.0
60.96  0.0
61.08  0.0
61.199999999999996  0.0
61.32  0.0
61.44  0.0
61.559999999999995  0.0
61.68  0.0
61.8  0.0
61.919999999999995  0.0
62.04  0.0
62.16  0.0
62.28  0.0
62.4  0.0
62.519999999999996  0.0
62.64  0.0
62.76  0.0
62.879999999999995  0.0
63.0  0.0
63.12  0.0
63.239999999999995  0.0
63.36  0.0
63.48  0.0
63.599999999999994  0.0
63.72  0.0
63.839999999999996  0.0
63.96  0.0
64.08  0.0
64.2  0.0
64.32  0.0
64.44  0.0
64.56  0.0
64.67999999999999  0.0
64.8  0.0
64.92  0.0
65.03999999999999  0.0
65.16  0.0
65.28  0.0
65.39999999999999  0.0
65.52  0.0
65.64  0.0
65.75999999999999  0.0
65.88  0.0
66.0  0.0
66.12  0.0
66.24  0.0
66.36  0.0
66.48  0.0
66.6  0.0
66.72  0.0
66.84  0.0
66.96  0.0
67.08  0.0
67.2  0.0
67.32  0.0
67.44  0.0
67.56  0.0
67.67999999999999  0.0
67.8  0.0
67.92  0.0
68.03999999999999  0.0
68.16  0.0
68.28  0.13693817675143927
68.39999999999999  0.28936691338626286
68.52  0.4445382333779282
68.64  0.6022664690505968
68.75999999999999  0.762358583210508
68.88  0.9246143917759311
69.0  1.0888268048465533
69.12  1.2547820859567338
69.24  1.422260129211799
69.36  1.5910347539627507
69.48  1.7608740166305021
69.6  1.931540539247675
69.72  2.1027918542427013
69.84  2.274380764948774
69.96  2.446055721278926
70.08  2.6175612099678824
70.2  2.788638158741202
70.32  2.959024353734513
70.44  3.1284548694477783
70.56  3.2966625104830194
70.67999999999999  3.4633782642803057
70.8  3.6283317640325405
70.92  3.7912517609280143
71.03999999999999  3.9518666048402205
71.16  4.109904732555284
71.28  4.265095162601007
71.39999999999999  4.4171679957171355
71.52  4.565854919983257
71.64  4.710889719599953
71.75999999999999  4.852008786300593
71.88  4.988951632354118
72.0  5.1214614041047595
72.11999999999999  5.2492853949829765
72.24  5.372175556911534
72.36  5.489889009023058
72.48  5.602188542600789
72.6  5.708843121150696
72.72  5.809628374513303
72.84  5.904327085925015
72.96  5.992729670943967
73.08  6.074634647161474
73.2  6.149849093630108
73.32  6.21818909895106
73.44  6.279480196977618
73.56  6.333557789108293
73.67999999999999  6.380267552162411
73.8  6.419465830851978
73.92  6.4510200138880105
74.03999999999999  6.474808892785062
74.16  6.490723002456633
74.28  6.498664942724193
74.39999999999999  6.4985496798956435
74.52  6.4903048276041355
74.64  6.473870906134295
74.75999999999999  6.449201579502944
74.88  6.416263869601061
75.0  6.375038346747274
75.11999999999999  6.325519296047099
75.24  6.267714858998138
75.36  6.201647149829377
75.48  6.127352346111455
75.6  6.0448807532254625
75.72  5.954296842329315
75.84  5.855679261513947
75.96  5.74912081989501
76.08  5.634728444441084
76.2  5.512623109394915
76.32  5.382939738200458
76.44  5.245827077905537
76.56  5.101447546067713
76.67999999999999  4.9499770502480835
76.8  4.7916047802362085
76.92  4.626532973207431
77.03999999999999  4.4549766520715925
77.16  4.277163337330065
77.28  4.093332732816236
77.39999999999999  3.903736385750559
77.52  3.70863732159876
77.64  3.5083096542779026
77.75999999999999  3.3030381723088933
77.88  3.0931179015695207
78.0  2.8788536453547513
78.11999999999999  2.6605595025024087
78.24  2.438558364393985
78.36  2.213181391688855
78.48  1.9847674716980326
78.6  1.7536626573498066
78.72  1.5202195887435042
78.84  1.2847968983309204
78.96  1.0477586008041093
79.08  0.8094734688076384
79.2  0.5703143956298282
79.32  0.3306577460602511
79.44  0.09088269663362247
79.56  0.0
79.67999999999999  0.0
79.8  0.0
79.92  0.0
80.03999999999999  0.0
80.16  0.0
80.28  0.0
80.39999999999999  0.0
80.52  0.0
80.64  0.0
80.75999999999999  0.0
80.88  0.0
81.0  0.0
81.11999999999999  0.0
81.24  0.0
81.36  0.0
81.48  0.0
81.6  0.0
81.72  0.0
81.84  0.0
81.96  0.0
82.08  0.0
82.2  0.0
82.32  0.0
82.44  0.0
82.56  0.0
82.67999999999999  0.0
82.8  0.0
82.92  0.0
83.03999999999999  0.0
83.16  0.0
83.28  0.0
83.39999999999999  0.0
83.52  0.0
83.64  0.0
83.75999999999999  0.0
83.88  0.0
84.0  0.0
84.11999999999999  0.0
84.24  0.0
84.36  0.0
84.47999999999999  0.0
84.6  0.0
84.72  0.0
84.84  0.0
84.96  0.0
85.08  0.0
85.2  0.0
85.32  0.0
85.44  0.0
85.56  0.0
85.67999999999999  0.0
85.8  0.0
85.92  0.0
86.03999999999999  0.0
86.16  0.0
86.28  0.0
86.39999999999999  0.0
86.52  0.0
86.64  0.0
86.75999999999999  0.0
86.88  0.0
87.0  0.0
87.11999999999999  0.0
87.24  0.0
87.36  0.0
87.47999999999999  0.0
87.6  0.0
87.72  0.0
87.84  0.0
87.96  0.0
88.08  0.0
88.2  0.0
88.32  0.0
88.44  0.0
88.56  0.18221081051327714
88.67999999999999  0.42031874624253973
88.8  0.6578113976816955
88.92  0.8942809046194307
89.03999999999999  1.1293221359635606
89.16  1.3625334610228024
89.28  1.5935175142767983
89.39999999999999  1.8218819520786247
89.52  2.0472401997468994
89.64  2.2692121875223776
89.75999999999999  2.4874250738842782
89.88  2.7015139547451
90.0  2.911122557069169
90.11999999999999  3.115903915490768
90.24  3.3155210305399514
90.36  3.509647507120397
90.47999999999999  3.6979681719227213
90.6  3.8801796684982683
90.72  4.055991028762581
90.84  4.2251242197456085
90.96  4.387314664455107
91.08  4.542311735771874
91.2  4.6898792223501875
91.32  4.829795765554081
91.44  4.961855266518427
91.56  5.085867262485476
91.67999999999999  5.201657271630269
91.8  5.30906710565306
91.92  5.407955149483083
92.03999999999999  5.49819660750628
92.16  5.5796837157983825
92.28  5.652325919915403
92.39999999999999  5.7160500178648554
92.52  5.770800267953616
92.64  5.816538461281137
92.75999999999999  5.853243958720814
92.88  5.880913692305914
93.0  5.899562131011496
93.11999999999999  5.909221210997627
93.24  5.909940230454348
93.36  5.901785709262381
93.47999999999999  5.88484121375829
93.6  5.859207146965463
93.72  5.825000504725483
93.84  5.782354598236037
93.96  5.731418743572716
94.08  5.67235791884136
94.2  5.605352389676448
94.32  5.530597303867832
94.44  5.448302255963215
94.56  5.358690822758407
94.67999999999999  5.262000070647668
94.8  5.158480035867761
94.92  5.048393178725844
95.03999999999999  4.932013812957421
95.16  4.809627511412754
95.28  4.681530489321894
95.39999999999999  4.548028966434528
95.52  4.40943850937788
95.64  4.266083355616685
95.75999999999999  4.118295720439518
95.88  3.9664150884315656
96.0  3.810787490927969
96.11999999999999  3.6517647709708876
96.24  3.489703837321297
96.36  3.3249659090996935
96.47999999999999  3.1579157526500183
96.6  2.988920912238151
96.72  2.818350936209907
96.84  2.646576600242622
96.96  2.4739691293319095
97.08  2.3008994201574455
97.2  2.127737265471085
97.32  1.9548505821467563
97.44  1.7826046445235444
97.56  1.611361324663147
97.67999999999999  1.441478341126749
97.8  1.2733085178599408
97.92  1.107199054751665
98.03999999999999  0.9434908114089442
98.16  0.7825176056603123
98.28  0.6246055282705684
98.39999999999999  0.47007227531341056
98.52  0.3192264996116365
98.64  0.17236718261388118
98.75999999999999  0.02978302803222166
98.88  0.0
99.0  0.0
99.11999999999999  0.0
99.24  0.0
99.36  0.0
99.47999999999999  0.0
99.6  0.0
99.72  0.0
99.84  0.0
99.96  0.0
100.08  0.0
100.2  0.0
100.32  0.0
100.44  0.0
100.56  0.0
100.67999999999999  0.0
100.8  0.0
100.92  0.0
101.03999999999999  0.0
101.16  0.0
101.28  0.0
101.39999999999999  0.0
101.52  0.0
101.64  0.0
101.75999999999999  0.0
101.88  0.0
102.0  0.0
102.11999999999999  0.0
102.24  0.0
102.36  0.0
102.47999999999999  0.0
102.6  0.0
102.72  0.0
102.83999999999999  0.0
102.96  0.0
103.08  0.0
103.2  0.0
103.32  0.0
103.44  0.0
103.56  0.0
103.67999999999999  0.0
103.8  0.0
103.92  0.0
104.03999999999999  0.0
104.16  0.01935447011040292
104.28  0.14138121411835747
104.39999999999999  0.2653867347655595
104.52  0.39105069154707195
104.64  0.5180498795989621
104.75999999999999  0.6460589732214052
104.88  0.7747512733323255
105.0  0.9037994572056665
105.11999999999999  1.0328763288441927
105.24  1.1616555683346412
105.36  1.289812478536382
105.47999999999999  1.417024727460205
105.6  1.5429730847036398
105.72  1.6673421503222803
105.83999999999999  1.7898210745332843
105.96  1.9101042666679393
106.08  2.0278920918125376
106.2  2.142891553605767
106.32  2.2548169616892118
106.44  2.36339058234325
106.56  2.468343270875465
106.67999999999999  2.5694150843709584
106.8  2.666355873455033
106.92  2.758925851766164
107.03999999999999  2.8468961418851975
107.16  2.93004929651911
107.28  3.0081797937910393
107.39999999999999  3.0810945055460133
107.52  3.1486131376402335
107.64  3.2105686412437002
107.75999999999999  3.266807594249208
107.88  3.3171905519466005
108.0  3.3615923661882174
108.11999999999999  3.3999024723409406
108.24  3.432025143390667
108.36  3.457879710637079
108.47999999999999  3.477400750490056
108.6  3.4905382369532933
108.72  3.4972576594558156
108.83999999999999  3.497540105768674
108.96  3.491382309819824
109.08  3.4787966642982417
109.2  3.459811198014771
109.32  3.4344695180650033
109.44  3.402830716916641
109.56  3.3649692446209354
109.67999999999999  3.320974746423999
109.8  3.27095186613037
109.92  3.215020015645858
110.03999999999999  3.1533131112015207
110.16  3.085979276833312
110.28  3.0131805157645015
110.39999999999999  2.9350923504080173
110.52  2.851903431775151
110.64  2.763815119144331
110.75999999999999  2.671041030909103
110.88  2.573806567587675
111.0  2.472348408038187
111.11999999999999  2.3669139799824093
111.24  2.2577609059971273
111.36  2.1451564261874037
111.47999999999999  2.029376798806034
111.6  1.910706680133496
111.72  1.789438484977604
111.83999999999999  1.665871729195368
111.96  1.5403123556790859
112.08  1.4130720452859054
112.2  1.2844675142225932
112.32  1.1548197994283789
112.44  1.024453533524389
112.56  0.8936962109229984
112.67999999999999  0.7628774467085464
112.8  0.6323282299185208
112.92  0.5023801728666611
113.03999999999999  0.37336475815832854
113.16  0.24561258505447872
113.28  0.11945261684273967
113.39999999999999  0.0
113.52  0.0
113.64  0.0
113.75999999999999  0.0
113.88  0.0
114.0  0.0
114.11999999999999  0.0
114.24  0.0
114.36  0.0
114.47999999999999  0.0
114.6  0.0
114.72  0.0
114.83999999999999  0.0
114.96  0.0
115.08  0.0
115.19999999999999  0.0
115.32  0.0
115.44  0.0
115.56  0.0
115.67999999999999  0.0
115.8  0.0
115.92  0.0
116.03999999999999  0.0
116.16  0.0
116.28  0.0
116.39999999999999  0.0
116.52  0.0
116.64  0.0
116.75999999999999  0.0
116.88  0.0
117.0  0.0
117.11999999999999  0.0
117.24  0.0
117.36  0.0
117.47999999999999  0.0
117.6  0.0
117.72  0.0
117.83999999999999  0.0
117.96  0.0
118.08  0.0
118.19999999999999  0.0
118.32  0.0
118.44  0.0
118.56  0.0
118.67999999999999  0.0
118.8  0.009036109473417042
118.92  0.1581695098170759
119.03999999999999  0.3120188234027461
119.16  0.47030125700338343
119.28  0.6327231887438127
119.39999999999999  0.7989807613203994
119.52  0.968760498079628
119.64  1.141739940652474
119.75999999999999  1.3175883067944705
119.88  1.4959671670377848
120.0  1.6765311387207096
