0.0  33.33626764715951
2.4  33.3344391332031
4.8  33.332552874683934
7.199999999999999  33.33070737149915
9.6  33.32899899531361
12.0  0.0
14.399999999999999  0.0
16.8  0.0
19.2  0.0
21.599999999999998  0.0
24.0  0.0
26.4  0.0
28.799999999999997  0.0
31.2  0.0
33.6  0.0
36.0  0.0
38.4  0.0013097236088730393
40.8  0.0031260665353412334
43.199999999999996  0.0047791671336651995
45.6  0.006182700948726606
48.0  0.0072633758336662696
50.4  0.00796475924548162
52.8  0.008250225136783055
55.199999999999996  0.008104866557838384
57.599999999999994  0.007536274093356663
60.0  0.006574139484258284
62.4  0.005268705133192626
64.8  0.003688140460195444
67.2  0.0019149821144664953
69.6  4.182393342185356e-05
72.0  0.0
74.39999999999999  0.0
76.8  0.0
79.2  0.0
81.6  0.0
84.0  0.0
86.39999999999999  0.0
88.8  0.0
91.2  0.0
93.6  0.0
96.0  0.0
98.39999999999999  0.0
100.8  0.0
103.2  0.0004915395395114217
105.6  0.0023496549495153874
108.0  0.004085072029218912
110.39999999999999  0.005607167779658474
112.8  0.006836458782566713
115.19999999999999  0.0077087518024469195
117.6  0.008178495939540776
120.0  0.008221161285190098
122.39999999999999  0.007834519866868995
124.8  0.007038761992291693
127.19999999999999  0.005875441917139114
129.6  0.00440530789334315
132.0  0.0027051299122060877
134.4  0.0008636907967301479
136.79999999999998  0.0
139.2  0.0
141.6  0.0
144.0  0.0
146.4  0.0
148.79999999999998  0.0
151.2  0.0
153.6  0.0
156.0  0.0
158.4  0.0
160.79999999999998  0.0
163.2  0.0
165.6  0.0
168.0  0.0
170.4  0.0015498883766166698
172.79999999999998  0.0033503723226143835
175.2  0.004975900754418653
177.6  0.0063415890278057
180.0  0.00737612127961436
182.4  0.008025474522356616
184.79999999999998  0.008255739709652644
187.2  0.008054892457235579
189.6  0.0074334209529655524
192.0  0.006423778266566238
194.4  0.005078687659317719
196.79999999999998  0.0034683893899636114
199.2  0.0016769727878653226
201.6  0.0
204.0  0.0
206.4  0.0
208.79999999999998  0.0
211.2  0.0
213.6  0.0
216.0  0.0
218.4  0.0
220.79999999999998  0.0
223.2  0.0
225.6  0.0
228.0  0.0
230.39999999999998  0.0
232.79999999999998  0.0
235.2  0.0007347162978977402
237.6  0.002582370746601302
240.0  0.004295174510573448
242.39999999999998  0.005783685451931311
244.79999999999998  0.006970173941830352
247.2  0.007792681880141307
249.6  0.008208258130268356
252.0  0.008195201415599117
254.39999999999998  0.007754193554155204
256.8  0.006908263854244048
259.2  0.005701586530361333
261.59999999999997  0.00419717393795199
264.0  0.0024735860856715886
266.4  0.0006208282535059249
268.8  0.0
271.2  0.0
273.59999999999997  0.0
276.0  0.0
278.4  0.0
280.8  0.0
283.2  0.0
285.59999999999997  0.0
288.0  0.0
290.4  0.0
292.8  0.0
295.2  0.0
297.59999999999997  0.0
300.0  0.0
302.4  0.0017887010462464968
304.8  0.003571755298047513
307.2  0.00516829347803012
309.59999999999997  0.006494944804886565
312.0  0.007482431913985203
314.4  0.008079188502152578
316.8  0.008254052105734638
319.2  0.007997891395812506
321.59999999999997  0.007324083013668142
324.0  0.006267813046283622
326.4  0.004884239618630189
328.8  0.00324561255166818
331.2  0.0014375004967193653
333.59999999999997  0.0
336.0  0.0
338.4  0.0
340.8  0.0
343.2  0.0
345.59999999999997  0.0
348.0  0.0
350.4  0.0
352.8  0.0
355.2  0.0
357.59999999999997  0.0
360.0  0.0
362.4  0.0
364.8  0.0
367.2  0.000977252101402648
369.59999999999997  0.002812833724278833
372.0  0.004501529949597864
374.4  0.005955157528464281
376.8  0.007097808431555627
379.2  0.007869813745376951
381.59999999999997  0.008230859566387444
384.0  0.008162092181871075
386.4  0.007667102605589707
388.8  0.0067717390560395295
391.2  0.00552275716964473
393.59999999999997  0.0039853784343806846
396.0  0.002239884341746912
398.4  0.0003774241095294722
400.8  0.0
403.2  0.0
405.59999999999997  0.0
408.0  0.0
410.4  0.0
412.8  0.0
415.2  0.0
417.59999999999997  0.0
420.0  0.0
422.4  0.0
424.8  0.0
427.2  0.0
429.59999999999997  0.0
432.0  0.00015608951320032587
434.4  0.002025953281365542
436.8  0.003790022330633184
439.2  0.0053561774641294755
441.59999999999997  0.0066426344948140575
444.0  0.007582214993062282
446.4  0.008125854325642846
448.8  0.008245163797268008
451.2  0.007933913100393873
453.59999999999997  0.007208355660153869
456.0  0.006106379885002556
458.4  0.00468553064452621
460.79999999999995  0.0030200042923005247
463.2  0.001196774152869019
465.59999999999997  0.0
468.0  0.0
470.4  0.0
472.79999999999995  0.0
475.2  0.0
477.59999999999997  0.0
480.0  0.0
482.4  0.0
484.79999999999995  0.0
487.2  0.0
489.59999999999997  0.0
492.0  0.0
494.4  0.0
496.79999999999995  0.0
499.2  0.0012189353656261114
501.59999999999997  0.0030408428302903003
504.0  0.004703958325069907
506.4  0.006121434419728974
508.79999999999995  0.00721925090543173
511.2  0.007940080109534198
513.6  0.008246280530762533
516.0  0.00812186246797798
518.4  0.007573322997938992
520.8  0.006629306699753479
523.1999999999999  0.005339109842896096
525.6  0.0037701061496777837
528.0  0.002004228558138258
530.4  0.00013369070672748307
532.8  0.0
535.1999999999999  0.0
537.6  0.0
540.0  0.0
542.4  0.0
544.8  0.0
547.1999999999999  0.0
549.6  0.0
552.0  0.0
554.4  0.0
556.8  0.0
559.1999999999999  0.0
561.6  0.0
564.0  0.00039980153486153785
566.4  0.002261438106875099
568.8  0.0040049830076632825
571.1999999999999  0.005539388805697964
573.6  0.0067845292554378845
576.0  0.007675383467665104
578.4  0.00816543128230086
580.8  0.008229082538272531
583.1999999999999  0.007863013384633038
585.6  0.007086339851136136
588.0  0.005939619614460433
590.4  0.0044827340875728955
592.8  0.0027917614289388742
595.1999999999999  0.0009550037621704568
597.6  0.0
600.0  0.0
602.4  0.0
604.8  0.0
607.1999999999999  0.0
609.6  0.0
612.0  0.0
614.4  0.0
616.8  0.0
619.1999999999999  0.0
621.6  0.0
624.0  0.0
626.4  0.0
628.8  0.0
631.1999999999999  0.0014595552499096624
633.6  0.0032661991530967167
636.0  0.004902283041675448
638.4  0.006282371068394609
640.8  0.007334395418964693
643.1999999999999  0.008003419673347946
645.6  0.008254507570388125
648.0  0.008074547369686125
650.4  0.00747293654304999
652.8  0.006481091041121391
655.1999999999999  0.00515080476113952
657.6  0.0035515448839806983
660.0  0.0017668243172252163
662.4  0.0
664.8  0.0
667.1999999999999  0.0
669.6  0.0
672.0  0.0
674.4  0.0
676.8  0.0
679.1999999999999  0.0
681.6  0.0
684.0  0.0
686.4  0.0
688.8  0.0
691.1999999999999  0.0
693.6  0.0
696.0  0.0006431647759851731
698.4  0.002494950089536916
700.8  0.004216449800842032
703.1999999999999  0.005717767672058059
705.6  0.006920505300012421
708.0  0.0077618560590895945
710.4  0.008197884845815392
712.8  0.008205822357784278
715.1999999999999  0.007785254100320969
717.6  0.006958142031277515
720.0  0.005767677713680615
722.4  0.004276026864280097
724.8  0.002561083077048321
727.1999999999999  0.0007124002412897015
729.6  0.0
732.0  0.0
734.4  0.0
736.8  0.0
739.1999999999999  0.0
741.6  0.0
744.0  0.0
746.4  0.0
748.8  0.0
751.1999999999999  0.0
753.6  0.0
756.0  0.0
758.4  0.0
760.8  0.0
763.1999999999999  0.0016989018412709171
765.6  0.003488706095405324
768.0  0.005096331084067665
770.4  0.006437827075873451
772.8  0.007443141521901454
775.1999999999999  0.00805977718038423
777.6  0.008255533508124933
780.0  0.00802018816393915
782.4  0.007366030816478694
784.8  0.006327221381140389
787.1999999999999  0.004958006198750854
789.6  0.0033298853066819076
792.0  0.0015278787267139153
794.4  0.0
796.8  0.0
799.1999999999999  0.0
801.6  0.0
804.0  0.0
806.4  0.0
808.8  0.0
811.1999999999999  0.0
813.6  0.0
816.0  0.0
818.4  0.0
820.8  0.0
823.1999999999999  0.0
825.6  0.0
828.0  0.0008859669303275387
830.4  0.002726285517189254
832.8  0.004424238229882756
835.1999999999999  0.005891158448307255
837.6  0.0070504440051863265
840.0  0.007841557330014211
842.4  0.008223186704210766
844.8  0.008175403547616943
847.1999999999999  0.007700703083427852
849.6  0.006823874038328967
852.0  0.005590704182058569
854.4  0.004065589302760928
856.8  0.002328170476775809
859.1999999999999  0.00046917523370257385
861.6  0.0
864.0  0.0
866.4  0.0
868.8  0.0
871.1999999999999  0.0
873.6  0.0
876.0  0.0
878.4  0.0
880.8  0.0
883.1999999999999  0.0
885.6  0.0
888.0  0.0
890.4  0.0
892.8  6.422572797131496e-05
895.1999999999999  0.0019367663375278671
897.6  0.0037081695456776475
900.0  0.005285933167802364
902.4  0.006587666824802668
904.8  0.007545394345861317
907.1999999999999  0.00810910346524503
909.6  0.008249357448961101
912.0  0.007958832272848666
914.4  0.007252699081090658
916.8  0.006167831953268979
919.1999999999999  0.004760882350147694
921.5999999999999  0.00310532079009184
924.0  0.0012876002389593877
926.4  0.0
928.8  0.0
931.1999999999999  0.0
933.5999999999999  0.0
936.0  0.0
938.4  0.0
940.8  0.0
943.1999999999999  0.0
945.5999999999999  0.0
948.0  0.0
950.4  0.0
952.8  0.0
955.1999999999999  0.0
957.5999999999999  0.0
960.0  0.0011279961811282977
962.4  0.0029552425764628877
964.8  0.004628167023445192
967.1999999999999  0.006059409871073744
969.5999999999999  0.007174232014487759
972.0  0.00791441775031045
974.4  0.008241314784545792
976.8  0.008137852644659542
979.1999999999999  0.007609434094923935
981.5999999999999  0.006683653005564765
984.0  0.005408853408505245
986.4  0.0038516049854169392
988.8  0.0020932268173909662
991.1999999999999  0.00022554092505978158
993.5999999999999  0.0
996.0  0.0
998.4  0.0
1000.8  0.0
1003.1999999999999  0.0
1005.5999999999999  0.0
1008.0  0.0
1010.4  0.0
1012.8  0.0
1015.1999999999999  0.0
1017.5999999999999  0.0
1020.0  0.0
1022.4  0.0
1024.8  0.000308014022628617
1027.2  0.0021729412294551305
1029.6  0.003924398047469812
1032.0  0.00547092388701967
1034.3999999999999  0.0067317595973542645
1036.8  0.007641064687097328
1039.2  0.008151355496459319
1041.6  0.00823598478079299
1044.0  0.007890533222323888
1046.3999999999999  0.007133040205699872
1048.8  0.0060030618063238225
1051.2  0.0045596051830585575
1053.6  0.00287804724074408
1056.0  0.0010461984691150848
1058.3999999999999  0.0
1060.8  0.0
1063.2  0.0
1065.6  0.0
1068.0  0.0
1070.3999999999999  0.0
1072.8  0.0
1075.2  0.0
1077.6  0.0
1080.0  0.0
1082.3999999999999  0.0
1084.8  0.0
1087.2  0.0
1089.6  0.0
1092.0  0.0013690413858959958
1094.3999999999999  0.0031816215288394466
1096.8  0.004828058277274443
1099.2  0.0062223751604767626
1101.6  0.007291761337214669
1104.0  0.007980373757699595
1106.3999999999999  0.008252253272169795
1108.8  0.008093202407726062
1111.2  0.0075115267564315955
1113.6  0.0065376012595965306
1116.0  0.005222284036760085
1118.3999999999999  0.0036342605887831874
1120.8  0.001856457060027667
1123.2  0.0
1125.6  0.0
1128.0  0.0
1130.3999999999999  0.0
1132.8  0.0
1135.2  0.0
1137.6  0.0
1140.0  0.0
1142.3999999999999  0.0
1144.8  0.0
1147.2  0.0
1149.6  0.0
1152.0  0.0
1154.3999999999999  0.0
1156.8  0.0005515336107226048
1159.2  0.00240722048181114
1161.6  0.004137202966455736
1164.0  0.005651141858741195
1166.3999999999999  0.006869979689272058
1168.8  0.007730069084316528
1171.2  0.00818649641402312
1173.6  0.008215427169724867
1176.0  0.007815350595376655
1178.3999999999999  0.0070071585788172505
1180.8  0.005833054683175779
1183.2  0.004354350288501728
1185.6  0.0026482629284895567
1188.0  0.0008038840122683434
1190.3999999999999  0.0
1192.8  0.0
1195.2  0.0
1197.6  0.0
1200.0  0.0
1202.3999999999999  0.0
1204.8  0.0
1207.2  0.0
1209.6  0.0
1212.0  0.0
1214.3999999999999  0.0
1216.8  0.0
1219.2  0.0
1221.6  0.0
1224.0  0.0016088922606050339
1226.3999999999999  0.0034052248849002534
1228.8  0.005023737609401039
1231.2  0.006379912148174467
1233.6  0.007402929442644269
1236.0  0.0080393678132037
1238.3999999999999  0.008255992624519147
1240.8  0.008041491788977262
1243.2  0.007407066480765067
1245.6  0.006385846213658362
1248.0  0.005031158826992978
1250.3999999999999  0.0034137457206744526
1252.8  0.0016180677588783388
1255.2  0.0
1257.6  0.0
1260.0  0.0
1262.3999999999999  0.0
1264.8  0.0
1267.2  0.0
1269.6  0.0
1272.0  0.0
1274.3999999999999  0.0
1276.8  0.0
1279.2  0.0
1281.6  0.0
1284.0  0.0
1286.3999999999999  0.0
1288.8  0.0007945720496151374
1291.2  0.002639399713080317
1293.6  0.004346398654988848
1296.0  0.005826429863657739
1298.3999999999999  0.007002206519533112
1300.8  0.007812329891490107
1303.2  0.008214495561555596
1305.6  0.008187702549891571
1308.0  0.007733349980141939
1310.3999999999999  0.006875164017583714
1312.8  0.00565795889535119
1315.2  0.004145296727601641
1317.6  0.00241616831352895
1320.0  0.0005608682597197435
1322.3999999999999  0.0
1324.8  0.0
1327.2  0.0
1329.6  0.0
1332.0  0.0
1334.3999999999999  0.0
1336.8  0.0
1339.2  0.0
1341.6  0.0
1344.0  0.0
1346.3999999999999  0.0
1348.8  0.0
1351.2  0.0
1353.6  0.0
1356.0  0.0018473395631449334
1358.3999999999999  0.003625857576613078
1360.8  0.005215034312269797
1363.2  0.006531883401389535
1365.6  0.007507639349479054
1368.0  0.008091348451341523
1370.3999999999999  0.008252529579441973
1372.8  0.007982765899939298
1375.2  0.0072961443974170846
1377.6  0.006228520256452803
1380.0  0.004835644513815145
1382.3999999999999  0.0031902527547753323
1384.8  0.0013782668810002556
1387.2  0.0
1389.6  0.0
1392.0  0.0
1394.3999999999999  0.0
1396.8  0.0
1399.2  0.0
1401.6  0.0
1404.0  0.0
1406.3999999999999  0.0
1408.8  0.0
1411.2  0.0
1413.6  0.0
1416.0  0.0
1418.3999999999999  0.0
1420.8  0.001036917316415027
1423.2  0.0028692763737726153
1425.6  0.004551802614058254
1428.0  0.005996634983285537
1430.3999999999999  0.007128324735541532
1432.8  0.007887775345590506
1435.2  0.008235328513043151
1437.6  0.008152835107813122
1440.0  0.007644602912659922
1442.3999999999999  0.006737171671967459
1444.8  0.005477927193646757
1447.2  0.003932626875379592
1449.6  0.002181965871534824
1452.0  0.000317363214569614
1454.3999999999999  0.0
1456.8  0.0
1459.2  0.0
1461.6  0.0
1464.0  0.0
1466.3999999999999  0.0
1468.8  0.0
1471.2  0.0
1473.6  0.0
1476.0  0.0
1478.3999999999999  0.0
1480.8  0.0
1483.2  0.0
1485.6  0.00021618836889677247
1488.0  0.0020841752758589236
1490.3999999999999  0.0038433271275059777
1492.8  0.005401781501661623
1495.2  0.006678156342803906
1497.6  0.007605799710451865
1500.0  0.008136270325026281
1502.3999999999999  0.008241867158044033
1504.8  0.007917075972149227
1507.2  0.007178857273059324
1509.6  0.00606576063665737
1512.0  0.004635911660821946
1514.3999999999999  0.002963976662815426
1516.8  0.001137263624887568
1519.2  0.0
1521.6  0.0
1524.0  0.0
1526.3999999999999  0.0
1528.8  0.0
1531.2  0.0
1533.6  0.0
1536.0  0.0
1538.3999999999999  0.0
1540.8  0.0
1543.2  0.0
1545.6  0.0
1548.0  0.0
1550.3999999999999  0.0
1552.8  0.001278357992943113
1555.2  0.0030966499231237054
1557.6  0.004753235652497595
1560.0  0.006161608733369251
1562.3999999999999  0.007248224313759661
1564.8  0.007956339629196436
1567.2  0.008248977094148315
1569.6  0.008110855261294595
1572.0  0.0075491868144690576
1574.3999999999999  0.006593301924308804
1576.8  0.005293116634872487
1579.2  0.0037165262616519453
1581.6  0.0019458599170143875
1584.0  7.358130676906206e-05
1586.3999999999999  0.0
1588.8  0.0
1591.2  0.0
1593.6  0.0
1596.0  0.0
1598.3999999999999  0.0
1600.8  0.0
1603.2  0.0
1605.6  0.0
1608.0  0.0
1610.3999999999999  0.0
1612.8  0.0
1615.2  0.0
1617.6  0.0004598341488337731
1620.0  0.002319192787016059
1622.3999999999999  0.004057443820581365
1624.8  0.005583816262281327
1627.2  0.006818603366215919
1629.6  0.007697324892015902
1632.0  0.008174094245125567
1634.3999999999999  0.008224014662053185
1636.8  0.007844479312461326
1639.2  0.007055307427124593
1641.6  0.005897709343190745
1644.0  0.004432134511796272
1646.3999999999999  0.00273511484447961
1648.8  0.0008952682379703
1651.2  0.0
1653.6  0.0
1656.0  0.0
1658.3999999999999  0.0
1660.8  0.0
1663.2  0.0
1665.6  0.0
1668.0  0.0
1670.3999999999999  0.0
1672.8  0.0
1675.2  0.0
1677.6  0.0
1680.0  0.0
1682.3999999999999  0.0
1684.8  0.0015186834501708314
1687.2  0.003321322004044349
1689.6  0.004950522043309184
1692.0  0.006321207193417859
1694.3999999999999  0.007361800655691308
1696.8  0.008017962927911017
1699.2  0.00825542939806471
1701.6  0.00806179963289043
1704.0  0.00744718492506464
1706.3999999999999  0.006443680284301095
1708.8  0.005103688444837549
1711.2  0.003497183409177253
1713.6  0.0017080564250691887
1716.0  0.0
1718.3999999999999  0.0
1720.8  0.0
1723.2  0.0
1725.6  0.0
1728.0  0.0
1730.3999999999999  0.0
1732.8  0.0
1735.2  0.0
1737.6  0.0
1740.0  0.0
1742.3999999999999  0.0
1744.8  0.0
1747.2  0.0
1749.6  0.0007030787767299692
1752.0  0.0025521870710555725
1754.3999999999999  0.004268020863821694
1756.8  0.005760979789881976
1759.2  0.006953101947863163
1761.6  0.007782135049049911
1764.0  0.00820478721464958
1766.3999999999999  0.00819898766570465
1768.8  0.007765039253053791
1771.2  0.00692560264254486
1773.6  0.005724512981344538
1776.0  0.00422449083870072
1778.3999999999999  0.0025038669551993415
1780.8  0.0006524918331977047
1783.2  0.0
1785.6  0.0
1788.0  0.0
1790.3999999999999  0.0
1792.8  0.0
1795.2  0.0
1797.6  0.0
1800.0  0.0
1802.3999999999999  0.0
1804.8  0.0
1807.2  0.0
1809.6  0.0
1812.0  0.0
1814.3999999999999  0.0
1816.8  0.0017576840319691901
1819.2  0.0035430966161635368
1821.6  0.005143489676965057
1824.0  0.006475291132258299
1826.3999999999999  0.007468954679131575
1828.8  0.008072591482542803
1831.2  0.008254679795904432
1833.6  0.008005711017955167
1836.0  0.007338686229282385
1838.3999999999999  0.0062884372794972075
1840.8  0.004909807877700164
1843.1999999999998  0.0032747896691918896
1845.6  0.0014687628517053555
1848.0  0.0
1850.3999999999999  0.0
1852.8  0.0
1855.1999999999998  0.0
1857.6  0.0
1860.0  0.0
1862.3999999999999  0.0
1864.8  0.0
1867.1999999999998  0.0
1869.6  0.0
1872.0  0.0
1874.3999999999999  0.0
1876.8  0.0
1879.1999999999998  0.0
1881.6  0.000945710049818266
1884.0  0.002782954867448042
1886.3999999999999  0.004474874553143968
1888.8  0.0059331175298033
1891.1999999999998  0.007081534753309502
1893.6  0.007860156194513867
1896.0  0.008228322457537008
1898.3999999999999  0.008166808002154333
1900.8  0.007678825096178321
1903.1999999999998  0.006789856071723757
1905.6  0.005546322644886183
1908.0  0.004013161786592953
1910.3999999999999  0.0022704347319773134
1912.8  0.00040914620486642633
1915.1999999999998  0.0
1917.6  0.0
1920.0  0.0
1922.3999999999999  0.0
1924.8  0.0
1927.1999999999998  0.0
1929.6  0.0
1932.0  0.0
1934.3999999999999  0.0
1936.8  0.0
1939.1999999999998  0.0
1941.6  0.0
1944.0  0.0
1946.3999999999999  0.00012433594447338464
1948.8  0.0019951512380097956
1951.1999999999998  0.0037617802868162324
1953.6  0.005331970211552707
1956.0  0.006623726129498615
1958.3999999999999  0.007569592904604675
1960.8  0.008120177636004491
1963.1999999999998  0.008246728941608567
1965.6  0.007942638347309636
1968.0  0.007223785379668881
1970.3999999999999  0.006127708341439915
1972.8  0.00471164407180139
1975.1999999999998  0.0030495390544782535
1977.6  0.0012281879528531746
1980.0  0.0
1982.3999999999999  0.0
1984.8  0.0
1987.1999999999998  0.0
1989.6  0.0
1992.0  0.0
1994.3999999999999  0.0
1996.8  0.0
1999.1999999999998  0.0
2001.6  0.0
2004.0  0.0
2006.3999999999999  0.0
2008.8  0.0
2011.1999999999998  0.0
2013.6  0.0011875163004119015
2016.0  0.003011294858016885
2018.3999999999999  0.00467782443266047
2020.8  0.006100079311802896
2023.1999999999998  0.007203789739806537
2025.6  0.007931320263994093
2028.0  0.008244679442014081
2030.3999999999999  0.008127503744431903
2032.8  0.007585912053702203
2035.1999999999998  0.006648186137822933
2037.6  0.005363293784247759
2040.0  0.0037983317155964188
2042.3999999999999  0.002035021817393944
2044.8  0.00016544364385544632
2047.1999999999998  0.0
2049.6  0.0
2052.0  0.0
2054.4  0.0
2056.7999999999997  0.0
2059.2  0.0
2061.6  0.0
2064.0  0.0
2066.4  0.0
2068.7999999999997  0.0
2071.2  0.0
2073.6  0.0
2076.0  0.0
2078.4  0.00036807774549984726
2080.7999999999997  0.0022308779056561144
2083.2  0.0039771822398258615
2085.6  0.005515799219634085
2088.0  0.006766382692794318
2090.4  0.0076636275369140255
2092.7999999999997  0.008160679874888206
2095.2  0.008231583771376675
2097.6  0.007872636644554436
2100.0  0.00710258261390858
2102.4  0.0059616336875132625
2104.7999999999997  0.004509369902112437
2107.2  0.002821628070111085
2109.6  0.0009865416022503412
2112.0  0.0
2114.4  0.0
2116.7999999999997  0.0
2119.2  0.0
2121.6  0.0
2124.0  0.0
2126.4  0.0
2128.7999999999997  0.0
2131.2  0.0
2133.6  0.0
2136.0  0.0
2138.4  0.0
2140.7999999999997  0.0
2143.2  0.0
2145.6  0.0014282865805613975
2148.0  0.0032370078425642706
2150.4  0.004876693452105036
2152.7999999999997  0.006261719481061578
2155.2  0.00731976025403671
2157.6  0.007995565175081638
2160.0  0.008253843898506173
2162.4  0.008081109180950298
2164.7999999999997  0.007486381181494606
2167.2  0.006500716431452851
2169.6  0.005175586070913339
2172.0  0.00358018804006828
2174.4  0.00179783358195347
2176.7999999999997  0.0
2179.2  0.0
2181.6  0.0
2184.0  0.0
2186.4  0.0
2188.7999999999997  0.0
2191.2  0.0
2193.6  0.0
2196.0  0.0
2198.4  0.0
2200.7999999999997  0.0
2203.2  0.0
2205.6  0.0
2208.0  0.0
2210.4  0.0006114984413207402
2212.7999999999997  0.0024646583906911507
2215.2  0.004189114561934432
2217.6  0.005694816331688787
2220.0  0.00690313637081492
2222.4  0.007750976541733123
2224.7999999999997  0.008194062865681143
2227.2  0.008209257497615776
2229.6  0.007795766978068149
2232.0  0.006975183667377941
2234.4  0.005790358198619775
2236.7999999999997  0.0043031618294203065
2239.2  0.002591255542029546
2241.6  0.0007440346083523448
2244.0  0.0
2246.4  0.0
2248.7999999999997  0.0
2251.2  0.0
2253.6  0.0
2256.0  0.0
2258.4  0.0
2260.7999999999997  0.0
2263.2  0.0
2265.6  0.0
2268.0  0.0
2270.4  0.0
2272.7999999999997  0.0
2275.2  0.0
2277.6  0.001667810846081274
2280.0  0.0034598969126515486
2282.4  0.005071308121289323
2284.7999999999997  0.006417897025251923
2287.2  0.007429345125157189
2289.6  0.008052834881531752
2292.0  0.008255807832086336
2294.4  0.008027664785593221
2296.7999999999997  0.007380319308714717
2299.2  0.006347575602853485
2301.6  0.004983363258124108
2304.0  0.003358921065101903
2306.4  0.0015590769449226598
2308.7999999999997  0.0
2311.2  0.0
2313.6  0.0
2316.0  0.0
2318.4  0.0
2320.7999999999997  0.0
2323.2  0.0
2325.6  0.0
2328.0  0.0
2330.4  0.0
2332.7999999999997  0.0
2335.2  0.0
2337.6  0.0
2340.0  0.0
2342.4  0.000854385675570093
2344.7999999999997  0.00269628874671594
2347.2  0.004397392366735092
2349.6  0.005868865376018952
2352.0  0.007033867861814131
2354.4  0.007831563717171202
2356.7999999999997  0.008220297485589967
2359.2  0.008179769597414134
2361.6  0.007712096407732542
2364.0  0.006841699680903429
2366.4  0.005614031292787695
2368.7999999999997  0.004093199746387157
2371.2  0.0023586224435846142
2373.6  0.0005008785304262795
2376.0  0.0
2378.4  0.0
2380.7999999999997  0.0
2383.2  0.0
2385.6  0.0
2388.0  0.0
2390.4  0.0
2392.7999999999997  0.0
2395.2  0.0
2397.6  0.0
2400.0  0.0
