0.0  9.316472042877404  100.0
0.12  9.436137274129175
0.24  9.548484997759152
0.36  9.6533376993349
0.48  9.750527694148541
0.6  9.839897422232305
0.72  9.921299728625428
0.84  9.994598128385215
0.96  10.059667055859292
1.08  10.116392097761086
1.2  10.164670209616556
1.3199999999999998  10.204409915176912
1.44  10.23553148841939
1.56  10.257967117786567
1.68  10.271661052343266
1.7999999999999998  10.276569729559737
1.92  10.272661884459689
2.04  10.25991863990229
2.16  10.238333577798217
2.28  10.207912791091166
2.4  10.168674916368005
2.52  10.12065114699267
2.6399999999999997  10.063885226691223
2.76  9.998433423547883
2.88  9.924364484404363
3.0  9.84175956968754
3.12  9.750712168723055
3.2399999999999998  9.651327995625044
3.36  9.543724865884727
3.48  9.428032553812882
3.5999999999999996  9.304392631023372
3.7199999999999998  9.172958286176764
3.84  9.033894126234568
3.96  8.88737595950582
4.08  8.733590560798461
4.2  8.572735419018162
4.32  8.405018467586931
4.4399999999999995  8.230657798083044
4.56  8.049881357532144
4.68  7.86292662980727
4.8  7.670040301622523
4.92  7.471477913631313
5.04  7.267503497165579
5.16  7.058389197176893
5.279999999999999  6.844414881963904
5.3999999999999995  6.62586774029329
5.52  6.403041866542988
5.64  6.1762378345170275
5.76  5.945762260600904
5.88  5.711927356944693
6.0  5.4750504753784845
6.12  5.235453642780725
6.24  4.99346308863492
6.359999999999999  4.749408765523828
6.4799999999999995  4.503623863322646
6.6  4.256444317863767
6.72  4.008208314855507
6.84  3.7592557898457355
6.96  3.5099279250284137
7.08  3.260566643696926
7.199999999999999  3.0115141031525456
7.319999999999999  2.7631121868794084
7.4399999999999995  2.5157019967991827
7.56  2.269623346418903
7.68  2.025214255684432
7.8  1.7828104483496439
7.92  1.542744852667628
8.04  1.3053471062050754
8.16  1.0709430655745455
8.28  0.8398543218715104
8.4  0.6123977225937782
8.52  0.3888849008106385
8.64  0.16962181233705337
8.76  0.0
8.879999999999999  0.0
9.0  0.0
9.12  0.0
9.24  0.0
9.36  0.0
9.48  0.0
9.6  0.0
9.719999999999999  0.0
9.84  0.0
9.959999999999999  0.0
10.08  0.0
10.2  0.0
10.32  0.0
10.44  0.0
10.559999999999999  0.0
10.68  0.0
10.799999999999999  0.0
10.92  0.0
11.04  0.0
11.16  0.0
11.28  0.0
11.4  0.0
11.52  0.0
11.639999999999999  0.0
11.76  0.0
11.879999999999999  0.0
12.0  0.0
12.12  0.0
12.24  0.0
12.36  0.0
12.48  0.0
12.6  0.0
12.719999999999999  0.0
12.84  0.0
12.959999999999999  0.0
13.08  0.0
13.2  0.0
13.32  0.0
13.44  0.0
13.559999999999999  0.0
13.68  0.0
13.799999999999999  0.0
13.92  0.0
14.04  0.0
14.16  0.0
14.28  0.0
14.399999999999999  0.0
14.52  0.0
14.639999999999999  0.0
14.76  0.0
14.879999999999999  0.0
15.0  0.0
15.12  0.0
15.24  0.0
15.36  0.0
15.479999999999999  0.0
15.6  0.14902477486296295
15.719999999999999  0.35811580004723137
15.84  0.57067671195392
15.959999999999999  0.786404056933905
16.08  1.0049910859506168
16.2  1.2261282304545396
16.32  1.4495035810757604
16.439999999999998  1.674803368347082
16.56  1.9017124446686735
16.68  2.1299147667247773
16.8  2.359093877564568
16.919999999999998  2.5889333875612
17.04  2.8191174534673933
17.16  3.049331254790565
17.28  3.2792614667174997
17.4  3.5085967288258635
17.52  3.7370281088292545
17.64  3.964249560612595
17.759999999999998  4.189958375826487
17.88  4.413855628321821
18.0  4.635646610719957
18.12  4.855041262429179
18.24  5.071754588434273
18.36  5.285507068203801
18.48  5.496025054077934
18.599999999999998  5.703041158519711
18.72  5.906294629632904
18.84  6.105531714371484
18.96  6.300506008888265
19.08  6.490978795493706
19.2  6.676719365720231
19.32  6.857505329012543
19.439999999999998  7.033122906590387
19.56  7.203367210056812
19.68  7.368042504352204
19.8  7.526962454682506
19.919999999999998  7.679950357078323
20.04  7.826839352270803
20.16  7.9674726225995105
20.279999999999998  8.101703571697634
20.4  8.229395986729973
20.52  8.35042418298976
20.64  8.464673130691331
20.759999999999998  8.572038563826503
20.88  8.672427070983938
21.0  8.765756168061756
21.119999999999997  8.851954352835284
21.24  8.93096114137283
21.36  9.002727086323784
21.48  9.067213777134299
21.599999999999998  9.124393822276755
21.72  9.174250813609856
21.84  9.216779273016504
21.96  9.251984581496725
22.08  9.27988289092236
22.2  9.300501018689571
22.32  9.313876325533712
22.439999999999998  9.320056576799272
22.56  9.3190997874852
22.68  9.311074051412518
22.8  9.296057354887589
22.919999999999998  9.274137375259606
23.04  9.245411264795548
23.16  9.209985420319796
23.279999999999998  9.167975239088278
23.4  9.119504861389338
23.52  9.064706900384428
23.64  9.003722159721896
23.759999999999998  8.936699339476343
23.88  8.863794730983832
24.0  8.785171901160647
24.119999999999997  8.701001366908727
24.24  8.611460260226021
24.36  8.51673198465349
24.48  8.41700586370289
24.599999999999998  8.312476781920877
24.72  8.203344819254806
24.84  8.089814879394734
24.96  7.9720963127733695
25.08  7.850402534912376
25.2  7.724950640808329
25.32  7.595961016055578
25.439999999999998  7.4636569454057415
25.56  7.328264219464949
25.68  7.19001074022997
25.8  7.049126126163096
25.919999999999998  6.905841317503227
26.04  6.760388182506868
26.16  6.612999125307838
26.279999999999998  6.4639066960781415
26.4  6.313343204165332
26.52  6.161540334872781
26.64  6.008728770539857
26.759999999999998  5.855137816567728
26.88  5.700995033024769
27.0  5.546525872452227
27.119999999999997  5.391953324476579
27.24  5.237497567819736
27.36  5.083375630282042
27.48  4.929801057255484
27.599999999999998  4.776983589306571
27.72  4.625128849348874
27.84  4.4744380399055
27.959999999999997  4.325107650940535
28.08  4.177329178717058
28.2  4.031288856116834
28.32  3.8871673948334795
28.439999999999998  3.745139739827287
28.56  3.6053748364052227
28.68  3.4680354102647866
28.799999999999997  3.333277760814606
28.919999999999998  3.2012515680588174
29.04  3.0720997133056716
29.16  2.945958113933953
29.279999999999998  2.822955572423604
29.4  2.7032136398295
29.52  2.586846493849547
29.64  2.4739608316104382
29.759999999999998  2.364655777266308
29.88  2.2590228044775573
30.0  2.1571456738088863
30.119999999999997  2.059100385057552
30.24  1.9649551444948405
30.36  1.8747703469759367
30.48  1.7885985728455718
30.599999999999998  1.7064845995395628
30.72  1.6284654277549593
30.84  1.554570322035014
30.959999999999997  1.4848208655883977
31.08  1.4192310291363885
31.2  1.3578072535560788
31.32  1.3005485460626678
31.439999999999998  1.2474465896495623
31.56  1.1984858654811692
31.68  1.1536437879100436
31.799999999999997  1.1128908517678433
31.919999999999998  1.0761907915575581
32.04  1.043500752153789
32.16  1.0147714705977366
32.28  0.9899474685541279
32.4  0.9689672549792756
32.519999999999996  0.9517635385317161
32.64  0.9382634492406506
32.76  0.9283887689317332
32.879999999999995  0.9220561698953589
33.0  0.9191774612691402
33.12  0.9196598425937783
33.24  0.9234061639903405
33.36  0.9303151923965396
33.48  0.9402818832906721
33.6  0.9531976573237684
33.72  0.9689506812736403
33.839999999999996  0.9874261527288652
33.96  1.008506587906134
34.08  1.0320721120010428
34.199999999999996  1.0580007514701397
34.32  1.0861687276410226
34.44  1.1164507510473654
34.56  1.1487203158870578
34.68  1.1828499940040385
34.8  1.2187117277980486
34.92  1.2561771214711603
35.04  1.2951177300260057
35.16  1.3354053454373263
35.28  1.376912279426845
35.4  1.419511642280354
35.519999999999996  1.463077617156472
35.64  1.507485729347461
35.76  1.5526131099650142
35.879999999999995  1.5983387535372553
36.0  1.644543769017213
36.12  1.6911116237185186
36.24  1.7379283797099605
36.36  1.784882922217696
36.48  1.8318671796015848
36.6  1.8787763344908155
36.72  1.925509025683381
36.839999999999996  1.9719675404341663
36.96  2.0180579967769803
37.08  2.063690515547605
37.199999999999996  2.1087793817968565
37.32  2.1532431953052886
37.44  2.1970050099342617
37.559999999999995  2.239992461571927
37.68  2.2821378844563855
37.8  2.323378415683007
37.92  2.363656087727467
38.04  2.4029179088410983
38.16  2.4411159312005335
38.28  2.4782073067188857
38.4  2.5141543304514644
38.519999999999996  2.5489244715545962
38.64  2.5824903917818083
38.76  2.6148299515273585
38.879999999999995  2.645926203452797
39.0  2.675767373757518
39.12  2.704346831179851
39.24  2.731663043840248
39.36  2.7577195240630172
39.48  2.7825247613376014
39.6  2.8060921436046242
39.72  2.8284398670757045
39.839999999999996  2.849590834819475
39.96  2.869572544368922
40.08  2.8884169646276905
40.199999999999996  2.906160402374585
40.32  2.9228433586866953
40.44  2.9385103756220037
40.559999999999995  2.9532098735220798
40.68  2.9669939793144633
40.8  2.97991834621259
40.92  2.9920419652286134
41.04  3.0034269689308237
41.16  3.01413842789335
41.28  3.0242441403003935
41.4  3.033814415181268
41.519999999999996  3.0429218497652526
41.64  3.05164110145733
41.76  3.0600486549466157
41.879999999999995  3.0682225849693885
42.0  3.0762423152570992
42.12  3.084188374207853
42.239999999999995  3.0921421478262894
42.36  3.10018563048243
42.48  3.1084011740446065
42.6  3.1168712359447355
42.72  3.1256781267367786
42.839999999999996  3.134903757709929
42.96  3.144629389118481
43.08  3.154935379588823
43.199999999999996  3.1659009372620197
43.32  3.1776038732268828
43.44  3.1901203577940564
43.559999999999995  3.203524680155999
43.68  3.2178890119710326
43.8  3.2332831754018594
43.92  3.249774416130232
44.04  3.2674271818593987
44.16  3.286302906805129
44.28  3.306459802664195
44.4  3.3279526565363047
44.519999999999996  3.350832636261526
44.64  3.3751471036204923
44.76  3.4009394358290246
44.879999999999995  3.4282488557420825
45.0  3.457110271164678
45.12  3.4875541236489616
45.239999999999995  3.5196062471379594
45.36  3.553287736796309
45.48  3.5886148283482124
45.6  3.6255987882215504
45.72  3.664245814775339
45.839999999999996  3.7045569508655025
45.96  3.7465280079809484
46.08  3.7901495021587177
46.199999999999996  3.8354066018630526
46.32  3.882279087989101
46.44  3.9307413261274435
46.559999999999995  3.980762251200694
46.68  4.032305364558354
46.8  4.085328743590704
46.92  4.139785063897208
47.04  4.195621634018951
47.16  4.252780442719319
47.28  4.311198218771238
47.4  4.37080650318362
47.519999999999996  4.431531733774241
47.64  4.493295341970722
47.76  4.556013861696033
47.879999999999995  4.61959905017004
48.0  4.683958020433699
48.12  4.748993385378301
48.239999999999995  4.8146034130379824
48.36  4.880682192880156
48.48  4.947119812805457
48.6  5.013802546546111
48.72  5.080613051129513
48.839999999999996  5.147430574052574
48.96  5.214131169791335
49.08  5.280587925250314
49.199999999999996  5.346671193736804
49.32  5.412248837026482
49.44  5.477186475068964
49.559999999999995  5.5413477428650335
49.68  5.6045945540310065
49.8  5.666787370550581
49.92  5.727785478200198
50.04  5.787447267120643
50.16  5.845630516995344
50.28  5.902192686284361
50.4  5.95699120495295
50.519999999999996  6.009883770124416
50.64  6.060728644078554
50.76  6.1093849540103236
50.879999999999995  6.155712992957269
51.0  6.199574521299453
51.12  6.240833068231976
51.239999999999995  6.279354232607882
51.36  6.315005982547554
51.48  6.347658953210822
51.6  6.377186742128852
51.72  6.4034662014949895
51.839999999999996  6.426377726817206
51.96  6.445805541339008
52.08  6.461637975641515
52.199999999999996  6.473767741846017
52.32  6.482092201844285
52.44  6.4865136289929115
52.559999999999995  6.486939462717947
52.68  6.483282555487566
52.8  6.475461411622506
52.919999999999995  6.463400417427402
53.04  6.447030062140673
53.16  6.426287149215655
53.28  6.401114997462311
53.4  6.37146363159582
53.519999999999996  6.337289961756847
53.64  6.298557951586987
53.76  6.2552387744632085
53.879999999999995  6.207310957515482
54.0  6.154760513073516
54.12  6.097581057210728
54.239999999999995  6.035773915076363
54.36  5.969348212730544
54.48  5.898320955221036
54.6  5.822717090665325
54.72  5.742569560127022
54.839999999999996  5.657919333101271
54.96  5.5688154284501294
55.08  5.475314920655496
55.199999999999996  5.377482931283961
55.32  5.275392605585461
55.44  5.169125074174773
55.559999999999995  5.05876939977268
55.68  4.94442250901143
55.8  4.826189109336966
55.919999999999995  4.704181591068123
56.04  4.578519914701156
56.16  4.4493314835755875
56.28  4.316751002044847
56.4  4.180920319323222
56.519999999999996  4.041988259207197
56.64  3.9001104358969316
56.76  3.755449056169736
56.879999999999995  3.6081727081840187
57.0  3.4584561372179676
57.12  3.306480008672529
57.239999999999995  3.152430658693077
57.36  2.9964998327886736
57.48  2.838884412851192
57.599999999999994  2.679786132999685
57.72  2.5194112846977648
57.839999999999996  2.3579704116132625
57.96  2.1956779947098575
58.08  2.0327521280809724
58.199999999999996  1.8694141860545352
58.32  1.7058884821158558
58.44  1.5424019202128258
58.559999999999995  1.379183639023926
58.68  1.2164646497847975
58.8  1.0544774682832256
58.919999999999995  0.8934557416454313
59.04  0.7336338705488534
59.16  0.5752466275071919
59.28  0.4185287718832996
59.4  0.263714662294405
59.519999999999996  0.11103786708105234
59.64  0.0
59.76  0.0
59.879999999999995  0.0
60.0  0.0
60.12  0.0
60.239999999999995  0.0
60.36  0.0
60.48  0.0
60.599999999999994  0.0
60.72  0.0
60.839999999999996  0.0
60.96  0.0
61.08  0.0
61.199999999999996  0.0
61.32  0.0
61.44  0.0
61.559999999999995  0.0
61.68  0.0
61.8  0.0
61.919999999999995  0.0
62.04  0.0
62.16  0.0
62.28  0.0
62.4  0.0
62.519999999999996  0.0
62.64  0.0
62.76  0.0
62.879999999999995  0.0
63.0  0.0
63.12  0.0
63.239999999999995  0.0
63.36  0.0
63.48  0.0
63.599999999999994  0.0
63.72  0.0
63.839999999999996  0.0
63.96  0.0
64.08  0.0
64.2  0.0
64.32  0.0
64.44  0.0
64.56  0.0
64.67999999999999  0.0
64.8  0.0
64.92  0.0
65.03999999999999  0.0
65.16  0.0
65.28  0.0
65.39999999999999  0.0
65.52  0.0
65.64  0.0
65.75999999999999  0.0
65.88  0.0
66.0  0.0
66.12  0.0
66.24  0.0
66.36  0.078448389818921
66.48  0.25067864163710474
66.6  0.4267732255846079
66.72  0.6064914281399597
66.84  0.7895861887038556
66.96  0.9758044626137574
67.08  1.1648875950570263
67.2  1.356571705286242
67.32  1.5505880805216892
67.44  1.746663578908136
67.56  1.9445210408752727
67.67999999999999  2.1438797082366814
67.8  2.3444556503465206
67.92  2.5459621966195605
68.03999999999999  2.7481103747089413
68.16  2.9506093536237397
68.28  3.1531668910587767
68.39999999999999  3.355489784201273
68.52  3.557284323270602
68.64  3.758256747041461
68.75999999999999  3.9581136995967983
68.88  4.156562687552274
69.0  4.3533125369922505
69.12  4.548073849356875
69.24  4.740559455519576
69.36  4.930484867296467
69.48  5.117568725632007
69.6  5.301533244710058
69.72  5.482104651244743
69.84  5.6590136182126605
69.96  5.8319956922964575
70.08  6.000791714319358
70.2  6.165148231960514
70.32  6.324817904054043
70.44  6.479559895787306
70.56  6.629140264128217
70.67999999999999  6.7733323328280255
70.8  6.9119170563619186
70.92  7.0446833721879205
71.03999999999999  7.171428540724142
71.16  7.291958472463844
71.28  7.406088041669175
71.39999999999999  7.5136413861066975
71.52  7.614452192310695
71.64  7.708363965884045
71.75999999999999  7.795230286371793
71.88  7.874915046267712
72.0  7.947292673740716
72.11999999999999  8.012248338695446
72.24  8.069678141808804
72.36  8.119489286212913
72.48  8.161600231524172
72.6  8.195940829947535
72.72  8.222452444215374
72.84  8.24108804715069
72.96  8.251812302675784
73.08  8.254601628118174
73.2  8.24944423769767
73.32  8.236340167109866
73.44  8.215301279153506
73.56  8.186351250381117
73.67999999999999  8.149525538784385
73.8  8.104871332557783
73.92  8.052447480016315
74.03999999999999  7.99232440077456
74.16  7.924583978326596
74.28  7.84931943419746
74.39999999999999  7.766635183868087
74.52  7.676646674706865
74.64  7.579480206171013
74.75999999999999  7.475272732571438
74.88  7.364171648723904
75.0  7.246334558838851
75.11999999999999  7.121929029030115
75.24  6.9911323238508185
75.36  6.854131127291856
75.48  6.711121248704449
75.6  6.562307314133975
75.72  6.4079024435768535
75.84  6.248127914696344
75.96  6.083212813555402
76.08  5.913393672947356
76.2  5.738914098925779
76.32  5.560024386154676
76.44  5.376981122719021
76.56  5.190046785053822
76.67999999999999  4.99948932366566
76.8  4.805581740336612
76.92  4.608601657514828
77.03999999999999  4.408830880608433
77.16  4.206554953911548
77.28  4.002062710902191
77.39999999999999  3.795645819659927
77.52  3.587598324159968
77.64  3.378216182207253
77.75999999999999  3.167796800778081
77.88  2.95663856954223
78.0  2.7450403933406493
78.11999999999999  2.5333012243945507
78.24  2.3217195950227367
78.36  2.1105931516418477
78.48  1.900218190821775
78.6  1.6908891981645073
78.72  1.4828983907690207
78.84  1.2765352640389023
78.96  1.0720861435802025
79.08  0.8698337429287397
79.2  0.6700567278355449
79.32  0.4730292878264131
79.44  0.27902071573937626
79.56  0.08829499592981188
79.67999999999999  0.0
79.8  0.0
79.92  0.0
80.03999999999999  0.0
80.16  0.0
80.28  0.0
80.39999999999999  0.0
80.52  0.0
80.64  0.0
80.75999999999999  0.0
80.88  0.0
81.0  0.0
81.11999999999999  0.0
81.24  0.0
81.36  0.0
81.48  0.0
81.6  0.0
81.72  0.0
81.84  0.0
81.96  0.0
82.08  0.0
82.2  0.0
82.32  0.0
82.44  0.0
82.56  0.0
82.67999999999999  0.0
82.8  0.0
82.92  0.0
83.03999999999999  0.0
83.16  0.0
83.28  0.0
83.39999999999999  0.0
83.52  0.0
83.64  0.0
83.75999999999999  0.0
83.88  0.0
84.0  0.0
84.11999999999999  0.0
84.24  0.0
84.36  0.0
84.47999999999999  0.0
84.6  0.0
84.72  0.0
84.84  0.0
84.96  0.0
85.08  0.0
85.2  0.0
85.32  0.0
85.44  0.0
85.56  0.0
85.67999999999999  0.0
85.8  0.0
85.92  0.0
86.03999999999999  0.0
86.16  0.0
86.28  0.0
86.39999999999999  0.0
86.52  0.0
86.64  0.0
86.75999999999999  0.0
86.88  0.0
87.0  0.0
87.11999999999999  0.0
87.24  0.06193350431871769
87.36  0.2191277529780219
87.47999999999999  0.37717593526905074
87.6  0.5358234523110026
87.72  0.6948165353281404
87.84  0.8539026614789855
87.96  1.012830965665146
88.08  1.1713526476205118
88.2  1.329221373590681
88.32  1.4861936719247513
88.44  1.642029321913799
88.56  1.7964917352236351
88.67999999999999  1.949348329285395
88.8  2.100370892022511
88.92  2.2493359373097306
89.03999999999999  2.3960250505787166
89.16  2.5402252240029046
89.28  2.6817291807146297
89.39999999999999  2.8203356875290355
89.52  2.9558498556702686
89.64  3.0880834290188353
89.75999999999999  3.216855059422372
89.88  3.3419905686362172
90.0  3.4633231964853377
90.11999999999999  3.580693834864897
90.24  3.6939512472229947
90.36  3.802952273195942
90.47999999999999  3.9075620180940493
90.6  4.0076540269638095
90.72  4.10311044298036
90.84  4.193822149953358
90.96  4.279688898758105
91.08  4.360619417533059
91.2  4.436531505514559
91.32  4.507352110409337
91.44  4.573017389234888
91.56  4.633472752587995
91.67999999999999  4.688672892331363
91.8  4.738581792718265
91.92  4.783172725004589
92.03999999999999  4.822428225627593
92.16  4.856340058059624
92.28  4.884909158474506
92.39999999999999  4.9081455653926565
92.52  4.926068333499852
92.64  4.938705431862057
92.75999999999999  4.946093626786692
92.88  4.948278349607193
93.0  4.945313549694747
93.11999999999999  4.9372615330262
93.24  4.924192786662975
93.36  4.906185789519583
93.47999999999999  4.883326809824699
93.6  4.855709689700064
93.72  4.823435617304946
93.84  4.78661288701485
93.96  4.7453566481237495
94.08  4.699788642578128
94.2  4.650036932269756
94.32  4.5962356164314615
94.44  4.5385245396961835
94.56  4.477048991395689
94.67999999999999  4.411959396688277
94.8  4.343411000119146
94.92  4.271563542228062
95.03999999999999  4.196580929830465
95.16  4.1186309006069015
95.28  4.0378846826453545
95.39999999999999  3.954516649586637
95.52  3.868703972030642
95.64  3.780626265864738
95.75999999999999  3.690465238179951
95.88  3.59840433144232
96.0  3.504628366588613
96.11999999999999  3.40932318571437
96.24  3.3126752950220166
96.36  3.2148715086932413
96.47999999999999  3.116098594346606
96.6  3.0165429207357786
96.72  2.916390108338215
96.84  2.8158246834756944
96.96  2.7150297366005707
97.08  2.6141865853710784
97.2  2.5134744431283615
97.32  2.4130700933760267
97.44  2.313147570849505
97.56  2.2138778497491423
97.67999999999999  2.1154285396945904
97.8  2.017963589942982
97.92  1.9216430023954778
98.03999999999999  1.8266225538991383
98.16  1.7330535283313777
98.28  1.6410824589355189
98.39999999999999  1.5508508813538857
98.52  1.4624950977844382
98.64  1.3761459526643245
98.75999999999999  1.2919286202606293
98.88  1.209962404525092
99.0  1.130360551545762
99.11999999999999  1.05323007490283
99.24  0.9786715942115569
99.36  0.9067791871087628
99.47999999999999  0.8376402549132975
99.6  0.771335402164507
99.72  0.7079383302154334
99.84  0.6475157450306059
99.96  0.5901272793106358
100.08  0.5358254290382315
100.2  0.4846555045128722
100.32  0.4366555959129323
100.44  0.3918565533968369
100.56  0.3502819817268683
100.67999999999999  0.3119482493712775
100.8  0.2768645120132578
100.92  0.2450327503676315
101.03999999999999  0.21644782217899083
101.16  0.19109752824856976
101.28  0.16896269230996896
101.39999999999999  0.15001725454844128
101.52  0.13422837853226352
101.64  0.1215565712998023
101.75999999999999  0.11195581632115846
101.88  0.10537371902909755
102.0  0.10175166459069206
102.11999999999999  0.10102498756831545
102.24  0.1031231530961158
102.36  0.10796994917756957
102.47999999999999  0.11548368968826858
102.6  0.12557742764896127
102.72  0.13815917831498264
102.83999999999999  0.15313215160968555
102.96  0.170394993413227
103.08  0.18984203520137743
103.2  0.2113635515140894
103.32  0.23484602471954952
103.44  0.26017241652654266
103.56  0.28722244568524813
103.67999999999999  0.3158728713069421
103.8  0.3459977812218163
103.92  0.3774688847868329
104.03999999999999  0.41015580954675257
104.16  0.44392640114633203
104.28  0.4786470258850942
104.39999999999999  0.514182875303447
104.52  0.5503982721846926
104.64  0.5871569773568827
104.75999999999999  0.6243224966771759
104.88  0.6617583875823702
105.0  0.699328564591121
105.11999999999999  0.7368976031463271
105.24  0.7743310411901068
105.36  0.8114956778696335
105.47999999999999  0.848259868778085
105.6  0.8844938171429029
105.72  0.9200698603821886
105.83999999999999  0.9548627514597983
105.96  0.9887499344810688
106.08  1.0216118139822283
106.2  1.0533320173807508
106.32  1.0837976500667086
106.44  1.112899542631418
106.56  1.1405324897443132
106.67999999999999  1.1665954802074197
106.8  1.1909919177330932
106.92  1.213629832010524
107.03999999999999  1.234422079645168
107.16  1.2532865345761284
107.28  1.2701462675970108
107.39999999999999  1.2849297146278784
107.52  1.2975708334080696
107.64  1.3080092483028196
107.75999999999999  1.3161903829399209
107.88  1.3220655804171577
108.0  1.3255922108454603
108.11999999999999  1.326733766018036
108.24  1.3254599410209733
108.36  1.3217467026266887
108.47999999999999  1.3155763443376203
108.6  1.3069375279738804
108.72  1.2958253117249794
108.83999999999999  1.2822411646127012
108.96  1.266192967338338
109.08  1.2476949995150974
109.2  1.2267679133125111
109.32  1.2034386935668022
109.44  1.1777406044376828
109.56  1.14971312271859
109.67999999999999  1.1194018579332574
109.8  1.0868584593780457
109.92  1.0521405102945733
110.03999999999999  1.015311409382984
110.16  0.9764402398906061
110.28  0.9356016265357041
110.39999999999999  0.8928755805495393
110.52  0.8483473331436807
110.64  0.8021071577320945
110.75999999999999  0.7542501812599856
110.88  0.70487618501251
111.0  0.654089395297629
111.11999999999999  0.601998264417335
111.24  0.5487152423603059
111.36  0.4943565396683317
111.47999999999999  0.4390418819453913
111.6  0.3828942564957872
111.72  0.3260396515928675
111.83999999999999  0.26860678889498096
111.96  0.21072684953877802
112.08  0.15253319445328004
112.2  0.0941610794489996
112.32  0.03574736564811287
112.44  0.0
112.56  0.0
112.67999999999999  0.0
112.8  0.0
112.92  0.0
113.03999999999999  0.0
113.16  0.0
113.28  0.0
113.39999999999999  0.0
113.52  0.0
113.64  0.0
113.75999999999999  0.0
113.88  0.0
114.0  0.0
114.11999999999999  0.0
114.24  0.0
114.36  0.0
114.47999999999999  0.0
114.6  0.0
114.72  0.0
114.83999999999999  0.0
114.96  0.0
115.08  0.0
115.19999999999999  0.0
115.32  0.0
115.44  0.0
115.56  0.0
115.67999999999999  0.0
115.8  0.0
115.92  0.0
116.03999999999999  0.0
116.16  0.0
116.28  0.0
116.39999999999999  0.0
116.52  0.0
116.64  0.0
116.75999999999999  0.0
116.88  0.0
117.0  0.0
117.11999999999999  0.0
117.24  0.0
117.36  0.0
117.47999999999999  0.0
117.6  0.0
117.72  0.0
117.83999999999999  0.0
117.96  0.0
118.08  0.0
118.19999999999999  0.0
118.32  0.0
118.44  0.0
118.56  0.0
118.67999999999999  0.0
118.8  0.0
118.92  0.01770317041050329
119.03999999999999  0.09997268404397058
119.16  0.18436938167031913
119.28  0.27075692094207116
119.39999999999999  0.3589938416587284
119.52  0.4489338025435313
119.64  0.5404258284912639
119.75999999999999  0.6333145678499987
119.88  0.7274405592798934
120.0  0.8226405077129829
