0.0  0.47584167135146394  100.0
0.12  0.4724243042800549
0.24  0.46838016341670297
0.36  0.4637331354010507
0.48  0.4585077571360541
0.6  0.4527291307555779
0.72  0.44642283854798614
0.84  0.439614858094031
0.96  0.4323314778744981
1.08  0.4245992135994556
1.2  0.4164447255066502
1.3199999999999998  0.4078947368715523
1.44  0.3989759539658463
1.56  0.3897149876947615
1.68  0.38013827713660586
1.7999999999999998  0.37027201520019193
1.92  0.3601420766075753
2.04  0.34977394840067927
2.16  0.33919266316098096
2.28  0.32842273512152215
2.4  0.31748809934010325
2.52  0.3064120540916652
2.6399999999999997  0.29521720662657586
2.76  0.2839254224298821
2.88  0.2725577781045567
3.0  0.2611345179894467
3.12  0.2496750146100103
3.2399999999999998  0.23819773304708658
3.36  0.22672019929588305
3.48  0.21525897267416316
3.5999999999999996  0.20382962232527735
3.7199999999999998  0.19244670784826878
3.84  0.18112376407383052
3.96  0.16987328999143425
4.08  0.1587067418195353
4.2  0.1476345301974189
4.32  0.13666602146403742
4.4399999999999995  0.12580954297612557
4.56  0.11507239240501979
4.68  0.10446085093897553
4.8  0.09398020030542578
4.92  0.0836347435155711
5.04  0.07342782922199073
5.16  0.06336187956864242
5.279999999999999  0.05343842140169844
5.3999999999999995  0.0436581206992053
5.52  0.03402082006755469
5.64  0.024525579143264836
5.76  0.015170717729611233
5.88  0.005953861489250756
6.0  0.0
6.12  0.0
6.24  0.0
6.359999999999999  0.0
6.4799999999999995  0.0
6.6  0.0
6.72  0.0
6.84  0.0
6.96  0.0
7.08  0.0
7.199999999999999  0.0
7.319999999999999  0.0
7.4399999999999995  0.0
7.56  0.0
7.68  0.0
7.8  0.0
7.92  0.0
8.04  0.0
8.16  0.0
8.28  0.0
8.4  0.0
8.52  0.0
8.64  0.0
8.76  0.0
8.879999999999999  0.0
9.0  0.0
9.12  0.0
9.24  0.0
9.36  0.0
9.48  0.0
9.6  0.0
9.719999999999999  0.0
9.84  0.0
9.959999999999999  0.0
10.08  0.0
10.2  0.0
10.32  0.0
10.44  0.0
10.559999999999999  0.0
10.68  0.0
10.799999999999999  0.0
10.92  0.0
11.04  0.0
11.16  0.0
11.28  0.0
11.4  0.0
11.52  0.0
11.639999999999999  0.0
11.76  0.0
11.879999999999999  0.0
12.0  0.0
12.12  0.0
12.24  0.0
12.36  0.0
12.48  0.0
12.6  0.0
12.719999999999999  0.0
12.84  0.0
12.959999999999999  0.0
13.08  0.0
13.2  0.0
13.32  0.0
13.44  0.0
13.559999999999999  0.0
13.68  0.0
13.799999999999999  0.0
13.92  0.0
14.04  0.0
14.16  0.0
14.28  0.0
14.399999999999999  0.0
14.52  0.0
14.639999999999999  0.0
14.76  0.0
14.879999999999999  0.0
15.0  0.0
15.12  0.0
15.24  0.0
15.36  0.0
15.479999999999999  0.0
15.6  0.0
15.719999999999999  0.0
15.84  0.0
15.959999999999999  0.0
16.08  0.0
16.2  0.0
16.32  0.0
16.439999999999998  0.0
16.56  0.0
16.68  0.0
16.8  0.0
16.919999999999998  0.0
17.04  0.0
17.16  0.0
17.28  0.0
17.4  0.0
17.52  0.0
17.64  0.0
17.759999999999998  0.0
17.88  0.009654497677431095
18.0  0.03142591807905032
18.12  0.05349535120419319
18.24  0.07582667751747496
18.36  0.09838245104212373
18.48  0.12112396721405996
18.599999999999998  0.14401133515414474
18.72  0.16700355420976323
18.84  0.19005859460366406
18.96  0.21313348201509394
19.08  0.2361843859057845
19.2  0.25916671139133496
19.32  0.28203519444698943
19.439999999999998  0.30474400022580456
19.56  0.3272468242567326
19.68  0.3494969962802606
19.8  0.37144758647000636
19.919999999999998  0.3930515137800306
20.04  0.4142616561496957
20.16  0.43503096229062443
20.279999999999998  0.45531256477381554
20.4  0.47505989412914174
20.52  0.4942267936644457
20.64  0.5127676347071821
20.759999999999998  0.5306374319680869
20.88  0.5477919587237038
21.0  0.5641878615127274
21.119999999999997  0.579782774040127
21.24  0.5945354299828115
21.36  0.6084057743912199
21.48  0.6213550733827305
21.599999999999998  0.6333460218250743
21.72  0.644342848711082
21.84  0.6543114199300774
21.96  0.6632193381460114
22.08  0.6710360394980481
22.2  0.6777328868456937
22.32  0.6832832592877577
22.439999999999998  0.6876626376923961
22.56  0.6908486859841625
22.68  0.6928213279434445
22.8  0.6935628192837944
22.919999999999998  0.6930578147834683
23.04  0.6912934302589729
23.16  0.6882592991805097
23.279999999999998  0.6839476237418949
23.4  0.6783532202108007
23.52  0.6714735583989359
23.64  0.6633087951060803
23.759999999999998  0.6538618014066124
23.88  0.6431381836623384
24.0  0.6311462981609749
24.119999999999997  0.6178972592955065
24.24  0.6034049412158332
24.36  0.5876859729005641
24.48  0.5707597266134474
24.599999999999998  0.5526482997257733
24.72  0.533376489903021
24.84  0.5129717636710598
24.96  0.4914642183942712
25.08  0.4688865377150282
25.2  0.44527394052095387
25.32  0.4206641235233137
25.439999999999998  0.39509719754660183
25.56  0.3686156176460035
25.68  0.341264107185713
25.8  0.3130895760271317
25.919999999999998  0.28414103299173765
26.04  0.2544694927787289
26.16  0.22412787753255095
26.279999999999998  0.19317091326989244
26.4  0.1616550213897437
26.52  0.12963820550367547
26.64  0.0971799338363181
26.759999999999998  0.06434101745845872
26.88  0.03118348462679249
27.0  0.0
27.119999999999997  0.0
27.24  0.0
27.36  0.0
27.48  0.0
27.599999999999998  0.0
27.72  0.0
27.84  0.0
27.959999999999997  0.0
28.08  0.0
28.2  0.0
28.32  0.0
28.439999999999998  0.0
28.56  0.0
28.68  0.0
28.799999999999997  0.0
28.919999999999998  0.0
29.04  0.0
29.16  0.0
29.279999999999998  0.0
29.4  0.0
29.52  0.0
29.64  0.0
29.759999999999998  0.0
29.88  0.0
30.0  0.0
30.119999999999997  0.0
30.24  0.0
30.36  0.0
30.48  0.0
30.599999999999998  0.0
30.72  0.0
30.84  0.0
30.959999999999997  0.0
31.08  0.0
31.2  0.0
31.32  0.0
31.439999999999998  0.0
31.56  0.0
31.68  0.0
31.799999999999997  0.0
31.919999999999998  0.0
32.04  0.0
32.16  0.0
32.28  0.0
32.4  0.0
32.519999999999996  0.0
32.64  0.0
32.76  0.0
32.879999999999995  0.0
33.0  0.0
33.12  0.0
33.24  0.0
33.36  0.0
33.48  0.0
33.6  0.0
33.72  0.0
33.839999999999996  0.0
33.96  0.0
34.08  0.0
34.199999999999996  0.0
34.32  0.0
34.44  0.0
34.56  0.0
34.68  0.0
34.8  0.0
34.92  0.0
35.04  0.0
35.16  0.0
35.28  0.0
35.4  0.0
35.519999999999996  0.0
35.64  0.0
35.76  0.0
35.879999999999995  0.017569348038630854
36.0  0.05400444971618072
36.12  0.0902863934418727
36.24  0.12634402723266416
36.36  0.162106782230261
36.48  0.19750482506158934
36.6  0.2324692082825195
36.72  0.2669320185514936
36.839999999999996  0.3008265221856699
36.96  0.3340873077590506
37.08  0.36665042540984394
37.199999999999996  0.39845352253285804
37.32  0.4294359755420763
37.44  0.4595390173987405
37.559999999999995  0.48870586061117893
37.68  0.5168818154242216
37.8  0.5440144029284022
37.92  0.5700534628321382
38.04  0.594951255653668
38.16  0.6186625591037859
38.28  0.641144758445132
38.4  0.6623579306291105
38.519999999999996  0.6822649220272619
38.64  0.7008314195900833
38.76  0.7180260152829041
38.879999999999995  0.733820263665341
39.0  0.748188732498086
39.12  0.7611090462782704
39.24  0.7725619226223921
39.36  0.7825312014335861
39.48  0.7910038668081063
39.6  0.7979700616538595
39.72  0.8034230950119912
39.839999999999996  0.8073594420905512
39.96  0.8097787370372845
40.08  0.8106837584964727
40.199999999999996  0.8100804080124795
40.32  0.8079776813601713
40.44  0.8043876328996484
40.559999999999995  0.7993253330696959
40.68  0.7928088191509924
40.8  0.7848590394463623
40.92  0.7754997910411849
41.04  0.7647576513224349
41.16  0.752661903449672
41.28  0.7392444559856495
41.4  0.7245397569079124
41.519999999999996  0.7085847022359006
41.64  0.6914185395205819
41.76  0.673082766455412
41.879999999999995  0.6536210248785382
42.0  0.6330789904465699
42.12  0.6115042582698155
42.239999999999995  0.5889462248077288
42.36  0.5654559663314045
42.48  0.5410861142671011
42.6  0.5158907277411948
42.72  0.4899251636525357
42.839999999999996  0.463245944602755
42.96  0.43591062501897204
43.08  0.4079776558062168
43.199999999999996  0.3795062478688944
43.32  0.3505562348418341
43.44  0.32118793537168217
43.559999999999995  0.2914620152887387
43.68  0.26143935000792906
43.8  0.23118088749512156
43.92  0.20074751213179276
44.04  0.1701999098069928
44.16  0.13959843456051402
44.28  0.10900297709551754
44.4  0.07847283547224215
44.519999999999996  0.0480665882870486
44.64  0.017841970632999693
44.76  0.0
44.879999999999995  0.0
45.0  0.0
45.12  0.0
45.239999999999995  0.0
45.36  0.0
45.48  0.0
45.6  0.0
45.72  0.0
45.839999999999996  0.0
45.96  0.0
46.08  0.0
46.199999999999996  0.0
46.32  0.0
46.44  0.0
46.559999999999995  0.0
46.68  0.0
46.8  0.0
46.92  0.0
47.04  0.0
47.16  0.0
47.28  0.0
47.4  0.0
47.519999999999996  0.0
47.64  0.0
47.76  0.0
47.879999999999995  0.0
48.0  0.0
48.12  0.0
48.239999999999995  0.0
48.36  0.0
48.48  0.0
48.6  0.0
48.72  0.0
48.839999999999996  0.0
48.96  0.0
49.08  0.0
49.199999999999996  0.0
49.32  0.0
49.44  0.0
49.559999999999995  0.0
49.68  0.0
49.8  0.0
49.92  0.0
50.04  0.0
50.16  0.0
50.28  0.0
50.4  0.0
50.519999999999996  0.0
50.64  0.0
50.76  0.0
50.879999999999995  0.0
51.0  0.0
51.12  0.0
51.239999999999995  0.0
51.36  0.0
51.48  0.0
51.6  0.0
51.72  0.0
51.839999999999996  0.0
51.96  0.0
52.08  0.0
52.199999999999996  0.0
52.32  0.0
52.44  0.0
52.559999999999995  0.0
52.68  0.0
52.8  0.0
52.919999999999995  0.0
53.04  0.0
53.16  0.0
53.28  0.0
53.4  0.0
53.519999999999996  0.0
53.64  0.0
53.76  0.0
53.879999999999995  0.0
54.0  0.0
54.12  0.0
54.239999999999995  0.0
54.36  0.00561028438678185
54.48  0.020356765362327278
54.6  0.034759986905463836
54.72  0.04880737867127413
54.839999999999996  0.062487736009679135
54.96  0.07579121034495431
55.08  0.08870929530351582
55.199999999999996  0.10123480868878687
55.32  0.11336187041398005
55.44  0.1250858765154768
55.559999999999995  0.13640346938072845
55.68  0.1473125043354414
55.8  0.15781201274524184
55.919999999999995  0.1679021617967516
56.04  0.17758421113233777
56.16  0.18686046652154306
56.28  0.19573423076023816
56.4  0.20420975199607355
56.519999999999996  0.21229216968567477
56.64  0.21998745839517192
56.76  0.22730236966117007
56.879999999999995  0.2342443721341354
57.0  0.24082159023023927
57.12  0.2470427415211047
57.239999999999995  0.25291707309363287
57.36  0.25845429711398743
57.48  0.26366452583103167
57.599999999999994  0.2685582062550532
57.72  0.2731460547473037
57.839999999999996  0.2774389917549035
57.96  0.2814480769240114
58.08  0.2851844448216212
58.199999999999996  0.2886592414933413
58.32  0.2918835620805223
58.44  0.2948683897156781
58.559999999999995  0.29762453590989
58.68  0.3001625826400278
58.8  0.3024928263371029
58.919999999999995  0.3046252239699941
59.04  0.30656934141103187
59.16  0.3083343042616479
59.28  0.3099287513074963
59.4  0.31136079076307266
59.519999999999996  0.312637959456035
59.64  0.3137671850911404
59.76  0.3147547517229888
59.879999999999995  0.31560626855564156
60.0  0.31632664217572076
60.12  0.3169200523137934
60.239999999999995  0.31738993121674863
60.36  0.31773894670154884
60.48  0.31796898894817516
60.599999999999994  0.31808116107685735
60.72  0.31807577354181743
60.839999999999996  0.31795234236078374
60.96  0.31770959118651426
61.08  0.31734545721352253
61.199999999999996  0.3168571009001759
61.32  0.31624091947337635
61.44  0.3154925641701656
61.559999999999995  0.3146069611578783
61.68  0.3135783360619149
61.8  0.31240024201787076
61.919999999999995  0.31106559115268795
62.04  0.30956668938770027
62.16  0.3078952744449718
62.28  0.3060425569272469
62.4  0.3039992643310958
62.519999999999996  0.30175568784258255
62.64  0.29930173175494124
62.76  0.29662696533843064
62.879999999999995  0.2937206769837216
63.0  0.2905719304318879
63.12  0.28716962289640297
63.239999999999995  0.28350254487542703
63.36  0.2795594414461835
63.48  0.27532907482739943
63.599999999999994  0.27080028799058664
63.72  0.265962069096419
63.839999999999996  0.2608036165286672
63.96  0.25531440429499686
64.08  0.24948424756157975
64.2  0.24330336808668176
64.32  0.23676245931758882
64.44  0.22985275091483431
64.56  0.2225660724683342
64.67999999999999  0.2148949161712093
64.8  0.20683249821906197
64.92  0.1983728187052069
65.03999999999999  0.18951071978575293
65.16  0.18024194189257947
65.28  0.17056317777712346
65.39999999999999  0.16047212417339776
65.52  0.14996753087488138
65.64  0.13904924702682198
65.75999999999999  0.1277182644429698
65.88  0.1159767577639072
66.0  0.1038281212828975
66.12  0.09127700227444463
66.24  0.07832933067063022
66.36  0.06499234494067771
66.48  0.05127461404005498
66.6  0.037186055306739824
66.72  0.022737948194045232
66.84  0.007942943741601288
66.96  0.0
67.08  0.0
67.2  0.0
67.32  0.0
67.44  0.0
67.56  0.0
67.67999999999999  0.0
67.8  0.0
67.92  0.0
68.03999999999999  0.0
68.16  0.0
68.28  0.0
68.39999999999999  0.0
68.52  0.0
68.64  0.0
68.75999999999999  0.0
68.88  0.0
69.0  0.0
69.12  0.0
69.24  0.0
69.36  0.0
69.48  0.0
69.6  0.0
69.72  0.0
69.84  0.0
69.96  0.0
70.08  0.0
70.2  0.0
70.32  0.0
70.44  0.0
70.56  0.0
70.67999999999999  0.0
70.8  0.0
70.92  0.0
71.03999999999999  0.0
71.16  0.0
71.28  0.0
71.39999999999999  0.0
71.52  0.0
71.64  0.0
71.75999999999999  0.0
71.88  0.0
72.0  0.0
72.11999999999999  0.0
72.24  0.0
72.36  0.0
72.48  0.0
72.6  0.0
72.72  0.0
72.84  0.0
72.96  0.0
73.08  0.0
73.2  0.0
73.32  0.0
73.44  0.0
73.56  0.0
73.67999999999999  0.0
73.8  0.0
73.92  0.0
74.03999999999999  0.0
74.16  0.0
74.28  0.0
74.39999999999999  0.0
74.52  0.0
74.64  0.0
74.75999999999999  0.0
74.88  0.0
75.0  0.0
75.11999999999999  0.0
75.24  0.0
75.36  0.0
75.48  0.0
75.6  0.0
75.72  0.0
75.84  0.0
75.96  0.0
76.08  0.0
76.2  0.0
76.32  0.0
76.44  0.0
76.56  0.015730246055774527
76.67999999999999  0.04600131412939268
76.8  0.07645682505698229
76.92  0.10703895965790647
77.03999999999999  0.13768905188070027
77.16  0.16834771300163512
77.28  0.19895495860762552
77.39999999999999  0.22945033806706766
77.52  0.2597730661839598
77.64  0.2898621567233549
77.75999999999999  0.3196565574896654
77.88  0.34909528663353734
78.0  0.3781175698580252
78.11999999999999  0.40666297819085595
78.24  0.43467156598619294
78.36  0.46208400881694023
78.48  0.4888417409172489
78.6  0.5148870918341306
78.72  0.5401634219474452
78.84  0.564615256518571
78.96  0.5881884179302903
79.08  0.6108301557831868
79.2  0.6324892745176829
79.32  0.6531162582356341
79.44  0.6726633924008304
79.56  0.6910848821041411
79.67999999999999  0.7083369665863931
79.8  0.724378029719986
79.92  0.7391687061591454
80.03999999999999  0.7526719828783982
80.16  0.7648532958291461
80.28  0.7756806214554004
80.39999999999999  0.7851245628215456
80.52  0.7931584301174825
80.64  0.799758315319639
80.75999999999999  0.8049031608001285
80.88  0.8085748216906016
81.0  0.8107581218222545
81.11999999999999  0.8114409030788099
81.24  0.8106140680151144
81.36  0.8082716156102613
81.48  0.8044106700407987
81.6  0.7990315023765316
81.72  0.7921375451187407
81.84  0.7837353995181369
81.96  0.7738348356276188
82.08  0.7624487850627855
82.2  0.7495933264611812
82.32  0.7352876636492994
82.44  0.7195540965444867
82.56  0.7024179848369686
82.67999999999999  0.6839077045151807
82.8  0.6640545973154923
82.92  0.6428929131951343
83.03999999999999  0.6204597459445933
83.16  0.5967949620730033
83.28  0.5719411231170273
83.39999999999999  0.545943401540235
83.52  0.5188494904062275
83.64  0.4907095070245673
83.75999999999999  0.461575890783709
83.88  0.431503295400039
84.0  0.40054847582632536
84.11999999999999  0.36877017007639534
84.24  0.33622897623593806
84.36  0.30298722494172114
84.47999999999999  0.2691088476229659
84.6  0.23465924080967238
84.72  0.1997051268228448
84.84  0.16431441117081821
84.96  0.12855603698457727
85.08  0.09249983683261784
85.2  0.05621638226283423
85.32  0.019776831424850046
85.44  0.0
85.56  0.0
85.67999999999999  0.0
85.8  0.0
85.92  0.0
86.03999999999999  0.0
86.16  0.0
86.28  0.0
86.39999999999999  0.0
86.52  0.0
86.64  0.0
86.75999999999999  0.0
86.88  0.0
87.0  0.0
87.11999999999999  0.0
87.24  0.0
87.36  0.0
87.47999999999999  0.0
87.6  0.0
87.72  0.0
87.84  0.0
87.96  0.0
88.08  0.0
88.2  0.0
88.32  0.0
88.44  0.0
88.56  0.0
88.67999999999999  0.0
88.8  0.0
88.92  0.0
89.03999999999999  0.0
89.16  0.0
89.28  0.0
89.39999999999999  0.0
89.52  0.0
89.64  0.0
89.75999999999999  0.0
89.88  0.0
90.0  0.0
90.11999999999999  0.0
90.24  0.0
90.36  0.0
90.47999999999999  0.0
90.6  0.0
90.72  0.0
90.84  0.0
90.96  0.0
91.08  0.0
91.2  0.0
91.32  0.0
91.44  0.0
91.56  0.0
91.67999999999999  0.0
91.8  0.0
91.92  0.0
92.03999999999999  0.0
92.16  0.0
92.28  0.0
92.39999999999999  0.0
92.52  0.0
92.64  0.0
92.75999999999999  0.0
92.88  0.0
93.0  0.0
93.11999999999999  0.0
93.24  0.0
93.36  0.0
93.47999999999999  0.0
93.6  0.0
93.72  0.0
93.84  0.0
93.96  0.0
94.08  0.0
94.2  0.0
94.32  0.02899037354481343
94.44  0.06212062708652566
94.56  0.09493528169255394
94.67999999999999  0.12737235578339132
94.8  0.15937108110830325
94.92  0.19087202831033603
95.03999999999999  0.22181722860213063
95.16  0.2521502912786796
95.28  0.2818165168048564
95.39999999999999  0.31076300522794476
95.52  0.3389387596782816
95.64  0.3662947847345356
95.75999999999999  0.39278417944436494
95.88  0.4183622248054892
96.0  0.4429864655272394
96.11999999999999  0.46661678590807043
96.24  0.4892154796801796
96.36  0.5107473136883449
96.47999999999999  0.5311795852866092
96.6  0.5504821733528195
96.72  0.5686275828378382
96.84  0.5855909827831788
96.96  0.6013502377577313
97.08  0.6158859326813539
97.2  0.629181391020113
97.32  0.6412226863550143
97.44  0.6519986473429846
97.56  0.6615008561056525
97.67999999999999  0.6697236400981668
97.8  0.676664057526672
97.92  0.6823218763992429
98.03999999999999  0.6866995473109514
98.16  0.6898021700792696
98.28  0.6916374543611313
98.39999999999999  0.692215674397735
98.52  0.6915496180474062
98.64  0.6896545302806302
98.75999999999999  0.6865480513245813
98.88  0.6822501496571872
99.0  0.6767830500628051
99.11999999999999  0.6701711569730731
99.24  0.6624409733272815
99.36  0.6536210151967548
99.47999999999999  0.6437417224270926
99.6  0.632835365560882
99.72  0.6209359493113596
99.84  0.6080791128647007
99.96  0.5943020272950094
100.08  0.5796432903816363
100.2  0.5641428191232704
100.32  0.5478417402471766
100.44  0.5307822790150725
100.56  0.5130076466295019
100.67999999999999  0.4945619265459286
100.8  0.47548995999648314
100.92  0.45583723103106544
101.03999999999999  0.4356497513804496
101.16  0.4149739454441925
101.28  0.39385653570352086
101.39999999999999  0.37234442885579083
101.52  0.35048460296295914
101.64  0.3283239959014068
101.75999999999999  0.3059093953946367
101.88  0.28328733090386815
102.0  0.2605039676443001
102.11999999999999  0.2376050029867801
102.24  0.2146355654961007
102.36  0.19164011684784427
102.47999999999999  0.168662356855729
102.6  0.14574513183110172
102.72  0.12293034648510456
102.83999999999999  0.10025887957248397
102.96  0.07777050346409536
103.08  0.05550380782262021
103.2  0.0334961275430703
103.32  0.011783475106576735
103.44  0.0
103.56  0.0
103.67999999999999  0.0
103.8  0.0
103.92  0.0
104.03999999999999  0.0
104.16  0.0
104.28  0.0
104.39999999999999  0.0
104.52  0.0
104.64  0.0
104.75999999999999  0.0
104.88  0.0
105.0  0.0
105.11999999999999  0.0
105.24  0.0
105.36  0.0
105.47999999999999  0.0
105.6  0.0
105.72  0.0
105.83999999999999  0.0
105.96  0.0
106.08  0.0
106.2  0.0
106.32  0.0
106.44  0.0
106.56  0.0
106.67999999999999  0.0
106.8  0.0
106.92  0.0
107.03999999999999  0.0
107.16  0.0
107.28  0.0
107.39999999999999  0.0
107.52  0.0
107.64  0.0
107.75999999999999  0.0
107.88  0.0
108.0  0.0
108.11999999999999  0.0
108.24  0.0
108.36  0.0
108.47999999999999  0.0
108.6  0.0
108.72  0.0
108.83999999999999  0.0
108.96  0.0
109.08  0.0
109.2  0.0
109.32  0.0
109.44  0.0
109.56  0.0
109.67999999999999  0.0
109.8  0.0
109.92  0.0
110.03999999999999  0.0
110.16  0.0
110.28  0.0
110.39999999999999  0.0
110.52  0.0
110.64  0.0
110.75999999999999  0.0
110.88  0.0
111.0  0.0
111.11999999999999  0.0
111.24  0.0
111.36  0.0
111.47999999999999  0.0
111.6  0.0
111.72  0.0
111.83999999999999  0.0
111.96  0.0
112.08  0.0
112.2  0.0
112.32  0.0
112.44  0.0
112.56  0.0
112.67999999999999  0.0
112.8  0.0
112.92  0.0
113.03999999999999  0.0
113.16  0.0
113.28  0.0
113.39999999999999  0.0
113.52  0.0
113.64  0.0
113.75999999999999  0.0
113.88  0.0
114.0  0.0
114.11999999999999  0.0
114.24  0.0
114.36  0.0
114.47999999999999  0.0
114.6  0.0
114.72  0.0
114.83999999999999  0.0
114.96  0.0
115.08  0.0
115.19999999999999  0.0
115.32  0.003327562388479907
115.44  0.012570253590654237
115.56  0.021955051377735346
115.67999999999999  0.03148427806916221
115.8  0.04115955513833952
115.92  0.05098175763058746
116.03999999999999  0.060950971148851285
116.16  0.07106645158573896
116.28  0.08132658777198562
116.39999999999999  0.09172886720268578
116.52  0.10226984499291719
116.64  0.11294511620438419
116.75999999999999  0.12374929167439608
116.88  0.13467597746732765
117.0  0.14571775805752396
117.11999999999999  0.15686618334086866
117.24  0.1681117595600929
117.36  0.17944394421662568
117.47999999999999  0.19085114502911205
117.6  0.20232072298580478
117.72  0.21383899952502117
117.83999999999999  0.22539126786462532
117.96  0.23696180848808573
118.08  0.2485339087813036
118.19999999999999  0.2600898868009276
118.32  0.27161111914136293
118.44  0.2830780728543186
118.56  0.2944703413613907
118.67999999999999  0.30576668428691417
118.8  0.3169450711253488
118.92  0.3279827286445224
119.03999999999999  0.33885619191350747
119.16  0.34954135883156656
119.28  0.3600135480225385
119.39999999999999  0.37024755994743663
119.52  0.3802177410767217
119.64  0.3898980509528488
119.75999999999999  0.3992621319633186
119.88  0.40828338163455546
120.0  0.41693502724750825
