0.0  0.5444930253760623  100.0
0.12  0.536162872616506
0.24  0.5270296304019386
0.36  0.5171312630066682
0.48  0.5065068337563314
0.6  0.49519637981203457
0.72  0.4832407857801938
0.84  0.4706816565206643
0.96  0.4575611895257068
1.08  0.4439220472412206
1.2  0.4298072296995239
1.3199999999999998  0.4152599478297374
1.44  0.4003234978076001
1.56  0.3850411368012785
1.68  0.36945596046347573
1.7999999999999998  0.35361078251290956
1.92  0.3375480167400362
2.04  0.32130956176277536
2.16  0.3049366888479709
2.28  0.28846993310343183
2.4  0.2719489883336706
2.52  0.25541260583993697
2.6399999999999997  0.23889849743184915
2.76  0.22244324290393236
2.88  0.20608220221567247
3.0  0.1898494325983875
3.12  0.17377761079630066
3.2399999999999998  0.15789796063275485
3.36  0.14224018607555966
3.48  0.12683240995808182
3.5999999999999996  0.11170111849491032
3.7199999999999998  0.09687111171281132
3.84  0.08236545989928656
3.96  0.06820546615241763
4.08  0.054410635096864
4.2  0.040998647811951616
4.32  0.02798534299878619
4.4399999999999995  0.015384704394314108
4.56  0.0032088544212815484
4.68  0.0
4.8  0.0
4.92  0.0
5.04  0.0
5.16  0.0
5.279999999999999  0.0
5.3999999999999995  0.0
5.52  0.0
5.64  0.0
5.76  0.0
5.88  0.0
6.0  0.0
6.12  0.0
6.24  0.0
6.359999999999999  0.0
6.4799999999999995  0.0
6.6  0.0
6.72  0.0
6.84  0.0
6.96  0.0
7.08  0.0
7.199999999999999  0.0
7.319999999999999  0.0
7.4399999999999995  0.0
7.56  0.0
7.68  0.0
7.8  0.0
7.92  0.0
8.04  0.0
8.16  0.0
8.28  0.0
8.4  0.0
8.52  0.0
8.64  0.0
8.76  0.0
8.879999999999999  0.0
9.0  0.0
9.12  0.0
9.24  0.0
9.36  0.0
9.48  0.0
9.6  0.0
9.719999999999999  0.0
9.84  0.0
9.959999999999999  0.0
10.08  0.0
10.2  0.0
10.32  0.0
10.44  0.0
10.559999999999999  0.0
10.68  0.0
10.799999999999999  0.0
10.92  0.0
11.04  0.0
11.16  0.0
11.28  0.0
11.4  0.0
11.52  0.0
11.639999999999999  0.0
11.76  0.0
11.879999999999999  0.0
12.0  0.0
12.12  0.0
12.24  0.0
12.36  0.0
12.48  0.0
12.6  0.0
12.719999999999999  0.0
12.84  0.0
12.959999999999999  0.0
13.08  0.0
13.2  0.0
13.32  0.0
13.44  0.0
13.559999999999999  0.0
13.68  0.0
13.799999999999999  0.0
13.92  0.0
14.04  0.0
14.16  0.0
14.28  0.0
14.399999999999999  0.0
14.52  0.0
14.639999999999999  0.0
14.76  0.0
14.879999999999999  0.0
15.0  0.0
15.12  0.0
15.24  0.0
15.36  0.0
15.479999999999999  0.0
15.6  0.0
15.719999999999999  0.0
15.84  0.0
15.959999999999999  0.0
16.08  0.0
16.2  0.0
16.32  0.0
16.439999999999998  0.0
16.56  0.0
16.68  0.0
16.8  0.0
16.919999999999998  0.0
17.04  0.0
17.16  0.0
17.28  0.0
17.4  0.0
17.52  0.0
17.64  0.0
17.759999999999998  0.0
17.88  0.0
18.0  0.0
18.12  0.0
18.24  0.0
18.36  0.0
18.48  0.015504432666028356
18.599999999999998  0.03621356735924586
18.72  0.05732574679553076
18.84  0.07880414182326112
18.96  0.10061013948844189
19.08  0.12270341929613976
19.2  0.14504203537227167
19.32  0.16758250434160532
19.439999999999998  0.19027989872023737
19.56  0.21308794560369954
19.68  0.23595913041527772
19.8  0.2588448054631849
19.919999999999998  0.2816953030398873
20.04  0.30446005278226973
20.16  0.32708770299739776
20.279999999999998  0.34952624564555035
20.4  0.3717231446598394
20.52  0.39362546727029585
20.64  0.4151800179897148
20.759999999999998  0.43633347490888896
20.88  0.45703252794015997
21.0  0.47722401864045266
21.119999999999997  0.4968550812382533
21.24  0.5158732844832614
21.36  0.5342267739327587
21.48  0.5518644142851522
21.599999999999998  0.5687359313685895
21.72  0.5847920533910776
21.84  0.5999846510581774
21.96  0.6142668761650625
22.08  0.6275932982715594
22.2  0.6399200390716846
22.32  0.6512049040732016
22.439999999999998  0.6614075112078318
22.56  0.6704894159988655
22.68  0.6784142329201716
22.8  0.6851477525888544
22.919999999999998  0.6906580544430676
23.04  0.6949156145667956
23.16  0.6978934083346577
23.279999999999998  0.6995670075619842
23.4  0.6999146718585414
23.52  0.6989174338982673
23.64  0.6965591783322429
23.759999999999998  0.6928267140877558
23.88  0.6877098398127545
24.0  0.6812014022421328
24.119999999999997  0.673297347280109
24.24  0.6639967636114305
24.36  0.6533019186731929
24.48  0.6412182868386258
24.599999999999998  0.6277545696842839
24.72  0.6129227082325686
24.84  0.5967378870823861
24.96  0.5792185303619288
25.08  0.5603862894590314
25.2  0.5402660225062066
25.32  0.5188857656192875
25.439999999999998  0.4962766959104614
25.56  0.4724730863184538
25.68  0.44751225232047676
25.8  0.42143449061236116
25.919999999999998  0.3942830098649758
26.04  0.36610385368643306
26.16  0.33694581594080664
26.279999999999998  0.3068603485949083
26.4  0.27590146228512813
26.52  0.24412561981644168
26.64  0.21159162282511704
26.759999999999998  0.17836049185575076
26.88  0.14449534012156529
27.0  0.11006124123470229
27.119999999999997  0.07512509121022853
27.24  0.03975546506388053
27.36  0.004022468339083124
27.48  0.0
27.599999999999998  0.0
27.72  0.0
27.84  0.0
27.959999999999997  0.0
28.08  0.0
28.2  0.0
28.32  0.0
28.439999999999998  0.0
28.56  0.0
28.68  0.0
28.799999999999997  0.0
28.919999999999998  0.0
29.04  0.0
29.16  0.0
29.279999999999998  0.0
29.4  0.0
29.52  0.0
29.64  0.0
29.759999999999998  0.0
29.88  0.0
30.0  0.0
30.119999999999997  0.0
30.24  0.0
30.36  0.0
30.48  0.0
30.599999999999998  0.0
30.72  0.0
30.84  0.0
30.959999999999997  0.0
31.08  0.0
31.2  0.0
31.32  0.0
31.439999999999998  0.0
31.56  0.0
31.68  0.0
31.799999999999997  0.0
31.919999999999998  0.0
32.04  0.0
32.16  0.0
32.28  0.0
32.4  0.0
32.519999999999996  0.0
32.64  0.0
32.76  0.0
32.879999999999995  0.0
33.0  0.0
33.12  0.0
33.24  0.0
33.36  0.0
33.48  0.0
33.6  0.0
33.72  0.0
33.839999999999996  0.0
33.96  0.0
34.08  0.0
34.199999999999996  0.0
34.32  0.0
34.44  0.0
34.56  0.0
34.68  0.0
34.8  0.0
34.92  0.0
35.04  0.0
35.16  0.0
35.28  0.0
35.4  0.0
35.519999999999996  0.0
35.64  0.0
35.76  0.0
35.879999999999995  0.0
36.0  0.0
36.12  0.0335902768488284
36.24  0.07495643389539364
36.36  0.11616986215039139
36.48  0.15714565041432915
36.6  0.1977994219055504
36.72  0.23804752511498667
36.839999999999996  0.2778072228977252
36.96  0.31699687934042375
37.08  0.3555361439493677
37.199999999999996  0.3933461327108161
37.32  0.4303496055832863
37.44  0.4664711399906079
37.559999999999995  0.5016372998948297
37.68  0.5357768000393752
37.8  0.568820664965251
37.92  0.6007023824165081
38.04  0.6313580507655061
38.16  0.6607265201038914
38.28  0.6887495266613761
38.4  0.7153718202315111
38.519999999999996  0.7405412843015312
38.64  0.7642090486019844
38.76  0.786329593811254
38.879999999999995  0.8068608481701058
39.0  0.8257642757820355
39.12  0.8430049563963862
39.24  0.8585516564929592
39.36  0.8723768915088982
39.48  0.8844569790712739
39.6  0.8947720831215427
39.72  0.9033062488412686
39.839999999999996  0.910047428311775
39.96  0.9149874968638787
40.08  0.918122260097419
40.199999999999996  0.9194514515738623
40.32  0.9189787212087932
40.44  0.9167116144145318
40.559999999999995  0.9126615420663814
40.68  0.9068437413890372
40.8  0.8992772278824438
40.92  0.8899847384287848
41.04  0.8789926657442915
41.16  0.8663309843610741
41.28  0.8520331683452345
41.4  0.8361361009779184
41.519999999999996  0.8186799766458033
41.64  0.7997081952066836
41.76  0.7792672491141877
41.879999999999995  0.7574066036033139
42.0  0.734178570255337
42.12  0.7096381742765382
42.239999999999995  0.6838430158402814
42.36  0.6568531258561343
42.48  0.6287308165427855
42.6  0.599540527193678
42.72  0.5693486655354195
42.839999999999996  0.5382234450889352
42.96  0.506234718952379
43.08  0.4734538104325834
43.199999999999996  0.43995334095847194
43.32  0.40580705571548664
43.44  0.3710896474444092
43.559999999999995  0.3358765788511145
43.68  0.30024390407595597
43.8  0.2642680896722084
43.92  0.22802583554271721
44.04  0.19159389628246906
44.16  0.15504890337198912
44.28  0.11846718866279127
44.4  0.08192460959106096
44.519999999999996  0.04549637654962138
44.64  0.00925688284110715
44.76  0.0
44.879999999999995  0.0
45.0  0.0
45.12  0.0
45.239999999999995  0.0
45.36  0.0
45.48  0.0
45.6  0.0
45.72  0.0
45.839999999999996  0.0
45.96  0.0
46.08  0.0
46.199999999999996  0.0
46.32  0.0
46.44  0.0
46.559999999999995  0.0
46.68  0.0
46.8  0.0
46.92  0.0
47.04  0.0
47.16  0.0
47.28  0.0
47.4  0.0
47.519999999999996  0.0
47.64  0.0
47.76  0.0
47.879999999999995  0.0
48.0  0.0
48.12  0.0
48.239999999999995  0.0
48.36  0.0
48.48  0.0
48.6  0.0
48.72  0.0
48.839999999999996  0.0
48.96  0.0
49.08  0.0
49.199999999999996  0.0
49.32  0.0
49.44  0.0
49.559999999999995  0.0
49.68  0.0
49.8  0.0
49.92  0.0
50.04  0.0
50.16  0.0
50.28  0.0
50.4  0.0
50.519999999999996  0.0
50.64  0.0
50.76  0.0
50.879999999999995  0.0
51.0  0.0
51.12  0.0
51.239999999999995  0.0
51.36  0.0
51.48  0.0
51.6  0.0
51.72  0.0
51.839999999999996  0.0
51.96  0.0
52.08  0.0
52.199999999999996  0.0
52.32  0.0
52.44  0.0
52.559999999999995  0.0
52.68  0.0
52.8  0.0
52.919999999999995  0.0
53.04  0.0
53.16  0.0
53.28  0.0
53.4  0.0
53.519999999999996  0.0
53.64  0.0
53.76  0.019126667363559058
53.879999999999995  0.038819353366205234
54.0  0.05798844646267237
54.12  0.07660569828340663
54.239999999999995  0.09464496187809696
54.36  0.11208222680854604
54.48  0.12889564754180238
54.6  0.1450655651208399
54.72  0.16057452210975154
54.839999999999996  0.17540727083006658
54.96  0.18955077492422112
55.08  0.20299420430148787
55.199999999999996  0.21572892354078355
55.32  0.2277484738434068
55.44  0.2390485486472692
55.559999999999995  0.249626963032115
55.68  0.2594836170627668
55.8  0.26862045323456823
55.919999999999995  0.2770414082015996
56.04  0.2847523589842058
56.16  0.2917610638676894
56.28  0.29807709821853856
56.4  0.3037117854584944
56.519999999999996  0.308678123449897
56.64  0.31299070655804206
56.76  0.3166656436677875
56.879999999999995  0.31972047244234436
57.0  0.3221740701218959
57.12  0.32404656116853925
57.239999999999995  0.32535922207200696
57.36  0.3261343836375333
57.48  0.326395331083209
57.599999999999994  0.32616620227921783
57.72  0.32547188446528236
57.839999999999996  0.32433790978563226
57.96  0.32279034998283096
58.08  0.32085571059263124
58.199999999999996  0.318560824982091
58.32  0.31593274857193077
58.44  0.3129986535821205
58.559999999999995  0.3097857246365132
58.68  0.3063210555582382
58.8  0.30263154768245837
58.919999999999995  0.2987438100070793
59.04  0.29468406149495974
59.16  0.2904780358332497
59.28  0.2861508889466948
59.4  0.2817271095520193
59.519999999999996  0.27723043302997485
59.64  0.27268375888032603
59.76  0.2681090720129046
59.879999999999995  0.2635273681150175
60.0  0.25895858332196825
60.12  0.2544215284032238
60.239999999999995  0.24993382766194122
60.36  0.24551186273020326
60.48  0.2411707214263697
60.599999999999994  0.23692415182457627
60.72  0.23278452166960578
60.839999999999996  0.22876278325313953
60.96  0.22486844384989213
61.08  0.2211095417943416
61.199999999999996  0.21749262826072835
61.32  0.21402275479083988
61.44  0.21070346659577366
61.559999999999995  0.20753680163952604
61.68  0.2045232954938867
61.8  0.2016619919357936
61.919999999999995  0.19895045924009525
62.04  0.19638481210261255
62.16  0.19395973911052294
62.28  0.19166853565953323
62.4  0.18950314220000408
62.519999999999996  0.18745418767730687
62.64  0.1855110380151791
62.76  0.18366184947483388
62.879999999999995  0.18189362670705816
63.0  0.18019228529955789
63.12  0.1785427186074768
63.239999999999995  0.1769288686412844
63.36  0.17533380077319477
63.48  0.1737397820109862
63.599999999999994  0.17212836257654432
63.72  0.17048046051567617
63.839999999999996  0.1687764490558525
63.96  0.16699624641943742
64.08  0.16511940779181628
64.2  0.1631252191364713
64.32  0.1609927925428512
64.44  0.15870116278732238
64.56  0.15622938478317883
64.67999999999999  0.15355663159218547
64.8  0.1506622926676618
64.92  0.14752607199768514
65.03999999999999  0.14412808581651868
65.16  0.14044895955290315
65.28  0.1364699236854448
65.39999999999999  0.13217290817786986
65.52  0.12754063517045844
65.64  0.12255670960854956
65.75999999999999  0.11720570749450296
65.88  0.1114732614559705
66.0  0.10534614333078579
66.12  0.09881234347709508
66.24  0.09186114652658448
66.36  0.08448320330880979
66.48  0.07667059868555429
66.6  0.06841691504592015
66.72  0.05971729122541494
66.84  0.05056847662562203
66.96  0.040968880324935286
67.08  0.030918614985655346
67.2  0.020419535377950715
67.32  0.009475271357053117
67.44  0.0
67.56  0.0
67.67999999999999  0.0
67.8  0.0
67.92  0.0
68.03999999999999  0.0
68.16  0.0
68.28  0.0
68.39999999999999  0.0
68.52  0.0
68.64  0.0
68.75999999999999  0.0
68.88  0.0
69.0  0.0
69.12  0.0
69.24  0.0
69.36  0.0
69.48  0.0
69.6  0.0
69.72  0.0
69.84  0.0
69.96  0.0
70.08  0.0
70.2  0.0
70.32  0.0
70.44  0.0
70.56  0.0
70.67999999999999  0.0
70.8  0.0
70.92  0.0
71.03999999999999  0.0
71.16  0.0
71.28  0.0
71.39999999999999  0.0
71.52  0.0
71.64  0.0
71.75999999999999  0.0
71.88  0.0
72.0  0.0
72.11999999999999  0.0
72.24  0.0
72.36  0.0
72.48  0.0
72.6  0.0
72.72  0.0
72.84  0.0
72.96  0.0
73.08  0.0
73.2  0.0
73.32  0.0
73.44  0.0
73.56  0.0
73.67999999999999  0.0
73.8  0.0
73.92  0.0
74.03999999999999  0.0
74.16  0.0
74.28  0.0
74.39999999999999  0.0
74.52  0.0
74.64  0.0
74.75999999999999  0.0
74.88  0.0
75.0  0.0
75.11999999999999  0.0
75.24  0.0
75.36  0.0
75.48  0.0
75.6  0.0
75.72  0.0
75.84  0.0
75.96  0.0
76.08  0.0
76.2  0.0
76.32  0.0
76.44  0.0
76.56  0.0
76.67999999999999  0.0
76.8  0.0
76.92  0.0
77.03999999999999  0.024313749384949346
77.16  0.05597025054869931
77.28  0.08788619832264272
77.39999999999999  0.1199975219014488
77.52  0.15223896601289183
77.64  0.18454423680857082
77.75999999999999  0.2168461516243048
77.88  0.24907679224530496
78.0  0.28116766129994547
78.11999999999999  0.3130498413958412
78.24  0.3446541566025538
78.36  0.37591133587700065
78.48  0.40675217802061003
78.6  0.4371077177510064
78.72  0.4669093924661205
78.84  0.4960892092745864
78.96  0.524579911863744
79.08  0.5523151467747436
79.2  0.5792296286537963
79.32  0.6052593040494088
79.44  0.630341513327133
79.56  0.6544151502763115
79.67999999999999  0.6774208189875714
79.8  0.6993009875848927
79.92  0.7200001384025081
80.03999999999999  0.7394649142044469
80.16  0.7576442600529832
80.28  0.774489560441993
80.39999999999999  0.7899547713219017
80.52  0.8039965466546082
80.64  0.8165743591494796
80.75999999999999  0.8276506148452625
80.88  0.8371907612172655
81.0  0.8451633885047494
81.11999999999999  0.8515403239697894
81.24  0.8562967188160331
81.36  0.8594111275137087
81.48  0.8608655792959324
81.6  0.8606456416106192
81.72  0.8587404753323358
81.84  0.8551428815588802
81.96  0.8498493398384643
82.08  0.842860037694847
82.2  0.8341788913396908
82.32  0.8238135574836556
82.44  0.811775436180306
82.56  0.7980796646596866
82.67999999999999  0.7827451021313482
82.8  0.7657943055596919
82.92  0.747253496437611
83.03999999999999  0.7271525186074803
83.16  0.7055247872015868
83.28  0.682407228797014
83.39999999999999  0.6578402129026264
83.52  0.6318674749182808
83.64  0.6045360307285709
83.75999999999999  0.5758960831150197
83.88  0.546000920192093
84.0  0.5149068060932196
84.11999999999999  0.48267286415319066
84.24  0.44936095285307387
84.36  0.4150355348128846
84.47999999999999  0.3797635391354013
84.6  0.34361421742222964
84.72  0.30665899380000616
84.84  0.2689713093104402
84.96  0.23062646103306275
85.08  0.19170143632359288
85.2  0.15227474256402518
85.32  0.11242623283260217
85.44  0.07223692791301597
85.56  0.03178883507223711
85.67999999999999  0.0
85.8  0.0
85.92  0.0
86.03999999999999  0.0
86.16  0.0
86.28  0.0
86.39999999999999  0.0
86.52  0.0
86.64  0.0
86.75999999999999  0.0
86.88  0.0
87.0  0.0
87.11999999999999  0.0
87.24  0.0
87.36  0.0
87.47999999999999  0.0
87.6  0.0
87.72  0.0
87.84  0.0
87.96  0.0
88.08  0.0
88.2  0.0
88.32  0.0
88.44  0.0
88.56  0.0
88.67999999999999  0.0
88.8  0.0
88.92  0.0
89.03999999999999  0.0
89.16  0.0
89.28  0.0
89.39999999999999  0.0
89.52  0.0
89.64  0.0
89.75999999999999  0.0
89.88  0.0
90.0  0.0
90.11999999999999  0.0
90.24  0.0
90.36  0.0
90.47999999999999  0.0
90.6  0.0
90.72  0.0
90.84  0.0
90.96  0.0
91.08  0.0
91.2  0.0
91.32  0.0
91.44  0.0
91.56  0.0
91.67999999999999  0.0
91.8  0.0
91.92  0.0
92.03999999999999  0.0
92.16  0.0
92.28  0.0
92.39999999999999  0.0
92.52  0.0
92.64  0.0
92.75999999999999  0.0
92.88  0.0
93.0  0.0
93.11999999999999  0.0
93.24  0.0
93.36  0.0
93.47999999999999  0.0
93.6  0.0
93.72  0.0
93.84  0.0
93.96  0.0
94.08  0.0
94.2  0.0
94.32  0.01309618672323648
94.44  0.052210087602729466
94.56  0.09103580439732673
94.67999999999999  0.12949472753534746
94.8  0.16750943093493056
94.92  0.20500384364846563
95.03999999999999  0.24190341757290829
95.16  0.27813529082477073
95.28  0.3136284463907497
95.39999999999999  0.3483138656781824
95.52  0.3821246766035916
95.64  0.4149962958724819
95.75999999999999  0.44686656511967277
95.88  0.47767588059591415
96.0  0.5073673161040975
96.11999999999999  0.5358867389066494
96.24  0.563182918344528
96.36  0.5892076269276593
96.47999999999999  0.6139157336769674
96.6  0.637265289518566
96.72  0.6592176045518288
96.84  0.6797373170345758
96.96  0.6987924539503941
97.08  0.7163544830452709
97.2  0.7323983562430482
97.32  0.7469025443717856
97.44  0.7598490631557173
97.56  0.7712234904501845
97.67999999999999  0.7810149747196489
97.8  0.7892162347814563
97.92  0.7958235508605273
98.03999999999999  0.8008367470224411
98.16  0.8042591650744293
98.28  0.8060976300454996
98.39999999999999  0.8063624073783267
98.52  0.805067151986452
98.64  0.8022288493508418
98.75999999999999  0.7978677488497599
98.88  0.7920072895353146
99.0  0.7846740185887233
99.11999999999999  0.7758975027044104
99.24  0.765710232670362
99.36  0.7541475214287314
99.47999999999999  0.7412473959163574
99.6  0.727050482999822
99.72  0.7115998898335845
99.84  0.6949410789828057
99.96  0.6771217386645934
100.08  0.6581916484724629
100.2  0.6382025409589376
100.32  0.6172079594602261
100.44  0.5952631125548751
100.56  0.5724247255552812
100.67999999999999  0.5487508894366211
100.8  0.5243009076125478
100.92  0.4991351409705473
101.03999999999999  0.4733148515822613
101.16  0.4469020455054117
101.28  0.419959315094212
101.39999999999999  0.3925496812340755
101.52  0.3647364359145029
101.64  0.3365829855508008
101.75999999999999  0.3081526954609826
101.88  0.2795087358988875
102.0  0.2507139300381559
102.11999999999999  0.22183060429412108
102.24  0.19292044136230588
102.36  0.16404433634271226
102.47999999999999  0.13526225630849792
102.6  0.10663310366645551
102.72  0.07821458364429984
102.83999999999999  0.050063076226581404
102.96  0.022233512847189774
103.08  0.0
103.2  0.0
103.32  0.0
103.44  0.0
103.56  0.0
103.67999999999999  0.0
103.8  0.0
103.92  0.0
104.03999999999999  0.0
104.16  0.0
104.28  0.0
104.39999999999999  0.0
104.52  0.0
104.64  0.0
104.75999999999999  0.0
104.88  0.0
105.0  0.0
105.11999999999999  0.0
105.24  0.0
105.36  0.0
105.47999999999999  0.0
105.6  0.0
105.72  0.0
105.83999999999999  0.0
105.96  0.0
106.08  0.0
106.2  0.0
106.32  0.0
106.44  0.0
106.56  0.0
106.67999999999999  0.0
106.8  0.0
106.92  0.0
107.03999999999999  0.0
107.16  0.0
107.28  0.0
107.39999999999999  0.0
107.52  0.0
107.64  0.0
107.75999999999999  0.0
107.88  0.0
108.0  0.0
108.11999999999999  0.0
108.24  0.0
108.36  0.0
108.47999999999999  0.0
108.6  0.0
108.72  0.0
108.83999999999999  0.0
108.96  0.0
109.08  0.0
109.2  0.0
109.32  0.0
109.44  0.0
109.56  0.0
109.67999999999999  0.0
109.8  0.0
109.92  0.0
110.03999999999999  0.0
110.16  0.0
110.28  0.0
110.39999999999999  0.0
110.52  0.0
110.64  0.0
110.75999999999999  0.0
110.88  0.0
111.0  0.0
111.11999999999999  0.0
111.24  0.0
111.36  0.0
111.47999999999999  0.0
111.6  0.0
111.72  0.0
111.83999999999999  0.0
111.96  0.0
112.08  0.0
112.2  0.0
112.32  0.0
112.44  0.0
112.56  0.0
112.67999999999999  0.0
112.8  0.0
112.92  0.0
113.03999999999999  0.0
113.16  0.0
113.28  0.0
113.39999999999999  0.0
113.52  0.0
113.64  0.0
113.75999999999999  0.0
113.88  0.0
114.0  0.002117894814663679
114.11999999999999  0.0064089368965145055
114.24  0.010540203738324982
114.36  0.014529069926779048
114.47999999999999  0.018393470283978045
114.6  0.022151807708667565
114.72  0.025822859540877374
114.83999999999999  0.029425682771775197
114.96  0.03297951842377544
115.08  0.0365036954285201
115.19999999999999  0.04001753433160801
115.32  0.04354025115329907
115.44  0.047090861733890044
115.56  0.05068808689081032
115.67999999999999  0.05435025871172133
115.8  0.05809522830455904
115.92  0.06194027532055632
116.03999999999999  0.06590201956100189
116.16  0.06999633497185309
116.28  0.07423826632281225
116.39999999999999  0.07864194885936665
116.52  0.08322053120687167
116.64  0.0879861017957016
116.75999999999999  0.09294961906573906
116.88  0.09812084569657803
117.0  0.10350828709748527
117.11999999999999  0.10911913437796805
117.24  0.11495921200585663
117.36  0.12103293034539625
117.47999999999999  0.1273432432526736
117.6  0.13389161089002094
117.72  0.14067796790488862
117.83999999999999  0.14770069710203165
117.96  0.1549566087207333
118.08  0.1624409254114259
118.19999999999999  0.1701472729882923
118.32  0.17806767701639653
118.44  0.18619256527370937
118.56  0.19451077611001122
118.67999999999999  0.20300957270612863
118.8  0.21167466321851025
118.92  0.22049022677553676
119.03999999999999  0.22943894527355652
119.16  0.238502040902279
119.28  0.2476593193109407
119.39999999999999  0.2568892183087498
119.52  0.2661688619754095
119.64  0.27547412004015465
119.75999999999999  0.28477967237078305
119.88  0.29405907839762224
120.0  0.3032848512812665
