0.0  0.756473696620285  100.0
0.12  0.759991394364421
0.24  0.7620868410492675
0.36  0.7627669397913384
0.48  0.7620414914254434
0.6  0.7599231502356666
0.72  0.7564273733125948
0.84  0.7515723636998531
0.96  0.7453790075079232
1.08  0.7378708051876004
1.2  0.7290737971692975
1.3199999999999998  0.7190164840876205
1.44  0.7077297418232701
1.56  0.6952467316062688
1.68  0.6816028054357759
1.7999999999999998  0.6668354070823074
1.92  0.6509839689479815
2.04  0.634089805069456
2.16  0.616196000556476
2.28  0.5973472977664047
2.4  0.5775899795217333
2.52  0.5569717496833637
2.6399999999999997  0.535541611397383
2.76  0.5133497433371457
2.88  0.49044737426567553
3.0  0.4668866562457459
3.12  0.4427205368264513
3.2399999999999998  0.41800263053567543
3.36  0.39278709000755474
3.48  0.3671284770728891
3.5999999999999996  0.34108163413840664
3.7199999999999998  0.31470155617791495
3.84  0.28804326365463306
3.96  0.26116167668943857
4.08  0.23411149078438495
4.2  0.20694705440466005
4.32  0.17972224871520692
4.4399999999999995  0.1524903697605055
4.56  0.12530401336757185
4.68  0.09821496304307109
4.8  0.07127408112560979
4.92  0.04453120344378342
5.04  0.018035037719454416
5.16  0.0
5.279999999999999  0.0
5.3999999999999995  0.0
5.52  0.0
5.64  0.0
5.76  0.0
5.88  0.0
6.0  0.0
6.12  0.0
6.24  0.0
6.359999999999999  0.0
6.4799999999999995  0.0
6.6  0.0
6.72  0.0
6.84  0.0
6.96  0.0
7.08  0.0
7.199999999999999  0.0
7.319999999999999  0.0
7.4399999999999995  0.0
7.56  0.0
7.68  0.0
7.8  0.0
7.92  0.0
8.04  0.0
8.16  0.0
8.28  0.0
8.4  0.0
8.52  0.0
8.64  0.0
8.76  0.0
8.879999999999999  0.0
9.0  0.0
9.12  0.0
9.24  0.0
9.36  0.0
9.48  0.0
9.6  0.0
9.719999999999999  0.0
9.84  0.0
9.959999999999999  0.0
10.08  0.0
10.2  0.0
10.32  0.0
10.44  0.0
10.559999999999999  0.0
10.68  0.0
10.799999999999999  0.0
10.92  0.0
11.04  0.0
11.16  0.0
11.28  0.0
11.4  0.0
11.52  0.0
11.639999999999999  0.0
11.76  0.0
11.879999999999999  0.0
12.0  0.0
12.12  0.0
12.24  0.0
12.36  0.0
12.48  0.0
12.6  0.0
12.719999999999999  0.0
12.84  0.0
12.959999999999999  0.0
13.08  0.0
13.2  0.0
13.32  0.0
13.44  0.0
13.559999999999999  0.0
13.68  0.0
13.799999999999999  0.0
13.92  0.0
14.04  0.0
14.16  0.0
14.28  0.0
14.399999999999999  0.0
14.52  0.0
14.639999999999999  0.0
14.76  0.0
14.879999999999999  0.0
15.0  0.0
15.12  0.0
15.24  0.0
15.36  0.0
15.479999999999999  0.0
15.6  0.0012235944872782956
15.719999999999999  0.010587161331407913
15.84  0.019770841407500087
15.959999999999999  0.028777975335507675
16.08  0.03761257107277888
16.2  0.046279250346580925
16.32  0.05478319318833931
16.439999999999998  0.06313008078569449
16.56  0.07132603687336063
16.68  0.0793775678879025
16.8  0.087291502114997
16.919999999999998  0.09507492806045187
17.04  0.10273513227823396
17.16  0.11027953688999988
17.28  0.1177156370311326
17.4  0.12505093845803472
17.52  0.13229289555046328
17.64  0.1394488499409608
17.759999999999998  0.14652597000100462
17.88  0.15353119141031493
18.0  0.1604711590318842
18.12  0.16735217031070784
18.24  0.17418012040891773
18.36  0.18096044928408994
18.48  0.18769809091088552
18.599999999999998  0.1943974248389768
18.72  0.20106223027235848
18.84  0.2076956428467171
18.96  0.2143001142725587
19.08  0.22087737500225685
19.2  0.2274284000691683
19.32  0.2339533782364489
19.439999999999998  0.24045168458226762
19.56  0.24692185663675104
19.68  0.25336157417424715
19.8  0.259767642752441
19.919999999999998  0.26613598107745307
20.04  0.27246161226140614
20.16  0.27873865902606604
20.279999999999998  0.284960342893093
20.4  0.29111898738820535
20.52  0.2972060252732275
20.64  0.3032120098065842
20.759999999999998  0.30912663001935914
20.88  0.31493872998060485
21.0  0.3206363320122073
21.119999999999997  0.3262066638003163
21.24  0.33163618933719136
21.36  0.33691064361431133
21.48  0.3420150709748254
21.599999999999998  0.3469338670208769
21.72  0.3516508239590867
21.84  0.3561491792555604
21.96  0.36041166746021264
22.08  0.3644205750490448
22.2  0.3681577981222631
22.32  0.371604902785854
22.439999999999998  0.3747431880344649
22.56  0.37755375094416865
22.68  0.3800175539750071
22.8  0.38211549417509216
22.919999999999998  0.3838284740705296
23.04  0.38513747401856446
23.16  0.38602362579512906
23.279999999999998  0.3864682871824215
23.4  0.38645311731730436
23.52  0.38596015255716
23.64  0.3849718826164401
23.759999999999998  0.383471326724449
23.88  0.38144210955297947
24.0  0.378868536661249
24.119999999999997  0.3757356692051506
24.24  0.3720293976581964
24.36  0.36773651429265064
24.48  0.362844784171209
24.599999999999998  0.3573430144022517
24.72  0.3512211214150771
24.84  0.3444701960156933
24.96  0.33708256598861863
25.08  0.32905185601577536
25.2  0.32037304468989813
25.32  0.31104251840690966
25.439999999999998  0.30105812192942055
25.56  0.29041920542192684
25.68  0.2791266677672479
25.8  0.26718299598340495
25.919999999999998  0.2545923005703805
26.04  0.2413603466269328
26.16  0.2274945805890103
26.279999999999998  0.2130041524531038
26.4  0.19789993336015277
26.52  0.18219452842839726
26.64  0.1659022847366193
26.759999999999998  0.1490392943727974
26.88  0.13162339247693589
27.0  0.11367415022100519
27.119999999999997  0.09521286268325582
27.24  0.07626253158873053
27.36  0.05684784290256986
27.48  0.03699513927754475
27.599999999999998  0.016732387372191626
27.72  0.0
27.84  0.0
27.959999999999997  0.0
28.08  0.0
28.2  0.0
28.32  0.0
28.439999999999998  0.0
28.56  0.0
28.68  0.0
28.799999999999997  0.0
28.919999999999998  0.0
29.04  0.0
29.16  0.0
29.279999999999998  0.0
29.4  0.0
29.52  0.0
29.64  0.0
29.759999999999998  0.0
29.88  0.0
30.0  0.0
30.119999999999997  0.0
30.24  0.0
30.36  0.0
30.48  0.0
30.599999999999998  0.0
30.72  0.0
30.84  0.0
30.959999999999997  0.0
31.08  0.0
31.2  0.0
31.32  0.0
31.439999999999998  0.0
31.56  0.0
31.68  0.0
31.799999999999997  0.0
31.919999999999998  0.0
32.04  0.0
32.16  0.0
32.28  0.0
32.4  0.0
32.519999999999996  0.0
32.64  0.0
32.76  0.0
32.879999999999995  0.0
33.0  0.0
33.12  0.0
33.24  0.0
33.36  0.0
33.48  0.0
33.6  0.0
33.72  0.0
33.839999999999996  0.0
33.96  0.0
34.08  0.0
34.199999999999996  0.0
34.32  0.0
34.44  0.0
34.56  0.0
34.68  0.0
34.8  0.0
34.92  0.0
35.04  0.0
35.16  0.0
35.28  0.0
35.4  0.0
35.519999999999996  0.0
35.64  0.0
35.76  0.0
35.879999999999995  0.0
36.0  0.0
36.12  0.0
36.24  0.0
36.36  0.0
36.48  0.0
36.6  0.0
36.72  0.0
36.839999999999996  0.0
36.96  0.02095539074289629
37.08  0.05448605383836827
37.199999999999996  0.08812021545891172
37.32  0.12179218686942622
37.44  0.15543576119946878
37.559999999999995  0.18898435702338162
37.68  0.2223711636420001
37.8  0.25552928772119754
37.92  0.2883919009377067
38.04  0.3208923882786988
38.16  0.3529644966386145
38.28  0.38454248335457075
38.4  0.41556126432048446
38.519999999999996  0.44595656131976463
38.64  0.47566504821703653
38.76  0.5046244956509401
38.879999999999995  0.532773913872524
39.0  0.560053693377139
39.12  0.5864057429820442
39.24  0.6117736250071907
39.36  0.6361026872226538
39.48  0.6593401912332926
39.6  0.6814354369788996
39.72  0.7023398830369088
39.839999999999996  0.7220072624241589
39.96  0.7403936936044898
40.08  0.7574577864200619
40.199999999999996  0.7731607426760522
40.32  0.7874664511209211
40.44  0.8003415765776389
40.559999999999995  0.8117556429951263
40.68  0.8216811102036152
40.8  0.8300934441727013
40.92  0.8369711805864367
41.04  0.8422959815658979
41.16  0.84605268538623
41.28  0.8482293490521031
41.4  0.8488172836128919
41.519999999999996  0.8478110821165352
41.64  0.8452086401189911
41.76  0.841011168684406
41.879999999999995  0.8352231998294872
42.0  0.8278525843841017
42.12  0.8189104822587576
42.239999999999995  0.8084113451282711
42.36  0.7963728915596321
42.48  0.7828160746306763
42.6  0.7677650421047031
42.72  0.7512470892445905
42.839999999999996  0.7332926043681034
42.96  0.7139350072640892
43.08  0.6932106806069036
43.199999999999996  0.6711588945237241
43.32  0.6478217244864135
43.44  0.6232439627161055
43.559999999999995  0.597473023304742
43.68  0.5705588412734216
43.8  0.5425537658023856
43.92  0.5135124478819199
44.04  0.4834917226473236
44.16  0.452550486674158
44.28  0.42074957052255546
44.4  0.3881516068310673
44.519999999999996  0.35482089427149044
44.64  0.3208232576863912
44.76  0.2862259047403996
44.879999999999995  0.2510972794248793
45.0  0.21550691276335837
45.12  0.1795252710719144
45.239999999999995  0.14322360213455718
45.36  0.10667377965885054
45.48  0.06994814638098029
45.6  0.03311935619268622
45.72  0.0
45.839999999999996  0.0
45.96  0.0
46.08  0.0
46.199999999999996  0.0
46.32  0.0
46.44  0.0
46.559999999999995  0.0
46.68  0.0
46.8  0.0
46.92  0.0
47.04  0.0
47.16  0.0
47.28  0.0
47.4  0.0
47.519999999999996  0.0
47.64  0.0
47.76  0.0
47.879999999999995  0.0
48.0  0.0
48.12  0.0
48.239999999999995  0.0
48.36  0.0
48.48  0.0
48.6  0.0
48.72  0.0
48.839999999999996  0.0
48.96  0.0
49.08  0.0
49.199999999999996  0.0
49.32  0.0
49.44  0.0
49.559999999999995  0.0
49.68  0.0
49.8  0.0
49.92  0.0
50.04  0.0
50.16  0.0
50.28  0.0
50.4  0.0
50.519999999999996  0.0
50.64  0.0
50.76  0.0
50.879999999999995  0.0
51.0  0.0
51.12  0.0
51.239999999999995  0.0
51.36  0.0
51.48  0.0
51.6  0.0
51.72  0.0
51.839999999999996  0.0
51.96  0.0
52.08  0.0
52.199999999999996  0.0
52.32  0.0
52.44  0.0
52.559999999999995  0.0
52.68  0.0
52.8  0.0
52.919999999999995  0.0
53.04  0.0
53.16  0.0
53.28  0.0
53.4  0.0
53.519999999999996  0.0
53.64  0.0
53.76  0.0
53.879999999999995  0.0
54.0  0.0
54.12  0.0
54.239999999999995  0.0
54.36  0.0
54.48  0.0
54.6  0.006858155170504865
54.72  0.037350828033027916
54.839999999999996  0.06750815794435827
54.96  0.09727471720108816
55.08  0.12659645871841538
55.199999999999996  0.15542082398117957
55.32  0.1836968464980654
55.44  0.21137525053443473
55.559999999999995  0.23840854491270547
55.68  0.2647511116832192
55.8  0.2903592894830578
55.919999999999995  0.31519145141511773
56.04  0.3392080772949887
56.16  0.36237182012883384
56.28  0.3846475667012922
56.4  0.406002492168523
56.519999999999996  0.4264061085678945
56.64  0.44583030717221833
56.76  0.4642493946330142
56.879999999999995  0.4816401228739734
57.0  0.4979817127123934
57.12  0.513255871202982
57.239999999999995  0.5274468027150387
57.36  0.5405412137704043
57.48  0.5525283116858453
57.599999999999994  0.5633997970796698
57.72  0.5731498503181354
57.839999999999996  0.5817751119927511
57.96  0.5892746575348395
58.08  0.5956499660884513
58.199999999999996  0.6009048837772841
58.32  0.6050455815150872
58.44  0.6080805075226381
58.559999999999995  0.6100203347273007
58.68  0.6108779032336007
58.8  0.6106681580650744
58.919999999999995  0.6094080823889089
59.04  0.6071166264454325
59.16  0.6038146324144261
59.28  0.59952475545947
59.4  0.594271381200014
59.519999999999996  0.5880805398686154
59.64  0.5809798174178334
59.76  0.5729982638474684
59.879999999999995  0.5641662990282902
60.0  0.5545156163030845
60.12  0.5440790841496572
60.239999999999995  0.5328906461934766
60.36  0.5209852198598804
60.48  0.5083985939571263
60.599999999999994  0.4951673254821454
60.72  0.48132863594064784
60.839999999999996  0.46692030747210767
60.96  0.45198057906830946
61.08  0.4365480431714951
61.199999999999996  0.42066154293460334
61.32  0.40436007042195965
61.44  0.3876826660236822
61.559999999999995  0.3706683193513648
61.68  0.35335587187615225
61.8  0.33578392156309306
61.919999999999995  0.3179907297478352
62.04  0.30001413049325193
62.16  0.28189144265438165
62.28  0.26365938487038104
62.4  0.24535399369190242
62.519999999999996  0.22701054504139895
62.64  0.20866347919258604
62.76  0.1903463294434551
62.879999999999995  0.1720916546449529
63.0  0.15393097573484427
63.12  0.1358947164132649
63.239999999999995  0.11801214808310506
63.36  0.100311339164816
63.48  0.0828191088813699
63.599999999999994  0.06556098559503315
63.72  0.04856116976344421
63.839999999999996  0.03184250156817553
63.96  0.01542643325450821
64.08  0.0
64.2  0.0
64.32  0.0
64.44  0.0
64.56  0.0
64.67999999999999  0.0
64.8  0.0
64.92  0.0
65.03999999999999  0.0
65.16  0.0
65.28  0.0
65.39999999999999  0.0
65.52  0.0
65.64  0.0
65.75999999999999  0.0
65.88  0.0
66.0  0.0
66.12  0.0
66.24  0.0
66.36  0.0
66.48  0.0
66.6  0.0
66.72  0.0
66.84  0.0
66.96  0.0
67.08  0.0
67.2  0.0
67.32  0.0
67.44  0.0
67.56  0.0
67.67999999999999  0.0
67.8  0.0
67.92  0.0
68.03999999999999  0.0
68.16  0.0
68.28  0.0
68.39999999999999  0.0
68.52  0.0
68.64  0.0
68.75999999999999  0.0
68.88  0.0
69.0  0.0
69.12  0.0
69.24  0.0
69.36  0.0
69.48  0.0
69.6  0.0
69.72  0.0
69.84  0.0
69.96  0.0
70.08  0.0
70.2  0.0
70.32  0.0
70.44  0.0
70.56  0.0
70.67999999999999  0.0
70.8  0.0
70.92  0.0
71.03999999999999  0.0
71.16  0.0
71.28  0.0
71.39999999999999  0.0
71.52  0.0
71.64  0.0
71.75999999999999  0.0
71.88  0.0
72.0  0.0
72.11999999999999  0.0
72.24  0.0
72.36  0.0
72.48  0.0
72.6  0.0
72.72  0.0
72.84  0.0
72.96  0.0
73.08  0.0
73.2  0.0
73.32  0.0
73.44  0.0
73.56  0.0
73.67999999999999  0.0
73.8  0.0
73.92  0.0
74.03999999999999  0.0
74.16  0.0
74.28  0.0
74.39999999999999  0.0
74.52  0.0
74.64  0.0
74.75999999999999  0.0
74.88  0.0
75.0  0.0
75.11999999999999  0.0
75.24  0.0
75.36  0.0
75.48  0.0
75.6  0.0
75.72  0.0
75.84  0.0
75.96  0.0
76.08  0.0
76.2  0.0
76.32  0.0
76.44  0.0
76.56  0.0
76.67999999999999  0.0
76.8  0.008930811728324217
76.92  0.023521353270848366
77.03999999999999  0.038410881504963634
77.16  0.05358360508231813
77.28  0.06902237728476912
77.39999999999999  0.08470870699620792
77.52  0.10062277428693478
77.64  0.1167434506196875
77.75999999999999  0.13304832367230618
77.88  0.14951372675775154
78.0  0.16611477280789105
78.11999999999999  0.18282539287336852
78.24  0.1996183790775647
78.36  0.21646543194864948
78.48  0.23333721203986035
78.6  0.2502033957343428
78.72  0.26703273511743664
78.84  0.2837931217860149
78.96  0.3004516544516563
79.08  0.3169747101817821
79.2  0.33332801911068877
79.32  0.3494767424407455
79.44  0.3653855535426269
79.56  0.3810187219526426
79.67999999999999  0.39634020005501924
79.8  0.41131371222717317
79.92  0.4259028462168896
80.03999999999999  0.4400711465118546
80.16  0.45378220945401904
80.28  0.46699977984411906
80.39999999999999  0.4796878487751463
80.52  0.4918107524277392
80.64  0.5033332715553811
80.75999999999999  0.5142207313830292
80.88  0.5244391016391513
81.0  0.5339550964384426
81.11999999999999  0.5427362737304833
81.24  0.5507511340284057
81.36  0.557969218131254
81.48  0.5643612035541986
81.6  0.5698989993819281
81.72  0.5745558392627078
81.84  0.578306372263356
81.96  0.5811267513091567
82.08  0.5829947189371475
82.2  0.5838896900965147
82.32  0.5837928317358572
82.44  0.5826871389239283
82.56  0.5805575072579774
82.67999999999999  0.5773908013221513
82.8  0.5731759189673955
82.92  0.5679038511940082
83.03999999999999  0.5615677374283364
83.16  0.5541629159961485
83.28  0.545686969606783
83.39999999999999  0.5361397656744016
83.52  0.5255234913153923
83.64  0.5138426828742997
83.75999999999999  0.5011042498442695
83.88  0.4873174930623545
84.0  0.4724941170745317
84.11999999999999  0.45664823658026077
84.24  0.4397963768817271
84.36  0.4219574682785968
84.47999999999999  0.40315283436478233
84.6  0.38340617419993794
84.72  0.36274353834454376
84.84  0.3411932987637624
84.96  0.3187861126217104
85.08  0.29555488000417957
85.2  0.27153469562433463
85.32  0.24676279458220043
85.44  0.22127849226508212
85.56  0.19512311849217884
85.67999999999999  0.1683399460225122
85.8  0.1409741135610439
85.92  0.11307254341325784
86.03999999999999  0.08468385395350184
86.16  0.05585826708716801
86.28  0.02664751090110412
86.39999999999999  0.0
86.52  0.0
86.64  0.0
86.75999999999999  0.0
86.88  0.0
87.0  0.0
87.11999999999999  0.0
87.24  0.0
87.36  0.0
87.47999999999999  0.0
87.6  0.0
87.72  0.0
87.84  0.0
87.96  0.0
88.08  0.0
88.2  0.0
88.32  0.0
88.44  0.0
88.56  0.0
88.67999999999999  0.0
88.8  0.0
88.92  0.0
89.03999999999999  0.0
89.16  0.0
89.28  0.0
89.39999999999999  0.0
89.52  0.0
89.64  0.0
89.75999999999999  0.0
89.88  0.0
90.0  0.0
90.11999999999999  0.0
90.24  0.0
90.36  0.0
90.47999999999999  0.0
90.6  0.0
90.72  0.0
90.84  0.0
90.96  0.0
91.08  0.0
91.2  0.0
91.32  0.0
91.44  0.0
91.56  0.0
91.67999999999999  0.0
91.8  0.0
91.92  0.0
92.03999999999999  0.0
92.16  0.0
92.28  0.0
92.39999999999999  0.0
92.52  0.0
92.64  0.0
92.75999999999999  0.0
92.88  0.0
93.0  0.0
93.11999999999999  0.0
93.24  0.0
93.36  0.0
93.47999999999999  0.0
93.6  0.0
93.72  0.0
93.84  0.0
93.96  0.0
94.08  0.0
94.2  0.0
94.32  0.0
94.44  0.0
94.56  0.0
94.67999999999999  0.0
94.8  0.0
94.92  0.0
95.03999999999999  0.0
95.16  0.0
95.28  0.0016190788239564685
95.39999999999999  0.03832218136901358
95.52  0.07500818444801377
95.64  0.11160455131811378
95.75999999999999  0.14803882009837732
95.88  0.18423876195830596
96.0  0.2201325389779531
96.11999999999999  0.25564886130459796
96.24  0.2907171432323081
96.36  0.3252676578329179
96.47999999999999  0.3592316897704938
96.6  0.3925416859353297
96.72  0.4251314035387156
96.84  0.45693605531580184
96.96  0.48789245149074023
97.08  0.5179391381661211
97.2  0.5470165318073166
97.32  0.5750670495019439
97.44  0.6020352346848246
97.56  0.6278678780299577
97.67999999999999  0.6525141332228754
97.8  0.6759256273392484
97.92  0.6980565655688493
98.03999999999999  0.7188638300379578
98.16  0.7383070724977108
98.28  0.7563488006610513
98.39999999999999  0.7729544579865972
98.52  0.7880924967238528
98.64  0.8017344440508023
98.75999999999999  0.8138549611520087
98.88  0.8244318951026708
99.0  0.8334463234418656
99.11999999999999  0.8408825913362268
99.24  0.8467283412535407
99.36  0.8509745350841915
99.47999999999999  0.8536154686669899
99.6  0.8546487786945852
99.72  0.8540754419923865
99.84  0.8518997671836546
99.96  0.8481293787720925
100.08  0.8427751936918338
100.2  0.8358513903931699
100.32  0.8273753705505782
100.44  0.8173677134976054
100.56  0.8058521235108922
100.67999999999999  0.7928553700829503
100.8  0.7784072213403488
100.92  0.7625403707805207
101.03999999999999  0.7452903575165005
101.16  0.7266954802345266
101.28  0.7067967050845323
101.39999999999999  0.6856375677379548
101.52  0.663264069861246
101.64  0.6397245702666312
101.75999999999999  0.61506967101417
101.88  0.5893520987510101
102.0  0.5626265815847984
102.11999999999999  0.5349497217984032
102.24  0.5063798647226905
102.36  0.47697696409273577
102.47999999999999  0.44680244422053633
102.6  0.4159190593244285
102.72  0.38439075036137166
102.83999999999999  0.3522824997133896
102.96  0.31966018408384217
103.08  0.2865904259625194
103.2  0.25314044402083424
103.32  0.21937790280015956
103.44  0.1853707620566322
103.56  0.15118712612565827
103.67999999999999  0.11689509366786258
103.8  0.08256260815611732
103.92  0.04825730946020351
104.03999999999999  0.014046386881562872
104.16  0.0
104.28  0.0
104.39999999999999  0.0
104.52  0.0
104.64  0.0
104.75999999999999  0.0
104.88  0.0
105.0  0.0
105.11999999999999  0.0
105.24  0.0
105.36  0.0
105.47999999999999  0.0
105.6  0.0
105.72  0.0
105.83999999999999  0.0
105.96  0.0
106.08  0.0
106.2  0.0
106.32  0.0
106.44  0.0
106.56  0.0
106.67999999999999  0.0
106.8  0.0
106.92  0.0
107.03999999999999  0.0
107.16  0.0
107.28  0.0
107.39999999999999  0.0
107.52  0.0
107.64  0.0
107.75999999999999  0.0
107.88  0.0
108.0  0.0
108.11999999999999  0.0
108.24  0.0
108.36  0.0
108.47999999999999  0.0
108.6  0.0
108.72  0.0
108.83999999999999  0.0
108.96  0.0
109.08  0.0
109.2  0.0
109.32  0.0
109.44  0.0
109.56  0.0
109.67999999999999  0.0
109.8  0.0
109.92  0.0
110.03999999999999  0.0
110.16  0.0
110.28  0.0
110.39999999999999  0.0
110.52  0.0
110.64  0.0
110.75999999999999  0.0
110.88  0.0
111.0  0.0
111.11999999999999  0.0
111.24  0.0
111.36  0.0
111.47999999999999  0.0
111.6  0.0
111.72  0.0
111.83999999999999  0.0
111.96  0.0
112.08  0.0
112.2  0.0
112.32  0.0
112.44  0.0
112.56  0.0
112.67999999999999  0.0
112.8  0.0
112.92  0.0
113.03999999999999  0.0
113.16  0.0
113.28  0.013569029814500644
113.39999999999999  0.035420167722150314
113.52  0.056864299647249816
113.64  0.07786903535976056
113.75999999999999  0.09840361441817341
113.88  0.1184389511004017
114.0  0.13794767415248596
114.11999999999999  0.15690416130498094
114.24  0.17528456852198013
114.36  0.1930668539630478
114.47999999999999  0.21023079665348773
114.6  0.22675800987335676
114.72  0.24263194929071855
114.83999999999999  0.25783791587943006
114.96  0.27236305367623415
115.08  0.28619634244643655
115.19999999999999  0.2993285853414728
115.32  0.3117523916453413
115.44  0.32346215472037976
115.56  0.33445402527584345
115.67999999999999  0.3447258800951615
115.8  0.35427728637009726
115.92  0.36310946180131765
116.03999999999999  0.37122523063623813
116.16  0.3786289758253347
116.28  0.3853265874879778
116.39999999999999  0.39132540788836023
116.52  0.39663417313054206
116.64  0.4012629517896573
116.75999999999999  0.40522308070379315
116.88  0.40852709815745386
117.0  0.4111886746935572
117.11999999999999  0.4132225417960436
117.24  0.41464441868953306
117.36  0.41547093750622804
117.47999999999999  0.4157195670730912
117.6  0.4154085355744753
117.72  0.4145567523467594
117.83999999999999  0.4131837290621444
117.96  0.4113095005585241
118.08  0.40895454557148847
118.19999999999999  0.4061397076227273
118.32  0.4028861163166726
118.44  0.39921510929400417
118.56  0.39514815508669915
118.67999999999999  0.39070677711461954
118.8  0.38591247905831605
118.92  0.38078667183661874
119.03999999999999  0.3753506024109117
119.16  0.3696252846305984
119.28  0.3636314323263212
119.39999999999999  0.3573893948488831
119.52  0.3509190952427218
119.64  0.34423997123308725
119.75999999999999  0.337370919195898
119.88  0.3303302412685763
120.0  0.3231355957490947
