0.0  0.269887609277669  100.0
0.12  0.2812085992707014
0.24  0.29243176246099617
0.36  0.30353875258419827
0.48  0.3145105272752218
0.6  0.32532738358620794
0.72  0.3359689968513633
0.84  0.346414462814131
0.96  0.3566423429208722
1.08  0.3666307126741608
1.2  0.37635721292802904
1.3199999999999998  0.38579910399699696
1.44  0.3949333224405846
1.56  0.40373654037521034
1.68  0.41218522715599637
1.7999999999999998  0.4202557132620391
1.92  0.4279242562101926
2.04  0.435167108314391
2.16  0.44196058610001115
2.28  0.4482811411757931
2.4  0.45410543235940126
2.52  0.4594103988468501
2.6399999999999997  0.46417333421075596
2.76  0.46837196100773126
2.88  0.4719845057712096
3.0  0.47498977416262433
3.12  0.4773672260511394
3.2399999999999998  0.47909705029008176
3.36  0.4801602389568533
3.48  0.48053866082240726
3.5999999999999996  0.48021513381637837
3.7199999999999998  0.47917349625464123
3.84  0.4773986765974623
3.96  0.47487676150848424
4.08  0.4715950619875492
4.2  0.4675421773538208
4.32  0.46270805685979094
4.4399999999999995  0.45708405872156
4.56  0.4506630063562345
4.68  0.443439241623389
4.8  0.4354086748742767
4.92  0.4265688316198195
5.04  0.4169188956363571
5.16  0.4064597483366599
5.279999999999999  0.3951940042427853
5.3999999999999995  0.38312604240697357
5.52  0.37026203363689436
5.64  0.3566099633921552
5.76  0.3421796502300365
5.88  0.32698275968989354
6.0  0.3110328135175353
6.12  0.29434519414311955
6.24  0.2769371443386661
6.359999999999999  0.25882776199414365
6.4799999999999995  0.24003798996419684
6.6  0.2205906009509257
6.72  0.20051017740164664
6.84  0.17982308641425057
6.96  0.1585574496565578
7.08  0.13674310831993353
7.199999999999999  0.11441158314133468
7.319999999999999  0.09159602954185156
7.4399999999999995  0.06833118794366785
7.56  0.04465332934114305
7.68  0.020600196215372346
7.8  0.0
7.92  0.0
8.04  0.0
8.16  0.0
8.28  0.0
8.4  0.0
8.52  0.0
8.64  0.0
8.76  0.0
8.879999999999999  0.0
9.0  0.0
9.12  0.0
9.24  0.0
9.36  0.0
9.48  0.0
9.6  0.0
9.719999999999999  0.0
9.84  0.0
9.959999999999999  0.0
10.08  0.0
10.2  0.0
10.32  0.0
10.44  0.0
10.559999999999999  0.0
10.68  0.0
10.799999999999999  0.0
10.92  0.0
11.04  0.0
11.16  0.0
11.28  0.0
11.4  0.0
11.52  0.0
11.639999999999999  0.0
11.76  0.0
11.879999999999999  0.0
12.0  0.0
12.12  0.0
12.24  0.0
12.36  0.0
12.48  0.0
12.6  0.0
12.719999999999999  0.0
12.84  0.0
12.959999999999999  0.0
13.08  0.0
13.2  0.0
13.32  0.0
13.44  0.0
13.559999999999999  0.0
13.68  0.0
13.799999999999999  0.0
13.92  0.0
14.04  0.0
14.16  0.0
14.28  0.0
14.399999999999999  0.0
14.52  0.0
14.639999999999999  0.0
14.76  0.0
14.879999999999999  0.0
15.0  0.0
15.12  0.0
15.24  0.0
15.36  0.0
15.479999999999999  0.0
15.6  0.0
15.719999999999999  0.0
15.84  0.0
15.959999999999999  0.0
16.08  0.0
16.2  0.0
16.32  0.0
16.439999999999998  0.0
16.56  0.0
16.68  0.0
16.8  0.0
16.919999999999998  0.011895675329123737
17.04  0.045866575548766136
17.16  0.0798789877799764
17.28  0.11386719051026875
17.4  0.14776524022198684
17.52  0.18150711257236643
17.64  0.21502684428215313
17.759999999999998  0.2482586754001393
17.88  0.2811371916091309
18.0  0.31359746623784485
18.12  0.34557520164310357
18.24  0.3770068696273576
18.36  0.40782985055810805
18.48  0.4379825708581549
18.599999999999998  0.46740463853884145
18.72  0.4960369764524608
18.84  0.523821952944873
18.96  0.5507035095950501
19.08  0.5766272857347188
19.2  0.6015407394485248
19.32  0.6253932647631417
19.439999999999998  0.6481363047425062
19.56  0.6697234602158318
19.68  0.6901105938752092
19.8  0.7092559294904708
19.919999999999998  0.7271201460004604
20.04  0.7436664662519736
20.16  0.7588607401703046
20.279999999999998  0.7726715221586111
20.4  0.7850701425370488
20.52  0.7960307728468954
20.64  0.8055304848595839
20.759999999999998  0.8135493031456804
20.88  0.8200702510743354
21.0  0.8250793901295513
21.119999999999997  0.8285658524457482
21.24  0.8305218664814618
21.36  0.8309427757666034
21.48  0.8298270506754656
21.599999999999998  0.8271762931945288
21.72  0.8229952346710954
21.84  0.8172917265457771
21.96  0.8100767240888582
22.08  0.8013642631775142
22.2  0.791171430167721
22.32  0.7795183249314256
22.439999999999998  0.7664280171460891
22.56  0.7519264959400538
22.68  0.7360426130132635
22.8  0.7188080193686142
22.919999999999998  0.7002570958046704
23.04  0.6804268773355051
23.16  0.6593569717180655
23.279999999999998  0.6370894722816273
23.4  0.6136688652675787
23.52  0.5891419319009416
23.64  0.5635576454275926
23.759999999999998  0.5369670633631822
23.88  0.5094232152110906
24.0  0.48098098591750127
24.119999999999997  0.45169699534169894
24.24  0.4216294740290417
24.36  0.39083813558267805
24.48  0.35938404593791207
24.599999999999998  0.3273294898502416
24.72  0.29473783491437844
24.84  0.2616733934370806
24.96  0.22820128249129845
25.08  0.19438728248301865
25.2  0.16029769456519571
25.32  0.1259991972353925
25.439999999999998  0.09155870245502315
25.56  0.057043211628652626
25.68  0.02251967178142164
25.8  0.0
25.919999999999998  0.0
26.04  0.0
26.16  0.0
26.279999999999998  0.0
26.4  0.0
26.52  0.0
26.64  0.0
26.759999999999998  0.0
26.88  0.0
27.0  0.0
27.119999999999997  0.0
27.24  0.0
27.36  0.0
27.48  0.0
27.599999999999998  0.0
27.72  0.0
27.84  0.0
27.959999999999997  0.0
28.08  0.0
28.2  0.0
28.32  0.0
28.439999999999998  0.0
28.56  0.0
28.68  0.0
28.799999999999997  0.0
28.919999999999998  0.0
29.04  0.0
29.16  0.0
29.279999999999998  0.0
29.4  0.0
29.52  0.0
29.64  0.0
29.759999999999998  0.0
29.88  0.0
30.0  0.0
30.119999999999997  0.0
30.24  0.0
30.36  0.0
30.48  0.0
30.599999999999998  0.0
30.72  0.0
30.84  0.0
30.959999999999997  0.0
31.08  0.0
31.2  0.0
31.32  0.0
31.439999999999998  0.0
31.56  0.0
31.68  0.0
31.799999999999997  0.0
31.919999999999998  0.0
32.04  0.0
32.16  0.0
32.28  0.0
32.4  0.0
32.519999999999996  0.0
32.64  0.0
32.76  0.0
32.879999999999995  0.0
33.0  0.0
33.12  0.0
33.24  0.0
33.36  0.0
33.48  0.0
33.6  0.0
33.72  0.0
33.839999999999996  0.0
33.96  0.0
34.08  0.0
34.199999999999996  0.0
34.32  0.0
34.44  0.0
34.56  0.0
34.68  0.0
34.8  0.0001905859428843748
34.92  0.02611430154683342
35.04  0.051704465131840294
35.16  0.07691792044363041
35.28  0.10171289650018525
35.4  0.1260490820524921
35.519999999999996  0.1498876955636155
35.64  0.173191550573487
35.76  0.19592511633017107
35.879999999999995  0.2180545735819246
36.0  0.2395478654381173
36.12  0.2603747432210056
36.24  0.28050680724447574
36.36  0.2999175424698699
36.48  0.31858234900336996
36.6  0.3364785674134268
36.72  0.35358549886101454
36.839999999999996  0.36988442004950417
36.96  0.38535859301493136
37.08  0.3999932697912726
37.199999999999996  0.4137756919989841
37.32  0.42669508541844636
37.44  0.4387426496231382
37.559999999999995  0.44991154276022655
37.68  0.46019686157876055
37.8  0.4695956168178559
37.92  0.47810670407902855
38.04  0.4857308703181539
38.16  0.4924706761034695
38.28  0.4983304537963995
38.4  0.5033162618219089
38.519999999999996  0.507435835204454
38.64  0.5106985325543799
38.76  0.5131152796978545
38.879999999999995  0.5146985101510464
39.0  0.5154621026462376
39.12  0.5154213159239229
39.24  0.514592721010691
39.36  0.5129941312076499
39.48  0.5106445300186037
39.6  0.5075639972508101
39.72  0.5037736335241592
39.839999999999996  0.4992954834268798
39.96  0.49415245755750226
40.08  0.4883682536936337
40.199999999999996  0.4819672773283307
40.32  0.47497456181430586
40.44  0.46741568835499825
40.559999999999995  0.4593167060796396
40.68  0.45070405243685796
40.8  0.44160447413811765
40.92  0.4320449488783852
41.04  0.42205260805686534
41.16  0.4116546607154655
41.28  0.4008783189068942
41.4  0.3897507246978945
41.519999999999996  0.37829887900619275
41.64  0.3665495724622764
41.76  0.35452931847908487
41.879999999999995  0.3422642887042113
42.0  0.3297802510202687
42.12  0.3171025102496473
42.239999999999995  0.3042558517100711
42.36  0.2912644877572149
42.48  0.278152007440048
42.6  0.2649413293837455
42.72  0.2516546580038842
42.839999999999996  0.23831344314421454
42.96  0.22493834321875125
43.08  0.21154919192711694
43.199999999999996  0.19816496860016183
43.32  0.18480377222087657
43.44  0.1714827991535012
43.559999999999995  0.1582183246016113
43.68  0.1450256878038482
43.8  0.13191928096386094
43.92  0.11891254189901931
44.04  0.10601795038056397
44.16  0.0932470281260886
44.28  0.08061034239369635
44.4  0.06811751311578582
44.519999999999996  0.055777223499330286
44.64  0.043597234008677266
44.76  0.03158439963636625
44.879999999999995  0.019744690357300587
45.0  0.008083214651798148
45.12  0.0
45.239999999999995  0.0
45.36  0.0
45.48  0.0
45.6  0.0
45.72  0.0
45.839999999999996  0.0
45.96  0.0
46.08  0.0
46.199999999999996  0.0
46.32  0.0
46.44  0.0
46.559999999999995  0.0
46.68  0.0
46.8  0.0
46.92  0.0
47.04  0.0
47.16  0.0
47.28  0.0
47.4  0.0
47.519999999999996  0.0
47.64  0.0
47.76  0.0
47.879999999999995  0.0
48.0  0.0
48.12  0.0
48.239999999999995  0.0
48.36  0.0
48.48  0.0
48.6  0.0
48.72  0.0
48.839999999999996  0.0
48.96  0.0
49.08  0.0
49.199999999999996  0.0
49.32  0.0
49.44  0.0
49.559999999999995  0.0
49.68  0.0
49.8  0.0
49.92  0.0
50.04  0.0
50.16  0.0
50.28  0.0
50.4  0.0
50.519999999999996  0.0
50.64  0.0
50.76  0.0
50.879999999999995  0.0
51.0  0.0
51.12  0.0
51.239999999999995  0.0
51.36  0.0
51.48  0.0
51.6  0.0
51.72  0.0
51.839999999999996  0.0
51.96  0.0
52.08  0.0
52.199999999999996  0.0
52.32  0.0
52.44  0.0
52.559999999999995  0.0
52.68  0.0
52.8  0.0
52.919999999999995  0.0
53.04  0.0
53.16  0.0
53.28  0.0
53.4  0.0
53.519999999999996  0.0
53.64  0.0
53.76  0.0
53.879999999999995  0.0
54.0  0.0
54.12  0.0
54.239999999999995  0.0
54.36  0.0
54.48  0.0
54.6  0.0
54.72  0.0
54.839999999999996  0.0
54.96  0.0
55.08  0.0
55.199999999999996  0.0
55.32  0.0
55.44  0.0
55.559999999999995  0.0
55.68  0.0
55.8  0.0
55.919999999999995  0.0
56.04  0.0
56.16  0.0
56.28  0.0
56.4  0.0
56.519999999999996  0.0
56.64  0.0
56.76  0.0
56.879999999999995  0.0
57.0  0.0
57.12  0.016031282578801154
57.239999999999995  0.035590626158510774
57.36  0.05541403754334989
57.48  0.07547211007449972
57.599999999999994  0.09573421818255945
57.72  0.11616856559336766
57.839999999999996  0.13674223766271704
57.96  0.1574212577475529
58.08  0.17817064750859113
58.199999999999996  0.1989544910270922
58.32  0.21973600260629692
58.44  0.24047759811635067
58.559999999999995  0.2611409697300203
58.68  0.2816871638853964
58.8  0.30207666230103647
58.919999999999995  0.3222694658587384
59.04  0.34222518115924827
59.16  0.3619031095468424
59.28  0.3812623383899008
59.4  0.40026183439623286
59.519999999999996  0.41886053873421547
59.64  0.4370174637235834
59.76  0.4546917908532414
59.879999999999995  0.4718429698775138
60.0  0.48843081873697825
60.12  0.5044156240455022
60.239999999999995  0.5197582418811707
60.36  0.5344201986155857
60.48  0.5483637915135916
60.599999999999994  0.5615521888337005
60.72  0.5739495291584524
60.839999999999996  0.5855210196837162
60.96  0.5962330331963805
61.08  0.6060532034710651
61.199999999999996  0.6149505188185185
61.32  0.6228954135209858
61.44  0.6298598568933411
61.559999999999995  0.6358174397129353
61.68  0.6407434577659995
61.8  0.6446149922641023
61.919999999999995  0.6474109868904661
62.04  0.6491123212429635
62.16  0.6497018804483181
62.28  0.6491646207303879
62.4  0.6474876307243709
62.519999999999996  0.6446601883384097
62.64  0.6406738129742277
62.76  0.6355223129292209
62.879999999999995  0.6292018278137121
63.0  0.6217108658288779
63.12  0.6130503357631815
63.239999999999995  0.6032235735778547
63.36  0.5922363634651499
63.48  0.5800969532766392
63.599999999999994  0.5668160642327137
63.72  0.5524068948386475
63.839999999999996  0.5368851189471111
63.96  0.5202688779216753
64.08  0.5025787668708701
64.2  0.48383781493731315
64.32  0.4640714596418017
64.44  0.4433075152973701
64.56  0.42157613552380035
64.67999999999999  0.39890976990828075
64.8  0.3753431148732625
64.92  0.35091305882777224
65.03999999999999  0.3256586216934557
65.16  0.29962088891160843
65.28  0.2728429400521595
65.39999999999999  0.24536977215998151
65.52  0.21724821798815017
65.64  0.18852685928163923
65.75999999999999  0.15925593528837034
65.88  0.12948724668771722
66.0  0.09927405513923265
66.12  0.06867097866649327
66.24  0.03773388310276746
66.36  0.006519769836281358
66.48  0.0
66.6  0.0
66.72  0.0
66.84  0.0
66.96  0.0
67.08  0.0
67.2  0.0
67.32  0.0
67.44  0.0
67.56  0.0
67.67999999999999  0.0
67.8  0.0
67.92  0.0
68.03999999999999  0.0
68.16  0.0
68.28  0.0
68.39999999999999  0.0
68.52  0.0
68.64  0.0
68.75999999999999  0.0
68.88  0.0
69.0  0.0
69.12  0.0
69.24  0.0
69.36  0.0
69.48  0.0
69.6  0.0
69.72  0.0
69.84  0.0
69.96  0.0
70.08  0.0
70.2  0.0
70.32  0.0
70.44  0.0
70.56  0.0
70.67999999999999  0.0
70.8  0.0
70.92  0.0
71.03999999999999  0.0
71.16  0.0
71.28  0.0
71.39999999999999  0.0
71.52  0.0
71.64  0.0
71.75999999999999  0.0
71.88  0.0
72.0  0.0
72.11999999999999  0.0
72.24  0.0
72.36  0.0
72.48  0.0
72.6  0.0
72.72  0.0
72.84  0.0
72.96  0.0
73.08  0.0
73.2  0.0
73.32  0.0
73.44  0.0
73.56  0.0
73.67999999999999  0.0
73.8  0.0
73.92  0.0
74.03999999999999  0.0
74.16  0.0
74.28  0.0
74.39999999999999  0.0
74.52  0.0
74.64  0.0
74.75999999999999  0.0
74.88  0.0
75.0  0.0
75.11999999999999  0.0
75.24  0.0
75.36  0.019270899413403826
75.48  0.05453390952696022
75.6  0.08967499342813168
75.72  0.12462611032601574
75.84  0.15931965959825625
75.96  0.19368862507674678
76.08  0.22766671790463133
76.2  0.2611885176318829
76.32  0.2941896112212887
76.44  0.3266067296419244
76.56  0.3583778817333151
76.67999999999999  0.3894424850304973
76.8  0.41974149324774623
76.92  0.4492175201272197
77.03999999999999  0.47781495936795304
77.16  0.5054801003604427
77.28  0.5321612394625739
77.39999999999999  0.5578087865639243
77.52  0.5823753666971638
77.64  0.605815916467707
77.75999999999999  0.6280877750857474
77.88  0.6491507697982345
78.0  0.6689672955322644
78.11999999999999  0.6875023885759002
78.24  0.7047237941371105
78.36  0.7206020276367591
78.48  0.7351104296071658
78.6  0.7482252140835035
78.72  0.7599255103914192
78.84  0.7701933982505249
78.96  0.7790139361299293
79.08  0.7863751828085164
79.2  0.7922682121093423
79.32  0.7966871207943101
79.44  0.7996290296219226
79.56  0.80109407758763
79.67999999999999  0.8010854093828584
79.8  0.799609156125266
79.92  0.7966744094290571
80.03999999999999  0.7922931889002518
80.16  0.7864804031576347
80.28  0.7792538044956229
80.39999999999999  0.7706339373204777
80.52  0.7606440805061055
80.64  0.749310183830117
80.75999999999999  0.7366607986647262
80.88  0.7227270031106094
81.0  0.7075423217747696
81.11999999999999  0.6911426404058714
81.24  0.673566115612358
81.36  0.6548530798999189
81.48  0.6350459422753976
81.6  0.614189084674269
81.72  0.5923287544779554
81.84  0.569512953395907
81.96  0.5457913229950823
82.08  0.5212150271666008
82.2  0.4958366318256522
82.32  0.4697099821462313
82.44  0.44289007763702853
82.56  0.4154329453688147
82.67999999999999  0.38739551166667796
82.8  0.3588354725828937
82.92  0.329811163467704
83.03999999999999  0.3003814279559323
83.16  0.27060548668725315
83.28  0.24054280607706727
83.39999999999999  0.21025296745306063
83.52  0.17979553687006783
83.64  0.14922993591255657
83.75999999999999  0.11861531378977674
83.88  0.0880104210238773
84.0  0.0574734850256427
84.11999999999999  0.02706208784600958
84.24  0.0
84.36  0.0
84.47999999999999  0.0
84.6  0.0
84.72  0.0
84.84  0.0
84.96  0.0
85.08  0.0
85.2  0.0
85.32  0.0
85.44  0.0
85.56  0.0
85.67999999999999  0.0
85.8  0.0
85.92  0.0
86.03999999999999  0.0
86.16  0.0
86.28  0.0
86.39999999999999  0.0
86.52  0.0
86.64  0.0
86.75999999999999  0.0
86.88  0.0
87.0  0.0
87.11999999999999  0.0
87.24  0.0
87.36  0.0
87.47999999999999  0.0
87.6  0.0
87.72  0.0
87.84  0.0
87.96  0.0
88.08  0.0
88.2  0.0
88.32  0.0
88.44  0.0
88.56  0.0
88.67999999999999  0.0
88.8  0.0
88.92  0.0
89.03999999999999  0.0
89.16  0.0
89.28  0.0
89.39999999999999  0.0
89.52  0.0
89.64  0.0
89.75999999999999  0.0
89.88  0.0
90.0  0.0
90.11999999999999  0.0
90.24  0.0
90.36  0.0
90.47999999999999  0.0
90.6  0.0
90.72  0.0
90.84  0.0
90.96  0.0
91.08  0.0
91.2  0.0
91.32  0.0
91.44  0.0
91.56  0.0
91.67999999999999  0.0
91.8  0.0
91.92  0.0
92.03999999999999  0.0
92.16  0.0
92.28  0.0
92.39999999999999  0.0
92.52  0.0
92.64  0.0
92.75999999999999  0.0
92.88  0.0
93.0  0.0
93.11999999999999  0.0
93.24  0.0
93.36  0.0
93.47999999999999  0.0
93.6  0.0
93.72  0.0
93.84  0.012265187796889565
93.96  0.028888614812750846
94.08  0.04517573411792289
94.2  0.061109188263014674
94.32  0.07667293400954428
94.44  0.09185224553791424
94.56  0.10663371357823553
94.67999999999999  0.12100524052752282
94.8  0.13495603162842137
94.92  0.14847658229594718
95.03999999999999  0.16155866168979763
95.16  0.17419529264040604
95.28  0.18638072804717634
95.39999999999999  0.19811042387723166
95.52  0.20938100890235162
95.64  0.22019025132069667
95.75999999999999  0.23053702241844143
95.88  0.24042125743421422
96.0  0.2498439137966652
96.11999999999999  0.2588069269123336
96.24  0.2673131636871343
96.36  0.27536637397040176
96.47999999999999  0.28297114011553537
96.6  0.2901328248555796
96.72  0.296857517695867
96.84  0.30315198002898763
96.96  0.3090235891797425
97.08  0.31448028158960306
97.2  0.319530495351307
97.32  0.3241831123047003
97.44  0.3284473999047869
97.56  0.33233295307205646
97.67999999999999  0.33584963623372077
97.8  0.33900752576231913
97.92  0.3418168530153899
98.03999999999999  0.34428794817648195
98.16  0.34643118509379045
98.28  0.3482569273080265
98.39999999999999  0.3497754754559603
98.52  0.3509970162302689
98.64  0.3519315730699954
98.75999999999999  0.3525889587490457
98.88  0.3529787300228049
99.0  0.35311014448505035
99.11999999999999  0.35299211977906086
99.24  0.3526331952980397
99.36  0.3520414965008244
99.47999999999999  0.35122470195929834
99.6  0.3501900132440624
99.72  0.3489441277446851
99.84  0.3474932145103862
99.96  0.34584289318625744
100.08  0.3439982161091564
100.2  0.3419636536162689
100.32  0.3397430826080282
100.44  0.3373397783956647
100.56  0.3347564098521639
100.67999999999999  0.3319950378738512
100.8  0.329057117148289
100.92  0.32594350121262006
101.03999999999999  0.3226544507750146
101.16  0.31918964526053495
101.28  0.3155481975314474
101.39999999999999  0.3117286717209369
101.52  0.3077291041083278
101.64  0.3035470269532251
101.75999999999999  0.2991794951955988
101.88  0.2946231159188101
102.0  0.2898740804627328
102.11999999999999  0.2849281990647573
102.24  0.27978093789748515
102.36  0.2744274583632404
102.47999999999999  0.2688626584974222
102.6  0.2630812163250402
102.72  0.2570776350075189
102.83999999999999  0.25084628961019173
102.96  0.24438147531481214
103.08  0.23767745689569653
103.2  0.2307285192731679
103.32  0.22352901895355343
103.44  0.2160734361610305
103.56  0.2083564274635347
103.67999999999999  0.20037287869229378
103.8  0.19211795795251232
103.92  0.18358716852157192
104.03999999999999  0.17477640143033596
104.16  0.165681987523076
104.28  0.1563007487923933
104.39999999999999  0.14663004878647518
104.52  0.136667841888219
104.64  0.12641272126827724
104.75999999999999  0.1158639653171472
104.88  0.1050215823654396
105.0  0.09388635350594446
105.11999999999999  0.08245987333593921
105.24  0.07074458844420137
105.36  0.058743833473155815
105.47999999999999  0.04646186459349816
105.6  0.0339038902360404
105.72  0.021076098933299453
105.83999999999999  0.007985684131728371
105.96  0.0
106.08  0.0
106.2  0.0
106.32  0.0
106.44  0.0
106.56  0.0
106.67999999999999  0.0
106.8  0.0
106.92  0.0
107.03999999999999  0.0
107.16  0.0
107.28  0.0
107.39999999999999  0.0
107.52  0.0
107.64  0.0
107.75999999999999  0.0
107.88  0.0
108.0  0.0
108.11999999999999  0.0
108.24  0.0
108.36  0.0
108.47999999999999  0.0
108.6  0.0
108.72  0.0
108.83999999999999  0.0
108.96  0.0
109.08  0.0
109.2  0.0
109.32  0.0
109.44  0.0
109.56  0.0
109.67999999999999  0.0
109.8  0.0
109.92  0.0
110.03999999999999  0.0
110.16  0.0
110.28  0.0
110.39999999999999  0.0
110.52  0.0
110.64  0.0
110.75999999999999  0.0
110.88  0.0
111.0  0.0
111.11999999999999  0.0
111.24  0.0
111.36  0.0
111.47999999999999  0.0
111.6  0.0
111.72  0.0
111.83999999999999  0.0
111.96  0.0
112.08  0.0
112.2  0.0
112.32  0.0
112.44  0.0
112.56  0.0
112.67999999999999  0.0
112.8  0.0
112.92  0.0
113.03999999999999  0.0
113.16  0.0
113.28  0.0
113.39999999999999  0.0
113.52  0.0
113.64  0.0
113.75999999999999  0.0
113.88  0.0
114.0  0.0
114.11999999999999  0.0
114.24  0.0
114.36  0.0
114.47999999999999  0.0
114.6  0.0
114.72  0.0
114.83999999999999  0.0
114.96  0.0
115.08  0.0
115.19999999999999  0.0
115.32  0.0
115.44  0.0
115.56  0.0
115.67999999999999  0.0
115.8  0.0
115.92  0.018106204560680877
116.03999999999999  0.04609782591239947
116.16  0.07427680142739645
116.28  0.1025915521195058
116.39999999999999  0.13098962223264315
116.52  0.15941778635105364
116.64  0.18782215943043198
116.75999999999999  0.21614830950036718
116.88  0.24434137277957638
117.0  0.27234617093764
117.11999999999999  0.30010733022957053
117.24  0.3275694022228018
117.36  0.35467698583031404
117.47999999999999  0.38137485035842733
117.6  0.4076080592731562
117.72  0.43332209438541897
117.83999999999999  0.45846298015240616
117.96  0.48297740779014303
118.08  0.5068128588909367
118.19999999999999  0.5299177282388335
118.32  0.5522414455162621
118.44  0.573734595596146
118.56  0.5943490371155291
118.67999999999999  0.6140380190292707
118.8  0.6327562948458644
118.92  0.6504602342514793
119.03999999999999  0.6671079318333605
119.16  0.6826593126194294
119.28  0.6970762341573318
119.39999999999999  0.7103225848634971
119.52  0.7223643783806583
119.64  0.7331698436909312
119.75999999999999  0.7427095107409252
119.88  0.7509562913453554
120.0  0.7578855551462336
