0.0  19.39366802463497
1.68  23.16007833396585
3.36  37.97269333717177
5.04  47.747852751762
6.72  41.87160737312732
8.4  26.72443319325569
10.08  18.753257624764206
11.76  26.613249243083935
13.44  8.436630595128339
15.12  14.432781774903336
16.8  4.75769874325595
18.48  0.0
20.16  0.0
21.84  0.0
23.52  11.51367362088469
25.2  13.218930532897344
26.88  0.5709629843437907
28.56  0.0
30.24  0.0
31.919999999999998  1.563551047752584
33.6  13.607804685661522
35.28  10.876591081135759
36.96  0.0
38.64  0.0
40.32  0.0
42.0  5.686848795665284
43.68  14.540249704036183
45.36  7.605726831785697
47.04  0.0
48.72  0.0
50.4  0.0
52.08  9.324665376958587
53.76  14.231406683482728
55.44  3.685568523817766
57.12  0.0
58.8  0.0
60.48  0.0
62.16  12.166443662141107
63.839999999999996  12.707641274875318
65.52  0.0
67.2  0.0
68.88  0.0
70.56  2.671841445305913
72.24  13.969583595059593
73.92  10.099035960587742
75.6  0.0
77.28  0.0
78.96  0.0
80.64  6.700769623202385
82.32  14.580152741484575
84.0  6.628285029976736
85.67999999999999  0.0
87.36  0.0
89.03999999999999  0.0
90.72  10.157659125409097
92.39999999999999  13.946027362565474
94.08  2.5916833682031686
95.75999999999999  0.0
97.44  0.0
99.11999999999999  0.0
100.8  12.747398404440593
102.47999999999999  12.121342171533165
104.16  0.0
105.83999999999999  0.0
107.52  0.0
109.2  3.7643606695000136
110.88  14.248903747400721
112.56  9.26186890192314
114.24  0.0
115.92  0.0
117.6  0.0
119.28  7.675137579983166
120.96  14.533992993698005
122.64  5.611718214793489
124.32  0.0
126.0  0.0
127.67999999999999  0.0
129.35999999999999  10.930694898706594
131.04  13.578328330801126
132.72  1.4825001911569045
134.4  0.0
136.07999999999998  0.0
137.76  0.6523879425703907
139.44  13.253108625599735
141.12  11.463493991403848
142.79999999999998  0.0
144.48  0.0
146.16  0.0
147.84  4.834659868322026
149.51999999999998  14.44411638970475
151.2  8.370031480861618
152.88  0.0
154.56  0.0
156.23999999999998  0.0
157.92  8.604201229675539
159.6  14.402042929458554
161.28  4.562026911267525
162.96  0.0
164.64  0.0
166.32  0.0
168.0  11.63920967114682
