0.0  27.278510822271773
1.68  25.737427284483427
3.36  36.176223554159485
5.04  42.13135679110624
6.72  34.21069128995115
8.4  24.90630108224898
10.08  28.89260099793273
11.76  39.88259991846065
13.44  7.210092657506658
15.12  0.0
16.8  0.0
18.48  0.0
20.16  8.616605980782161
21.84  3.8177447886398763
23.52  0.0
25.2  0.0
26.88  4.135912217917534
28.56  8.527530522469586
30.24  0.0
31.919999999999998  0.0
33.6  0.0
35.28  7.4109690575148885
36.96  6.304332472578935
38.64  0.0
40.32  0.0
42.0  1.2309394883117446
43.68  8.831336963492529
45.36  2.5033953200138774
47.04  0.0
48.72  0.0
50.4  5.324421641022148
52.08  8.04155086556873
53.76  0.0
55.44  0.0
57.12  0.0
58.8  8.085399796091966
60.48  5.239264744535724
62.16  0.0
63.839999999999996  0.0
65.52  2.6049827824612075
67.2  8.822904177445734
68.88  1.1257862184905285
70.56  0.0
72.24  0.0
73.92  6.378385410985587
75.6  7.352364966483802
77.28  0.0
78.96  0.0
80.64  0.0
82.32  8.555516250448777
84.0  4.041803238433737
85.67999999999999  0.0
87.36  0.0
89.03999999999999  3.9131993758874715
90.72  8.59152071521465
92.39999999999999  0.0
94.08  0.0
95.75999999999999  0.0
97.44  7.271170354596328
99.11999999999999  6.477388231653279
100.8  0.0
102.47999999999999  0.0
104.16  0.982867910340322
105.83999999999999  8.809438796906232
107.52  2.7422072483920665
109.2  0.0
110.88  0.0
112.56  5.122531245038086
114.24  8.143033529041377
115.92  0.0
117.6  0.0
119.28  0.0
120.96  7.980216212458755
122.64  5.438730915337102
124.32  0.0
126.0  0.0
127.67999999999999  2.364998549417112
129.35999999999999  8.840750931069378
131.04  1.3733169593338221
132.72  0.0
134.4  0.0
136.07999999999998  6.202419137252202
137.76  7.488775681079413
139.44  0.0
141.12  0.0
142.79999999999998  0.0
144.48  8.487605726232903
146.16  4.26263940379779
147.84  0.0
149.51999999999998  0.0
151.2  3.6873667774824215
152.88  8.64866140990256
154.56  0.0
156.23999999999998  0.0
157.92  0.0
159.6  7.125574788832646
161.28  6.645279962195305
162.96  0.0
164.64  0.0
166.32  0.7340127514330606
168.0  8.780517399401447
