0.0  30.936310198239447
1.68  30.390840549629765
3.36  29.872738420632903
5.04  29.386822572489432
6.72  28.93761240846787
8.4  28.529285939825275
10.08  28.165640926984683
11.76  27.850059557347244
13.44  0.0
15.12  0.0
16.8  0.0
18.48  0.0
20.16  0.0
21.84  0.0
23.52  0.0
25.2  0.0
26.88  0.0
28.56  0.0
30.24  0.0
31.919999999999998  0.0
33.6  0.0
35.28  0.0
36.96  0.0
38.64  0.0
40.32  0.0
42.0  0.0
43.68  0.0
45.36  0.0
47.04  0.0
48.72  0.3095083920094497
50.4  0.9099401485967242
52.08  1.5019087391904797
53.76  2.0799083857976566
55.44  2.638563232697442
57.12  3.172677346168604
58.8  3.677283040799347
60.48  4.147687082906647
62.16  4.5795143413365285
63.839999999999996  4.968748479658234
65.52  5.311769311282522
67.2  5.605386470071853
68.88  5.846869083279033
70.56  6.03397117083244
72.24  6.164952534734275
73.92  6.238594944283911
75.6  6.254213466590823
77.28  6.211662836994405
78.96  6.1113388101406745
80.64  5.954174479149777
82.32  5.741631597108978
84.0  5.475686981608119
85.67999999999999  5.158814128766195
87.36  4.793960207753146
89.03999999999999  4.384518649776164
90.72  3.9342975864746137
92.39999999999999  3.447484431271655
94.08  2.92860693310403
95.75999999999999  2.382491064761342
97.44  1.8142161375066461
99.11999999999999  1.2290675594480878
100.8  0.6324876770461567
102.47999999999999  0.030025156969707645
104.16  0.0
105.83999999999999  0.0
107.52  0.0
109.2  0.0
110.88  0.0
112.56  0.0
114.24  0.0
115.92  0.0
117.6  0.0
119.28  0.0
120.96  0.0
122.64  0.0
124.32  0.0
126.0  0.0
127.67999999999999  0.0
129.35999999999999  0.0
131.04  0.0
132.72  0.0
134.4  0.0
136.07999999999998  0.0
137.76  0.0
139.44  0.0
141.12  0.0
142.79999999999998  0.0
144.48  0.0
146.16  0.0
147.84  0.0
149.51999999999998  0.0
151.2  0.0
152.88  0.0
154.56  0.0
156.23999999999998  0.0
157.92  0.233805142468956
159.6  0.8349059251329727
161.28  1.428241419668678
162.96  2.00829313479085
164.64  2.5696661289118663
166.32  3.1071391873827916
168.0  3.6157133839358844
