0.0  24.40645927369378
2.4  43.708945983251226
4.8  27.405145271497954
7.199999999999999  31.445277505136964
9.6  41.96470505892007
12.0  0.0
14.399999999999999  6.358435966318821
16.8  1.3661714681853478
19.2  0.0
21.599999999999998  10.537826087074183
24.0  0.0
26.4  0.0
28.799999999999997  7.976814897891999
31.2  0.0
33.6  7.170505138634466
36.0  0.31352424968248105
38.4  0.0
40.8  10.595370290392964
43.199999999999996  0.0
45.6  0.21462307262019298
48.0  7.243026633188569
50.4  0.0
52.8  7.9113517197924725
55.199999999999996  0.0
57.599999999999994  0.0
60.0  10.5476736896449
62.4  0.0
64.8  1.2680069064511792
67.2  6.437295441917907
69.6  0.0
72.0  8.573617091098814
74.39999999999999  0.0
76.8  0.0
79.2  10.395210041619643
81.6  0.0
84.0  2.3087959877874615
86.39999999999999  5.5676244231798115
88.8  0.0
91.2  9.150723158699925
93.6  0.0
96.0  0.0
98.39999999999999  10.13949372443424
100.8  0.0
103.2  3.32665245426272
105.6  4.642651772221261
108.0  0.0
110.39999999999999  9.636937691921366
112.8  0.0
115.19999999999999  0.0
117.6  9.78306469564511
120.0  0.0
122.39999999999999  4.311466226660738
124.8  3.671564979696991
127.19999999999999  0.0
129.6  10.027431259886935
132.0  0.0
134.4  0.0
136.79999999999998  9.329463263571443
139.2  0.0
141.6  5.253455429462477
144.0  2.664009574934046
146.4  0.0
148.79999999999998  10.31832520088408
151.2  0.0
153.6  0.0
156.0  8.78319492241763
158.4  0.0
160.79999999999998  6.143263551436185
163.2  1.6299933196275367
165.6  0.0
168.0  10.50673014800918
170.4  0.0
172.79999999999998  0.0
175.2  8.149685600479115
177.6  0.0
180.0  6.972052381207199
182.4  0.5797868035864191
184.79999999999998  0.0
187.2  10.590774728428421
189.6  0.0
192.0  0.0
194.4  7.435227765937292
196.79999999999998  0.0
199.2  7.731589794700252
201.6  0.0
204.0  0.0
206.4  10.569624151192684
208.79999999999998  0.0
211.2  1.003042524864588
213.6  6.646917925561154
216.0  0.0
218.4  8.414331522492482
220.79999999999998  0.0
223.2  0.0
225.6  10.443488498979066
228.0  0.0
230.39999999999998  2.0479906694058507
232.79999999999998  5.792586137118807
235.2  0.0
237.6  9.013496084896056
240.0  0.0
