0.0  39.374749169555
1.68  33.742051157918375
3.36  26.76820531481726
5.04  41.336867959714965
6.72  29.643100970865785
8.4  30.058292370479837
10.08  41.22005223636463
11.76  26.502696198974935
13.44  0.8657446914498728
15.12  5.721311789594318
16.8  0.0
18.48  4.781651388772091
20.16  2.069782219369976
21.84  0.0
23.52  7.455514343205309
25.2  0.0
26.88  0.0
28.56  8.19279217523895
30.24  0.0
31.919999999999998  0.0
33.6  6.801975457774567
35.28  0.0
36.96  3.3220184521930936
38.64  3.644331682099515
40.32  0.0
42.0  6.5958606375343765
43.68  0.0
45.36  0.0
47.04  8.156414511424504
48.72  0.0
50.4  0.0
52.08  7.598323008507821
53.76  0.0
55.44  1.7235282976958324
57.12  5.066551539852418
58.8  0.0
60.48  5.460506218250619
62.16  1.2187329304801091
63.839999999999996  0.0
65.52  7.77910646340434
67.2  0.0
68.88  0.0
70.56  8.07706787009611
72.24  0.0
73.92  0.05299629639201697
75.6  6.276994352598505
77.28  0.0
78.96  4.096907822359376
80.64  2.846458694322117
82.32  0.0
84.0  7.076639149430987
85.67999999999999  0.0
87.36  0.0
89.03999999999999  8.218198961767458
90.72  0.0
92.39999999999999  0.0
94.08  7.225064759762299
95.75999999999999  0.0
97.44  2.562062568430803
99.11999999999999  4.355205186706182
100.8  0.0
102.47999999999999  6.07837503642025
104.16  0.3540721452726707
105.83999999999999  0.0
107.52  8.015817137856864
109.2  0.0
110.88  0.0
112.56  7.871134318268193
114.24  0.0
115.92  0.9201255311469683
117.6  5.681908236408288
119.28  0.0
120.96  4.826040616706843
122.64  2.016794851414675
124.32  0.0
126.0  7.478381766495509
127.67999999999999  0.0
129.35999999999999  0.0
131.04  8.188197933843728
132.72  0.0
134.4  0.0
136.07999999999998  6.771112915307211
137.76  0.0
139.44  3.3719822802720625
141.12  3.5952174471839706
142.79999999999998  0.0
144.48  6.628357136052521
146.16  0.0
147.84  0.0
149.51999999999998  8.163002648326444
151.2  0.0
152.88  0.0
154.56  7.577291501738252
156.23999999999998  0.0
157.92  1.7769782853328207
159.6  5.02336336637523
161.28  0.0
162.96  5.501273469205669
164.64  1.1646063068219856
166.32  0.0
168.0  7.796601600734727
