0.0  32.00474579752325
1.68  33.187771848289124
3.36  34.44198005960347
5.04  35.15404026221253
6.72  34.97574232589602
8.4  33.994277119340744
10.08  32.689598621338156
11.76  31.699717870871265
13.44  0.0
15.12  0.0
16.8  0.12724216318706316
18.48  1.3156272815982974
20.16  1.8606472107065817
21.84  1.4957774912147155
23.52  0.39944591907613813
25.2  0.0
26.88  0.0
28.56  0.0
30.24  0.0
31.919999999999998  0.3973253092923452
33.6  1.494479056913968
35.28  1.8608059094041103
36.96  1.3171655068025026
38.64  0.12940769535709773
40.32  0.0
42.0  0.0
43.68  0.0
45.36  0.0
47.04  0.6589134383249414
48.72  1.641378110350738
50.4  1.82117963191296
52.08  1.110391854341061
53.76  0.0
55.44  0.0
57.12  0.0
58.8  0.0
60.48  0.0
62.16  0.9064136631211601
63.839999999999996  1.7531836654775028
65.52  1.742615608187887
67.2  0.8798774596228307
68.88  0.0
70.56  0.0
72.24  0.0
73.92  0.0
75.6  0.0
77.28  1.1345343030707706
78.96  1.8275052626950101
80.64  1.626793576990137
82.32  0.6305508375771148
84.0  0.0
85.67999999999999  0.0
87.36  0.0
89.03999999999999  0.0
90.72  0.15954168973506822
92.39999999999999  1.338398022938177
94.08  1.8627538684771632
95.75999999999999  1.4761898722189362
97.44  0.36774271811569614
99.11999999999999  0.0
100.8  0.0
102.47999999999999  0.0
104.16  0.0
105.83999999999999  0.4289164487607595
107.52  1.5136461127689147
109.2  1.8581758497155088
110.88  1.2940244776339898
112.56  0.09707207241772742
114.24  0.0
115.92  0.0
117.6  0.0
119.28  0.0
120.96  0.6891207560941818
122.64  1.6565316793239726
124.32  1.8138690867781753
126.0  1.0841921819659843
127.67999999999999  0.0
129.35999999999999  0.0
131.04  0.0
132.72  0.0
134.4  0.0
136.07999999999998  0.9345913113829803
137.76  1.7639997565618348
139.44  1.7307808807778422
141.12  0.8511793063538504
142.79999999999998  0.0
144.48  0.0
146.16  0.0
147.84  0.0
149.51999999999998  0.0
151.2  1.1600798293826753
152.88  1.8337526223652516
154.56  1.6106876997924418
156.23999999999998  0.5999677845183812
157.92  0.0
159.6  0.0
161.28  0.0
162.96  0.0
164.64  0.19179311609536476
166.32  1.3607652509628518
168.0  1.864298925008033
