0.0  50.08345153520969
1.68  28.106137195027678
3.36  22.53735727579386
5.04  50.8579015871387
6.72  24.167599969517017
8.4  26.249176700076617
10.08  50.568416775302595
11.76  20.785524000940434
13.44  0.0
15.12  15.899238692002884
16.8  0.0
18.48  1.3782824429634521
20.16  13.5981345355417
21.84  0.0
23.52  5.615138569586914
25.2  10.471473412141304
26.88  0.0
28.56  9.511093762017236
30.24  6.7090781880879415
31.919999999999998  0.0
33.6  12.829620506602476
35.28  2.5393678116919935
36.96  0.0
38.64  15.369247574564515
40.32  0.0
42.0  0.0
43.68  16.975791550972172
45.36  0.0
47.04  0.0
48.72  17.551717471088107
50.4  0.0
52.08  0.0
53.76  17.06206027006832
55.44  0.0
57.12  0.0
58.8  15.53654754861114
60.48  0.0
62.16  2.189774395869745
63.839999999999996  13.06779477923315
65.52  0.0
67.2  6.3817190033349895
68.88  9.80568252408651
70.56  0.0
72.24  10.186222776876694
73.92  5.948257029304245
75.6  0.0
77.28  13.37231031411308
78.96  1.7297066303044688
80.64  0.0
82.32  15.7465509090327
84.0  0.0
85.67999999999999  0.0
87.36  17.164801932424226
89.03999999999999  0.0
90.72  0.0
92.39999999999999  17.540959881621806
94.08  0.0
95.75999999999999  0.0
97.44  16.8521878141892
99.11999999999999  0.0
100.8  0.0
102.47999999999999  15.140301802574891
104.16  0.0
105.83999999999999  2.9965370477841065
107.52  12.50923223662722
109.2  0.0
110.88  7.134516706738317
112.56  9.118714100950196
114.24  0.0
115.92  10.839352396011108
117.6  5.174589296954814
119.28  0.0
120.96  13.88611966683595
122.64  0.9163097657804053
124.32  0.0
126.0  16.08984609226126
127.67999999999999  0.0
129.35999999999999  0.0
131.04  17.316741136607686
132.72  0.0
134.4  0.0
136.07999999999998  17.49231871879462
137.76  0.0
139.44  0.0
141.12  16.605919340209514
142.79999999999998  0.0
144.48  0.0
146.16  14.711357234015868
147.84  0.0
149.51999999999998  3.7968280167433317
151.2  11.92365324678484
152.88  0.0
154.56  7.8719058470487315
156.23999999999998  8.412051802625307
157.92  0.0
159.6  11.469072041891096
161.28  4.389745897220305
162.96  0.0
164.64  14.36993888010017
166.32  0.10093392812951141
168.0  0.0
