0.0  20.501841824146197  100.0
0.12  20.5933082442673
0.24  20.669729549264485
0.36  20.731044383010705
0.48  20.77721115655668
0.6  20.808208013912562
0.72  20.82403276791237
0.84  20.82470280643238
0.96  20.810254969283715
1.08  20.780745396147903
1.2  20.736249345971967
1.3199999999999998  20.676860988285807
1.44  20.602693166950644
1.56  20.513877136891082
1.68  20.410562274407088
1.7999999999999998  20.292915761703338
1.92  20.161122246314385
2.04  20.01538347614262
2.16  19.85591791086376
2.28  19.68296031049026
2.4  19.496761301917413
2.52  19.29758692430938
2.6399999999999997  19.085718154213104
2.76  18.86145041131726
2.88  18.62509304580028
3.0  18.376968808236978
3.12  18.1174133030565
3.2399999999999998  17.846774426565812
3.36  17.565411790572227
3.48  17.273696132656067
3.5999999999999996  16.972008714159724
3.7199999999999998  16.66074070697273
3.84  16.340292570203978
3.96  16.01107341784097
4.08  15.673500378503448
4.2  15.327997948403738
4.32  14.974997338628903
4.4399999999999995  14.614935817860955
4.56  14.248256051650127
4.68  13.8754054393529
4.8  13.496835449841438
4.92  13.113000957083802
5.04  12.72435957668509
5.16  12.331371004468574
5.279999999999999  11.934496358162864
5.3999999999999995  11.53419752324621
5.52  11.13093650398239
5.64  10.725174780664004
5.76  10.317372674058863
5.88  9.907988718033188
6.0  9.49747904130174
6.12  9.086296759229956
6.24  8.674891376586435
6.359999999999999  8.26370820211607
6.4799999999999995  7.8531877757745985
6.6  7.443765309434684
6.72  7.035870141841344
6.84  6.629925208561572
6.96  6.2263465276385235
7.08  5.825542701625338
7.199999999999999  5.427914436637359
7.319999999999999  5.033854079024325
7.4399999999999995  4.643745170226186
7.56  4.25796202033744
7.68  3.8768693008656996
7.8  3.500821657130178
7.92  3.130163340705692
8.04  2.765227862276836
8.16  2.406337665226209
8.28  2.0538038202392426
8.4  1.7079257411668414
8.52  1.3689909223458256
8.64  1.0372746975355736
8.76  0.7130400205883101
8.879999999999999  0.39653726792925037
9.0  0.08800406288224782
9.12  0.0
9.24  0.0
9.36  0.0
9.48  0.0
9.6  0.0
9.719999999999999  0.0
9.84  0.0
9.959999999999999  0.0
10.08  0.0
10.2  0.0
10.32  0.0
10.44  0.0
10.559999999999999  0.0
10.68  0.0
10.799999999999999  0.0
10.92  0.0
11.04  0.0
11.16  0.0
11.28  0.0
11.4  0.0
11.52  0.0
11.639999999999999  0.0
11.76  0.0
11.879999999999999  0.0
12.0  0.0
12.12  0.0
12.24  0.0
12.36  0.0
12.48  0.0
12.6  0.0
12.719999999999999  0.0
12.84  0.0
12.959999999999999  0.0
13.08  0.0
13.2  0.0
13.32  0.0
13.44  0.0
13.559999999999999  0.0
13.68  0.0
13.799999999999999  0.0
13.92  0.0
14.04  0.0
14.16  0.0
14.28  0.0
14.399999999999999  0.0
14.52  0.0
14.639999999999999  0.0
14.76  0.0
14.879999999999999  0.0
15.0  0.0
15.12  0.0
15.24  0.0
15.36  0.0
15.479999999999999  0.0
15.6  0.0
15.719999999999999  0.0
15.84  0.0
15.959999999999999  0.0
16.08  0.0
16.2  0.0
16.32  0.0
16.439999999999998  0.0
16.56  0.0
16.68  0.0
16.8  0.0
16.919999999999998  0.0
17.04  0.0
17.16  0.0
17.28  0.0
17.4  0.0
17.52  0.0
17.64  0.0
17.759999999999998  0.051946402947929404
17.88  0.2278220217745892
18.0  0.40319110337971875
18.12  0.5778576734408027
18.24  0.7516296586075798
18.36  0.9243189680897378
18.48  1.0957415658919318
18.599999999999998  1.265717533929513
18.72  1.434071126277213
18.84  1.600630814820723
18.96  1.7652293265982582
19.08  1.9277036731347452
19.2  2.087895172086218
19.32  2.245649461525316
19.439999999999998  2.400816507211651
19.56  2.55325060320169
19.68  2.7028103661632117
19.8  2.849358723768208
19.919999999999998  2.9927628975458926
20.04  3.132894380583836
20.16  3.269628910470715
20.279999999999998  3.402846437878095
20.4  3.532431091181506
20.52  3.6582711375226458
20.64  3.7802589407150675
20.759999999999998  3.8982909163945614
20.88  4.012267484813828
21.0  4.12209302167736
21.119999999999997  4.227675807408475
21.24  4.328927975234586
21.36  4.425765458470319
21.48  4.518107937370297
21.599999999999998  4.605878785914424
21.72  4.689005018878923
21.84  4.76741723953521
21.96  4.841049588306965
22.08  4.90983969270305
22.2  4.973728618830159
22.32  5.03266082477447
22.439999999999998  5.08658411612654
22.56  5.135449603907309
22.68  5.179211665136386
22.8  5.217827906266457
22.919999999999998  5.251259129689389
23.04  5.279469303501175
23.16  5.302425534693628
23.279999999999998  5.320098045921301
23.4  5.33246015597197
23.52  5.339488264049009
23.64  5.341161837953164
23.759999999999998  5.3374634062307
23.88  5.328378554333769
24.0  5.313895924818045
24.119999999999997  5.294007221581451
24.24  5.268707218126813
24.36  5.237993769810451
24.48  5.201867830017719
24.599999999999998  5.160333470186073
24.72  5.113397903575781
24.84  5.061071512668493
24.96  5.003367880054041
25.08  4.940303822646867
25.2  4.871899429054475
25.32  4.798178099902322
25.439999999999998  4.7191665909017635
25.56  4.634895058430873
25.68  4.5453971073814605
25.8  4.450709841010277
25.919999999999998  4.350873912517454
26.04  4.245933578061383
26.16  4.135936750906039
26.279999999999998  4.020935056384821
26.4  3.900983887353353
26.52  3.7761424597938684
26.64  3.6464738682241906
26.759999999999998  3.5120451405563236
26.88  3.3729272920424282
27.0  3.2291953779399334
27.119999999999997  3.080928544522537
27.24  2.9282100780600477
27.36  2.7711274513874167
27.48  2.609772367681684
27.599999999999998  2.4442408010651966
27.72  2.2746330336544833
27.84  2.1010536886758646
27.959999999999997  1.9236117592724054
28.08  1.7424206326308112
28.2  1.557598109062837
28.32  1.3692664156820367
28.439999999999998  1.177552214324951
28.56  0.9825866033744491
28.68  0.7845051131535943
28.799999999999997  0.5834476945689278
28.919999999999998  0.3795587006951667
29.04  0.17298686100605745
29.16  0.0
29.279999999999998  0.0
29.4  0.0
29.52  0.0
29.64  0.0
29.759999999999998  0.0
29.88  0.0
30.0  0.0
30.119999999999997  0.0
30.24  0.0
30.36  0.0
30.48  0.0
30.599999999999998  0.0
30.72  0.0
30.84  0.0
30.959999999999997  0.0
31.08  0.0
31.2  0.0
31.32  0.0
31.439999999999998  0.0
31.56  0.0
31.68  0.0
31.799999999999997  0.0
31.919999999999998  0.0
32.04  0.0
32.16  0.0
32.28  0.0
32.4  0.0
32.519999999999996  0.0
32.64  0.0
32.76  0.0
32.879999999999995  0.0
33.0  0.0
33.12  0.0
33.24  0.0
33.36  0.0
33.48  0.0
33.6  0.0
33.72  0.0
33.839999999999996  0.0
33.96  0.0
34.08  0.0
34.199999999999996  0.0
34.32  0.0
34.44  0.0
34.56  0.0
34.68  0.0
34.8  0.0
34.92  0.0
35.04  0.0
35.16  0.0
35.28  0.0
35.4  0.0
35.519999999999996  0.0
35.64  0.0
35.76  0.0
35.879999999999995  0.0
36.0  0.0
36.12  0.0
36.24  0.0
36.36  0.0
36.48  0.0
36.6  0.0
36.72  0.0
36.839999999999996  0.0
36.96  0.0
37.08  0.0
37.199999999999996  0.0
37.32  0.0
37.44  0.0
37.559999999999995  0.0
37.68  0.0
37.8  0.0
37.92  0.0
38.04  0.0
38.16  0.0
38.28  0.0
38.4  0.0
38.519999999999996  0.0
38.64  0.0
38.76  0.0
38.879999999999995  0.0
39.0  0.0
39.12  0.0
39.24  0.0
39.36  0.0
39.48  0.0
39.6  0.0
39.72  0.0
39.839999999999996  0.0
39.96  0.0
40.08  0.0
40.199999999999996  0.0
40.32  0.0
40.44  0.0
40.559999999999995  0.0
40.68  0.0
40.8  0.0
40.92  0.0
41.04  0.0
41.16  0.0
41.28  0.0
41.4  0.0
41.519999999999996  0.0
41.64  0.0
41.76  0.0
41.879999999999995  0.0
42.0  0.0
42.12  0.0
42.239999999999995  0.0
42.36  0.0
42.48  0.0
42.6  0.0
42.72  0.0
42.839999999999996  0.007609635958157002
42.96  0.2605679484946386
43.08  0.5104277809374906
43.199999999999996  0.7568651387155017
43.32  0.9995603208232506
43.44  1.2381984324276256
43.559999999999995  1.4724698925713895
43.68  1.7020709360446586
43.8  1.9267041085001195
43.92  2.146078753894285
44.04  2.359911493344475
44.16  2.5679266945023618
44.28  2.769856930555642
44.4  2.9654434279834945
44.519999999999996  3.1544365022070995
44.64  3.3365959802929357
44.76  3.511691609885874
44.879999999999995  3.6795034535698363
45.0  3.8398222678753835
45.12  3.992449866177827
45.239999999999995  4.137199464755248
45.36  4.273896011302014
45.48  4.40237649522246
45.6  4.522490239059449
45.72  4.634099170443319
45.839999999999996  4.737078073980108
45.96  4.831314822531536
46.08  4.91671058737454
46.199999999999996  4.9931800267647555
46.32  5.060651452465656
46.44  5.11906697384364
46.559999999999995  5.168382619168815
46.68  5.208568433801927
46.8  5.23960855498844
46.92  5.261501263023512
47.04  5.274259008593374
47.16  5.27790841614244
47.28  5.272490263158715
47.4  5.258059435314337
47.519999999999996  5.234684857442166
47.64  5.2024494003744035
47.76  5.161449763713486
47.879999999999995  5.111796334650612
48.0  5.053613022992
48.12  4.987037072597451
48.239999999999995  4.912218849480582
48.36  4.829321606863971
48.48  4.738521227526452
48.6  4.640005943822862
48.72  4.533976035799801
48.839999999999996  4.420643507872512
48.96  4.300231744569791
49.08  4.172975145894393
49.199999999999996  4.039118742885953
49.32  3.8989177940122897
49.44  3.7526373630528287
49.559999999999995  3.6005518791739304
49.68  3.4429446799319106
49.8  3.280107537973234
49.92  3.112340172234122
50.04  2.9399497444732763
50.16  2.7632503420011654
50.28  2.582562447497757
50.4  2.3982123968370703
50.519999999999996  2.21053182586199
50.64  2.0198571070764313
50.76  1.8265287772430296
50.879999999999995  1.630890956894461
51.0  1.4332907627846243
51.12  1.2340777143214576
51.239999999999995  1.0336031350374746
51.36  0.8322195501662752
51.48  0.6302800814031528
51.6  0.42813783993593124
51.72  0.2261453188387048
51.839999999999996  0.024653785924267924
51.96  0.0
52.08  0.0
52.199999999999996  0.0
52.32  0.0
52.44  0.0
52.559999999999995  0.0
52.68  0.0
52.8  0.0
52.919999999999995  0.0
53.04  0.0
53.16  0.0
53.28  0.0
53.4  0.0
53.519999999999996  0.0
53.64  0.0
53.76  0.0
53.879999999999995  0.0
54.0  0.0
54.12  0.0
54.239999999999995  0.0
54.36  0.0
54.48  0.0
54.6  0.0
54.72  0.0
54.839999999999996  0.0
54.96  0.0
55.08  0.0
55.199999999999996  0.0
55.32  0.0
55.44  0.0
55.559999999999995  0.0
55.68  0.0
55.8  0.0
55.919999999999995  0.0
56.04  0.0
56.16  0.0
56.28  0.0
56.4  0.0
56.519999999999996  0.0
56.64  0.0
56.76  0.0
56.879999999999995  0.0
57.0  0.0
57.12  0.0
57.239999999999995  0.0
57.36  0.0
57.48  0.0
57.599999999999994  0.0
57.72  0.0
57.839999999999996  0.0
57.96  0.0
58.08  0.0
58.199999999999996  0.0
58.32  0.0
58.44  0.0
58.559999999999995  0.0
58.68  0.0
58.8  0.0
58.919999999999995  0.0
59.04  0.0
59.16  0.0
59.28  0.0
59.4  0.0
59.519999999999996  0.0
59.64  0.0
59.76  0.0
59.879999999999995  0.0
60.0  0.0
60.12  0.0
60.239999999999995  0.0
60.36  0.0
60.48  0.0
60.599999999999994  0.0
60.72  0.0
60.839999999999996  0.05506376416998515
60.96  0.22053513897977317
61.08  0.3843538900736836
61.199999999999996  0.546202450459645
61.32  0.7057675002959105
61.44  0.8627405471487255
61.559999999999995  1.0168184967538254
61.68  1.1677042132171298
61.8  1.3151070676103649
61.919999999999995  1.458743473939629
62.04  1.5983374114887143
62.16  1.7336209325653134
62.28  1.8643346547063582
62.4  1.9902282364277095
62.519999999999996  2.1110608356358753
62.64  2.226601549851842
62.76  2.336629837432135
62.879999999999995  2.440935919008846
63.0  2.5393211584076707
63.12  2.631598422342678
63.239999999999995  2.7175924182269537
63.36  2.797140009480131
63.48  2.87009050775677
63.599999999999994  2.93630594156379
63.72  2.995661300780207
63.839999999999996  3.0480447566383906
63.96  3.0933578567731868
64.08  3.1315156949925074
64.2  3.1624470554714748
64.32  3.1860945311210447
64.44  3.2024146159311058
64.56  3.2113777711377827
64.67999999999999  3.212968465114656
64.8  3.20718518693742
64.92  3.194040433621897
65.03999999999999  3.173560671085129
65.16  3.1457862689296445
65.28  3.1107714092001464
65.39999999999999  3.0685839693119785
65.52  3.0193053793991598
65.64  2.9630304543786177
65.75999999999999  2.899867201074996
65.88  2.8299366007976685
66.0  2.753372367807935
66.12  2.670320684159967
66.24  2.580939911443636
66.36  2.485400280000575
66.48  2.383883556227898
66.6  2.2765826886241873
66.72  2.163701433272885
66.84  2.0454539594966774
66.96  1.922064436452972
67.08  1.793766601476575
67.2  1.6608033110094564
67.32  1.5234260749894335
67.44  1.3818945756007075
67.56  1.236476171317305
67.67999999999999  1.0874453871981289
67.8  0.9350833924164635
67.92  0.7796774660309449
68.03999999999999  0.6215204520254236
68.16  0.46091020466427735
68.28  0.2981490252277045
68.39999999999999  0.13354309120528307
68.52  0.0
68.64  0.0
68.75999999999999  0.0
68.88  0.0
69.0  0.0
69.12  0.0
69.24  0.0
69.36  0.0
69.48  0.0
69.6  0.0
69.72  0.0
69.84  0.0
69.96  0.0
70.08  0.0
70.2  0.0
70.32  0.0
70.44  0.0
70.56  0.0
70.67999999999999  0.0
70.8  0.0
70.92  0.0
71.03999999999999  0.0
71.16  0.0
71.28  0.0
71.39999999999999  0.0
71.52  0.0
71.64  0.0
71.75999999999999  0.0
71.88  0.0
72.0  0.0
72.11999999999999  0.0
72.24  0.0
72.36  0.0
72.48  0.0
72.6  0.0
72.72  0.0
72.84  0.0
72.96  0.0
73.08  0.0
73.2  0.0
73.32  0.0
73.44  0.0
73.56  0.0
73.67999999999999  0.0
73.8  0.0
73.92  0.0
74.03999999999999  0.0
74.16  0.0
74.28  0.0
74.39999999999999  0.0
74.52  0.0
74.64  0.0
74.75999999999999  0.0
74.88  0.0
75.0  0.0
75.11999999999999  0.0
75.24  0.0
75.36  0.0
75.48  0.0
75.6  0.0
75.72  0.0
75.84  0.0
75.96  0.0
76.08  0.0
76.2  0.0
76.32  0.0
76.44  0.0
76.56  0.0
76.67999999999999  0.0
76.8  0.0
76.92  0.0
77.03999999999999  0.0
77.16  0.0
77.28  0.0
77.39999999999999  0.0
77.52  0.0
77.64  0.0
77.75999999999999  0.0
77.88  0.0
78.0  0.0
78.11999999999999  0.0
78.24  0.15821864144064615
78.36  0.3321743902501191
78.48  0.504979037037464
78.6  0.6763459286759637
78.72  0.8459918734157398
78.84  1.013637644609625
78.96  1.179008475201535
79.08  1.3418345420720108
79.2  1.5018514393596776
79.32  1.6588006399016337
79.44  1.8124299439619194
79.56  1.9624939144453069
79.67999999999999  2.1087542978226277
79.8  2.2509804300249434
79.92  2.388949626595593
80.03999999999999  2.5224475564224913
80.16  2.6512685984082847
80.28  2.7752161804704136
80.39999999999999  2.894103100301427
80.52  3.0077518273565564
80.64  3.115994785574497
80.75999999999999  3.218674616377339
80.88  3.3156444215353935
81.0  3.4067679855234236
81.11999999999999  3.491919977037067
81.24  3.5709861293795693
81.36  3.6438633994713485
81.48  3.710460105278455
81.6  3.770696041497828
81.72  3.824502573381395
81.84  3.871822708623614
81.96  3.9126111472804124
82.08  3.94683430973076
82.2  3.974470342734425
82.32  3.9955091036826405
82.44  4.009952123180183
82.56  4.017812546139143
82.67999999999999  4.019115051606124
82.8  4.01389575158493
82.92  4.00220206915671
83.03999999999999  3.98409259623878
83.16  3.9596369313614215
83.28  3.9289154978794807
83.39999999999999  3.8920193430716115
83.52  3.8490499186155467
83.64  3.8001188429618677
83.75999999999999  3.745347646161328
83.88  3.6848674977328875
84.0  3.6188189181897856
84.11999999999999  3.5473514748695676
84.24  3.47062346274207
84.36  3.3888015708950974
84.47999999999999  3.302060535421881
84.6  3.2105827794575803
84.72  3.1145580411333853
84.84  3.0141829902362147
84.96  2.9096608343800834
85.08  2.8012009155117172
85.2  2.6890182975869754
85.32  2.573333346267908
85.44  2.4543713015008075
85.56  2.3323618438453484
85.67999999999999  2.207538655431397
85.8  2.0801389764267104
85.92  1.9504031579013659
86.03999999999999  1.818574211977622
86.16  1.6848973601532002
86.28  1.5496195806850515
86.39999999999999  1.4129891559163634
86.52  1.2752552204248468
86.64  1.136667310863219
86.75999999999999  0.9974749183535563
86.88  0.8579270442873
87.0  0.718271760370268
87.11999999999999  0.5787557737378274
87.24  0.43962399795067264
87.36  0.30111913066394314
87.47999999999999  0.16348123874412618
87.6  0.026947351588396784
87.72  0.0
87.84  0.0
87.96  0.0
88.08  0.0
88.2  0.0
88.32  0.0
88.44  0.0
88.56  0.0
88.67999999999999  0.0
88.8  0.0
88.92  0.0
89.03999999999999  0.0
89.16  0.0
89.28  0.0
89.39999999999999  0.0
89.52  0.0
89.64  0.0
89.75999999999999  0.0
89.88  0.0
90.0  0.0
90.11999999999999  0.0
90.24  0.0
90.36  0.0
90.47999999999999  0.0
90.6  0.0
90.72  0.0
90.84  0.0
90.96  0.0
91.08  0.0
91.2  0.0
91.32  0.0
91.44  0.0
91.56  0.0
91.67999999999999  0.0
91.8  0.0
91.92  0.0
92.03999999999999  0.0
92.16  0.0
92.28  0.0
92.39999999999999  0.0
92.52  0.0
92.64  0.0
92.75999999999999  0.0
92.88  0.0
93.0  0.0
93.11999999999999  0.0
93.24  0.0
93.36  0.0
93.47999999999999  0.0
93.6  0.0
93.72  0.0
93.84  0.0
93.96  0.0
94.08  0.0
94.2  0.0
94.32  0.0
94.44  0.0
94.56  0.0
94.67999999999999  0.0
94.8  0.0
94.92  0.0
95.03999999999999  0.0
95.16  0.0
95.28  0.0
95.39999999999999  0.0
95.52  0.0
95.64  0.0
95.75999999999999  0.0
95.88  0.06268980377895472
96.0  0.18895021594775607
96.11999999999999  0.31606842909364374
96.24  0.4438890157710482
96.36  0.5722584579756258
96.47999999999999  0.701025393974132
96.6  0.8300408560878911
96.72  0.959158499011104
96.84  1.0882348182716148
96.96  1.217129358467753
97.08  1.3457049109423227
97.2  1.4738277005826634
97.32  1.6013675614641762
97.44  1.728198101083142
97.56  1.8541968529543595
97.67999999999999  1.9792454173782146
97.8  2.103229590211999
97.92  2.2260394795098764
98.03999999999999  2.3475696099261105
98.16  2.4677190148066757
98.28  2.5863913159236036
98.39999999999999  2.7034947908374196
98.52  2.818942427902284
98.64  2.9326519689579857
98.75999999999999  3.04454593978271
98.88  3.1545516684093133
99.0  3.262601291435669
99.11999999999999  3.368631748489086
99.24  3.4725847650307706
99.36  3.574406823714173
99.47999999999999  3.6740491245368085
99.6  3.771467534050667
99.72  3.8666225239208485
99.84  3.95947909914623
99.96  4.050006716278185
100.08  4.138179191996282
100.2  4.223974602419536
100.32  4.307375173553289
100.44  4.388367163289099
100.56  4.466940735393556
100.67999999999999  4.543089825938447
100.8  4.616812002639776
100.92  4.68810831758697
101.03999999999999  4.756983153857606
101.16  4.82344406652283
101.28  4.887501618560423
101.39999999999999  4.9491692122007755
101.52  5.0084629162381304
101.64  5.0654012898467995
101.75999999999999  5.120005203445885
101.88  5.172297657160128
102.0  5.22230359742633
102.11999999999999  5.2700497322956945
102.24  5.315564345981734
102.36  5.358877113201188
102.47999999999999  5.400018913852494
102.6  5.439021648571144
102.72  5.475918055695242
102.83999999999999  5.5107415301677865
102.96  5.543525944892728
103.08  5.574305475052354
103.2  5.603114425882527
103.32  5.629987064389522
103.44  5.654957455478671
103.56  5.678059302950975
103.67999999999999  5.699325795806789
103.8  5.718789460280194
103.92  5.7364820180086395
104.03999999999999  5.7524342507241295
104.16  5.766675871832398
104.28  5.779235405225547
104.39999999999999  5.790140071652387
104.52  5.7994156829483
104.64  5.80708654440339
104.75999999999999  5.813175365524124
104.88  5.817703179419423
105.0  5.820689271017082
105.11999999999999  5.822151114291502
105.24  5.822104318657654
105.36  5.820562584660349
105.47999999999999  5.817537669061359
105.6  5.813039359400544
105.72  5.807075458080164
105.83999999999999  5.799651775994874
105.96  5.790772135702952
106.08  5.780438384107505
106.2  5.768650414589564
106.32  5.755406198508513
106.44  5.740701825958946
106.56  5.72453155564678
106.67999999999999  5.706887873722167
106.8  5.687761561381057
106.92  5.667141771022592
107.03999999999999  5.645016110725692
107.16  5.621370736783607
107.28  5.596190454013376
107.39999999999999  5.5694588235339095
107.52  5.541158277685426
107.64  5.511270241742278
107.75999999999999  5.479775262051222
107.88  5.446653140208293
108.0  5.411883072870068
108.11999999999999  5.375443796777408
108.24  5.337313738554606
108.36  5.2974711688319305
108.47999999999999  5.25589436022592
108.6  5.2125617486992315
108.72  5.16745209781126
108.83999999999999  5.120544665359882
108.96  5.07181937190653
109.08  5.02125697066948
109.2  4.968839218263382
109.32  4.914549045759067
109.44  4.858370729533594
109.56  4.800290061378792
109.67999999999999  4.740294517335164
109.8  4.678373424719257
109.92  4.614518126814125
110.03999999999999  4.5487221446955
110.16  4.480981335672048
110.28  4.411294047822297
110.39999999999999  4.339661270119675
110.52  4.266086777645243
110.64  4.190577271396691
110.75999999999999  4.113142512215203
110.88  4.033795448362321
111.0  3.952552336293767
111.11999999999999  3.8694328541921483
111.24  3.7844602078353202
111.36  3.6976612283960426
111.47999999999999  3.6090664617851695
111.6  3.51871024917123
111.72  3.426630798328927
111.83999999999999  3.3328702454905175
111.96  3.2374747073959407
112.08  3.1404943232617466
112.2  3.041983286411066
112.32  2.9419998653331074
112.44  2.8406064139649185
112.56  2.7378693710151953
112.67999999999999  2.633859248175095
112.8  2.528650607089692
112.92  2.422322024990377
113.03999999999999  2.3149560489165113
113.16  2.2066391384832764
113.28  2.0974615971814705
113.39999999999999  1.987517492222814
113.52  1.8769045629744938
113.64  1.7657241180549283
113.75999999999999  1.6540809211918845
113.88  1.5420830659730123
114.0  1.4298418396479669
114.11999999999999  1.31747157616932
114.24  1.2050894986882053
114.36  1.092815551748766
114.47999999999999  0.9807722234523322
114.6  0.8690843578903464
114.72  0.7578789581706964
114.83999999999999  0.6472849803887888
114.96  0.5374331189195609
115.08  0.428455583431415
115.19999999999999  0.3204858680467475
115.32  0.2136585130966886
115.44  0.10810885993970731
115.56  0.003972799335021371
115.67999999999999  0.0
115.8  0.0
115.92  0.0
116.03999999999999  0.0
116.16  0.0
116.28  0.0
116.39999999999999  0.0
116.52  0.0
116.64  0.0
116.75999999999999  0.0
116.88  0.0
117.0  0.0
117.11999999999999  0.0
117.24  0.0
117.36  0.0
117.47999999999999  0.0
117.6  0.0
117.72  0.0
117.83999999999999  0.0
117.96  0.0
118.08  0.0
118.19999999999999  0.0
118.32  0.0
118.44  0.0
118.56  0.0
118.67999999999999  0.0
118.8  0.0
118.92  0.0
119.03999999999999  0.0
119.16  0.0
119.28  0.0
119.39999999999999  0.0
119.52  0.0
119.64  0.0
119.75999999999999  0.0
119.88  0.0
120.0  0.0
