0.0  18.953750326694795  100.0
0.12  19.041610573909008
0.24  19.11450121465657
0.36  19.172361064619487
0.48  19.215148702974787
0.6  19.24284243816797
0.72  19.25544024376947
0.84  19.252959664685218
0.96  19.235437694041572
1.08  19.202930621113445
1.2  19.155513850712087
1.3199999999999998  19.093281694495374
1.44  19.016347134709356
1.56  18.92484156091357
1.68  18.81891448028646
1.7999999999999998  18.69873320214837
1.92  18.56448249738052
2.04  18.416364233456967
2.16  18.254596985844262
2.28  18.07941562655925
2.4  17.8910708907097
2.52  17.689828921875073
2.6399999999999997  17.475970797215375
2.76  17.24979203322517
2.88  17.01160207307694
3.0  16.76172375652315
3.12  16.50049277334988
3.2399999999999998  16.228257101396135
3.36  15.94537643017245
3.48  15.652221571129711
3.5999999999999996  15.349173855644668
3.7199999999999998  15.03662452180158
3.84  14.714974091061208
3.96  14.38463173591704
4.08  14.046014639646081
4.2  13.699547349266508
4.32  13.345661122817388
4.4399999999999995  12.984793272076578
4.56  12.617386501831911
4.68  12.24388824681731
4.8  11.864750007420511
4.92  11.48042668526173
5.04  11.091375919733466
5.16  10.698057426580467
5.279999999999999  10.300932339585952
5.3999999999999995  9.900462556415105
5.52  9.49711008965038
5.64  9.091336424034395
5.76  8.683601880916097
5.88  8.27436499087393
6.0  7.86408187546614
6.12  7.453205639033246
6.24  7.04218577145106
6.359999999999999  6.631467562704558
6.4799999999999995  6.221491530123329
6.6  5.812692859088769
6.72  5.405500857990791
6.84  5.000338428178924
6.96  4.597621549618167
7.08  4.197758782924664
7.199999999999999  3.8011507884199633
7.319999999999999  3.408189862805437
7.4399999999999995  3.019259494020514
7.56  2.6347339348096206
7.68  2.254977795483534
7.8  1.880345656320853
7.92  1.5111817000151604
8.04  1.1478193645325518
8.16  0.7905810167033995
8.28  0.43977764683090625
8.4  0.09570858455765774
8.52  0.0
8.64  0.0
8.76  0.0
8.879999999999999  0.0
9.0  0.0
9.12  0.0
9.24  0.0
9.36  0.0
9.48  0.0
9.6  0.0
9.719999999999999  0.0
9.84  0.0
9.959999999999999  0.0
10.08  0.0
10.2  0.0
10.32  0.0
10.44  0.0
10.559999999999999  0.0
10.68  0.0
10.799999999999999  0.0
10.92  0.0
11.04  0.0
11.16  0.0
11.28  0.0
11.4  0.0
11.52  0.0
11.639999999999999  0.0
11.76  0.0
11.879999999999999  0.0
12.0  0.0
12.12  0.0
12.24  0.0
12.36  0.0
12.48  0.0
12.6  0.0
12.719999999999999  0.0
12.84  0.0
12.959999999999999  0.0
13.08  0.0
13.2  0.0
13.32  0.0
13.44  0.0
13.559999999999999  0.0
13.68  0.0
13.799999999999999  0.0
13.92  0.0
14.04  0.0
14.16  0.0
14.28  0.0
14.399999999999999  0.0
14.52  0.0
14.639999999999999  0.0
14.76  0.0
14.879999999999999  0.0
15.0  0.0
15.12  0.0
15.24  0.0
15.36  0.0
15.479999999999999  0.0
15.6  0.0
15.719999999999999  0.0
15.84  0.0
15.959999999999999  0.0
16.08  0.0
16.2  0.0
16.32  0.0
16.439999999999998  0.0
16.56  0.0
16.68  0.0
16.8  0.0
16.919999999999998  0.0
17.04  0.0
17.16  0.0
17.28  0.0
17.4  0.0
17.52  0.0
17.64  0.0
17.759999999999998  0.0
17.88  0.0
18.0  0.0
18.12  0.0
18.24  0.0
18.36  0.0
18.48  0.0
18.599999999999998  0.07676507932322119
18.72  0.25296493275157106
18.84  0.4274283573236307
18.96  0.5999876954662913
19.08  0.7704795713150281
19.2  0.9387449123771465
19.32  1.1046289638362659
19.439999999999998  1.2679812958418066
19.56  1.4286558041381205
19.68  1.5865107043983346
19.8  1.7414085206367615
19.919999999999998  1.893216068081554
20.04  2.041804430895609
20.16  2.18704893513922
20.279999999999998  2.3288291173718787
20.4  2.46702868929351
20.52  2.6015354988269443
20.64  2.7322414880440107
20.759999999999998  2.8590426483364393
20.88  2.9818389732311776
21.0  3.1005344092460416
21.119999999999997  3.215036805177628
21.24  3.325257860207594
21.36  3.4311130712068927
21.48  3.532521679609797
21.599999999999998  3.6294066182205365
21.72  3.721694458305806
21.84  3.809315357315219
21.96  3.8922030075600724
22.08  3.970294586168079
22.2  4.0435307066179185
22.32  4.111855372142932
22.439999999999998  4.175215931278137
22.56  4.233563035808484
22.68  4.2868506013594825
22.8  4.335035770854062
22.919999999999998  4.378078881041236
23.04  4.415943432283703
23.16  4.448596061772302
23.279999999999998  4.476006520315794
23.4  4.498147652834307
23.52  4.514995382664769
23.64  4.526528699765839
23.759999999999998  4.532729652889306
23.88  4.533583345763805
24.0  4.529077937315898
24.119999999999997  4.519204645932326
24.24  4.5039577577462975
24.36  4.483334638909795
24.48  4.45733575179291
24.599999999999998  4.425964675030823
24.72  4.389228127318479
24.84  4.347135994833228
24.96  4.299701362145785
25.08  4.246940546460875
25.2  4.188873135010018
25.32  4.125522025400815
25.439999999999998  4.056913468709358
25.56  3.9830771150856275
25.68  3.9040460616251256
25.8  3.819856902244804
25.919999999999998  3.73054977928628
26.04  3.636168436555585
26.16  3.5367602734954104
26.279999999999998  3.432376400173956
26.4  3.323071692762806
26.52  3.2089048491664527
26.64  3.0899384444564935
26.759999999999998  2.966238985755491
26.88  2.8378769662083014
27.0  2.704926917672582
27.119999999999997  2.5674674617552675
27.24  2.425581358817948
27.36  2.27935555457148
27.48  2.128881223878596
27.599999999999998  1.9742538113828219
27.72  1.815573068583125
27.84  1.6529430869753394
27.959999999999997  1.486472326884996
28.08  1.316273641620147
28.2  1.1424642965787526
28.32  0.965165982951462
28.439999999999998  0.78450482566888
28.56  0.6006113852510353
28.68  0.4136206532274193
28.799999999999997  0.2236720408064889
28.919999999999998  0.0309093604866284
29.04  0.0
29.16  0.0
29.279999999999998  0.0
29.4  0.0
29.52  0.0
29.64  0.0
29.759999999999998  0.0
29.88  0.0
30.0  0.0
30.119999999999997  0.0
30.24  0.0
30.36  0.0
30.48  0.0
30.599999999999998  0.0
30.72  0.0
30.84  0.0
30.959999999999997  0.0
31.08  0.0
31.2  0.0
31.32  0.0
31.439999999999998  0.0
31.56  0.0
31.68  0.0
31.799999999999997  0.0
31.919999999999998  0.0
32.04  0.0
32.16  0.0
32.28  0.0
32.4  0.0
32.519999999999996  0.0
32.64  0.0
32.76  0.0
32.879999999999995  0.0
33.0  0.0
33.12  0.0
33.24  0.0
33.36  0.0
33.48  0.0
33.6  0.0
33.72  0.0
33.839999999999996  0.0
33.96  0.0
34.08  0.0
34.199999999999996  0.0
34.32  0.0
34.44  0.0
34.56  0.0
34.68  0.0
34.8  0.0
34.92  0.0
35.04  0.0
35.16  0.0
35.28  0.0
35.4  0.0
35.519999999999996  0.0
35.64  0.0
35.76  0.0
35.879999999999995  0.0
36.0  0.0
36.12  0.0
36.24  0.0
36.36  0.0
36.48  0.0
36.6  0.0
36.72  0.0
36.839999999999996  0.0
36.96  0.0
37.08  0.0
37.199999999999996  0.0
37.32  0.0
37.44  0.0
37.559999999999995  0.0
37.68  0.0
37.8  0.0
37.92  0.0
38.04  0.0
38.16  0.0
38.28  0.0
38.4  0.0
38.519999999999996  0.0
38.64  0.0
38.76  0.0
38.879999999999995  0.0
39.0  0.0
39.12  0.0
39.24  0.0
39.36  0.0
39.48  0.0
39.6  0.0
39.72  0.0
39.839999999999996  0.0
39.96  0.0
40.08  0.0
40.199999999999996  0.0
40.32  0.0
40.44  0.0
40.559999999999995  0.0
40.68  0.0
40.8  0.0
40.92  0.0
41.04  0.0
41.16  0.0
41.28  0.0
41.4  0.0
41.519999999999996  0.0
41.64  0.0
41.76  0.0
41.879999999999995  0.0
42.0  0.0
42.12  0.0
42.239999999999995  0.0
42.36  0.0
42.48  0.11953975408947418
42.6  0.3893683505285501
42.72  0.6570474475337984
42.839999999999996  0.9222428177367306
42.96  1.1846229715572547
43.08  1.443859678951233
43.199999999999996  1.6996284890502968
43.32  1.9516092467622224
43.44  2.199486605399544
43.559999999999995  2.442950534405112
43.68  2.681696821245448
43.8  2.9154275665477276
43.92  3.1438516715626963
44.04  3.3666853170431885
44.16  3.5836524326391044
44.28  3.7944851559203974
44.4  3.9989242801537257
44.519999999999996  4.196719689974058
44.64  4.387630784108929
44.76  4.571426884332375
44.879999999999995  4.747887629846327
45.0  4.916803356308789
45.12  5.077975458752436
45.239999999999995  5.231216737662991
45.36  5.376351727512972
45.48  5.513217007075485
45.6  5.641661490872763
45.72  5.76154670114497
45.839999999999996  5.872747019758153
45.96  5.975149919503821
46.08  6.068656174277949
46.199999999999996  6.153180047663801
46.32  6.228649459480266
46.44  6.295006129896023
46.559999999999995  6.352205700749266
46.68  6.400217833753438
46.8  6.43902628530997
46.92  6.468628957691807
47.04  6.489037926403162
47.16  6.500279443564901
47.28  6.50239391721806
47.4  6.495435866482365
47.519999999999996  6.479473852550657
47.64  6.4545903855452185
47.76  6.420881807306199
47.879999999999995  6.378458150227573
48.0  6.3274429723006484
48.12  6.267973168569757
48.239999999999995  6.2001987592494565
48.36  6.124282654796507
48.48  6.040400398273844
48.6  5.948739885386856
48.72  5.849501062615528
48.839999999999996  5.742895603907549
48.96  5.6291465664393145
49.08  5.508488025992247
49.199999999999996  5.381164692531508
49.32  5.247431506612913
49.44  5.107553217281836
49.559999999999995  4.961803942163849
49.68  4.8104667104829
49.8  4.653832989776513
49.92  4.4922021971102435
50.04  4.325881195625091
50.16  4.155183777281317
50.28  3.9804301326905493
50.4  3.8019463089545478
50.519999999999996  3.620063656454068
50.64  3.435118265554923
50.76  3.247450394219396
50.879999999999995  3.0574038875311307
51.0  2.8653255901597197
51.12  2.6715647528067548
51.239999999999995  2.476472433689447
51.36  2.2804008961300406
51.48  2.0837030033291706
51.6  1.8867316114092771
51.72  1.689838961820755
51.839999999999996  1.493376074206632
51.96  1.2976921408243007
52.08  1.1031339236220936
52.199999999999996  0.9100451550662269
52.32  0.7187659438096481
52.44  0.5296321862875282
52.559999999999995  0.3429749853154538
52.68  0.15912007675634285
52.8  0.0
52.919999999999995  0.0
53.04  0.0
53.16  0.0
53.28  0.0
53.4  0.0
53.519999999999996  0.0
53.64  0.0
53.76  0.0
53.879999999999995  0.0
54.0  0.0
54.12  0.0
54.239999999999995  0.0
54.36  0.0
54.48  0.0
54.6  0.0
54.72  0.0
54.839999999999996  0.0
54.96  0.0
55.08  0.0
55.199999999999996  0.0
55.32  0.0
55.44  0.0
55.559999999999995  0.0
55.68  0.0
55.8  0.0
55.919999999999995  0.0
56.04  0.0
56.16  0.0
56.28  0.0
56.4  0.0
56.519999999999996  0.0
56.64  0.0
56.76  0.0
56.879999999999995  0.0
57.0  0.0
57.12  0.0
57.239999999999995  0.0
57.36  0.0
57.48  0.0
57.599999999999994  0.0
57.72  0.0
57.839999999999996  0.0
57.96  0.0
58.08  0.0
58.199999999999996  0.0
58.32  0.0
58.44  0.0
58.559999999999995  0.0
58.68  0.0
58.8  0.0
58.919999999999995  0.0
59.04  0.0
59.16  0.0
59.28  0.0
59.4  0.0
59.519999999999996  0.0
59.64  0.015003745245266764
59.76  0.17898978072612548
59.879999999999995  0.3445207134020712
60.0  0.5112697228205694
60.12  0.6789081591160632
60.239999999999995  0.8471061567403444
60.36  1.015533249988143
60.48  1.183858989168607
60.599999999999994  1.351753556271706
60.72  1.5188883789790952
60.839999999999996  1.6849367418728414
60.96  1.8495743937004185
61.08  2.0124801495614055
61.199999999999996  2.173336486891873
61.32  2.3318301341335963
61.44  2.4876526509893773
61.559999999999995  2.640500999182001
61.68  2.7900781026522075
61.8  2.936093396151402
61.919999999999995  3.078263361207123
62.04  3.216312048463075
62.16  3.3499715854218666
62.28  3.4789826686466876
62.4  3.603095039507153
62.519999999999996  3.7220679425869907
62.64  3.835670565903656
62.76  3.9436824621249835
62.879999999999995  4.045893950004631
63.0  4.142106495295338
63.12  4.2321330704387385
63.239999999999995  4.315798492370856
63.36  4.392939737824307
63.48  4.463406235551167
63.599999999999994  4.527060134934701
63.72  4.583776550503224
63.839999999999996  4.633443781905287
63.96  4.675963508952555
64.08  4.711250961383964
64.2  4.739235063053246
64.32  4.759858550290763
64.44  4.773078064239618
64.56  4.778864217015808
64.67999999999999  4.777201631592094
64.8  4.768088955355136
64.92  4.751538847335808
65.03999999999999  4.727577939162401
65.16  4.696246769836833
65.28  4.657599694483082
65.39999999999999  4.611704767267241
65.52  4.558643598736948
65.64  4.4985111878768365
65.75999999999999  4.43141572922439
65.88  4.35747839543782
66.0  4.27683309575395
66.12  4.189626210819679
66.24  4.096016304425133
66.36  3.9961738127098987
66.48  3.890280711456726
66.6  3.7785301621273244
66.72  3.6611261373353896
66.84  3.538283026490455
66.96  3.410225222382658
67.08  3.277186689514532
67.2  3.1394105150197213
67.32  2.9971484430404356
67.44  2.8506603934665904
67.56  2.700213965967683
67.67999999999999  2.546083930276106
67.8  2.388551703704741
67.92  2.227904816905862
68.03999999999999  2.064436368898752
68.16  1.8984444724126002
68.28  1.7302316906092252
68.39999999999999  1.5601044662638883
68.52  1.3883725444963315
68.64  1.2153483901549373
68.75999999999999  1.041346600964963
68.88  0.8666833175585836
69.0  0.691675631509576
69.12  0.5166409924960315
69.24  0.3418966157158527
69.36  0.16775889067710303
69.48  0.0
69.6  0.0
69.72  0.0
69.84  0.0
69.96  0.0
70.08  0.0
70.2  0.0
70.32  0.0
70.44  0.0
70.56  0.0
70.67999999999999  0.0
70.8  0.0
70.92  0.0
71.03999999999999  0.0
71.16  0.0
71.28  0.0
71.39999999999999  0.0
71.52  0.0
71.64  0.0
71.75999999999999  0.0
71.88  0.0
72.0  0.0
72.11999999999999  0.0
72.24  0.0
72.36  0.0
72.48  0.0
72.6  0.0
72.72  0.0
72.84  0.0
72.96  0.0
73.08  0.0
73.2  0.0
73.32  0.0
73.44  0.0
73.56  0.0
73.67999999999999  0.0
73.8  0.0
73.92  0.0
74.03999999999999  0.0
74.16  0.0
74.28  0.0
74.39999999999999  0.0
74.52  0.0
74.64  0.0
74.75999999999999  0.0
74.88  0.0
75.0  0.0
75.11999999999999  0.0
75.24  0.0
75.36  0.0
75.48  0.0
75.6  0.0
75.72  0.0
75.84  0.0
75.96  0.0
76.08  0.0
76.2  0.0
76.32  0.0
76.44  0.0
76.56  0.0
76.67999999999999  0.0
76.8  0.0
76.92  0.0
77.03999999999999  0.0
77.16  0.0
77.28  0.0
77.39999999999999  0.0
77.52  0.0
77.64  0.09951298074299486
77.75999999999999  0.2649541220687708
77.88  0.4306718580789395
78.0  0.5963705250829158
78.11999999999999  0.7617552985098068
78.24  0.9265327285488474
78.36  1.0904112713580763
78.48  1.2531018148488324
78.6  1.4143181980665358
78.72  1.5737777232049912
78.84  1.7312016593082222
78.96  1.886315736734724
79.08  2.0388506314787955
79.2  2.1885424384677177
79.32  2.335133132977771
79.44  2.478371019338246
79.56  2.61801116612072
79.67999999999999  2.7538158270397632
79.8  2.8855548468224357
79.92  3.0130060513355708
80.03999999999999  3.1359556212932427
80.16  3.254198448902011
80.28  3.3675384768360117
80.39999999999999  3.4757890189722196
80.52  3.5787730623528997
80.64  3.676323549881209
80.75999999999999  3.768283643295871
80.88  3.854506966010674
81.0  3.9348578254453352
81.11999999999999  4.009211414516461
81.24  4.077453991998772
81.36  4.139483041509107
81.48  4.195207408909242
81.6  4.244547417965466
81.72  4.287434964146927
81.84  4.32381358648738
81.96  4.353638517478269
82.08  4.376876711004384
82.2  4.393506848375665
82.32  4.403519322551852
82.44  4.406916200698495
82.56  4.403711165254629
82.67999999999999  4.393929433733802
82.8  4.377607657520565
82.92  4.354793799964374
83.03999999999999  4.3255469941121145
83.16  4.289937380458568
83.28  4.248045925131644
83.39999999999999  4.199964218965206
83.52  4.145794257947891
83.64  4.085648205570396
83.75999999999999  4.019648137626276
83.88  3.9479257700534203
84.0  3.8706221704335406
84.11999999999999  3.787887453795574
84.24  3.69988046339701
84.36  3.606768437182897
84.47999999999999  3.508726660646587
84.6  3.4059381068395016
84.72  3.2985930642984758
84.84  3.1868887536786734
84.96  3.0710289338981474
85.08  2.951223498616622
85.2  2.827688063885077
85.32  2.700643547815935
85.44  2.5703157431342247
85.56  2.436934883479828
85.67999999999999  2.3007352043373785
85.8  2.161954499477019
85.92  2.0208336737919064
86.03999999999999  1.8776162934211182
86.16  1.732548134045967
86.28  1.5858767282468116
86.39999999999999  1.4378509128030839
86.52  1.2887203768145898
86.64  1.1387352115150196
86.75999999999999  0.988145462639306
86.88  0.8372006861966436
87.0  0.6861495084885112
87.11999999999999  0.5352391911968588
87.24  0.38471520235289447
87.36  0.23482079397922861
87.47999999999999  0.08579658717979638
87.6  0.0
87.72  0.0
87.84  0.0
87.96  0.0
88.08  0.0
88.2  0.0
88.32  0.0
88.44  0.0
88.56  0.0
88.67999999999999  0.0
88.8  0.0
88.92  0.0
89.03999999999999  0.0
89.16  0.0
89.28  0.0
89.39999999999999  0.0
89.52  0.0
89.64  0.0
89.75999999999999  0.0
89.88  0.0
90.0  0.0
90.11999999999999  0.0
90.24  0.0
90.36  0.0
90.47999999999999  0.0
90.6  0.0
90.72  0.0
90.84  0.0
90.96  0.0
91.08  0.0
91.2  0.0
91.32  0.0
91.44  0.0
91.56  0.0
91.67999999999999  0.0
91.8  0.0
91.92  0.0
92.03999999999999  0.0
92.16  0.0
92.28  0.0
92.39999999999999  0.0
92.52  0.0
92.64  0.0
92.75999999999999  0.0
92.88  0.0
93.0  0.0
93.11999999999999  0.0
93.24  0.0
93.36  0.0
93.47999999999999  0.0
93.6  0.0
93.72  0.0
93.84  0.0
93.96  0.0
94.08  0.0
94.2  0.0
94.32  0.0
94.44  0.0
94.56  0.0
94.67999999999999  0.0
94.8  0.0
94.92  0.0
95.03999999999999  0.0
95.16  0.0
95.28  0.0
95.39999999999999  0.0
95.52  0.0
95.64  0.0
95.75999999999999  0.0
95.88  0.0
96.0  0.0
96.11999999999999  0.0
96.24  0.0
96.36  0.0
96.47999999999999  0.0
96.6  0.0
96.72  0.05735479244795175
96.84  0.17694911031701432
96.96  0.2964059940746597
97.08  0.41558869431859474
97.2  0.5343638930108022
97.32  0.6526018790988276
97.44  0.7701767127264515
97.56  0.886966377809312
97.67999999999999  1.0028529227800518
97.8  1.1177225893378282
97.92  1.2314659290665884
98.03999999999999  1.343977907816712
98.16  1.4551579977751503
98.28  1.5649102571784206
98.39999999999999  1.6731433976538053
98.52  1.7797708392033642
98.64  1.8847107528749303
98.75999999999999  1.987886091193987
98.88  2.0892246064591764
99.0  2.1886588570320047
99.11999999999999  2.2861262017807307
99.24  2.3815687828644276
99.36  2.4749334970710564
99.47999999999999  2.5661719559491316
99.6  2.655240434998102
99.72  2.74209981220709
99.84  2.8267154962557823
99.96  2.90905734471351
100.08  2.989099572595426
100.2  3.0668206516543783
100.32  3.1422032008085385
100.44  3.2152338681221657
100.56  3.2859032047754404
100.67999999999999  3.354205531475776
100.8  3.420138797778123
100.92  3.483704434795591
101.03999999999999  3.5449072017957346
101.16  3.6037550271876615
101.28  3.660258844416937
101.39999999999999  3.71443242329353
101.52  3.766292197285164
101.64  3.8158570873157927
101.75999999999999  3.8631483226127163
101.88  3.908189259149968
102.0  3.951005196237423
102.11999999999999  3.9916231918059677
102.24  4.030071876938374
102.36  4.066381270193349
102.47999999999999  4.10058259226727
102.6  4.132708081532947
102.72  4.162790810988761
102.83999999999999  4.1908645071446555
102.96  4.216963371362052
103.08  4.2411219041552615
103.2  4.263374732950889
103.32  4.283756443788986
103.44  4.30230141743618
103.56  4.319043670366905
103.67999999999999  4.334016701051886
103.8  4.347253341977432
103.92  4.358785617800198
104.03999999999999  4.3686446100236065
104.16  4.376860328562444
104.28  4.3834615905410725
104.39999999999999  4.3884759066494965
104.52  4.3919293753591155
104.64  4.39384658527693
104.75999999999999  4.394250525893398
104.88  4.39316250695489
105.0  4.390602086666665
105.11999999999999  4.386587008907288
105.24  4.381133149609468
105.36  4.3742544724363555
105.47999999999999  4.365962993855865
105.6  4.356268757689157
105.72  4.345179819182485
105.83999999999999  4.332702238624883
105.96  4.318840084507256
106.08  4.3035954461916255
106.2  4.286968456032416
106.32  4.268957320865267
106.44  4.249558362752416
106.56  4.2287660688475395
106.67999999999999  4.206573150217538
106.8  4.182970609433159
106.92  4.1579478167156125
107.03999999999999  4.131492594402567
107.16  4.103591309472264
107.28  4.0742289738427315
107.39999999999999  4.043389352139792
107.52  4.011055076606587
107.64  3.9772077688066787
107.75999999999999  3.9418281677527722
107.88  3.9048962640742113
108.0  3.86639143981904
108.11999999999999  3.8262926134687305
108.24  3.784578389728479
108.36  3.741227213641093
108.47999999999999  3.696217528558788
108.6  3.649527937494735
108.72  3.601137367365549
108.83999999999999  3.551025235625082
108.96  3.4991716187817334
109.08  3.4455574222841374
109.2  3.390164551253299
109.32  3.3329760815351674
109.44  3.2739764305436383
109.56  3.213151527362232
109.67999999999999  3.1504889815713204
109.8  3.0859782502689965
109.92  3.0196108027552184
110.03999999999999  2.9513802823518547
110.16  2.8812826648369882
110.28  2.8093164129760777
110.39999999999999  2.735482626641418
110.52  2.6597851880194736
110.64  2.5822309014146665
110.75999999999999  2.5028296271712094
110.88  2.421594409245129
111.0  2.338541595973437
111.11999999999999  2.2536909536023555
111.24  2.1670657721514
111.36  2.078692963208935
111.47999999999999  1.9886031492714489
111.6  1.8968307442594126
111.72  1.8034140248622332
111.83999999999999  1.7083951923862823
111.96  1.6118204248018595
112.08  1.5137399187091374
112.2  1.4142079209653433
112.32  1.3132827497416482
112.44  1.2110268048025132
112.56  1.107506566827265
112.67999999999999  1.0027925856188689
112.8  0.8969594570735329
112.92  0.7900857888114313
113.03999999999999  0.6822541543968915
113.16  0.5735510361049432
113.28  0.46406675622001875
113.39999999999999  0.3538953968803399
113.52  0.24313470851173824
113.64  0.13188600692288233
113.75999999999999  0.020254059163041627
113.88  0.0
114.0  0.0
114.11999999999999  0.0
114.24  0.0
114.36  0.0
114.47999999999999  0.0
114.6  0.0
114.72  0.0
114.83999999999999  0.0
114.96  0.0
115.08  0.0
115.19999999999999  0.0
115.32  0.0
115.44  0.0
115.56  0.0
115.67999999999999  0.0
115.8  0.0
115.92  0.0
116.03999999999999  0.0
116.16  0.0
116.28  0.0
116.39999999999999  0.0
116.52  0.0
116.64  0.0
116.75999999999999  0.0
116.88  0.0
117.0  0.0
117.11999999999999  0.0
117.24  0.0
117.36  0.0
117.47999999999999  0.0
117.6  0.0
117.72  0.0
117.83999999999999  0.0
117.96  0.0
118.08  0.0
118.19999999999999  0.0
118.32  0.0
118.44  0.0
118.56  0.0
118.67999999999999  0.0
118.8  0.0
118.92  0.0
119.03999999999999  0.0
119.16  0.0
119.28  0.0
119.39999999999999  0.0
119.52  0.0
119.64  0.0
119.75999999999999  0.0
119.88  0.0
120.0  0.0
