0.0  19.98581132499573  100.0
0.12  20.076075687481204
0.24  20.15132010439518
0.36  20.211483276880298
0.48  20.256523672029385
0.6  20.286419488664365
0.72  20.30116859319807
0.84  20.300788425849994
0.96  20.285315877536334
1.08  20.254807137803084
1.2  20.209337514218674
1.3199999999999998  20.149001223688998
1.44  20.073911156203547
1.56  19.984198611565247
1.68  19.88001300970021
1.7999999999999998  19.761521575185014
1.92  19.62890899666976
2.04  19.482377061914068
2.16  19.322144269190595
2.28  19.148445415846588
2.4  18.961531164848175
2.52  18.76166759016461
2.6399999999999997  18.54913570188053
2.76  18.32423095195323
2.88  18.087262721559167
3.0  17.838553790999036
3.12  17.578439793154296
3.2399999999999998  17.307268651509254
3.36  17.0254000037723
3.48  16.733204612147283
3.5999999999999996  16.431063761321372
3.7199999999999998  16.119368645249015
3.84  15.798519743823055
3.96  15.468926190532992
4.08  15.131005132217659
4.2  14.78518108202466
4.32  14.431885266691731
4.4399999999999995  14.071554969266163
4.56  13.704632868377388
4.68  13.33156637517437
4.8  12.952806969034462
4.92  12.568809533143112
5.04  12.180031691034548
5.16  11.786933145172538
5.279999999999999  11.389975018637227
5.3999999999999995  10.989619200969175
5.52  10.586327699205054
5.64  10.1805619951208
5.76  9.77278240967794
5.88  9.363447475646769
6.0  8.95301331935654
6.12  8.54193305249772
6.24  8.130656174874645
6.359999999999999  7.719627988978901
6.4799999999999995  7.3092890272241755
6.6  6.900074492652712
6.72  6.4924137138911595
6.84  6.086729615100689
6.96  5.683438201631738
7.08  5.282948062058447
7.199999999999999  4.88565988723156
7.319999999999999  4.491966006951362
7.4399999999999995  4.102249944824296
7.56  3.716885991828167
7.68  3.3362387990716447
7.8  2.9606629901937365
7.92  2.5905027938088483
8.04  2.2260916963620745
8.16  1.867752115718606
8.28  1.5157950957697972
8.4  1.1705200222971137
8.52  0.8322143602939381
8.64  0.5011534129036425
8.76  0.17760010209136434
8.879999999999999  0.0
9.0  0.0
9.12  0.0
9.24  0.0
9.36  0.0
9.48  0.0
9.6  0.0
9.719999999999999  0.0
9.84  0.0
9.959999999999999  0.0
10.08  0.0
10.2  0.0
10.32  0.0
10.44  0.0
10.559999999999999  0.0
10.68  0.0
10.799999999999999  0.0
10.92  0.0
11.04  0.0
11.16  0.0
11.28  0.0
11.4  0.0
11.52  0.0
11.639999999999999  0.0
11.76  0.0
11.879999999999999  0.0
12.0  0.0
12.12  0.0
12.24  0.0
12.36  0.0
12.48  0.0
12.6  0.0
12.719999999999999  0.0
12.84  0.0
12.959999999999999  0.0
13.08  0.0
13.2  0.0
13.32  0.0
13.44  0.0
13.559999999999999  0.0
13.68  0.0
13.799999999999999  0.0
13.92  0.0
14.04  0.0
14.16  0.0
14.28  0.0
14.399999999999999  0.0
14.52  0.0
14.639999999999999  0.0
14.76  0.0
14.879999999999999  0.0
15.0  0.0
15.12  0.0
15.24  0.0
15.36  0.0
15.479999999999999  0.0
15.6  0.0
15.719999999999999  0.0
15.84  0.0
15.959999999999999  0.0
16.08  0.0
16.2  0.0
16.32  0.0
16.439999999999998  0.0
16.56  0.0
16.68  0.0
16.8  0.0
16.919999999999998  0.0
17.04  0.0
17.16  0.0
17.28  0.0
17.4  0.0
17.52  0.0
17.64  0.0
17.759999999999998  0.0
17.88  0.0
18.0  0.0
18.12  0.17127262160674425
18.24  0.34758213057037723
18.36  0.5228286255959387
18.48  0.6968279462504112
18.599999999999998  0.869400049060749
18.72  1.0403690617686656
18.84  1.209563328988359
18.96  1.3768154495542693
19.08  1.5419623058615064
19.2  1.7048450855165276
19.32  1.8653092956289659
19.439999999999998  2.0232047700883697
19.56  2.1783856701805004
19.68  2.330710478908253
19.8  2.4800419893910592
19.919999999999998  2.6262472877244463
20.04  2.76919773068776
20.16  2.90876891869355
20.279999999999998  3.044840664376023
20.4  3.1772969572188408
20.52  3.3060259246240786
20.64  3.4309197898247152
20.759999999999998  3.5518748270418543
20.88  3.6687913142862776
21.0  3.781573484200254
21.119999999999997  3.890129473331526
21.24  3.9943712702255887
21.36  4.094214662715844
21.48  4.189579184783463
21.599999999999998  4.280388063349795
21.72  4.366568165354551
21.84  4.4480499454618805
21.96  4.524767394724667
22.08  4.596657990524727
22.2  4.663662648092745
22.32  4.725725673897291
22.439999999999998  4.782794721177073
22.56  4.834820747874367
22.68  4.881757977210752
22.8  4.923563861128993
22.919999999999998  4.960199046806672
23.04  4.991627346428684
23.16  5.01781571038652
23.279999999999998  5.0387342040527985
23.4  5.054355988259416
23.52  5.0646573035875955
23.64  5.069617458557389
23.759999999999998  5.069218821783569
23.88  5.063446818143781
24.0  5.0522899289839955
24.119999999999997  5.035739696365076
24.24  5.013790731333308
24.36  4.986440726176899
24.48  4.953690470609449
24.599999999999998  4.91554387180099
24.72  4.872007978156681
24.84  4.823093006723404
24.96  4.768812374084622
25.08  4.70918273058487
25.2  4.644223997706322
25.32  4.573959408401819
25.439999999999998  4.498415550170962
25.56  4.417622410649125
25.68  4.331613425462682
25.8  4.240425528088453
25.919999999999998  4.144099201440396
26.04  4.0426785308927835
26.16  3.936211258435829
26.279999999999998  3.824748837647866
26.4  3.7083464891565043
26.52  3.5870632562513967
26.64  3.460962060301625
26.759999999999998  3.3301097556227126
26.88  3.194577183431053
27.0  3.054439224517483
27.119999999999997  2.90977485026678
27.24  2.7606671716460145
27.36  2.6072034857821045
27.48  2.4494753197473216
27.599999999999998  2.287578471171072
27.72  2.121613045297364
27.84  1.9516834881090228
27.959999999999997  1.777898615143269
28.08  1.6003716356272564
28.2  1.4192201715681423
28.32  1.234566271438512
28.439999999999998  1.0465364181062606
28.56  0.8552615306666445
28.68  0.6608769598448693
28.799999999999997  0.46352247664811486
28.919999999999998  0.26334225395898725
29.04  0.060484840775140714
29.16  0.0
29.279999999999998  0.0
29.4  0.0
29.52  0.0
29.64  0.0
29.759999999999998  0.0
29.88  0.0
30.0  0.0
30.119999999999997  0.0
30.24  0.0
30.36  0.0
30.48  0.0
30.599999999999998  0.0
30.72  0.0
30.84  0.0
30.959999999999997  0.0
31.08  0.0
31.2  0.0
31.32  0.0
31.439999999999998  0.0
31.56  0.0
31.68  0.0
31.799999999999997  0.0
31.919999999999998  0.0
32.04  0.0
32.16  0.0
32.28  0.0
32.4  0.0
32.519999999999996  0.0
32.64  0.0
32.76  0.0
32.879999999999995  0.0
33.0  0.0
33.12  0.0
33.24  0.0
33.36  0.0
33.48  0.0
33.6  0.0
33.72  0.0
33.839999999999996  0.0
33.96  0.0
34.08  0.0
34.199999999999996  0.0
34.32  0.0
34.44  0.0
34.56  0.0
34.68  0.0
34.8  0.0
34.92  0.0
35.04  0.0
35.16  0.0
35.28  0.0
35.4  0.0
35.519999999999996  0.0
35.64  0.0
35.76  0.0
35.879999999999995  0.0
36.0  0.0
36.12  0.0
36.24  0.0
36.36  0.0
36.48  0.0
36.6  0.0
36.72  0.0
36.839999999999996  0.0
36.96  0.0
37.08  0.0
37.199999999999996  0.0
37.32  0.0
37.44  0.0
37.559999999999995  0.0
37.68  0.0
37.8  0.0
37.92  0.0
38.04  0.0
38.16  0.0
38.28  0.0
38.4  0.0
38.519999999999996  0.0
38.64  0.0
38.76  0.0
38.879999999999995  0.0
39.0  0.0
39.12  0.0
39.24  0.0
39.36  0.0
39.48  0.0
39.6  0.0
39.72  0.0
39.839999999999996  0.0
39.96  0.0
40.08  0.0
40.199999999999996  0.0
40.32  0.0
40.44  0.0
40.559999999999995  0.0
40.68  0.0
40.8  0.0
40.92  0.0
41.04  0.0
41.16  0.0
41.28  0.0
41.4  0.0
41.519999999999996  0.0
41.64  0.0
41.76  0.0
41.879999999999995  0.0
42.0  0.0
42.12  0.0
42.239999999999995  0.0
42.36  0.0
42.48  0.0
42.6  0.0
42.72  0.05360289243584959
42.839999999999996  0.31248736321768156
42.96  0.5685862895155107
43.08  0.8215717469420714
43.199999999999996  1.0711195888271
43.32  1.316909962802908
43.44  1.5586278234182651
43.559999999999995  1.795963439849297
43.68  2.028612897778255
43.8  2.256278594515989
43.92  2.478669726450422
44.04  2.695502767910713
44.16  2.9065019405479426
44.28  3.111399672343894
44.4  3.3099370453735717
44.519999999999996  3.501864231462752
44.64  3.6869409148982664
44.76  3.864936701368041
44.879999999999995  4.035631512328666
45.0  4.198815964019852
45.12  4.354291730369363
45.239999999999995  4.5018718890578295
45.36  4.641381250039
45.48  4.7726566658401355
45.6  4.895547322997221
45.72  5.009915014010536
45.839999999999996  5.115634389239457
45.96  5.212593188188965
46.08  5.300692449675676
46.199999999999996  5.379846700397771
46.32  5.449984121470527
46.44  5.511046692527767
46.559999999999995  5.5629903130289655
46.68  5.605784900452431
46.8  5.639414465095617
46.92  5.663877161246277
47.04  5.67918531452997
47.16  5.68536542528326
47.28  5.682458147845163
47.4  5.670518245703679
47.519999999999996  5.64961452247833
47.64  5.6198297287646755
47.76  5.581260444911058
47.879999999999995  5.534016939842933
48.0  5.478223006094883
48.12  5.414015771254886
48.239999999999995  5.341545486070206
48.36  5.260975289508149
48.48  5.172480951108916
48.6  5.07625059101086
48.72  4.9724843780717105
48.839999999999996  4.861394206550857
48.96  4.743203351859632
49.08  4.6181461059270115
49.199999999999996  4.486467392767804
49.32  4.3484223648791644
49.44  4.204275981129165
49.559999999999995  4.0543025668372366
49.68  3.8987853567822404
49.8  3.73801602190766
49.92  3.5722941805261628
50.04  3.4019268948572146
50.16  3.2272281537612155
50.28  3.048518342562021
50.4  2.8661237008762295
50.519999999999996  2.6803757693926826
50.64  2.491610826569262
50.76  2.3001693162351518
50.879999999999995  2.1063952671066843
51.0  1.9106357052429894
51.12  1.7132400604832232
51.239999999999995  1.5145595679214652
51.36  1.3149466654875304
51.48  1.1147543887118254
51.6  0.91433576376038
51.72  0.7140431998327217
51.839999999999996  0.5142278820183893
51.96  0.3152391657106156
52.08  0.11742397367496338
52.199999999999996  0.0
52.32  0.0
52.44  0.0
52.559999999999995  0.0
52.68  0.0
52.8  0.0
52.919999999999995  0.0
53.04  0.0
53.16  0.0
53.28  0.0
53.4  0.0
53.519999999999996  0.0
53.64  0.0
53.76  0.0
53.879999999999995  0.0
54.0  0.0
54.12  0.0
54.239999999999995  0.0
54.36  0.0
54.48  0.0
54.6  0.0
54.72  0.0
54.839999999999996  0.0
54.96  0.0
55.08  0.0
55.199999999999996  0.0
55.32  0.0
55.44  0.0
55.559999999999995  0.0
55.68  0.0
55.8  0.0
55.919999999999995  0.0
56.04  0.0
56.16  0.0
56.28  0.0
56.4  0.0
56.519999999999996  0.0
56.64  0.0
56.76  0.0
56.879999999999995  0.0
57.0  0.0
57.12  0.0
57.239999999999995  0.0
57.36  0.0
57.48  0.0
57.599999999999994  0.0
57.72  0.0
57.839999999999996  0.0
57.96  0.0
58.08  0.0
58.199999999999996  0.0
58.32  0.0
58.44  0.0
58.559999999999995  0.0
58.68  0.0
58.8  0.0
58.919999999999995  0.0
59.04  0.0
59.16  0.0
59.28  0.0
59.4  0.0
59.519999999999996  0.0
59.64  0.0
59.76  0.0
59.879999999999995  0.0
60.0  0.0
60.12  0.0
60.239999999999995  0.0
60.36  0.0
60.48  0.09592690467620402
60.599999999999994  0.26421859061019626
60.72  0.43180345373659124
60.839999999999996  0.598354756737604
60.96  0.7635482238866549
61.08  0.9270626432362574
61.199999999999996  1.088580462603721
61.32  1.2477883782418058
61.44  1.4043779150956093
61.559999999999995  1.5580459975632173
61.68  1.708495509695489
61.8  1.8554358437907106
61.919999999999995  1.9985834363621269
62.04  2.1376622904801676
62.16  2.2724044835174975
62.28  2.4025506593531345
62.4  2.527850504120857
62.519999999999996  2.64806320461958
62.64  2.7629578885357797
62.76  2.8723140456630847
62.879999999999995  2.9759219293407746
63.0  3.0735829373702264
63.12  3.1651099717080315
63.239999999999995  3.250327776274921
63.36  3.329073252261523
63.48  3.401195750354902
63.599999999999994  3.4665573393540936
63.72  3.5250330506878793
63.839999999999996  3.5765110983940227
63.96  3.6208930741663097
64.08  3.658094117122993
64.2  3.688043057998732
64.32  3.7106825375109507
64.44  3.72596909870061
64.56  3.7338732530971246
64.67999999999999  3.7343795206071353
64.8  3.7274864430766588
64.92  3.713206571526534
65.03999999999999  3.6915664271108866
65.16  3.662606435898707
65.28  3.6263808376277913
65.39999999999999  3.582957568630399
65.52  3.5324181191784225
65.64  3.4748573655446906
65.75999999999999  3.4103833771247936
65.88  3.3391171990110524
66.0  3.2611926104566065
66.12  3.1767558597132046
66.24  3.0859653757708014
66.36  2.9889914575703496
66.48  2.886015941304174
66.6  2.7772318464585664
66.72  2.66284300129372
66.84  2.543063648494603
66.96  2.418118031762867
67.08  2.2882399641558937
67.2  2.1536723790128782
67.32  2.0146668643397674
67.44  1.8714831815560018
67.56  1.7243887695340976
67.67999999999999  1.5736582348907877
67.8  1.419572829512556
67.92  1.262419916322584
68.03999999999999  1.102492424316533
68.16  0.9400882939137183
68.28  0.7755099136882114
68.39999999999999  0.6090635495581515
68.52  0.4410587675253917
68.64  0.2718078510683718
68.75999999999999  0.10162521429918026
68.88  0.0
69.0  0.0
69.12  0.0
69.24  0.0
69.36  0.0
69.48  0.0
69.6  0.0
69.72  0.0
69.84  0.0
69.96  0.0
70.08  0.0
70.2  0.0
70.32  0.0
70.44  0.0
70.56  0.0
70.67999999999999  0.0
70.8  0.0
70.92  0.0
71.03999999999999  0.0
71.16  0.0
71.28  0.0
71.39999999999999  0.0
71.52  0.0
71.64  0.0
71.75999999999999  0.0
71.88  0.0
72.0  0.0
72.11999999999999  0.0
72.24  0.0
72.36  0.0
72.48  0.0
72.6  0.0
72.72  0.0
72.84  0.0
72.96  0.0
73.08  0.0
73.2  0.0
73.32  0.0
73.44  0.0
73.56  0.0
73.67999999999999  0.0
73.8  0.0
73.92  0.0
74.03999999999999  0.0
74.16  0.0
74.28  0.0
74.39999999999999  0.0
74.52  0.0
74.64  0.0
74.75999999999999  0.0
74.88  0.0
75.0  0.0
75.11999999999999  0.0
75.24  0.0
75.36  0.0
75.48  0.0
75.6  0.0
75.72  0.0
75.84  0.0
75.96  0.0
76.08  0.0
76.2  0.0
76.32  0.0
76.44  0.0
76.56  0.0
76.67999999999999  0.0
76.8  0.0
76.92  0.0
77.03999999999999  0.0
77.16  0.0
77.28  0.0
77.39999999999999  0.0
77.52  0.0
77.64  0.0
77.75999999999999  0.0
77.88  0.0
78.0  0.07079996006128869
78.11999999999999  0.2428526948861683
78.24  0.4143233371433799
78.36  0.5849200172861048
78.48  0.7543532963079201
78.6  0.9223366851394876
78.72  1.0885871566788237
78.84  1.2528256495091574
78.96  1.4147775623792647
79.08  1.5741732385409388
79.2  1.7307484390623578
79.32  1.8842448042603461
79.44  2.034410302420695
79.56  2.1809996650037777
79.67999999999999  2.323774807561673
79.8  2.4625052356241075
79.92  2.596968434842252
80.03999999999999  2.7269502447127416
80.16  2.8522452152395266
80.28  2.972656945925613
80.39999999999999  3.0879984065250246
80.52  3.198092239022004
80.64  3.302771040343401
80.75999999999999  3.401877625350183
80.88  3.49526526969382
81.0  3.582797932164061
81.11999999999999  3.664350456196865
81.24  3.739808750252637
81.36  3.8090699468172677
81.48  3.8720425398220506
81.6  3.928646500320374
81.72  3.978813370303239
81.84  4.022486334578202
81.96  4.059620270679698
82.08  4.090181776821968
82.2  4.114149177948172
82.32  4.131512509972378
82.44  4.1422734823529535
82.56  4.146445419177638
82.67999999999999  4.144053178982016
82.8  4.135133053563475
82.92  4.119732646092598
83.03999999999999  4.097910728863225
83.16  4.06973708106047
83.28  4.035292306963535
83.39999999999999  3.994667635036143
83.52  3.947964698392995
83.64  3.8952952971647106
83.75999999999999  3.8367811433163106
83.88  3.772553588506398
84.0  3.7027533356043705
84.11999999999999  3.62753013451157
84.24  3.547042462960383
84.36  3.4614571929910305
84.47999999999999  3.3709492438301165
84.6  3.275701221918221
84.72  3.175903048855082
84.84  3.0717515780503675
84.96  2.9634502008861046
85.08  2.851208443213352
85.2  2.7352415530196756
85.32  2.6157700801172505
85.44  2.493019448711946
85.56  2.367219523723508
85.67999999999999  2.2386041717333907
85.8  2.10741081744348
85.92  1.9738799965315459
86.03999999999999  1.8382549057921207
86.16  1.7007809514507892
86.28  1.5617052965389715
86.39999999999999  1.421276408211937
86.52  1.2797436058880947
86.64  1.1373566110804858
86.75999999999999  0.9943650997821396
86.88  0.8510182582570812
87.0  0.7075643430763491
87.11999999999999  0.5642502462241712
87.24  0.4213210660847466
87.36  0.2790196851023716
87.47999999999999  0.13758635488934956
87.6  0.0
87.72  0.0
87.84  0.0
87.96  0.0
88.08  0.0
88.2  0.0
88.32  0.0
88.44  0.0
88.56  0.0
88.67999999999999  0.0
88.8  0.0
88.92  0.0
89.03999999999999  0.0
89.16  0.0
89.28  0.0
89.39999999999999  0.0
89.52  0.0
89.64  0.0
89.75999999999999  0.0
89.88  0.0
90.0  0.0
90.11999999999999  0.0
90.24  0.0
90.36  0.0
90.47999999999999  0.0
90.6  0.0
90.72  0.0
90.84  0.0
90.96  0.0
91.08  0.0
91.2  0.0
91.32  0.0
91.44  0.0
91.56  0.0
91.67999999999999  0.0
91.8  0.0
91.92  0.0
92.03999999999999  0.0
92.16  0.0
92.28  0.0
92.39999999999999  0.0
92.52  0.0
92.64  0.0
92.75999999999999  0.0
92.88  0.0
93.0  0.0
93.11999999999999  0.0
93.24  0.0
93.36  0.0
93.47999999999999  0.0
93.6  0.0
93.72  0.0
93.84  0.0
93.96  0.0
94.08  0.0
94.2  0.0
94.32  0.0
94.44  0.0
94.56  0.0
94.67999999999999  0.0
94.8  0.0
94.92  0.0
95.03999999999999  0.0
95.16  0.0
95.28  0.0
95.39999999999999  0.0
95.52  0.0
95.64  0.0
95.75999999999999  0.0
95.88  0.0
96.0  0.0
96.11999999999999  0.03148684608469632
96.24  0.15607517856418263
96.36  0.28122637215762913
96.47999999999999  0.4067892217380926
96.6  0.5326149155440358
96.72  0.6585572634900532
96.84  0.7844729156200814
96.96  0.9102215703367219
97.08  1.0356661720677467
97.2  1.1606730980587097
97.32  1.28511233400906
97.44  1.4088576382975784
97.56  1.531786694572677
97.67999999999999  1.6537812525121605
97.8  1.7747272565872754
97.92  1.8945149626954474
98.03999999999999  2.013039042556311
98.16  2.1301986757961675
98.28  2.245897629675209
98.39999999999999  2.360044326442882
98.52  2.4725518983359773
98.64  2.5833382302636343
98.75999999999999  2.692325990253136
98.88  2.7994426477592675
99.0  2.904620479967781
99.11999999999999  3.0077965662529675
99.24  3.108912770975323
99.36  3.207915714833134
99.47999999999999  3.304756735007583
99.6  3.3993918343664786
99.72  3.4917816200162624
99.84  3.5818912315160807
99.96  3.6696902590899594
100.08  3.7551526521959966
100.2  3.83825661883115
100.32  3.9189845159717054
100.44  3.997322731566788
100.56  4.073261558520851
100.67999999999999  4.146795061117556
100.8  4.217920934352558
100.92  4.28664035665651
101.03999999999999  4.3529578365036485
101.16  4.416881053411108
101.28  4.478420693845928
101.39999999999999  4.537590282565026
101.52  4.594406009920475
101.64  4.648886555669797
101.75999999999999  4.701052909834829
101.88  4.750928191156741
102.0  4.798537463696694
102.11999999999999  4.843907552132452
102.24  4.887066856300613
102.36  4.928045165531908
102.47999999999999  4.966873473324086
102.6  5.003583792891745
102.72  5.038208974126415
102.83999999999999  5.07078252249341
102.96  5.101338420382502
103.08  5.12991095141999
103.2  5.156534528238648
103.32  5.181243524189344
103.44  5.204072109464508
103.56  5.225054092089618
103.67999999999999  5.2442227642218215
103.8  5.261610754179274
103.92  5.277249884605826
104.03999999999999  5.291171037157289
104.16  5.303404024075746
104.28  5.31397746699739
104.39999999999999  5.322918683318091
104.52  5.330253580418573
104.64  5.336006558027903
104.75999999999999  5.340200418980549
104.88  5.342856288597912
105.0  5.343993542900277
105.11999999999999  5.343629745830097
105.24  5.341780595641592
105.36  5.338459880585685
105.47999999999999  5.333679443992861
105.6  5.327449158830081
105.72  5.319776911780938
105.83999999999999  5.310668596871543
105.96  5.300128118637719
106.08  5.288157404802211
106.2  5.2747564284038475
106.32  5.259923239294098
106.44  5.243654004890103
106.56  5.225943060047033
106.67999999999999  5.20678296588729
106.8  5.186164577398425
106.92  5.164077119586932
107.03999999999999  5.140508271951317
107.16  5.11544426101316
107.28  5.088869960623161
107.39999999999999  5.0607689997358705
107.52  5.031123877325813
107.64  4.999916084097078
107.75999999999999  4.967126230618406
107.88  4.932734181496933
108.0  4.896719195186392
108.11999999999999  4.859060069007849
108.24  4.819735288945897
108.36  4.778723183768318
108.47999999999999  4.736002083003543
108.6  4.691550478297733
108.72  4.64534718766269
108.83999999999999  4.5973715221149485
108.96  4.547603454198265
109.08  4.496023787874366
109.2  4.442614329260021
109.32  4.387358057684433
109.44  4.330239296536942
109.56  4.2712438833732715
109.67999999999999  4.210359338747216
109.8  4.147575033235837
109.92  4.082882352127823
110.03999999999999  4.016274857247618
110.16  3.947748445393695
110.28  3.877301502873557
110.39999999999999  3.8049350556269226
110.52  3.730652914436653
110.64  3.6544618147360164
110.75999999999999  3.5763715505338722
110.88  3.4963951019899238
111.0  3.4145487561869903
111.11999999999999  3.3308522206622175
111.24  3.2453287292740134
111.36  3.1580051400003404
111.47999999999999  3.068912024280596
111.6  2.978083747533957
111.72  2.8855585405066955
111.83999999999999  2.791378561122439
111.96  2.695589946531247
112.08  2.5982428550775434
112.2  2.4993914979291585
112.32  2.399094160135954
112.44  2.2974132109107837
112.56  2.194415102952552
112.67999999999999  2.0901703606563524
112.8  1.984753557084306
112.92  1.8782432795973951
113.03999999999999  1.7707220840766382
113.16  1.6622764376904988
113.28  1.5529966501943202
113.39999999999999  1.4429767937753226
113.52  1.3323146114869087
113.64  1.2211114143442465
113.75999999999999  1.1094719671822704
113.88  0.9975043634061627
114.0  0.8853198887934839
114.11999999999999  0.7730328745351561
114.24  0.6607605397312423
114.36  0.5486228235855914
114.47999999999999  0.43674220757027515
114.6  0.32524352785883726
114.72  0.21425377835300996
114.83999999999999  0.10390190465423665
114.96  0.0
115.08  0.0
115.19999999999999  0.0
115.32  0.0
115.44  0.0
115.56  0.0
115.67999999999999  0.0
115.8  0.0
115.92  0.0
116.03999999999999  0.0
116.16  0.0
116.28  0.0
116.39999999999999  0.0
116.52  0.0
116.64  0.0
116.75999999999999  0.0
116.88  0.0
117.0  0.0
117.11999999999999  0.0
117.24  0.0
117.36  0.0
117.47999999999999  0.0
117.6  0.0
117.72  0.0
117.83999999999999  0.0
117.96  0.0
118.08  0.0
118.19999999999999  0.0
118.32  0.0
118.44  0.0
118.56  0.0
118.67999999999999  0.0
118.8  0.0
118.92  0.0
119.03999999999999  0.0
119.16  0.0
119.28  0.0
119.39999999999999  0.0
119.52  0.0
119.64  0.0
119.75999999999999  0.0
119.88  0.0
120.0  0.0
