0.0  20.620276261214833  100.0
0.12  20.706890965853717
0.24  20.7784550282103
0.36  20.834907328520497
0.48  20.876206514455465
0.6  20.90233096689172
0.72  20.91327873576409
0.84  20.909067446272527
0.96  20.889734175763156
1.08  20.855335301652303
1.2  20.805946320809976
1.3199999999999998  20.741661640865697
1.44  20.662594343945344
1.56  20.568875923391634
1.68  20.460655994064478
1.7999999999999998  20.338101976858756
1.92  20.20139875811782
2.04  20.050748324659878
2.16  19.88636937517183
2.28  19.70849690876106
2.4  19.517381791489903
2.52  19.31329030175002
2.6399999999999997  19.0965036553647
2.76  18.86731751133613
2.88  18.626041459181813
3.0  18.372998488829513
3.12  18.108524444063587
3.2399999999999998  17.832967460536786
3.36  17.546687389381184
3.48  17.250055207469156
3.5999999999999996  16.943452415390812
3.7199999999999998  16.627270424227422
3.84  16.30190993221199
3.96  15.967780292376874
4.08  15.625298872295794
4.2  15.274890407032514
4.32  14.916986346411415
4.4399999999999995  14.552024197726059
4.56  14.18044686500086
4.68  13.80270198591751
4.8  13.41924126751281
4.92  13.030519821747298
5.04  12.636995502034807
5.16  12.239128241812026
5.279999999999999  11.837379396214114
5.3999999999999995  11.432211087907431
5.52  11.0240855581139
5.64  10.613464523842758
5.76  10.200808542325436
5.88  9.786576383627244
6.0  9.37122441238601
6.12  8.955205979602738
6.24  8.538970825382618
6.359999999999999  8.12296449349672
6.4799999999999995  7.707627758605095
6.6  7.293396066951445
6.72  6.88069899130714
6.84  6.4699597009094525
6.96  6.061594447104377
7.08  5.656012065369091
7.199999999999999  5.25361349435285
7.319999999999999  4.854791312537854
7.4399999999999995  4.459929293083777
7.56  4.069401977380817
7.68  3.6835742677970176
7.8  3.3028010400655132
7.92  2.9274267757173225
8.04  2.557785214924331
8.16  2.1941990300763523
8.28  1.8369795203748098
8.4  1.486426327684259
8.52  1.1428271738417344
8.64  0.8064576195823203
8.76  0.47758084519839494
8.879999999999999  0.15644745300875507
9.0  0.0
9.12  0.0
9.24  0.0
9.36  0.0
9.48  0.0
9.6  0.0
9.719999999999999  0.0
9.84  0.0
9.959999999999999  0.0
10.08  0.0
10.2  0.0
10.32  0.0
10.44  0.0
10.559999999999999  0.0
10.68  0.0
10.799999999999999  0.0
10.92  0.0
11.04  0.0
11.16  0.0
11.28  0.0
11.4  0.0
11.52  0.0
11.639999999999999  0.0
11.76  0.0
11.879999999999999  0.0
12.0  0.0
12.12  0.0
12.24  0.0
12.36  0.0
12.48  0.0
12.6  0.0
12.719999999999999  0.0
12.84  0.0
12.959999999999999  0.0
13.08  0.0
13.2  0.0
13.32  0.0
13.44  0.0
13.559999999999999  0.0
13.68  0.0
13.799999999999999  0.0
13.92  0.0
14.04  0.0
14.16  0.0
14.28  0.0
14.399999999999999  0.0
14.52  0.0
14.639999999999999  0.0
14.76  0.0
14.879999999999999  0.0
15.0  0.0
15.12  0.0
15.24  0.0
15.36  0.0
15.479999999999999  0.0
15.6  0.0
15.719999999999999  0.0
15.84  0.0
15.959999999999999  0.0
16.08  0.0
16.2  0.0
16.32  0.0
16.439999999999998  0.0
16.56  0.0
16.68  0.0
16.8  0.0
16.919999999999998  0.0
17.04  0.0
17.16  0.0
17.28  0.0
17.4  0.0
17.52  0.0
17.64  0.0
17.759999999999998  0.0
17.88  0.0
18.0  0.0
18.12  0.032344665642859094
18.24  0.20301337404884512
18.36  0.3726261035164864
18.48  0.5409989677628664
18.599999999999998  0.7079521971093629
18.72  0.873310192723111
18.84  1.0369015722614243
18.96  1.198559207206266
19.08  1.358120252191408
19.2  1.5154261666398607
19.32  1.6703227290424747
19.439999999999998  1.8226600442214749
19.56  1.9722925439335737
19.68  2.1190789811777284
19.8  2.2628824185814107
19.919999999999998  2.4035702112470427
20.04  2.5410139844466375
20.16  2.675089606558113
20.279999999999998  2.805677157640711
20.4  2.9326608940497767
20.52  3.0559292094927333
20.64  3.1753745929286126
20.759999999999998  3.2908935837123456
20.88  3.402386724383414
21.0  3.5097585114947862
21.119999999999997  3.6129173448740612
21.24  3.7117754757029373
21.36  3.806248953794584
21.48  3.896257574440758
21.599999999999998  3.981724825191493
21.72  4.062577832920606
21.84  4.138747311519119
21.96  4.210167510546945
22.08  4.276776165160504
22.2  4.338514447620116
22.32  4.395326920666509
22.439999999999998  4.447161493040606
22.56  4.493969377404517
22.68  4.535705050904877
22.8  4.572326218602377
22.919999999999998  4.6037937799730795
23.04  4.63007179866863
23.16  4.651127475703307
23.279999999999998  4.666931126216359
23.4  4.677456159938
23.52  4.6826790654673465
23.64  4.682579398449847
23.759999999999998  4.677139773721152
23.88  4.666345861463288
24.0  4.650186387398165
24.119999999999997  4.628653137022254
24.24  4.601740963865276
24.36  4.569447801734897
24.48  4.531774680888449
24.599999999999998  4.488725748052258
24.72  4.44030829018869
24.84  4.386532761891132
24.96  4.327412816267294
25.08  4.262965339152187
25.2  4.1932104864732365
25.32  4.118171724571895
25.439999999999998  4.037875873268382
25.56  3.95235315143939
25.68  3.861637224862062
25.8  3.765765256062232
25.919999999999998  3.664777955889977
26.04  3.5587196365316993
26.16  3.4476382656547147
26.279999999999998  3.331585521368451
26.4  3.210616847674678
26.52  3.084791510069404
26.64  2.95417265094945
26.759999999999998  2.8188273444687053
26.88  2.6788266504818576
27.0  2.5342456672073297
27.119999999999997  2.385163582236194
27.24  2.2316637215100017
27.36  2.0738335958878835
27.48  1.9117649449216485
27.599999999999998  1.7455537774572267
27.72  1.57530040868186
27.84  1.4011094932380999
27.959999999999997  1.2230900540292318
28.08  1.0413555063447224
28.2  0.8560236769402629
28.32  0.6672168177132297
28.439999999999998  0.47506161362266686
28.56  0.2796891845115034
28.68  0.08123508049937322
28.799999999999997  0.0
28.919999999999998  0.0
29.04  0.0
29.16  0.0
29.279999999999998  0.0
29.4  0.0
29.52  0.0
29.64  0.0
29.759999999999998  0.0
29.88  0.0
30.0  0.0
30.119999999999997  0.0
30.24  0.0
30.36  0.0
30.48  0.0
30.599999999999998  0.0
30.72  0.0
30.84  0.0
30.959999999999997  0.0
31.08  0.0
31.2  0.0
31.32  0.0
31.439999999999998  0.0
31.56  0.0
31.68  0.0
31.799999999999997  0.0
31.919999999999998  0.0
32.04  0.0
32.16  0.0
32.28  0.0
32.4  0.0
32.519999999999996  0.0
32.64  0.0
32.76  0.0
32.879999999999995  0.0
33.0  0.0
33.12  0.0
33.24  0.0
33.36  0.0
33.48  0.0
33.6  0.0
33.72  0.0
33.839999999999996  0.0
33.96  0.0
34.08  0.0
34.199999999999996  0.0
34.32  0.0
34.44  0.0
34.56  0.0
34.68  0.0
34.8  0.0
34.92  0.0
35.04  0.0
35.16  0.0
35.28  0.0
35.4  0.0
35.519999999999996  0.0
35.64  0.0
35.76  0.0
35.879999999999995  0.0
36.0  0.0
36.12  0.0
36.24  0.0
36.36  0.0
36.48  0.0
36.6  0.0
36.72  0.0
36.839999999999996  0.0
36.96  0.0
37.08  0.0
37.199999999999996  0.0
37.32  0.0
37.44  0.0
37.559999999999995  0.0
37.68  0.0
37.8  0.0
37.92  0.0
38.04  0.0
38.16  0.0
38.28  0.0
38.4  0.0
38.519999999999996  0.0
38.64  0.0
38.76  0.0
38.879999999999995  0.0
39.0  0.0
39.12  0.0
39.24  0.0
39.36  0.0
39.48  0.0
39.6  0.0
39.72  0.0
39.839999999999996  0.0
39.96  0.0
40.08  0.0
40.199999999999996  0.0
40.32  0.0
40.44  0.0
40.559999999999995  0.0
40.68  0.0
40.8  0.0
40.92  0.0
41.04  0.0
41.16  0.0
41.28  0.0
41.4  0.0
41.519999999999996  0.0
41.64  0.0
41.76  0.0
41.879999999999995  0.0
42.0  0.0
42.12  0.0
42.239999999999995  0.0
42.36  0.0
42.48  0.0
42.6  0.0
42.72  0.0
42.839999999999996  0.0
42.96  0.0
43.08  0.001654040748230834
43.199999999999996  0.25150931969679435
43.32  0.4976470145821237
43.44  0.739752063051671
43.559999999999995  0.9775147154402397
43.68  1.2106310366496729
43.8  1.4388034012723359
43.92  1.6617409810406967
44.04  1.8791602236926896
44.16  2.090785322353693
44.28  2.2963486745467003
44.4  2.4955913299563193
44.519999999999996  2.688263426087901
44.64  2.8741246109794902
44.76  3.0529444521436297
44.879999999999995  3.2245028309367916
45.0  3.3885903215757764
45.12  3.5450085540447014
45.239999999999995  3.693570560161941
45.36  3.834101102102622
45.48  3.9664369827013317
45.6  4.090427336889754
45.72  4.205933903654754
45.839999999999996  4.312831277935771
45.96  4.411007141914042
46.08  4.500362475181406
46.199999999999996  4.580811743313122
46.32  4.652283064406379
46.44  4.714718353184802
46.559999999999995  4.768073442308723
46.68  4.812318180571616
46.8  4.847436507703745
46.92  4.873426505546758
47.04  4.890300425404709
47.16  4.898084691420886
47.28  4.896819879872959
47.4  4.88656067432331
47.519999999999996  4.8673757966054625
47.64  4.839347913672578
47.76  4.802573520378267
47.879999999999995  4.757162798305084
48.0  4.703239450800792
48.12  4.640940514426966
48.239999999999995  4.570416147069317
48.36  4.491829393002967
48.48  4.405355925249908
48.6  4.3111837656089556
48.72  4.209512982781764
48.839999999999996  4.100555369059975
48.96  3.9845340960804685
49.08  3.8616833501961123
49.199999999999996  3.7322479480490887
49.32  3.596482932972628
49.44  3.454653152884903
49.559999999999995  3.307032820374857
49.68  3.153905055715769
49.8  2.9955614135760156
49.92  2.832301394229289
50.04  2.664431940097958
50.16  2.4922669184930335
50.28  2.316126591442602
50.4  2.136337073527115
50.519999999999996  1.9532297786649737
50.64  1.7671408568154932
50.76  1.578410621587419
50.879999999999995  1.3873829697611106
51.0  1.1944047937506095
51.12  0.9998253880473706
51.239999999999995  0.8039958507017484
51.36  0.607268480910476
51.48  0.40999617378827224
51.6  0.2125318134097065
51.72  0.015227665213987995
51.839999999999996  0.0
51.96  0.0
52.08  0.0
52.199999999999996  0.0
52.32  0.0
52.44  0.0
52.559999999999995  0.0
52.68  0.0
52.8  0.0
52.919999999999995  0.0
53.04  0.0
53.16  0.0
53.28  0.0
53.4  0.0
53.519999999999996  0.0
53.64  0.0
53.76  0.0
53.879999999999995  0.0
54.0  0.0
54.12  0.0
54.239999999999995  0.0
54.36  0.0
54.48  0.0
54.6  0.0
54.72  0.0
54.839999999999996  0.0
54.96  0.0
55.08  0.0
55.199999999999996  0.0
55.32  0.0
55.44  0.0
55.559999999999995  0.0
55.68  0.0
55.8  0.0
55.919999999999995  0.0
56.04  0.0
56.16  0.0
56.28  0.0
56.4  0.0
56.519999999999996  0.0
56.64  0.0
56.76  0.0
56.879999999999995  0.0
57.0  0.0
57.12  0.0
57.239999999999995  0.0
57.36  0.0
57.48  0.0
57.599999999999994  0.0
57.72  0.0
57.839999999999996  0.0
57.96  0.0
58.08  0.0
58.199999999999996  0.0
58.32  0.0
58.44  0.0
58.559999999999995  0.0
58.68  0.0
58.8  0.0
58.919999999999995  0.0
59.04  0.0
59.16  0.0
59.28  0.0
59.4  0.0
59.519999999999996  0.0
59.64  0.0
59.76  0.0
59.879999999999995  0.0
60.0  0.0
60.12  0.0
60.239999999999995  0.0
60.36  0.0
60.48  0.0
60.599999999999994  0.0
60.72  0.041732380850214135
60.839999999999996  0.21333221191251117
60.96  0.38359294307633274
61.08  0.552193115811169
61.199999999999996  0.7188149304515776
61.32  0.8831448348798818
61.44  1.044874104795141
61.559999999999995  1.2036994144859317
61.68  1.3593233970423046
61.8  1.5114551929626483
61.919999999999995  1.659810986133476
62.04  1.8041145261839437
62.16  1.944097636243233
62.28  2.079500705157043
62.4  2.210073163248407
62.519999999999996  2.335573940740516
62.64  2.4557719079916316
62.76  2.5704462967271935
62.879999999999995  2.6793871014908843
63.0  2.782395460573664
63.12  2.879284015719514
63.239999999999995  2.96987724994703
63.36  3.0540118028678718
63.48  3.1315367629260313
63.599999999999994  3.202313936026132
63.72  3.266218090063993
63.839999999999996  3.3231371749186893
63.96  3.37297251751245
64.08  3.415638991591984
64.2  3.4510651619333346
64.32  3.4791934027211786
64.44  3.4999799899025694
64.56  3.5133951673648505
64.67999999999999  3.5194231868374537
64.8  3.518062321467096
64.92  3.5093248530663046
65.03999999999999  3.4932370330849767
65.16  3.4698390174050893
65.28  3.4391847751077798
65.39999999999999  3.40134197141218
65.52  3.3563918250337776
65.64  3.3044289402589326
65.75999999999999  3.245561114079938
65.88  3.1799091187822457
66.0  3.107606460421829
66.12  3.0287991136762686
66.24  2.9436452335976595
66.36  2.8523148448387374
66.48  2.7549895089665957
66.6  2.651861970518647
66.72  2.5431357824959377
66.84  2.429024912027414
66.96  2.309753326975239
67.08  2.1855545642872665
67.2  2.056671280936556
67.32  1.9233547883197608
67.44  1.785864571017331
67.56  1.6444677908465666
67.67999999999999  1.49943877716624
67.8  1.3510585044156245
67.92  1.1996140578949377
68.03999999999999  1.0453980888146372
68.16  0.8887082596601127
68.28  0.7298466809363094
68.39999999999999  0.569119340370573
68.52  0.4068355256658346
68.64  0.24330724190702346
68.75999999999999  0.07884862473167709
68.88  0.0
69.0  0.0
69.12  0.0
69.24  0.0
69.36  0.0
69.48  0.0
69.6  0.0
69.72  0.0
69.84  0.0
69.96  0.0
70.08  0.0
70.2  0.0
70.32  0.0
70.44  0.0
70.56  0.0
70.67999999999999  0.0
70.8  0.0
70.92  0.0
71.03999999999999  0.0
71.16  0.0
71.28  0.0
71.39999999999999  0.0
71.52  0.0
71.64  0.0
71.75999999999999  0.0
71.88  0.0
72.0  0.0
72.11999999999999  0.0
72.24  0.0
72.36  0.0
72.48  0.0
72.6  0.0
72.72  0.0
72.84  0.0
72.96  0.0
73.08  0.0
73.2  0.0
73.32  0.0
73.44  0.0
73.56  0.0
73.67999999999999  0.0
73.8  0.0
73.92  0.0
74.03999999999999  0.0
74.16  0.0
74.28  0.0
74.39999999999999  0.0
74.52  0.0
74.64  0.0
74.75999999999999  0.0
74.88  0.0
75.0  0.0
75.11999999999999  0.0
75.24  0.0
75.36  0.0
75.48  0.0
75.6  0.0
75.72  0.0
75.84  0.0
75.96  0.0
76.08  0.0
76.2  0.0
76.32  0.0
76.44  0.0
76.56  0.0
76.67999999999999  0.0
76.8  0.0
76.92  0.0
77.03999999999999  0.0
77.16  0.0
77.28  0.0
77.39999999999999  0.0
77.52  0.0
77.64  0.0
77.75999999999999  0.11642061751210986
77.88  0.2937835347232536
78.0  0.4711340441829644
78.11999999999999  0.6481767543188015
78.24  0.824617648021898
78.36  1.0001646138832339
78.48  1.174527972005758
78.6  1.347420993412796
78.72  1.518560412089998
78.84  1.6876669287148198
78.96  1.8544657051484341
79.08  2.018686848784733
79.2  2.180065885875164
79.32  2.3383442229724274
79.44  2.493269595662167
79.56  2.644596503779909
79.67999999999999  2.792086632339459
79.8  2.9355092574300605
79.92  3.074641636371359
80.03999999999999  3.2092693814485296
80.16  3.3391868165851886
80.28  3.4641973163461324
80.39999999999999  3.5841136267002454
80.52  3.6987581670105945
80.64  3.8079633127576447
80.75999999999999  3.9115716585415514
80.88  4.009436260949262
81.0  4.101420860912948
81.11999999999999  4.187400085228544
81.24  4.267259626944523
81.36  4.340896404373416
81.48  4.408218698522156
81.6  4.469146268779127
81.72  4.523610446739985
81.84  4.571554208096838
81.96  4.612932222558743
82.08  4.64771088181475
82.2  4.675868305593063
82.32  4.697394325913015
82.44  4.712290449668385
82.56  4.72056979972232
82.67999999999999  4.722257034735606
82.8  4.717388247990354
82.92  4.706010845511047
83.03999999999999  4.688183403824198
83.16  4.663975507735893
83.28  4.633467568544065
83.39999999999999  4.5967506231383135
83.52  4.553926114475691
83.64  4.505105653954892
83.75999999999999  4.45041076624392
83.88  4.389972617148383
84.0  4.323931725137753
84.11999999999999  4.252437657175484
84.24  4.175648709527019
84.36  4.093731574245406
84.47999999999999  4.006860992058608
84.6  3.915219392405783
84.72  3.818996521391075
84.84  3.71838905844293
84.96  3.6136002224849904
85.08  3.504839368441159
85.2  3.3923215749113913
85.32  3.276267223868042
85.44  3.156901573233119
85.56  3.0344543232065524
85.67999999999999  2.909159177222045
85.8  2.7812533984137353
85.92  2.6509773624795128
86.03999999999999  2.518574107829676
86.16  2.384288883908938
86.28  2.2483686985788296
86.39999999999999  2.111061865443272
86.52  1.972617551995334
86.64  1.8332853294561209
86.75999999999999  1.6933147251674412
86.88  1.5529547783900497
87.0  1.4124536003468182
87.11999999999999  1.272057939335984
87.24  1.132012751724925
87.36  0.9925607796171942
87.47999999999999  0.853942135967261
87.6  0.7163938978976059
87.72  0.580149708950837
87.84  0.44543939098705243
87.96  0.312488566412209
88.08  0.18151829139787212
88.2  0.0527447007263071
88.32  0.0
88.44  0.0
88.56  0.0
88.67999999999999  0.0
88.8  0.0
88.92  0.0
89.03999999999999  0.0
89.16  0.0
89.28  0.0
89.39999999999999  0.0
89.52  0.0
89.64  0.0
89.75999999999999  0.0
89.88  0.0
90.0  0.0
90.11999999999999  0.0
90.24  0.0
90.36  0.0
90.47999999999999  0.0
90.6  0.0
90.72  0.0
90.84  0.0
90.96  0.0
91.08  0.0
91.2  0.0
91.32  0.0
91.44  0.0
91.56  0.0
91.67999999999999  0.0
91.8  0.0
91.92  0.0
92.03999999999999  0.0
92.16  0.0
92.28  0.0
92.39999999999999  0.0
92.52  0.0
92.64  0.0
92.75999999999999  0.0
92.88  0.0
93.0  0.0
93.11999999999999  0.0
93.24  0.0
93.36  0.0
93.47999999999999  0.0
93.6  0.0
93.72  0.0
93.84  0.0
93.96  0.0
94.08  0.0
94.2  0.0
94.32  0.0
94.44  0.0
94.56  0.0
94.67999999999999  0.0
94.8  0.0
94.92  0.0
95.03999999999999  0.0
95.16  0.0
95.28  0.00784342538343763
95.39999999999999  0.12441471717779784
95.52  0.24261336567244607
95.64  0.362278531181087
95.75999999999999  0.4832499312779035
95.88  0.6053681257264178
96.0  0.7284747948130841
96.11999999999999  0.8524130105508239
96.24  0.977027500238989
96.36  1.1021649018882143
96.47999999999999  1.2276740110426996
96.6  1.3534060185560224
96.72  1.479214738901736
96.84  1.6049568286263594
96.96  1.730491994578381
97.08  1.855683191574356
97.2  1.9803968091910096
97.32  2.1045028474007537
97.44  2.2278750807964256
97.56  2.3503912111808
97.67999999999999  2.471933008325466
97.8  2.592386438733901
97.92  2.7116417822731327
98.03999999999999  2.8295937365686035
98.16  2.94614150908737
98.28  3.0611888968639676
98.39999999999999  3.1746443538543305
98.52  3.286421045932336
98.64  3.396436893573169
98.75999999999999  3.504614602297393
98.88  3.6108816809784794
99.0  3.7151704481443546
99.11999999999999  3.817418026432962
99.24  3.9175663253878197
99.36  4.015562012807412
99.47999999999999  4.111356474887998
99.6  4.204905765424959
99.72  4.296170544362328
99.84  4.385116006004287
99.96  4.471711797224682
100.08  4.555931926033455
100.2  4.637754660878588
100.32  4.71716242108362
100.44  4.794141658838134
100.56  4.868682733177114
100.67999999999999  4.940779776401613
100.8  5.010430553408218
100.92  5.0776363144086645
101.03999999999999  5.142401641534922
101.16  5.204734289834923
101.28  5.2646450231759045
101.39999999999999  5.322147445580603
101.52  5.377257828528676
101.64  5.429994934763059
101.75999999999999  5.480379839144778
101.88  5.528435747103852
102.0  5.574187811235722
102.11999999999999  5.6176629465935655
102.24  5.658889645226117
102.36  5.697897790508491
102.47999999999999  5.734718471810486
102.6  5.769383800041747
102.72  5.801926724607103
102.83999999999999  5.8323808522985665
102.96  5.860780268641085
103.08  5.887159362199584
103.2  5.911552652343818
103.32  5.933994620954784
103.44  5.954519548542917
103.56  5.973161355234206
103.67999999999999  5.989953447063355
103.8  6.0049285679975855
103.92  6.018118658095698
104.03999999999999  6.029554718188615
104.16  6.039266681447905
104.28  6.0472832921877195
104.39999999999999  6.053631992224411
104.52  6.058338815095638
104.64  6.061428288417724
104.75999999999999  6.062923344636484
104.88  6.062845240402465
105.0  6.061213484776488
105.11999999999999  6.0580457764464715
105.24  6.053357950110463
105.36  6.047163932154947
105.47999999999999  6.039475705730973
105.6  6.0303032853042655
105.72  6.019654700728501
105.83999999999999  6.007535990864223
105.96  5.993951206738989
106.08  5.978902424217446
106.2  5.962389766123294
106.32  5.944411433728547
106.44  5.9249637474991985
106.56  5.904041196960128
106.67999999999999  5.88163649951678
106.8  5.857740668045478
106.92  5.832343087039531
107.03999999999999  5.8054315970745405
107.16  5.77699258733163
107.28  5.747011095895575
107.39999999999999  5.715470917521534
107.52  5.6823547185431105
107.64  5.647644158573802
107.75999999999999  5.611320018633858
107.88  5.573362335315739
108.0  5.533750540583945
108.11999999999999  5.492463606787304
108.24  5.449480196446656
108.36  5.40477881636592
108.47999999999999  5.358337975600892
108.6  5.3101363468075915
108.72  5.260152930481358
108.83999999999999  5.20836722158707
108.96  5.154759378072679
109.08  5.0993103907509365
109.2  5.042002254027372
109.32  4.982818136948527
109.44  4.921742554040421
109.56  4.858761535405495
109.67999999999999  4.79386279554494
109.8  4.7270359003744415
109.92  4.658272431903046
110.03999999999999  4.5875661500477065
110.16  4.514913151061924
110.28  4.440312022061039
110.39999999999999  4.363763991135645
110.52  4.285273072552681
110.64  4.2048462065527925
110.75999999999999  4.12249339326555
110.88  4.038227820274668
111.0  3.9520659833801886
111.11999999999999  3.8640278001195334
111.24  3.774136715624219
111.36  3.6824198004078688
111.47999999999999  3.588907839697754
111.6  3.4936354139427293
111.72  3.396640970150087
111.83999999999999  3.2979668837253
111.96  3.197659510510503
112.08  3.095769228741794
112.2  2.9923504706675703
112.32  2.887461743596395
112.44  2.781165640167146
112.56  2.6735288376611983
112.67999999999999  2.564622086201636
112.8  2.4545201857131045
112.92  2.3433019515426077
113.03999999999999  2.231050168669587
113.16  2.1178515344621784
113.28  2.003796589965453
113.39999999999999  1.8889796397351513
113.52  1.7734986602606846
113.64  1.6574551970493616
113.75999999999999  1.540954250472973
113.88  1.4241041505068128
114.0  1.3070164205202996
114.11999999999999  1.1898056303063957
114.24  1.0725892385657747
114.36  0.9554874250898104
114.47999999999999  0.8386229129133043
114.6  0.7221207807359771
114.72  0.6061082659373902
114.83999999999999  0.4907145585366146
114.96  0.37607058647285996
115.08  0.2623087926080454
115.19999999999999  0.14956290387598048
115.32  0.03796769302577285
115.44  0.0
115.56  0.0
115.67999999999999  0.0
115.8  0.0
115.92  0.0
116.03999999999999  0.0
116.16  0.0
116.28  0.0
116.39999999999999  0.0
116.52  0.0
116.64  0.0
116.75999999999999  0.0
116.88  0.0
117.0  0.0
117.11999999999999  0.0
117.24  0.0
117.36  0.0
117.47999999999999  0.0
117.6  0.0
117.72  0.0
117.83999999999999  0.0
117.96  0.0
118.08  0.0
118.19999999999999  0.0
118.32  0.0
118.44  0.0
118.56  0.0
118.67999999999999  0.0
118.8  0.0
118.92  0.0
119.03999999999999  0.0
119.16  0.0
119.28  0.0
119.39999999999999  0.0
119.52  0.0
119.64  0.0
119.75999999999999  0.0
119.88  0.0
120.0  0.0
