0.0  160.531530793458
1.68  113.32597305007442
3.36  18.997851896266475
5.04  110.80566136043348
6.72  235.41258572617403
8.4  112.80796272987286
10.08  0.0
11.76  0.0
13.44  0.0
15.12  42.72964806058384
16.8  0.0
18.48  0.0
20.16  92.1013391983996
21.84  181.83921378023837
23.52  111.37997047235531
25.2  0.0
26.88  0.0
28.56  0.0
30.24  0.0
31.919999999999998  22.592097384980406
33.6  0.0
35.28  0.0
36.96  108.31609118668277
38.64  174.6093139112299
40.32  12.754874237875661
42.0  0.0
43.68  0.0
45.36  95.24375038486357
47.04  64.84859214926675
48.72  0.0
50.4  0.0
52.08  71.54569905277168
53.76  104.02546618763465
55.44  0.0
57.12  0.0
58.8  0.0
60.48  118.88026983755573
62.16  99.68543456056821
63.839999999999996  0.0
65.52  0.0
67.2  0.0
68.88  7.621994257884653
70.56  0.0
72.24  0.0
73.92  0.0
75.6  100.49315844736743
77.28  215.14038149245562
78.96  89.51381072304272
80.64  0.0
82.32  0.0
84.0  52.12453062349611
85.67999999999999  0.0
87.36  0.0
89.03999999999999  0.0
90.72  92.01550255977506
92.39999999999999  203.0234546795207
94.08  91.33320895549369
95.75999999999999  0.0
97.44  44.61239114583002
99.11999999999999  67.15624592723636
100.8  0.0
102.47999999999999  0.0
104.16  0.0
105.83999999999999  0.0
107.52  107.1565041730218
109.2  142.2515372407221
110.88  67.43697258010093
112.56  30.449810958438352
114.24  87.81435733660301
115.92  74.51446352605075
117.6  0.0
119.28  0.0
120.96  0.0
122.64  101.14250424335087
124.32  122.14891932113096
126.0  0.0
127.67999999999999  5.489090695077893
129.35999999999999  147.87160226952517
131.04  126.32443042387476
132.72  0.0
134.4  0.0
136.07999999999998  0.0
137.76  57.84844264709176
139.44  47.67578868445814
141.12  0.0
142.79999999999998  0.0
144.48  51.78957170652443
146.16  88.32455287885428
147.84  22.998953700401525
149.51999999999998  0.0
151.2  0.0
152.88  48.66569736010085
154.56  115.11609013954653
156.23999999999998  0.0
157.92  0.0
159.6  0.0
161.28  97.22903463709224
162.96  54.35743184442439
164.64  0.0
166.32  0.0
168.0  140.86035404891908
