0.0  30.881097450302683
1.68  37.95564776049294
3.36  28.997075958138748
5.04  35.079398734355756
6.72  35.10525775583764
8.4  28.984957512756278
10.08  37.94758631338109
11.76  30.905055219952835
13.44  0.0
15.12  3.96740548442308
16.8  0.0
18.48  3.0507207375310035
20.16  0.29827691894654085
21.84  0.0
23.52  4.825468899057707
25.2  0.0
26.88  0.45878649090123935
28.56  2.924282406554016
30.24  0.0
31.919999999999998  4.05686035203901
33.6  0.0
35.28  0.0
36.96  4.564508419004919
38.64  0.0
40.32  1.9206788032974493
42.0  1.5950157091832593
43.68  0.0
45.36  4.6660325935109705
47.04  0.0
48.72  0.0
50.4  3.856906753636812
52.08  0.0
53.76  3.194630996283869
55.44  0.10967531415431919
57.12  0.0
58.8  4.818629419411682
60.48  0.0
62.16  0.6463150559763426
63.839999999999996  2.7719033516606073
65.52  0.0
67.2  4.155985721187112
68.88  0.0
70.56  0.0
72.24  4.499719095381342
73.92  0.0
75.6  2.0923537279168833
77.28  1.4156667554567577
78.96  0.0
80.64  4.710673568023952
82.32  0.0
84.0  0.0
85.67999999999999  3.7405072786471676
87.36  0.0
89.03999999999999  3.3336537372568893
90.72  0.0
92.39999999999999  0.0
94.08  4.804417840456249
95.75999999999999  0.0
97.44  0.832854813163747
99.11999999999999  2.615283516867771
100.8  0.0
102.47999999999999  4.248752780368112
104.16  0.0
105.83999999999999  0.0
107.52  4.428045578525962
109.2  0.0
110.88  2.2608275266289266
112.56  1.2341519501982074
114.24  0.0
115.92  4.748107606635653
117.6  0.0
119.28  0.0
120.96  3.618385140898928
122.64  0.0
124.32  3.467576267303806
126.0  0.0
127.67999999999999  0.0
129.35999999999999  4.7828559047166035
131.04  0.0
132.72  1.018120372263159
134.4  2.45466251740112
136.07999999999998  0.0
137.76  4.3350196037534765
139.44  0.0
141.12  0.0
142.79999999999998  4.349597522914909
144.48  0.0
146.16  2.4258424486361974
147.84  1.050748995852537
149.51999999999998  0.0
151.2  4.7782774384032205
152.88  0.0
154.56  0.0
156.23999999999998  3.490727177031701
157.92  0.0
159.6  3.596193696173458
161.28  0.0
162.96  0.0
164.64  4.753976600147918
166.32  0.0
168.0  1.201828292490744
