0.0  53.53729657216043
1.68  18.26860560882627
3.36  11.469173213091818
5.04  45.988537891529184
6.72  56.59215066380769
8.4  23.241349080448696
10.08  8.962336540321047
11.76  40.739530387628285
13.44  25.187191116436978
15.12  0.0
16.8  0.0
18.48  1.7984896645339798
20.16  25.895688829379907
21.84  1.0553250623446822
23.52  0.0
25.2  0.0
26.88  25.349996225852458
28.56  6.689999980864497
30.24  0.0
31.919999999999998  0.0
33.6  23.576542507395597
35.28  12.000662155468808
36.96  0.0
38.64  0.0
40.32  20.661220290925286
42.0  16.73010348030985
43.68  0.0
45.36  0.0
47.04  16.745225623296154
48.72  20.649265769254132
50.4  0.0
52.08  0.0
53.76  12.018219518117675
55.44  23.568334593195004
57.12  0.0
58.8  0.0
60.48  6.7091422179941365
62.16  25.34593244809254
63.839999999999996  0.0
65.52  0.0
67.2  1.0751250695017216
68.88  25.895966006563825
70.56  1.7787202034778726
72.24  0.0
73.92  0.0
75.6  25.19179582420891
77.28  7.387205697268188
78.96  0.0
80.64  0.0
82.32  23.26752655179341
84.0  12.637911102166747
85.67999999999999  0.0
87.36  0.0
89.03999999999999  20.216355165217063
90.72  17.276532162478627
92.39999999999999  0.0
94.08  0.0
95.75999999999999  16.18605721245433
97.44  21.078409335298826
99.11999999999999  0.0
100.8  0.0
102.47999999999999  11.371829689350736
104.16  23.859408590983186
105.83999999999999  0.0
107.52  0.0
109.2  6.006837180967285
110.88  25.4848394658193
112.56  0.0
114.24  0.0
115.92  0.35091914151841763
117.6  25.875978444215484
119.28  2.5007234173273805
120.96  0.0
122.64  0.0
124.32  25.013881727366815
126.0  8.078630598262704
127.67999999999999  0.0
129.35999999999999  0.0
131.04  22.940302726864566
132.72  13.265270324084522
134.4  0.0
136.07999999999998  0.0
137.76  19.755669846834515
139.44  17.809441193586387
141.12  0.0
142.79999999999998  0.0
144.48  15.614222495463302
146.16  21.491058113126936
147.84  0.0
149.51999999999998  0.0
151.2  10.716540900544938
152.88  24.131811545553006
154.56  0.0
156.23999999999998  0.0
157.92  5.299831527989131
159.6  25.603803468728035
161.28  0.0
162.96  0.0
164.64  0.0
166.32  25.835741783487066
168.0  3.2207697044234305
