0.0  37.39903598456535
1.68  36.45414198878385
3.36  27.719577292973746
5.04  32.99718564991524
6.72  39.113832874501256
8.4  30.80210819979686
10.08  28.808428761043874
11.76  38.10910295260033
13.44  2.155920388691217
15.12  0.0
16.8  0.7435453708640458
18.48  5.476367500924321
20.16  0.0
21.84  0.0
23.52  5.325191637040499
25.2  1.1185123499957266
26.88  0.0
28.56  1.798227417781495
30.24  4.988024149219972
31.919999999999998  0.0
33.6  0.0
35.28  5.695487521464948
36.96  0.04348035219908697
38.64  0.0
40.32  2.7924215900487503
42.0  4.331896135516493
43.68  0.0
45.36  0.0
47.04  5.874201444751781
48.72  0.0
50.4  0.0
52.08  3.6926856812600577
53.76  3.5300539658326673
55.44  0.0
57.12  0.0
58.8  5.855321917317918
60.48  0.0
62.16  0.0
63.839999999999996  4.4687370581050265
65.52  2.609469606099816
67.2  0.0
68.88  0.2492944254640177
70.56  5.639483999266204
72.24  0.0
73.92  0.0
75.6  5.094471292444897
77.28  1.6011092126593205
78.96  0.0
80.64  1.3199303286111306
82.32  5.233947938551248
84.0  0.0
85.67999999999999  0.0
87.36  5.548840249012236
89.03999999999999  0.5388915081807935
90.72  0.0
92.39999999999999  2.346167075414331
94.08  4.652354954389313
95.75999999999999  0.0
97.44  0.0
99.11999999999999  5.8165600920596825
100.8  0.0
102.47999999999999  0.0
104.16  3.2934846273689833
105.83999999999999  3.9142683807478065
107.52  0.0
109.2  0.0
110.88  5.8886253953839125
112.56  0.0
114.24  0.0
115.92  4.13001759038189
117.6  3.044515604700133
119.28  0.0
120.96  0.0
122.64  5.762612062348975
124.32  0.0
126.0  0.0
127.67999999999999  4.827627086963487
129.35999999999999  2.0723529351948917
131.04  0.0
132.72  0.8322738816522111
134.4  5.442758866436755
136.07999999999998  0.0
137.76  0.0
139.44  5.3628472777173
141.12  1.0304814939650844
142.79999999999998  0.0
144.48  1.8832763667213335
146.16  4.939824869504213
147.84  0.0
149.51999999999998  0.0
151.2  5.7176746935112135
152.88  0.0
154.56  0.0
156.23999999999998  2.870930143125781
157.92  4.270727513840878
159.6  0.0
161.28  0.0
162.96  5.880173827169249
164.64  0.0
166.32  0.0
168.0  3.7620130070251596
