0.0  14.288503102692369  100.0
0.12  14.207187801986489
0.24  14.121452565678402
0.36  14.031324066479735
0.48  13.936830343870785
0.6  13.838000795377262
0.72  13.734866167424574
0.84  13.627458545772424
0.96  13.515811345532759
1.08  13.39995930077415
1.2  13.279938453715806
1.3199999999999998  13.155786143514668
1.44  13.027540994648959
1.56  12.895242904901917
1.68  12.758933032949354
1.7999999999999998  12.618653785554976
1.92  12.47444880437738
2.04  12.326362952392918
2.16  12.174442299938558
2.28  12.018734110379143
2.4  11.859286825403496
2.52  11.696150049953943
2.6399999999999997  11.529374536793942
2.76  11.359012170718596
2.88  11.185115952413028
3.0  11.00773998196355
3.12  10.826939442026832
3.2399999999999998  10.642770580662276
3.36  10.45529069383292
3.48  10.264558107580346
3.5999999999999996  10.070632159879114
3.7199999999999998  9.873573182176413
3.84  9.673442480622576
3.96  9.470302316998417
4.08  9.264215889345234
4.2  9.055247312303548
4.32  8.843461597166677
4.4399999999999995  8.628924631655357
4.56  8.411703159419705
4.68  8.19186475927491
4.8  7.969477824177057
4.92  7.744611539945723
5.04  7.517335863739861
5.16  7.287721502293755
5.279999999999999  7.055839889919745
5.3999999999999995  6.82176316628462
5.52  6.585564153966558
5.64  6.347316335799623
5.76  6.10709383201284
5.88  5.864971377170973
6.0  5.621024296924194
6.12  5.375328484573841
6.24  5.12796037746159
6.359999999999999  4.878996933189381
6.4799999999999995  4.628515605677459
6.6  4.376594321068042
6.72  4.123311453482055
6.84  3.868745800636503
6.96  3.6129765593300687
7.08  3.3560833008045248
7.199999999999999  3.0981459459896974
7.319999999999999  2.8392447406396077
7.4399999999999995  2.579460230367573
7.56  2.318873235588004
7.68  2.05756482637274
7.8  1.7956162972296843
7.92  1.5331091418116296
8.04  1.2701250275631324
8.16  1.0067457703132954
8.28  0.743053308822442
8.4  0.47912967929046335
8.52  0.21505698983494437
8.64  0.0
8.76  0.0
8.879999999999999  0.0
9.0  0.0
9.12  0.0
9.24  0.0
9.36  0.0
9.48  0.0
9.6  0.0
9.719999999999999  0.0
9.84  0.0
9.959999999999999  0.0
10.08  0.0
10.2  0.0
10.32  0.0
10.44  0.0
10.559999999999999  0.0
10.68  0.0
10.799999999999999  0.0
10.92  0.0
11.04  0.0
11.16  0.0
11.28  0.0
11.4  0.0
11.52  0.0
11.639999999999999  0.0
11.76  0.0
11.879999999999999  0.0
12.0  0.0
12.12  0.0
12.24  0.0
12.36  0.0
12.48  0.0
12.6  0.0
12.719999999999999  0.0
12.84  0.0
12.959999999999999  0.0
13.08  0.0
13.2  0.0
13.32  0.0
13.44  0.0
13.559999999999999  0.0
13.68  0.0
13.799999999999999  0.0
13.92  0.0
14.04  0.0
14.16  0.0
14.28  0.0
14.399999999999999  0.0
14.52  0.0
14.639999999999999  0.0
14.76  0.0
14.879999999999999  0.0
15.0  0.0
15.12  0.0
15.24  0.0
15.36  0.0
15.479999999999999  0.0
15.6  0.0
15.719999999999999  0.0
15.84  0.0
15.959999999999999  0.0
16.08  0.0
16.2  0.0
16.32  0.0
16.439999999999998  0.0
16.56  0.0
16.68  0.0
16.8  0.0
16.919999999999998  0.0
17.04  0.0
17.16  0.0
17.28  0.0
17.4  0.0
17.52  0.0
17.64  0.0
17.759999999999998  0.0
17.88  0.0
18.0  0.0
18.12  0.0
18.24  0.0
18.36  0.0
18.48  0.0
18.599999999999998  0.0
18.72  0.0
18.84  0.0
18.96  0.0
19.08  0.0
19.2  0.0
19.32  0.0
19.439999999999998  0.0
19.56  0.0
19.68  0.0
19.8  0.0
19.919999999999998  0.0
20.04  0.0
20.16  0.0
20.279999999999998  0.0
20.4  0.0
20.52  0.0
20.64  0.0
20.759999999999998  0.0
20.88  0.0
21.0  0.0
21.119999999999997  0.0
21.24  0.0
21.36  0.0
21.48  0.0
21.599999999999998  0.0
21.72  0.0
21.84  0.0
21.96  0.0
22.08  0.0
22.2  0.0
22.32  0.0
22.439999999999998  0.0
22.56  0.0
22.68  0.0
22.8  0.0
22.919999999999998  0.0
23.04  0.0
23.16  0.0
23.279999999999998  0.0
23.4  0.0
23.52  0.0
23.64  0.0
23.759999999999998  0.0
23.88  0.0
24.0  0.0
24.119999999999997  0.0
24.24  0.0
24.36  0.0
24.48  0.0
24.599999999999998  0.0
24.72  0.0
24.84  0.0
24.96  0.0
25.08  0.0
25.2  0.0
25.32  0.0
25.439999999999998  0.0
25.56  0.0
25.68  0.0
25.8  0.0
25.919999999999998  0.0
26.04  0.0
26.16  0.0
26.279999999999998  0.0
26.4  0.0
26.52  0.0
26.64  0.0
26.759999999999998  0.0
26.88  0.0
27.0  0.0
27.119999999999997  0.0
27.24  0.0
27.36  0.0
27.48  0.0
27.599999999999998  0.0
27.72  0.0
27.84  0.0
27.959999999999997  0.0
28.08  0.0
28.2  0.0
28.32  0.0
28.439999999999998  0.0
28.56  0.0
28.68  0.0
28.799999999999997  0.0
28.919999999999998  0.0
29.04  0.0
29.16  0.0
29.279999999999998  0.0
29.4  0.0
29.52  0.0
29.64  0.0
29.759999999999998  0.0
29.88  0.0
30.0  0.0198067035863021
30.119999999999997  0.2839367701881317
30.24  0.5479785024723736
30.36  0.8118497555790398
30.48  1.075468437685144
30.599999999999998  1.33875253554395
30.72  1.6016201399997771
30.84  1.8639894714703749
30.959999999999997  2.125778905388965
31.08  2.386906997598196
31.2  2.647292509687767
31.32  2.9068544342682596
31.439999999999998  3.1655120201728844
31.56  3.4231847975797143
31.68  3.6797926030462524
31.799999999999997  3.935255604448691
31.919999999999998  4.189494325818225
32.04  4.442429672066362
32.16  4.693982953591942
32.28  4.944075910761883
32.4  5.192630738258105
32.519999999999996  5.439570109283345
32.64  5.684817199617879
32.76  5.92829571151993
32.879999999999995  6.169929897462408
33.0  6.40964458369834
33.12  6.647365193647816
33.24  6.883017771099263
33.36  7.116529003217538
33.48  7.347826243352047
33.6  7.576837533637498
33.72  7.803491627380313
33.839999999999996  8.027718011224021
33.96  8.249446927086261
34.08  8.468609393860905
34.199999999999996  8.685137228878526
34.32  8.898963069118372
34.44  9.110020392165353
34.56  9.318243536905603
34.68  9.523567723953956
34.8  9.725929075807196
34.92  9.925264636716747
35.04  10.121512392274475
35.16  10.314611288705802
35.28  10.504501251863832
35.4  10.691123205918739
35.519999999999996  10.874419091736634
35.64  11.05433188494207
35.76  11.2308056136586
35.879999999999995  11.403785375922011
36.0  11.57321735676061
36.12  11.739048844937296
36.24  11.901228249348435
36.36  12.059705115074047
36.48  12.214430139074672
36.6  12.365355185529793
36.72  12.512433300813152
36.839999999999996  12.655618728100315
36.96  12.794866921603855
37.08  12.930134560431792
37.199999999999996  13.061379562064989
37.32  13.188561095449234
37.44  13.311639593698006
37.559999999999995  13.430576766401995
37.68  13.545335611541422
37.8  13.655880426997577
37.92  13.762176821659981
38.04  13.864191726125604
38.16  13.96189340298699
38.28  14.055251456705914
38.4  14.144236843069596
38.519999999999996  14.228821878226542
38.64  14.308980247299145
38.76  14.384687012570357
38.879999999999995  14.45591862124199
39.0  14.522652912762117
39.12  14.584869125719312
39.24  14.64254790430169
39.36  14.695671304318557
39.48  14.744222798782996
39.6  14.78818728305348
39.72  14.827551079532999
39.839999999999996  14.862301941924265
39.96  14.892429059039591
40.08  14.9179230581643
40.199999999999996  14.938776007972653
40.32  14.954981420995312
40.44  14.96653425563762
40.559999999999995  14.9734309177481
40.68  14.975669261736591
40.8  14.973248591241747
40.92  14.96616965934771
41.04  14.954434668349787
41.16  14.938047269069328
41.28  14.917012559717918
41.4  14.89133708431131
41.519999999999996  14.861028830633538
41.64  14.826097227751866
41.76  14.786553143083365
41.879999999999995  14.742408879013992
42.0  14.693678169071239
42.12  14.640376173651587
42.239999999999995  14.582519475303986
42.36  14.520126073570946
42.48  14.453215379388789
42.6  14.38180820904878
42.72  14.30592677772108
42.839999999999996  14.22559469254346
42.96  14.140836945277005
43.08  14.051679904531046
43.199999999999996  13.958151307559708
43.32  13.860280251632718
43.44  13.758097184983091
43.559999999999995  13.651633897334484
43.68  13.540923510011249
43.8  13.42600046563422
43.92  13.306900517405388
44.04  13.183660717984921
44.16  13.056319407963834
44.28  12.924916203936036
44.4  12.789491986173386
44.519999999999996  12.650088885907628
44.64  12.50675027222308
44.76  12.359520738564322
44.879999999999995  12.208446088862901
45.0  12.05357332328746
45.12  11.894950623621765
45.239999999999995  11.73262733827503
45.36  11.566653966929382
45.48  11.397082144829136
45.6  11.223964626716736
45.72  11.04735527042054
45.839999999999996  10.867309020099258
45.96  10.683881889148555
46.08  10.497130942775005
46.199999999999996  10.30711428024273
46.32  10.113891016798416
46.44  9.91752126528025
46.559999999999995  9.718066117416447
46.68  9.515587624819272
46.8  9.310148779680492
46.92  9.101813495174046
47.04  8.890646585572448
47.16  8.676713746082548
47.28  8.460081532407472
47.4  8.240817340040786
47.519999999999996  8.018989383299322
47.64  7.794666674101345
47.76  7.5679190004966035
47.879999999999995  7.338816904954802
48.0  7.107431662419472
48.12  6.873835258134012
48.239999999999995  6.638100365246542
48.36  6.400300322200966
48.48  6.160509109920983
48.6  5.918801328794134
48.72  5.675252175463303
48.839999999999996  5.429937419432523
48.96  5.182933379494713
49.08  4.934316899988494
49.199999999999996  4.684165326891424
49.32  4.432556483757255
49.44  4.1795686475046665
49.559999999999995  3.9252805240647444
49.68  3.6697712238952005
49.8  3.413120237368698
49.92  3.155407410042863
50.04  2.896712917819982
50.16  2.637117242003748
50.28  2.3767011442611077
50.4  2.115545641496899
50.519999999999996  1.8537319806489618
50.64  1.5913416134117808
50.76  1.3284561708965033
50.879999999999995  1.0651574382348894
51.0  0.8015273291355873
51.12  0.5376478604003472
51.239999999999995  0.27360112640805845
51.36  0.009469273574767456
51.48  0.0
51.6  0.0
51.72  0.0
51.839999999999996  0.0
51.96  0.0
52.08  0.0
52.199999999999996  0.0
52.32  0.0
52.44  0.0
52.559999999999995  0.0
52.68  0.0
52.8  0.0
52.919999999999995  0.0
53.04  0.0
53.16  0.0
53.28  0.0
53.4  0.0
53.519999999999996  0.0
53.64  0.0
53.76  0.0
53.879999999999995  0.0
54.0  0.0
54.12  0.0
54.239999999999995  0.0
54.36  0.0
54.48  0.0
54.6  0.0
54.72  0.0
54.839999999999996  0.0
54.96  0.0
55.08  0.0
55.199999999999996  0.0
55.32  0.0
55.44  0.0
55.559999999999995  0.0
55.68  0.0
55.8  0.0
55.919999999999995  0.0
56.04  0.0
56.16  0.0
56.28  0.0
56.4  0.0
56.519999999999996  0.0
56.64  0.0
56.76  0.0
56.879999999999995  0.0
57.0  0.0
57.12  0.0
57.239999999999995  0.0
57.36  0.0
57.48  0.0
57.599999999999994  0.0
57.72  0.0
57.839999999999996  0.0
57.96  0.0
58.08  0.0
58.199999999999996  0.0
58.32  0.0
58.44  0.0
58.559999999999995  0.0
58.68  0.0
58.8  0.0
58.919999999999995  0.0
59.04  0.0
59.16  0.0
59.28  0.0
59.4  0.0
59.519999999999996  0.0
59.64  0.0
59.76  0.0
59.879999999999995  0.0
60.0  0.0
60.12  0.0
60.239999999999995  0.0
60.36  0.0
60.48  0.0
60.599999999999994  0.0
60.72  0.0
60.839999999999996  0.0
60.96  0.0
61.08  0.0
61.199999999999996  0.0
61.32  0.0
61.44  0.0
61.559999999999995  0.0
61.68  0.0
61.8  0.0
61.919999999999995  0.0
62.04  0.0
62.16  0.0
62.28  0.0
62.4  0.0
62.519999999999996  0.0
62.64  0.0
62.76  0.0
62.879999999999995  0.0
63.0  0.0
63.12  0.0
63.239999999999995  0.0
63.36  0.0
63.48  0.0
63.599999999999994  0.0
63.72  0.0
63.839999999999996  0.0
63.96  0.0
64.08  0.0
64.2  0.0
64.32  0.0
64.44  0.0
64.56  0.0
64.67999999999999  0.0
64.8  0.0
64.92  0.0
65.03999999999999  0.0
65.16  0.0
65.28  0.0
65.39999999999999  0.0
65.52  0.0
65.64  0.0
65.75999999999999  0.0
65.88  0.0
66.0  0.0
66.12  0.0
66.24  0.0
66.36  0.0
66.48  0.0
66.6  0.0
66.72  0.0
66.84  0.0
66.96  0.0
67.08  0.0
67.2  0.0
67.32  0.0
67.44  0.0
67.56  0.0
67.67999999999999  0.0
67.8  0.0
67.92  0.0
68.03999999999999  0.0
68.16  0.0
68.28  0.0
68.39999999999999  0.0
68.52  0.0
68.64  0.0
68.75999999999999  0.0
68.88  0.0
69.0  0.0
69.12  0.0
69.24  0.0
69.36  0.0
69.48  0.0
69.6  0.0
69.72  0.0
69.84  0.0
69.96  0.0
70.08  0.0
70.2  0.0
70.32  0.0
70.44  0.0
70.56  0.0
70.67999999999999  0.0
70.8  0.0
70.92  0.0
71.03999999999999  0.0
71.16  0.0
71.28  0.0
71.39999999999999  0.0
71.52  0.0
71.64  0.0
71.75999999999999  0.0
71.88  0.0
72.0  0.0
72.11999999999999  0.0
72.24  0.0
72.36  0.0
72.48  0.0
72.6  0.0
72.72  0.0
72.84  0.22539330697571014
72.96  0.4894617073803107
73.08  0.7533778335096799
73.2  1.017059579580517
73.32  1.2804249127265712
73.44  1.5433918985193986
73.56  1.8058787264586722
73.67999999999999  2.0678037354237517
73.8  2.3290854390792073
73.92  2.5896425512253076
74.03999999999999  2.849394011086897
74.16  3.108259008531725
74.28  3.366157009210986
74.39999999999999  3.6230077796138995
74.52  3.878731412028959
74.64  4.133248349403592
74.75999999999999  4.386479410094701
74.88  4.638345812502798
75.0  4.888769199581039
75.11999999999999  5.137671663212826
75.24  5.384975768449329
75.36  5.63060457759998
75.48  5.874481674168145
75.6  6.116531186624747
75.72  6.356677812012503
75.84  6.594846839372766
75.96  6.830964172988798
76.08  7.064956355437239
76.2  7.296750590441165
76.32  7.526274765517307
76.44  7.753457474410903
76.56  7.978228039310274
76.67999999999999  8.200516532835241
76.8  8.420253799792043
76.92  8.63737147868762
77.03999999999999  8.851802022997504
77.16  9.06347872217981
77.28  9.272335722429286
77.39999999999999  9.478308047164724
77.52  9.681331617243737
77.64  9.881343270897872
77.75999999999999  10.078280783382809
77.88  10.272082886336708
78.0  10.462689286841213
78.11999999999999  10.650040686178802
78.24  10.834078798281093
78.36  11.014746367861894
78.48  11.191987188229595
78.6  11.365746118773481
78.72  11.535969102118234
78.84  11.702603180941498
78.96  11.865596514449129
79.08  12.024898394503328
79.2  12.18045926139802
79.32  12.332230719277256
79.44  12.480165551191519
79.56  12.62421773378699
79.67999999999999  12.764342451623826
79.8  12.90049611111843
79.92  13.032636354105689
80.03999999999999  13.160722071016755
80.16  13.28471341366862
80.28  13.404571807660934
80.39999999999999  13.520259964376798
80.52  13.631741892583529
80.64  13.738982909629582
80.75999999999999  13.841949652234643
80.88  13.940610086869079
81.0  14.034933519719761
81.11999999999999  14.124890606239047
81.24  14.21045336027412
81.36  14.291595162773525
81.48  14.368290770068606
81.6  14.440516321726864
81.72  14.508249347975154
81.84  14.571468776690102
81.96  14.630154939953762
82.08  14.684289580172464
82.2  14.733855855756788
82.32  14.77883834636112
82.44  14.819223057680997
82.56  14.854997425806811
82.67999999999999  14.886150321132499
82.8  14.91267205181807
82.92  14.93455436680473
83.03999999999999  14.951790458381874
83.16  14.964374964304996
83.28  14.972303969463898
83.39999999999999  14.975575007100725
83.52  14.974187059577366
83.64  14.96814055869206
83.75999999999999  14.95743738554506
83.88  14.942080869953404
84.0  14.922075789414999
84.11999999999999  14.897428367622318
84.24  14.868146272526149
84.36  14.834238613950099
84.47999999999999  14.795715940756425
84.6  14.752590237564267
84.72  14.704874921021128
84.84  14.652584835628922
84.96  14.59573624912573
85.08  14.53434684742483
85.2  14.468435729112507
85.32  14.398023399506393
85.44  14.323131764276123
85.56  14.243784122628362
85.67999999999999  14.160005160058335
85.8  14.071820940669932
85.92  13.979258899067146
86.03999999999999  13.882347831818917
86.16  13.781117888500402
86.28  13.675600562313246
86.39999999999999  13.565828680287943
86.52  13.451836393071023
86.64  13.33365916430075
86.75999999999999  13.21133375957412
86.88  13.084898235008799
87.0  12.954391925403815
87.11999999999999  12.819855432002145
87.24  12.681330609859504
87.36  12.53886055482297
87.47999999999999  12.392489590123708
87.6  12.242263252587597
87.72  12.088228278468659
87.84  11.930432588909056
87.96  11.768925275030519
88.08  11.603756582661898
88.2  11.434977896707341
88.32  11.262641725160279
88.44  11.086801682767678
88.56  10.907512474350456
88.67999999999999  10.724829877784305
88.8  10.538810726646945
88.92  10.349512892536954
89.03999999999999  10.15699526706946
89.16  9.96131774355472
89.28  9.762541198364923
89.39999999999999  9.560727471995328
89.52  9.355939349825094
89.64  9.148240542584709
89.75999999999999  8.937695666534982
89.88  8.724370223364668
90.0  8.508330579812483
90.11999999999999  8.289643947020167
90.24  8.06837835962245
90.36  7.84460265458141
90.47999999999999  7.618386449770762
90.6  7.38980012231722
90.72  7.158914786706062
90.84  6.92580227265676
90.96  6.690535102776569
91.08  6.453186469998061
91.2  6.213830214808701
91.32  5.972540802278521
91.44  5.72939329889347
91.56  5.484463349202124
91.67999999999999  5.23782715228198
91.8  4.98956143803362
91.92  4.7397434433095516
92.03999999999999  4.488450887885528
92.16  4.235761950281206
92.28  3.981755243438728
92.39999999999999  3.7265097902655167
92.52  3.4701049990499064
92.64  3.2126206387568623
92.75999999999999  2.9541368142112483
92.88  2.694733941176876
93.0  2.434492721338655
93.11999999999999  2.1734941171959843
93.24  1.9118193268745687
93.36  1.6495497588656018
93.47999999999999  1.3867670066988378
93.6  1.1235528235585202
93.72  0.8599890968494543
93.84  0.5961578227214579
93.96  0.33214108055987523
94.08  0.06802100745003337
94.2  0.0
94.32  0.0
94.44  0.0
94.56  0.0
94.67999999999999  0.0
94.8  0.0
94.92  0.0
95.03999999999999  0.0
95.16  0.0
95.28  0.0
95.39999999999999  0.0
95.52  0.0
95.64  0.0
95.75999999999999  0.0
95.88  0.0
96.0  0.0
96.11999999999999  0.0
96.24  0.0
96.36  0.0
96.47999999999999  0.0
96.6  0.0
96.72  0.0
96.84  0.0
96.96  0.0
97.08  0.0
97.2  0.0
97.32  0.0
97.44  0.0
97.56  0.0
97.67999999999999  0.0
97.8  0.0
97.92  0.0
98.03999999999999  0.0
98.16  0.0
98.28  0.0
98.39999999999999  0.0
98.52  0.0
98.64  0.0
98.75999999999999  0.0
98.88  0.0
99.0  0.0
99.11999999999999  0.0
99.24  0.0
99.36  0.0
99.47999999999999  0.0
99.6  0.0
99.72  0.0
99.84  0.0
99.96  0.0
100.08  0.0
100.2  0.0
100.32  0.0
100.44  0.0
100.56  0.0
100.67999999999999  0.0
100.8  0.0
100.92  0.0
101.03999999999999  0.0
101.16  0.0
101.28  0.0
101.39999999999999  0.0
101.52  0.0
101.64  0.0
101.75999999999999  0.0
101.88  0.0
102.0  0.0
102.11999999999999  0.0
102.24  0.0
102.36  0.0
102.47999999999999  0.0
102.6  0.0
102.72  0.0
102.83999999999999  0.0
102.96  0.0
103.08  0.0
103.2  0.0
103.32  0.0
103.44  0.0
103.56  0.0
103.67999999999999  0.0
103.8  0.0
103.92  0.0
104.03999999999999  0.0
104.16  0.0
104.28  0.0
104.39999999999999  0.0
104.52  0.0
104.64  0.0
104.75999999999999  0.0
104.88  0.0
105.0  0.0
105.11999999999999  0.0
105.24  0.0
105.36  0.0
105.47999999999999  0.0
105.6  0.0
105.72  0.0
105.83999999999999  0.0
105.96  0.0
106.08  0.0
106.2  0.0
106.32  0.0
106.44  0.0
106.56  0.0
106.67999999999999  0.0
106.8  0.0
106.92  0.0
107.03999999999999  0.0
107.16  0.0
107.28  0.0
107.39999999999999  0.0
107.52  0.0
107.64  0.0
107.75999999999999  0.0
107.88  0.0
108.0  0.0
108.11999999999999  0.0
108.24  0.0
108.36  0.0
108.47999999999999  0.0
108.6  0.0
108.72  0.0
108.83999999999999  0.0
108.96  0.0
109.08  0.0
109.2  0.0
109.32  0.0
109.44  0.0
109.56  0.0
109.67999999999999  0.0
109.8  0.0
109.92  0.0
110.03999999999999  0.0
110.16  0.0
110.28  0.0
110.39999999999999  0.0
110.52  0.0
110.64  0.0
110.75999999999999  0.0
110.88  0.0
111.0  0.0
111.11999999999999  0.0
111.24  0.0
111.36  0.0
111.47999999999999  0.0
111.6  0.0
111.72  0.0
111.83999999999999  0.0
111.96  0.0
112.08  0.0
112.2  0.0
112.32  0.0
112.44  0.0
112.56  0.0
112.67999999999999  0.0
112.8  0.0
112.92  0.0
113.03999999999999  0.0
113.16  0.0
113.28  0.0
113.39999999999999  0.0
113.52  0.0
113.64  0.0
113.75999999999999  0.0
113.88  0.0
114.0  0.0
114.11999999999999  0.0
114.24  0.0
114.36  0.0
114.47999999999999  0.0
114.6  0.0
114.72  0.0
114.83999999999999  0.0
114.96  0.0
115.08  0.0
115.19999999999999  0.0
115.32  0.0
115.44  0.0
115.56  0.16684639827390502
115.67999999999999  0.43093743010023244
115.8  0.6948943948813828
115.92  0.95863517412895
116.03999999999999  1.222077716611052
116.16  1.485140063879094
116.28  1.7477403757651806
116.39999999999999  2.0097969558432087
116.52  2.2712282768452385
116.64  2.531953006024718
116.75999999999999  2.791890030459976
116.88  3.050958482288529
117.0  3.3090777638656994
117.11999999999999  3.566167572839137
117.24  3.8221479271309677
117.36  4.076939189821086
117.47999999999999  4.330462093922227
117.6  4.5826377670407865
117.72  4.833387755914098
117.83999999999999  5.082634050817841
117.96  5.330299109835455
118.08  5.576305882981554
118.19999999999999  5.8205778361727685
118.32  6.063038975038065
118.44  6.303613868560733
118.56  6.542227672545541
118.67999999999999  6.778806152903324
118.8  7.0132757087452955
118.92  7.245563395281071
119.03999999999999  7.475596946511825
119.16  7.703304797713023
119.28  7.92861610769828
119.39999999999999  8.151460780858592
119.52  8.371769488969605
119.64  8.58947369275974
119.75999999999999  8.80450566323329
119.88  9.016798502741404
120.0  9.226286165794075
