0.0  541.0253412482778  100.0
0.12  539.1449679256328
0.24  537.0968635874134
0.36  534.8816654103364
0.48  532.5000625549468
0.6  529.9527959512161
0.72  527.2406580680343
0.84  524.3644926666691
0.96  521.3251945382663
1.08  518.1237092254762
1.2  514.761032728289
1.3199999999999998  511.23821119417437
1.44  507.55634059261865
1.56  503.71656637416277
1.68  499.72008311404664
1.7999999999999998  495.5681341405691
1.92  491.2620111482825
2.04  486.8030537961387
2.16  482.19264929071414
2.28  477.4322319546417
2.4  472.5232827803849
2.52  467.46732896949334
2.6399999999999997  462.2659434574813
2.76  456.92074442447876
2.88  451.4333947918069
3.0  445.8056017046332
3.12  440.0391160008699
3.2399999999999998  434.1357316664779
3.36  428.0972852773481
3.48  421.92565542793193
3.5999999999999996  415.62276214680054
3.7199999999999998  409.19056629931305
3.84  402.6310689775802
3.96  395.9463108779135
4.08  389.1383716659532
4.2  382.20936932967277
4.32  375.1614595204609
4.4399999999999995  367.9968348824861
4.56  360.7177243705532
4.68  353.3263925566629
4.8  345.8251389254906
4.92  338.21629715900406
5.04  330.5022344104417
5.16  322.68535056787823
5.279999999999999  314.76807750760577
5.3999999999999995  306.7528783375638
5.52  298.6422466310521
5.64  290.43870565096665
5.76  282.14480756479827
5.88  273.76313265063857
6.0  265.2962884944418
6.12  256.7469091787896
6.24  248.11765446341352
6.359999999999999  239.41120895772877
6.4799999999999995  230.63028128563724
6.6  221.77760324285947
6.72  212.85592894705763
6.84  203.8680339810142
6.96  194.81671452913304
7.08  185.7047865075296
7.199999999999999  176.53508468798492
7.319999999999999  167.3104618160317
7.4399999999999995  158.0337877234493
7.56  148.7079484354428
7.68  139.33584527278472
7.8  129.920393949198
7.92  120.46452366426071
8.04  110.97117619211605
8.16  101.44330496626942
8.28  91.88387416075986
8.4  82.29585776798733
8.52  72.68223867348877
8.64  63.04600772794409
8.76  53.39016281670702
8.879999999999999  43.71770792714568
9.0  34.03165221408497
9.12  24.33500906364283
9.24  14.630795155747393
9.36  4.922029525632283
9.48  0.0
9.6  0.0
9.719999999999999  0.0
9.84  0.0
9.959999999999999  0.0
10.08  0.0
10.2  0.0
10.32  0.0
10.44  0.0
10.559999999999999  0.0
10.68  0.0
10.799999999999999  0.0
10.92  0.0
11.04  0.0
11.16  0.0
11.28  0.0
11.4  0.0
11.52  0.0
11.639999999999999  0.0
11.76  0.0
11.879999999999999  0.0
12.0  0.0
12.12  0.0
12.24  0.0
12.36  0.0
12.48  0.0
12.6  0.0
12.719999999999999  0.0
12.84  0.0
12.959999999999999  0.0
13.08  0.0
13.2  0.0
13.32  0.0
13.44  0.0
13.559999999999999  0.0
13.68  0.0
13.799999999999999  0.0
13.92  0.0
14.04  0.0
14.16  0.0
14.28  0.0
14.399999999999999  0.0
14.52  0.0
14.639999999999999  0.0
14.76  0.0
14.879999999999999  0.0
15.0  0.0
15.12  0.0
15.24  0.0
15.36  0.0
15.479999999999999  0.0
15.6  0.0
15.719999999999999  0.0
15.84  0.0
15.959999999999999  0.0
16.08  0.0
16.2  0.0
16.32  0.0
16.439999999999998  0.0
16.56  0.0
16.68  0.0
16.8  0.0
16.919999999999998  0.0
17.04  0.0
17.16  0.0
17.28  0.0
17.4  0.0
17.52  0.0
17.64  0.0
17.759999999999998  0.0
17.88  0.0
18.0  0.0
18.12  0.0
18.24  0.0
18.36  0.0
18.48  0.0
18.599999999999998  0.0
18.72  0.0
18.84  0.0
18.96  0.0
19.08  0.0
19.2  0.0
19.32  0.0
19.439999999999998  0.0
19.56  0.0
19.68  0.0
19.8  0.0
19.919999999999998  0.0
20.04  0.0
20.16  0.0
20.279999999999998  0.0
20.4  0.0
20.52  0.0
20.64  0.0
20.759999999999998  0.0
20.88  0.0
21.0  0.0
21.119999999999997  0.0
21.24  0.0
21.36  0.0
21.48  0.0
21.599999999999998  0.0
21.72  0.0
21.84  0.0
21.96  0.0
22.08  0.0
22.2  0.0
22.32  0.0
22.439999999999998  0.0
22.56  0.0
22.68  0.0
22.8  0.0
22.919999999999998  0.0
23.04  0.0
23.16  0.0
23.279999999999998  0.0
23.4  0.0
23.52  0.0
23.64  0.0
23.759999999999998  0.0
23.88  0.0
24.0  0.0
24.119999999999997  0.0
24.24  0.0
24.36  0.0
24.48  0.0
24.599999999999998  0.0
24.72  0.0
24.84  0.0
24.96  0.0
25.08  0.0
25.2  0.0
25.32  0.0
25.439999999999998  0.0
25.56  0.0
25.68  0.0
25.8  0.0
25.919999999999998  0.0
26.04  0.0
26.16  0.0
26.279999999999998  0.0
26.4  0.0
26.52  0.0
26.64  0.0
26.759999999999998  0.0
26.88  0.0
27.0  0.0
27.119999999999997  0.0
27.24  0.0
27.36  0.0
27.48  0.0
27.599999999999998  0.0
27.72  0.0
27.84  0.0
27.959999999999997  0.0
28.08  0.0
28.2  0.0
28.32  0.0
28.439999999999998  0.0
28.56  0.0
28.68  0.0
28.799999999999997  0.0
28.919999999999998  0.0
29.04  0.0
29.16  0.0
29.279999999999998  0.0
29.4  0.0
29.52  0.0
29.64  0.0
29.759999999999998  0.0
29.88  0.0
30.0  0.0
30.119999999999997  0.0
30.24  0.0
30.36  0.0
30.48  0.0
30.599999999999998  0.0
30.72  0.0
30.84  3.712072749577942
30.959999999999997  13.42119394315091
31.08  23.1261397282086
31.2  32.823890841825474
31.32  42.51143025938047
31.439999999999998  52.18574413316636
31.56  61.84382273001802
31.68  71.48266136765581
31.799999999999997  81.09926134945755
31.919999999999998  90.69063089737325
32.04  100.25378608268015
32.16  109.78575175430292
32.28  119.28356246439893
32.4  128.74426339092227
32.519999999999996  138.16491125689112
32.64  147.54257524605447
32.76  156.87433791468436
32.879999999999995  166.1572960992118
33.0  175.38856181941597
33.12  184.56526317688932
33.24  193.68454524850472
33.36  202.74357097459423
33.48  211.73952204157746
33.6  220.6695997587537
33.72  229.5310259289873
33.839999999999996  238.32104371302552
33.96  247.03691848716352
34.08  255.67593869400042
34.199999999999996  264.23541668602246
34.32  272.7126895617437
34.44  281.10511999414865
34.56  289.4100970511822
34.68  297.62503700802233
34.8  305.74738415089246
34.92  313.7746115721597
35.04  321.70422195646705
35.16  329.53374835766505
35.28  337.26075496629113
35.4  344.88283786736264
35.519999999999996  352.39762578825037
35.64  359.8027808363939
35.76  367.0959992266314
35.879999999999995  374.2750119979227
36.0  381.3375857192351
36.12  388.2815231843733
36.24  395.1046640955477
36.36  401.8048857354505
36.48  408.38010362764794
36.6  414.8282721850712
36.72  421.1473853464096
36.839999999999996  427.33547720020897
36.96  433.39062259647676
37.08  439.3109377456063
37.199999999999996  445.0945808044362
37.32  450.7397524492561
37.44  456.244696435587
37.559999999999995  461.6077001445598
37.68  466.8270951157194
37.8  471.9012575660916
37.92  476.8286088953532
38.04  481.60761617694084
38.16  486.2367926349549
38.28  490.7146981067036
38.4  495.0399394907438
38.519999999999996  499.21117118028513
38.64  503.22709548181496
38.76  507.08646301881686
38.879999999999995  510.7880731204606
39.0  514.3307741951363
39.12  517.7134640887208
39.24  520.9350904274656
39.36  523.9946509453939
39.48  526.8911937961132
39.6  529.6238178489392
39.72  532.191672969242
39.839999999999996  534.5939602829287
39.96  536.8299324249778
40.08  538.898893771947
40.199999999999996  540.8002006583874
40.32  542.5332615770907
40.44  544.0975373631097
40.559999999999995  545.4925413614967
40.68  546.7178395787041
40.8  547.7730508176021
40.92  548.657846796071
41.04  549.3719522491324
41.16  549.9151450145849
41.28  550.2872561021208
41.4  550.4881697458987
41.519999999999996  550.5178234405604
41.64  550.3762079606754
41.76  550.0633673636119
41.879999999999995  549.5793989758296
42.0  548.9244533626012
42.12  548.0987342811711
42.239999999999995  547.1024986173645
42.36  545.9360563056698
42.48  544.599770232815
42.6  543.094056124873
42.72  541.4193824179259
42.839999999999996  539.5762701123325
42.96  537.5652926106412
43.08  535.387075539203
43.199999999999996  533.0422965535337
43.32  530.5316851274927
43.44  527.8560223263398
43.559999999999995  525.0161405637404
43.68  522.0129233427971
43.8  518.847304981188
43.92  515.5202703204943
44.04  512.0328544198112
44.16  508.38614223373406
44.28  504.58126827482414
44.4  500.6194162606552
44.519999999999996  496.50181874555227
44.64  492.22975673713637
44.76  487.80455929779714
44.879999999999995  483.2276031312128
45.0  478.5003121540509
45.12  473.62415705298
45.239999999999995  468.60065482712963
45.36  463.4313683161443
45.48  458.11790571397563
45.6  452.6619200685627
45.72  447.0651087675625
45.839999999999996  441.32921301027955
45.96  435.45601726597096
46.08  429.4473487186889
46.199999999999996  423.3050766988315
46.32  417.03111210158465
46.44  410.6274067924324
46.559999999999995  404.0959529999196
46.68  397.4387826958584
46.8  390.6579669631724
46.92  383.7556153515677
47.04  376.7338752212449
47.16  369.5949310748384
47.28  362.341003877808
47.4  354.97435036748504
47.519999999999996  347.49726235098626
47.64  339.91206599222096
47.76  332.22112108821
47.879999999999995  324.4268203349367
48.0  316.53158858296706
48.12  308.53788208306776
48.239999999999995  300.44818772204803
48.36  292.26502224907813
48.48  283.9909314927152
48.6  275.6284895688792
48.72  267.18029808003416
48.839999999999996  258.6489853058122
48.96  250.03720538534236
49.08  241.34763749153416
49.199999999999996  232.58298499756972
49.32  223.74597463586963
49.44  214.83935564979475
49.559999999999995  205.86589893833556
49.68  196.82839619407338
49.8  187.7296590346699
49.92  178.57251812815412
50.04  169.3598223122893
50.16  160.09443770828045
50.28  150.7792468291092
50.4  141.41714768276958
50.519999999999996  132.01105287067838
50.64  122.5638886815498
50.76  113.07859418101361
50.879999999999995  103.55812029725017
51.0  94.00542890294307
51.12  84.42349189382509
51.239999999999995  74.81529026410206
51.36  65.18381317905009
51.48  55.53205704507121
51.6  45.86302457749096
51.72  36.17972386640042
51.839999999999996  26.48516744082106
51.96  16.782371331488605
52.08  7.074354132552472
52.199999999999996  0.0
52.32  0.0
52.44  0.0
52.559999999999995  0.0
52.68  0.0
52.8  0.0
52.919999999999995  0.0
53.04  0.0
53.16  0.0
53.28  0.0
53.4  0.0
53.519999999999996  0.0
53.64  0.0
53.76  0.0
53.879999999999995  0.0
54.0  0.0
54.12  0.0
54.239999999999995  0.0
54.36  0.0
54.48  0.0
54.6  0.0
54.72  0.0
54.839999999999996  0.0
54.96  0.0
55.08  0.0
55.199999999999996  0.0
55.32  0.0
55.44  0.0
55.559999999999995  0.0
55.68  0.0
55.8  0.0
55.919999999999995  0.0
56.04  0.0
56.16  0.0
56.28  0.0
56.4  0.0
56.519999999999996  0.0
56.64  0.0
56.76  0.0
56.879999999999995  0.0
57.0  0.0
57.12  0.0
57.239999999999995  0.0
57.36  0.0
57.48  0.0
57.599999999999994  0.0
57.72  0.0
57.839999999999996  0.0
57.96  0.0
58.08  0.0
58.199999999999996  0.0
58.32  0.0
58.44  0.0
58.559999999999995  0.0
58.68  0.0
58.8  0.0
58.919999999999995  0.0
59.04  0.0
59.16  0.0
59.28  0.0
59.4  0.0
59.519999999999996  0.0
59.64  0.0
59.76  0.0
59.879999999999995  0.0
60.0  0.0
60.12  0.0
60.239999999999995  0.0
60.36  0.0
60.48  0.0
60.599999999999994  0.0
60.72  0.0
60.839999999999996  0.0
60.96  0.0
61.08  0.0
61.199999999999996  0.0
61.32  0.0
61.44  0.0
61.559999999999995  0.0
61.68  0.0
61.8  0.0
61.919999999999995  0.0
62.04  0.0
62.16  0.0
62.28  0.0
62.4  0.0
62.519999999999996  0.0
62.64  0.0
62.76  0.0
62.879999999999995  0.0
63.0  0.0
63.12  0.0
63.239999999999995  0.0
63.36  0.0
63.48  0.0
63.599999999999994  0.0
63.72  0.0
63.839999999999996  0.0
63.96  0.0
64.08  0.0
64.2  0.0
64.32  0.0
64.44  0.0
64.56  0.0
64.67999999999999  0.0
64.8  0.0
64.92  0.0
65.03999999999999  0.0
65.16  0.0
65.28  0.0
65.39999999999999  0.0
65.52  0.0
65.64  0.0
65.75999999999999  0.0
65.88  0.0
66.0  0.0
66.12  0.0
66.24  0.0
66.36  0.0
66.48  0.0
66.6  0.0
66.72  0.0
66.84  0.0
66.96  0.0
67.08  0.0
67.2  0.0
67.32  0.0
67.44  0.0
67.56  0.0
67.67999999999999  0.0
67.8  0.0
67.92  0.0
68.03999999999999  0.0
68.16  0.0
68.28  0.0
68.39999999999999  0.0
68.52  0.0
68.64  0.0
68.75999999999999  0.0
68.88  0.0
69.0  0.0
69.12  0.0
69.24  0.0
69.36  0.0
69.48  0.0
69.6  0.0
69.72  0.0
69.84  0.0
69.96  0.0
70.08  0.0
70.2  0.0
70.32  0.0
70.44  0.0
70.56  0.0
70.67999999999999  0.0
70.8  0.0
70.92  0.0
71.03999999999999  0.0
71.16  0.0
71.28  0.0
71.39999999999999  0.0
71.52  0.0
71.64  0.0
71.75999999999999  0.0
71.88  0.0
72.0  0.0
72.11999999999999  0.0
72.24  0.0
72.36  0.0
72.48  0.0
72.6  0.0
72.72  0.0
72.84  0.0
72.96  0.0
73.08  0.0
73.2  0.0
73.32  0.0
73.44  0.0
73.56  1.5596450521457825
73.67999999999999  11.269282828832019
73.8  20.975414668590204
73.92  30.67502093950459
74.03999999999999  40.365084039804316
74.16  50.04258933665129
74.28  59.70452610401131
74.39999999999999  69.34788845930386
74.52  78.96967629855487
74.64  88.56689622974288
74.75999999999999  98.13656250405619
74.88  107.67569794478665
75.0  117.1813348735325
75.11999999999999  126.65051603347032
75.24  136.0802955093693
75.36  145.4677396440839
75.48  154.80992795122822
75.6  164.10395402375647
75.72  173.3469264381692
75.84  182.53596965403892
75.96  191.66822490861736
76.08  200.74085110620769
76.2  209.75102570204717
76.32  218.69594558041217
76.44  227.57282792669295
76.56  236.37891109313128
76.67999999999999  245.11145545798985
76.8  253.7677442778692
76.92  262.3450845328903
77.03999999999999  270.8408077645179
77.16  279.25227090572827
77.28  287.5768571032842
77.39999999999999  295.81197653184825
77.52  303.9550671997009
77.64  312.00359574577953
77.75999999999999  319.95505822782957
77.88  327.8069809013913
78.0  335.55692098939693
78.11999999999999  343.2024674421293
78.24  350.7412416873175
78.36  358.17089837012156
78.48  365.4891260827835
78.6  372.69364808372336
78.72  379.7822230058437
78.84  386.75264555383234
78.96  393.60274719023903
79.08  400.33039681012707
79.2  406.9335014040627
79.32  413.4100067092669
79.44  419.7578978487114
79.56  425.9751999579497
79.67999999999999  432.0599787995158
79.8  438.01034136467297
79.92  443.8244364623407
80.03999999999999  449.5004552950073
80.16  455.0366320214641
80.28  460.43124430615984
80.39999999999999  465.6826138550336
80.52  470.78910693764396
80.64  475.7491348954251
80.75999999999999  480.56115463593244
80.88  485.2236691129057
81.0  489.735227792009
81.11999999999999  494.0944271020974
81.24  498.29991087188137
81.36  502.35037075183277
81.48  506.24454662122497
81.6  509.9812269801596
81.72  513.559249326474
81.84  516.9775005174002
81.96  520.23491711587
82.08  523.3304857213583
82.2  526.2632432851539
82.32  529.0322774099727
82.44  531.6367266338083
82.56  534.0757806979376
82.67999999999999  536.3486807989962
82.8  538.4547198250484
82.92  540.3932425755717
83.03999999999999  542.1636459652933
83.16  543.7653792118157
83.28  545.1979440069649
83.39999999999999  546.4608946718196
83.52  547.5538382953627
83.64  548.4764348567188
83.75999999999999  549.2283973309363
83.88  549.8094917782835
84.0  550.2195374170265
84.11999999999999  550.4584066796735
84.24  550.5260252526606
84.36  550.4223720994714
84.47999999999999  550.1474794671819
84.6  549.7014328764276
84.72  549.0843710947983
84.84  548.2964860936659
84.96  547.3380229884621
85.08  546.2092799624205
85.2  544.910608173811
85.32  543.4424116466919
85.44  541.8051471452161
85.56  539.9993240315291
85.67999999999999  538.0255041073038
85.8  535.8843014389599
85.92  533.5763821666263
86.03999999999999  531.1024642968994
86.16  528.4633174794676
86.28  525.6597627676693
86.39999999999999  522.69267236306
86.52  519.5629693440613
86.64  516.2716273787914
86.75999999999999  512.8196704221484
86.88  509.2081723972508
87.0  505.4382568613386
87.11999999999999  501.51109665622397
87.24  497.427913543416
87.36  493.1899778240224
87.47999999999999  488.7986079435543
87.6  484.2551700817459
87.72  479.56107772753336
87.84  474.7177912393081
87.96  469.72681739059
88.08  464.5897089012638
88.2  459.30806395451754
88.32  453.8835256996421
88.44  448.3177817408321
88.56  442.6125636121702
88.67999999999999  436.76964623893156
88.8  430.7908473853965
88.92  424.6780270893357
89.03999999999999  418.43308708333876
89.16  412.0579702031765
89.28  405.5546597833731
89.39999999999999  398.9251790401825
89.52  392.17159044214753
89.64  385.2959950684635
89.75999999999999  378.3005319553137
89.88  371.1873774304062
90.0  363.9587444359047
90.11999999999999  356.6168818399743
90.24  349.16407373713685
90.36  341.6026387376869
90.47999999999999  333.93492924635376
90.6  326.16333073045155
90.72  318.2902609777563
90.84  310.31816934430947
90.96  302.2495359924177
91.08  294.08687111905056
91.2  285.83271417491494
91.32  277.4896330744126
91.44  269.0602233967432
91.56  260.54710757841497
91.67999999999999  251.95293409738193
91.8  243.280376649091
91.92  234.53213331467902
92.03999999999999  225.71092572158875
92.16  216.81949819684604
92.28  207.86061691329633
92.39999999999999  198.83706902902338
92.52  189.75166182025197
92.64  180.60722180799164
92.75999999999999  171.40659387868465
92.88  162.1526403991494
93.0  152.84824032608026
93.11999999999999  143.49628831039303
93.24  134.09969379667206
93.36  124.6613801180393
93.47999999999999  115.18428358667856
93.6  105.67135258033686
93.72  96.12554662506604
93.84  86.54983547450026
93.96  76.94719818594838
94.08  67.32062219358542
94.2  57.673102379057994
94.32  48.00764013974896
94.44  38.327242455030955
94.56  28.634920950776205
94.67999999999999  18.933690962427875
94.8  9.226570596901425
94.92  0.0
95.03999999999999  0.0
95.16  0.0
95.28  0.0
95.39999999999999  0.0
95.52  0.0
95.64  0.0
95.75999999999999  0.0
95.88  0.0
96.0  0.0
96.11999999999999  0.0
96.24  0.0
96.36  0.0
96.47999999999999  0.0
96.6  0.0
96.72  0.0
96.84  0.0
96.96  0.0
97.08  0.0
97.2  0.0
97.32  0.0
97.44  0.0
97.56  0.0
97.67999999999999  0.0
97.8  0.0
97.92  0.0
98.03999999999999  0.0
98.16  0.0
98.28  0.0
98.39999999999999  0.0
98.52  0.0
98.64  0.0
98.75999999999999  0.0
98.88  0.0
99.0  0.0
99.11999999999999  0.0
99.24  0.0
99.36  0.0
99.47999999999999  0.0
99.6  0.0
99.72  0.0
99.84  0.0
99.96  0.0
100.08  0.0
100.2  0.0
100.32  0.0
100.44  0.0
100.56  0.0
100.67999999999999  0.0
100.8  0.0
100.92  0.0
101.03999999999999  0.0
101.16  0.0
101.28  0.0
101.39999999999999  0.0
101.52  0.0
101.64  0.0
101.75999999999999  0.0
101.88  0.0
102.0  0.0
102.11999999999999  0.0
102.24  0.0
102.36  0.0
102.47999999999999  0.0
102.6  0.0
102.72  0.0
102.83999999999999  0.0
102.96  0.0
103.08  0.0
103.2  0.0
103.32  0.0
103.44  0.0
103.56  0.0
103.67999999999999  0.0
103.8  0.0
103.92  0.0
104.03999999999999  0.0
104.16  0.0
104.28  0.0
104.39999999999999  0.0
104.52  0.0
104.64  0.0
104.75999999999999  0.0
104.88  0.0
105.0  0.0
105.11999999999999  0.0
105.24  0.0
105.36  0.0
105.47999999999999  0.0
105.6  0.0
105.72  0.0
105.83999999999999  0.0
105.96  0.0
106.08  0.0
106.2  0.0
106.32  0.0
106.44  0.0
106.56  0.0
106.67999999999999  0.0
106.8  0.0
106.92  0.0
107.03999999999999  0.0
107.16  0.0
107.28  0.0
107.39999999999999  0.0
107.52  0.0
107.64  0.0
107.75999999999999  0.0
107.88  0.0
108.0  0.0
108.11999999999999  0.0
108.24  0.0
108.36  0.0
108.47999999999999  0.0
108.6  0.0
108.72  0.0
108.83999999999999  0.0
108.96  0.0
109.08  0.0
109.2  0.0
109.32  0.0
109.44  0.0
109.56  0.0
109.67999999999999  0.0
109.8  0.0
109.92  0.0
110.03999999999999  0.0
110.16  0.0
110.28  0.0
110.39999999999999  0.0
110.52  0.0
110.64  0.0
110.75999999999999  0.0
110.88  0.0
111.0  0.0
111.11999999999999  0.0
111.24  0.0
111.36  0.0
111.47999999999999  0.0
111.6  0.0
111.72  0.0
111.83999999999999  0.0
111.96  0.0
112.08  0.0
112.2  0.0
112.32  0.0
112.44  0.0
112.56  0.0
112.67999999999999  0.0
112.8  0.0
112.92  0.0
113.03999999999999  0.0
113.16  0.0
113.28  0.0
113.39999999999999  0.0
113.52  0.0
113.64  0.0
113.75999999999999  0.0
113.88  0.0
114.0  0.0
114.11999999999999  0.0
114.24  0.0
114.36  0.0
114.47999999999999  0.0
114.6  0.0
114.72  0.0
114.83999999999999  0.0
114.96  0.0
115.08  0.0
115.19999999999999  0.0
115.32  0.0
115.44  0.0
115.56  0.0
115.67999999999999  0.0
115.8  0.0
115.92  0.0
116.03999999999999  0.0
116.16  0.0
116.28  0.0
116.39999999999999  9.117199445894315
116.52  18.824368966941236
116.64  28.525682121494427
116.75999999999999  38.218120776764906
116.88  47.89866956086416
117.0  57.56431680090917
117.11999999999999  67.21205545997648
117.24  76.83888407259454
117.36  86.44180767853203
117.47999999999999  96.01783875453113
117.6  105.56399814375833
117.72  115.07731598262309
117.83999999999999  124.55483262472505
117.96  133.9935995616221
118.08  143.39068034011643
118.19999999999999  152.7431514758074
118.32  162.04810336260942
118.44  171.3026411779354
118.56  180.503885783298
118.67999999999999  189.64897462003108
118.8  198.73506259983495
118.92  207.75932298991393
119.03999999999999  216.718948292374
119.16  225.61115111766577
119.28  234.43316505174428
119.39999999999999  243.18224551672128
119.52  251.85567062472404
119.64  260.45074202467936
119.75999999999999  268.96478574179093
119.88  277.39515300943305
120.0  285.73922109318636
