0.0  1.9947489649902812  100.0
0.12  1.9920931360236234
0.24  1.9888175557382988
0.36  1.9849232431856587
0.48  1.9804114099081234
0.6  1.9752834595622648
0.72  1.9695409874821228
0.84  1.9631857801828854
0.96  1.956219814805095
1.08  1.94864525849955
1.2  1.9404644677530893
1.3199999999999998  1.9316799876554795
1.44  1.9222945511076197
1.56  1.912311077971324
1.68  1.901732674160934
1.7999999999999998  1.890562630677052
1.92  1.8788044225826925
2.04  1.866461707922171
2.16  1.8535383265830652
2.28  1.840038299101605
2.4  1.8259658254118607
2.52  1.811325283539121
2.6399999999999997  1.7961212282378631
2.76  1.7803583895747455
2.88  1.764041671457056
3.0  1.747176150107078
3.12  1.7297670724828524
3.2399999999999998  1.7118198546458165
3.36  1.6933400800758391
3.48  1.6743334979341673
3.5999999999999996  1.6548060212748303
3.7199999999999998  1.634763725205057
3.84  1.614212844995274
3.96  1.5931597741392787
4.08  1.5716110623651882
4.2  1.5495734135977828
4.32  1.5270536838728752
4.4399999999999995  1.5040588792043608
4.56  1.480596153404609
4.68  1.4566728058588696
4.8  1.4322962792543945
4.92  1.4074741572649765
5.04  1.3822141621916244
5.16  1.3565241525601137
5.279999999999999  1.3304121206761543
5.3999999999999995  1.3038861901389402
5.52  1.2769546133138505
5.64  1.249625768765095
5.76  1.2219081586490939
5.88  1.1938104060694106
6.0  1.1653412523940558
6.12  1.1365095545359982
6.24  1.1073242821977296
6.359999999999999  1.0777945150807415
6.4799999999999995  1.0479294400607775
6.6  1.0177383483297455
6.72  0.9872306325051764
6.84  0.9564157837081275
6.96  0.925303388610443
7.08  0.8939031264522841
7.199999999999999  0.8622247660308657
7.319999999999999  0.8302781626613284
7.4399999999999995  0.7980732551106944
7.56  0.7656200625058609
7.68  0.7329286812165954
7.8  0.7000092817144971
7.92  0.6668721054089068
8.04  0.6335274614607479
8.16  0.5999857235752858
8.28  0.5662573267748156
8.4  0.5323527641522615
8.52  0.49828258360672434
8.64  0.46405738456196355
8.76  0.4296878146688633
8.879999999999999  0.39518456649288586
9.0  0.36055837418755343
9.12  0.3258200101549978
9.24  0.29098028169459944
9.36  0.2560500276407812
9.48  0.22104011499098403
9.6  0.18596143552488364
9.719999999999999  0.15082490241589744
9.84  0.11564144683603342
9.959999999999999  0.08042201455514417
10.08  0.045177562535634735
10.2  0.009919055523690823
10.32  0.0
10.44  0.0
10.559999999999999  0.0
10.68  0.0
10.799999999999999  0.0
10.92  0.0
11.04  0.0
11.16  0.0
11.28  0.0
11.4  0.0
11.52  0.0
11.639999999999999  0.0
11.76  0.0
11.879999999999999  0.0
12.0  0.0
12.12  0.0
12.24  0.0
12.36  0.0
12.48  0.0
12.6  0.0
12.719999999999999  0.0
12.84  0.0
12.959999999999999  0.0
13.08  0.0
13.2  0.0
13.32  0.0
13.44  0.0
13.559999999999999  0.0
13.68  0.0
13.799999999999999  0.0
13.92  0.0
14.04  0.0
14.16  0.0
14.28  0.0
14.399999999999999  0.0
14.52  0.0
14.639999999999999  0.0
14.76  0.0
14.879999999999999  0.0
15.0  0.0
15.12  0.0
15.24  0.0
15.36  0.0
15.479999999999999  0.0
15.6  0.0
15.719999999999999  0.0
15.84  0.0
15.959999999999999  0.0
16.08  0.0
16.2  0.0
16.32  0.0
16.439999999999998  0.0
16.56  0.0
16.68  0.0
16.8  0.0
16.919999999999998  0.0
17.04  0.0
17.16  0.0
17.28  0.0
17.4  0.0
17.52  0.0
17.64  0.0
17.759999999999998  0.0
17.88  0.0
18.0  0.0
18.12  0.0
18.24  0.0
18.36  0.0
18.48  0.0
18.599999999999998  0.0
18.72  0.0
18.84  0.0
18.96  0.0
19.08  0.0
19.2  0.0
19.32  0.0
19.439999999999998  0.0
19.56  0.0
19.68  0.0
19.8  0.0
19.919999999999998  0.0
20.04  0.0
20.16  0.0
20.279999999999998  0.0
20.4  0.0
20.52  0.0
20.64  0.0
20.759999999999998  0.0
20.88  0.0
21.0  0.0
21.119999999999997  0.0
21.24  0.0
21.36  0.0
21.48  0.0
21.599999999999998  0.0
21.72  0.0
21.84  0.0
21.96  0.0
22.08  0.0
22.2  0.0
22.32  0.0
22.439999999999998  0.0
22.56  0.0
22.68  0.0
22.8  0.0
22.919999999999998  0.0
23.04  0.0
23.16  0.0
23.279999999999998  0.0
23.4  0.0
23.52  0.0
23.64  0.0
23.759999999999998  0.0
23.88  0.0
24.0  0.0
24.119999999999997  0.0
24.24  0.0
24.36  0.0
24.48  0.0
24.599999999999998  0.0
24.72  0.0
24.84  0.0
24.96  0.0
25.08  0.0
25.2  0.0
25.32  0.0
25.439999999999998  0.0
25.56  0.0
25.68  0.0
25.8  0.0
25.919999999999998  0.0
26.04  0.0
26.16  0.0
26.279999999999998  0.0
26.4  0.0
26.52  0.0
26.64  0.0
26.759999999999998  0.0
26.88  0.0
27.0  0.0
27.119999999999997  0.0
27.24  0.0
27.36  0.0
27.48  0.0
27.599999999999998  0.0
27.72  0.0
27.84  0.0
27.959999999999997  0.0
28.08  0.0
28.2  0.0
28.32  0.0
28.439999999999998  0.0
28.56  0.0
28.68  0.0
28.799999999999997  0.0
28.919999999999998  0.0
29.04  0.0
29.16  0.0
29.279999999999998  0.0
29.4  0.0
29.52  0.0
29.64  0.0
29.759999999999998  0.0
29.88  0.0
30.0  0.0
30.119999999999997  0.0
30.24  0.0
30.36  0.0
30.48  0.0
30.599999999999998  0.0
30.72  0.0
30.84  0.0
30.959999999999997  0.0
31.08  0.0
31.2  0.0
31.32  0.0
31.439999999999998  0.0
31.56  0.0
31.68  0.02143460818011264
31.799999999999997  0.056689731178836786
31.919999999999998  0.0919272176850626
32.04  0.12713610511961104
32.16  0.16230543980063947
32.28  0.19742428035138998
32.4  0.23248170110410038
32.519999999999996  0.26746679549906194
32.64  0.3023686794776986
32.76  0.3371764948686549
32.879999999999995  0.3718794127658448
33.0  0.4064666368973792
33.12  0.4409274069843414
33.24  0.47525100208838256
33.36  0.5094267439470512
33.48  0.543444000295873
33.6  0.5772921881761038
33.72  0.6109607772271359
33.839999999999996  0.644439292962572
33.96  0.6777173200288849
34.08  0.7107845054456889
34.199999999999996  0.7436305618266201
34.32  0.7762452705797946
34.44  0.8086184850868647
34.56  0.8407401338597003
34.68  0.8726002236736734
34.8  0.9041888426766113
34.92  0.9354961634724344
35.04  0.9665124461785024
35.16  0.9972280414557575
35.28  1.027633393510683
35.4  1.0577190430681598
35.519999999999996  1.087475630314309
35.64  1.116893897808377
35.76  1.1459646933627736
35.879999999999995  1.1746789728903768
36.0  1.2030278032181974
36.12  1.2310023648665265
36.24  1.258593954792747
36.36  1.2857939890988779
36.48  1.3125940057020875
36.6  1.3389856669672886
36.72  1.3649607623010203
36.839999999999996  1.390511210705818
36.96  1.4156290632942503
37.08  1.4403065057618623
37.199999999999996  1.4645358608182553
37.32  1.4883095905755284
37.44  1.511620298893358
37.559999999999995  1.5344607336799856
37.68  1.5568237891483767
37.8  1.578702508026871
37.92  1.6000900837236354
38.04  1.6209798624442227
38.16  1.641365345261614
38.28  1.6612401901380671
38.4  1.6805982138981552
38.519999999999996  1.699433394152396
38.64  1.7177398711708476
38.76  1.7355119497060978
38.879999999999995  1.7527441007650961
39.0  1.7694309633292502
39.12  1.7855673460222654
39.24  1.801148228725219
39.36  1.8161687641383382
39.48  1.83062427928903
39.6  1.8445102769856665
39.72  1.8578224372166807
39.839999999999996  1.8705566184945568
39.96  1.8827088591442627
40.08  1.8942753785357493
40.199999999999996  1.9052525782601304
40.32  1.9156370432491638
40.44  1.9254255428376987
40.559999999999995  1.9346150317687547
40.68  1.9432026511409193
40.8  1.9511857292977641
40.92  1.958561782659017
41.04  1.9653285164932137
41.16  1.9714838256316045
41.28  1.9770257951230839
41.4  1.981952700829939
41.519999999999996  1.9862630099642435
41.64  1.989955381564713
41.76  1.9930286669138872
41.879999999999995  1.9954819098955014
42.0  1.9973143472919404
42.12  1.9985254090216786
42.239999999999995  1.9991147183166378
42.36  1.9990820918393992
42.48  1.9984275397402425
42.6  1.9971512656539874
42.72  1.995253666636642
42.839999999999996  1.9927353330418762
42.96  1.9895970483373584
43.08  1.985839788861017
43.199999999999996  1.9814647235172933
43.32  1.9764732134134901
43.44  1.970866811436325
43.559999999999995  1.9646472617688155
43.68  1.957816499347656
43.8  1.9503766492612484
43.92  1.9423300260885734
44.04  1.933679133179115
44.16  1.924426661874051
44.28  1.9145754906689638
44.4  1.9041286843183245
44.519999999999996  1.8930894928820303
44.64  1.8814613507142905
44.76  1.8692478753951844
44.879999999999995  1.8564528666052067
45.0  1.8430803049431688
45.12  1.8291343506878128
45.239999999999995  1.8146193425035226
45.36  1.799539796090543
45.48  1.7839004027801209
45.6  1.767706028075002
45.72  1.7509617101357544
45.839999999999996  1.7336726582133573
45.96  1.7158442510285796
46.08  1.6974820350986337
46.199999999999996  1.678591723011615
46.32  1.6591791916492875
46.44  1.6392504803587569
46.559999999999995  1.6188117890735891
46.68  1.5978694763849777
46.8  1.5764300575635575
46.92  1.554500202532455
47.04  1.5320867337922537
47.16  1.509196624298461
47.28  1.485836995292189
47.4  1.4620151140847015
47.519999999999996  1.4377383917965039
47.64  1.4130143810517057
47.76  1.3878507736283625
47.879999999999995  1.3622553980655103
48.0  1.3362362172276692
48.12  1.3098013258275574
48.239999999999995  1.2829589479077677
48.36  1.2557174342822293
48.48  1.2280852599382268
48.6  1.200071021399774
48.72  1.171683434053199
48.839999999999996  1.142931329435728
48.96  1.1138236524879492
49.08  1.0843694587709962
49.199999999999996  1.0545779116493044
49.32  1.024458279439838
49.44  0.9940199325286772
49.559999999999995  0.9632723404558189
49.68  0.932225068969162
49.8  0.9008877770485522
49.92  0.8692702139008077
50.04  0.8373822159267003
50.16  0.8052337036607842
50.28  0.7728346786850667
50.4  0.7401952205174658
50.519999999999996  0.7073254834760057
50.64  0.6742356935197544
50.76  0.6409361450674832
50.879999999999995  0.6074371977949943
51.0  0.5737492734121804
51.12  0.5398828524207754
51.239999999999995  0.5058484708538016
51.36  0.47165671699775585
51.48  0.4373182280985397
51.6  0.4028436870521408
51.72  0.3682438190811354
51.839999999999996  0.33352938839800783
51.96  0.29871119485633757
52.08  0.2638000705909167
52.199999999999996  0.2288068766478003
52.32  0.19374249960537912
52.44  0.1586178481875096
52.559999999999995  0.12344384986973836
52.68  0.0882314474797086
52.8  0.05299159579279056
52.919999999999995  0.017735258123978886
53.04  0.0
53.16  0.0
53.28  0.0
53.4  0.0
53.519999999999996  0.0
53.64  0.0
53.76  0.0
53.879999999999995  0.0
54.0  0.0
54.12  0.0
54.239999999999995  0.0
54.36  0.0
54.48  0.0
54.6  0.0
54.72  0.0
54.839999999999996  0.0
54.96  0.0
55.08  0.0
55.199999999999996  0.0
55.32  0.0
55.44  0.0
55.559999999999995  0.0
55.68  0.0
55.8  0.0
55.919999999999995  0.0
56.04  0.0
56.16  0.0
56.28  0.0
56.4  0.0
56.519999999999996  0.0
56.64  0.0
56.76  0.0
56.879999999999995  0.0
57.0  0.0
57.12  0.0
57.239999999999995  0.0
57.36  0.0
57.48  0.0
57.599999999999994  0.0
57.72  0.0
57.839999999999996  0.0
57.96  0.0
58.08  0.0
58.199999999999996  0.0
58.32  0.0
58.44  0.0
58.559999999999995  0.0
58.68  0.0
58.8  0.0
58.919999999999995  0.0
59.04  0.0
59.16  0.0
59.28  0.0
59.4  0.0
59.519999999999996  0.0
59.64  0.0
59.76  0.0
59.879999999999995  0.0
60.0  0.0
60.12  0.0
60.239999999999995  0.0
60.36  0.0
60.48  0.0
60.599999999999994  0.0
60.72  0.0
60.839999999999996  0.0
60.96  0.0
61.08  0.0
61.199999999999996  0.0
61.32  0.0
61.44  0.0
61.559999999999995  0.0
61.68  0.0
61.8  0.0
61.919999999999995  0.0
62.04  0.0
62.16  0.0
62.28  0.0
62.4  0.0
62.519999999999996  0.0
62.64  0.0
62.76  0.0
62.879999999999995  0.0
63.0  0.0
63.12  0.0
63.239999999999995  0.0
63.36  0.0
63.48  0.0
63.599999999999994  0.0
63.72  0.0
63.839999999999996  0.0
63.96  0.0
64.08  0.0
64.2  0.0
64.32  0.0
64.44  0.0
64.56  0.0
64.67999999999999  0.0
64.8  0.0
64.92  0.0
65.03999999999999  0.0
65.16  0.0
65.28  0.0
65.39999999999999  0.0
65.52  0.0
65.64  0.0
65.75999999999999  0.0
65.88  0.0
66.0  0.0
66.12  0.0
66.24  0.0
66.36  0.0
66.48  0.0
66.6  0.0
66.72  0.0
66.84  0.0
66.96  0.0
67.08  0.0
67.2  0.0
67.32  0.0
67.44  0.0
67.56  0.0
67.67999999999999  0.0
67.8  0.0
67.92  0.0
68.03999999999999  0.0
68.16  0.0
68.28  0.0
68.39999999999999  0.0
68.52  0.0
68.64  0.0
68.75999999999999  0.0
68.88  0.0
69.0  0.0
69.12  0.0
69.24  0.0
69.36  0.0
69.48  0.0
69.6  0.0
69.72  0.0
69.84  0.0
69.96  0.0
70.08  0.0
70.2  0.0
70.32  0.0
70.44  0.0
70.56  0.0
70.67999999999999  0.0
70.8  0.0
70.92  0.0
71.03999999999999  0.0
71.16  0.0
71.28  0.0
71.39999999999999  0.0
71.52  0.0
71.64  0.0
71.75999999999999  0.0
71.88  0.0
72.0  0.0
72.11999999999999  0.0
72.24  0.0
72.36  0.0
72.48  0.0
72.6  0.0
72.72  0.0
72.84  0.0
72.96  0.0
73.08  0.0
73.2  0.0
73.32  0.0
73.44  0.0
73.56  0.0
73.67999999999999  0.0
73.8  0.0
73.92  0.0
74.03999999999999  0.0
74.16  0.0
74.28  0.0
74.39999999999999  0.013618519005161478
74.52  0.048876066437847476
74.64  0.0841184082528486
74.75999999999999  0.11933458036046495
74.88  0.1545136268125638
75.0  0.18964460321098672
75.11999999999999  0.2247165801124521
75.24  0.25971864642874826
75.36  0.2946399128212413
75.48  0.32946951508859845
75.6  0.3641966175467056
75.72  0.3988104163997338
75.84  0.43330014310121495
75.96  0.4676550677042353
76.08  0.5018645021995645
76.2  0.5359178038407622
76.32  0.5698043784551784
76.44  0.6035136837398981
76.56  0.6370352325414657
76.67999999999999  0.6703585961185181
76.8  0.7034734073862445
76.92  0.7363693641416001
77.03999999999999  0.7690362322684174
77.16  0.8014638489212791
77.28  0.8336421256872428
77.39999999999999  0.8655610517243875
77.52  0.8972106968762764
77.64  0.9285812147612412
77.75999999999999  0.9596628458356794
77.88  0.9904459204302891
78.0  1.020920861758362
78.11999999999999  1.0510781888951637
78.24  1.0809085197275208
78.36  1.110402573872639
78.48  1.139551175565274
78.6  1.1683452565123809
78.72  1.196775858714299
78.84  1.2248341372516407
78.96  1.2525113630369835
79.08  1.2797989255305662
79.2  1.3066883354190404
79.32  1.3331712272565621
79.44  1.359239362067342
79.56  1.3848846299088033
79.67999999999999  1.4100990523946606
79.8  1.434874785177025
79.92  1.459204120386832
80.03999999999999  1.4830794890317878
80.16  1.5064934633511553
80.28  1.5294387591265377
80.39999999999999  1.5519082379480555
80.52  1.5738949094351584
80.64  1.5953919334113444
80.75999999999999  1.6163926220321987
80.88  1.636890441866011
81.0  1.656879015926365
81.11999999999999  1.6763521256560456
81.24  1.6953037128616888
81.36  1.7137278815984909
81.48  1.7316189000044944
81.6  1.7489712020837846
81.72  1.7657793894381153
81.84  1.7820382329463746
81.96  1.7977426743913885
82.08  1.8128878280335765
82.2  1.8274689821309118
82.32  1.8414816004047874
82.44  1.8549213234512696
82.56  1.8677839700973362
82.67999999999999  1.8800655387016563
82.8  1.8917622083995373
82.92  1.902870340291601
83.03999999999999  1.9133864785758732
83.16  1.9233073516229087
83.28  1.9326298729936011
83.39999999999999  1.9413511423994017
83.52  1.94946844660461
83.64  1.9569792602704792
83.75999999999999  1.963881246740859
83.88  1.9701722587691513
84.0  1.9758503391863187
84.11999999999999  1.9809137215097794
84.24  1.9853608304929689
84.36  1.9891902826154035
84.47999999999999  1.9924008865131055
84.6  1.9949916433492425
84.72  1.9969617471248695
84.84  1.9983105849296803
84.96  1.9990377371326886
85.08  1.999142977512776
85.2  1.998626273329072
85.32  1.9974877853311384
85.44  1.9957278677089603
85.56  1.993347067982755
85.67999999999999  1.9903461268326363
85.8  1.9867259778681827
85.92  1.9824877473379896
86.03999999999999  1.9776327537792844
86.16  1.972162507607722
86.28  1.9660787106474873
86.39999999999999  1.9593832556018504
86.52  1.9520782254643283
86.64  1.9441658928706638
86.75999999999999  1.9356487193917908
86.88  1.9265293547680218
87.0  1.9168106360847088
87.11999999999999  1.906495586889601
87.24  1.8955874162522073
87.36  1.884089517765433
87.47999999999999  1.8720054684898224
87.6  1.8593390278406996
87.72  1.8460941364186114
87.84  1.8322749147833737
87.96  1.817885662172143
88.08  1.8029308551619025
88.2  1.7874151462767698
88.32  1.7713433625405817
88.44  1.7547205039751597
88.56  1.7375517420447992
88.67999999999999  1.7198424180473793
88.8  1.7015980414526624
88.92  1.682824288188272
89.03999999999999  1.6635269988738701
89.16  1.6437121770041143
89.28  1.623385987080933
89.39999999999999  1.6025547526957251
89.52  1.5812249545620325
89.64  1.5594032284993824
89.75999999999999  1.537096363368825
89.88  1.51431129896089
90.0  1.4910551238365752
90.11999999999999  1.4673350731220671
90.24  1.4431585262578268
90.36  1.4185330047028355
90.47999999999999  1.3934661695946131
90.6  1.3679658193657784
90.72  1.342039887317948
90.84  1.3156964391536103
90.96  1.2889436704668662
91.08  1.2617899041937017
91.2  1.234243588022712
91.32  1.2063132917669617
91.44  1.1780077046978508
91.56  1.1493356328418698
91.67999999999999  1.1203059962409665
91.8  1.090927826177483
91.92  1.0612102623644688
92.03999999999999  1.0311625501022794
92.16  1.0007940374022786
92.28  0.9701141720786619
92.39999999999999  0.9391324988091567
92.52  0.907858656165629
92.64  0.876302373615482
92.75999999999999  0.8444734684947445
92.88  0.8123818429538547
93.0  0.7800374808770403
93.11999999999999  0.747450444776292
93.24  0.7146308726608241
93.36  0.681588974883129
93.47999999999999  0.6483350309624432
93.6  0.6148793863867472
93.72  0.5812324493942213
93.84  0.5474046877351924
93.96  0.5134066254155569
94.08  0.47924883942267904
94.2  0.44494195643487466
94.32  0.41049664951535525
94.44  0.3759236347917957
94.56  0.34123366812247913
94.67999999999999  0.3064375417501074
94.8  0.2715460809442355
94.92  0.23657014063351472
95.03999999999999  0.2015206020286433
95.16  0.16640836923713903
95.28  0.13124436587105673
95.39999999999999  0.09603953164855253
95.52  0.06080481899049378
95.64  0.02555118961309283
95.75999999999999  0.0
95.88  0.0
96.0  0.0
96.11999999999999  0.0
96.24  0.0
96.36  0.0
96.47999999999999  0.0
96.6  0.0
96.72  0.0
96.84  0.0
96.96  0.0
97.08  0.0
97.2  0.0
97.32  0.0
97.44  0.0
97.56  0.0
97.67999999999999  0.0
97.8  0.0
97.92  0.0
98.03999999999999  0.0
98.16  0.0
98.28  0.0
98.39999999999999  0.0
98.52  0.0
98.64  0.0
98.75999999999999  0.0
98.88  0.0
99.0  0.0
99.11999999999999  0.0
99.24  0.0
99.36  0.0
99.47999999999999  0.0
99.6  0.0
99.72  0.0
99.84  0.0
99.96  0.0
100.08  0.0
100.2  0.0
100.32  0.0
100.44  0.0
100.56  0.0
100.67999999999999  0.0
100.8  0.0
100.92  0.0
101.03999999999999  0.0
101.16  0.0
101.28  0.0
101.39999999999999  0.0
101.52  0.0
101.64  0.0
101.75999999999999  0.0
101.88  0.0
102.0  0.0
102.11999999999999  0.0
102.24  0.0
102.36  0.0
102.47999999999999  0.0
102.6  0.0
102.72  0.0
102.83999999999999  0.0
102.96  0.0
103.08  0.0
103.2  0.0
103.32  0.0
103.44  0.0
103.56  0.0
103.67999999999999  0.0
103.8  0.0
103.92  0.0
104.03999999999999  0.0
104.16  0.0
104.28  0.0
104.39999999999999  0.0
104.52  0.0
104.64  0.0
104.75999999999999  0.0
104.88  0.0
105.0  0.0
105.11999999999999  0.0
105.24  0.0
105.36  0.0
105.47999999999999  0.0
105.6  0.0
105.72  0.0
105.83999999999999  0.0
105.96  0.0
106.08  0.0
106.2  0.0
106.32  0.0
106.44  0.0
106.56  0.0
106.67999999999999  0.0
106.8  0.0
106.92  0.0
107.03999999999999  0.0
107.16  0.0
107.28  0.0
107.39999999999999  0.0
107.52  0.0
107.64  0.0
107.75999999999999  0.0
107.88  0.0
108.0  0.0
108.11999999999999  0.0
108.24  0.0
108.36  0.0
108.47999999999999  0.0
108.6  0.0
108.72  0.0
108.83999999999999  0.0
108.96  0.0
109.08  0.0
109.2  0.0
109.32  0.0
109.44  0.0
109.56  0.0
109.67999999999999  0.0
109.8  0.0
109.92  0.0
110.03999999999999  0.0
110.16  0.0
110.28  0.0
110.39999999999999  0.0
110.52  0.0
110.64  0.0
110.75999999999999  0.0
110.88  0.0
111.0  0.0
111.11999999999999  0.0
111.24  0.0
111.36  0.0
111.47999999999999  0.0
111.6  0.0
111.72  0.0
111.83999999999999  0.0
111.96  0.0
112.08  0.0
112.2  0.0
112.32  0.0
112.44  0.0
112.56  0.0
112.67999999999999  0.0
112.8  0.0
112.92  0.0
113.03999999999999  0.0
113.16  0.0
113.28  0.0
113.39999999999999  0.0
113.52  0.0
113.64  0.0
113.75999999999999  0.0
113.88  0.0
114.0  0.0
114.11999999999999  0.0
114.24  0.0
114.36  0.0
114.47999999999999  0.0
114.6  0.0
114.72  0.0
114.83999999999999  0.0
114.96  0.0
115.08  0.0
115.19999999999999  0.0
115.32  0.0
115.44  0.0
115.56  0.0
115.67999999999999  0.0
115.8  0.0
115.92  0.0
116.03999999999999  0.0
116.16  0.0
116.28  0.0
116.39999999999999  0.0
116.52  0.0
116.64  0.0
116.75999999999999  0.0
116.88  0.0
117.0  0.0
117.11999999999999  0.0058022216498417045
117.24  0.04106165454971002
117.36  0.07630831293915033
117.47999999999999  0.11153123138554871
117.6  0.14671945184194873
117.72  0.18186202705611143
117.83999999999999  0.2169480239762881
117.96  0.251966527152575
118.08  0.28690664213272854
118.19999999999999  0.3217574988515113
118.32  0.3565082550124516
118.44  0.3911480994609001
118.56  0.42566625554746185
118.67999999999999  0.46005198448069273
118.8  0.4942945886679492
118.92  0.5283834150435243
119.03999999999999  0.5623078583828214
119.16  0.5960573646017528
119.28  0.629621434040128
119.39999999999999  0.6629896247281754
119.52  0.6961515556351193
119.64  0.7290969098987352
119.75999999999999  0.7618154380350042
119.88  0.7942969611268043
120.0  0.8265313739905886
