0.0  19.726831794027696  100.0
0.12  19.66443282842234
0.24  19.595916147758455
0.36  19.521303067958687
0.48  19.440616801569558
0.6  19.35388245053991
0.72  19.261126998411555
0.84  19.16237930192454
0.96  19.057670082039643
1.08  18.947031914380933
1.2  18.830499219101295
1.3199999999999998  18.70810825017413
1.44  18.57989708411454
1.56  18.44590560813352
1.68  18.30617550772882
1.7999999999999998  18.16075025371634
1.92  18.009675088706132
2.04  17.852997013027167
2.16  17.69076477010527
2.28  17.523028831298767
2.4  17.34984138019655
2.52  17.1712562963835
2.6399999999999997  16.987329138678216
2.76  16.79811712784838
2.88  16.603679128809038
3.0  16.4040756323094
3.12  16.19936873611384
3.2399999999999998  15.98962212568293
3.36  15.774901054360516
3.48  15.555272323073076
3.5999999999999996  15.330804259547538
3.7199999999999998  15.101566697054182
3.84  14.867630952681079
3.96  14.629069805146974
4.08  14.385957472159408
4.2  14.138369587325185
4.32  13.886383176620315
4.4399999999999995  13.630076634426814
4.56  13.36952969914377
4.68  13.104823428380293
4.8  12.836040173738018
4.92  12.563263555191078
5.04  12.286578435071451
5.16  12.006070891667822
5.279999999999999  11.721828192446143
5.3999999999999995  11.43393876690024
5.52  11.142492179040886
5.64  10.847579099531963
5.76  10.549291277482288
5.88  10.247721511901966
6.0  9.942963622832096
6.12  9.635112422156825
6.24  9.324263684106842
6.359999999999999  9.010514115463494
6.4799999999999995  8.693961325472737
6.6  8.37470379547838
6.72  8.052840848283976
6.84  7.728472617252944
6.96  7.401700015156527
7.08  7.072624702779237
7.199999999999999  6.741349057291654
7.319999999999999  6.407976140400291
7.4399999999999995  6.072609666284533
7.56  5.735353969330556
7.68  5.39631397167234
7.8  5.055595150549799
7.92  4.713303505494208
8.04  4.36954552535118
8.16  4.024428155151354
8.28  3.6780587628392505
8.4  3.3305451058704394
8.52  2.981995297687662
8.64  2.632517774086068
8.76  2.2822212594782822
8.879999999999999  1.931214733069608
9.0  1.5796073949539817
9.12  1.2275086321412458
9.24  0.875027984526191
9.36  0.5222751108101202
9.48  0.16935975438539597
9.6  0.0
9.719999999999999  0.0
9.84  0.0
9.959999999999999  0.0
10.08  0.0
10.2  0.0
10.32  0.0
10.44  0.0
10.559999999999999  0.0
10.68  0.0
10.799999999999999  0.0
10.92  0.0
11.04  0.0
11.16  0.0
11.28  0.0
11.4  0.0
11.52  0.0
11.639999999999999  0.0
11.76  0.0
11.879999999999999  0.0
12.0  0.0
12.12  0.0
12.24  0.0
12.36  0.0
12.48  0.0
12.6  0.0
12.719999999999999  0.0
12.84  0.0
12.959999999999999  0.0
13.08  0.0
13.2  0.0
13.32  0.0
13.44  0.0
13.559999999999999  0.0
13.68  0.0
13.799999999999999  0.0
13.92  0.0
14.04  0.0
14.16  0.0
14.28  0.0
14.399999999999999  0.0
14.52  0.0
14.639999999999999  0.0
14.76  0.0
14.879999999999999  0.0
15.0  0.0
15.12  0.0
15.24  0.0
15.36  0.0
15.479999999999999  0.0
15.6  0.0
15.719999999999999  0.0
15.84  0.0
15.959999999999999  0.0
16.08  0.0
16.2  0.0
16.32  0.0
16.439999999999998  0.0
16.56  0.0
16.68  0.0
16.8  0.0
16.919999999999998  0.0
17.04  0.0
17.16  0.0
17.28  0.0
17.4  0.0
17.52  0.0
17.64  0.0
17.759999999999998  0.0
17.88  0.0
18.0  0.0
18.12  0.0
18.24  0.0
18.36  0.0
18.48  0.0
18.599999999999998  0.0
18.72  0.0
18.84  0.0
18.96  0.0
19.08  0.0
19.2  0.0
19.32  0.0
19.439999999999998  0.0
19.56  0.0
19.68  0.0
19.8  0.0
19.919999999999998  0.0
20.04  0.0
20.16  0.0
20.279999999999998  0.0
20.4  0.0
20.52  0.0
20.64  0.0
20.759999999999998  0.0
20.88  0.0
21.0  0.0
21.119999999999997  0.0
21.24  0.0
21.36  0.0
21.48  0.0
21.599999999999998  0.0
21.72  0.0
21.84  0.0
21.96  0.0
22.08  0.0
22.2  0.0
22.32  0.0
22.439999999999998  0.0
22.56  0.0
22.68  0.0
22.8  0.0
22.919999999999998  0.0
23.04  0.0
23.16  0.0
23.279999999999998  0.0
23.4  0.0
23.52  0.0
23.64  0.0
23.759999999999998  0.0
23.88  0.0
24.0  0.0
24.119999999999997  0.0
24.24  0.0
24.36  0.0
24.48  0.0
24.599999999999998  0.0
24.72  0.0
24.84  0.0
24.96  0.0
25.08  0.0
25.2  0.0
25.32  0.0
25.439999999999998  0.0
25.56  0.0
25.68  0.0
25.8  0.0
25.919999999999998  0.0
26.04  0.0
26.16  0.0
26.279999999999998  0.0
26.4  0.0
26.52  0.0
26.64  0.0
26.759999999999998  0.0
26.88  0.0
27.0  0.0
27.119999999999997  0.0
27.24  0.0
27.36  0.0
27.48  0.0
27.599999999999998  0.0
27.72  0.0
27.84  0.0
27.959999999999997  0.0
28.08  0.0
28.2  0.0
28.32  0.0
28.439999999999998  0.0
28.56  0.0
28.68  0.0
28.799999999999997  0.0
28.919999999999998  0.0
29.04  0.0
29.16  0.0
29.279999999999998  0.0
29.4  0.0
29.52  0.0
29.64  0.0
29.759999999999998  0.0
29.88  0.0
30.0  0.0
30.119999999999997  0.0
30.24  0.0
30.36  0.0
30.48  0.0
30.599999999999998  0.0
30.72  0.0
30.84  0.0
30.959999999999997  0.144488900867779
31.08  0.49741156595581115
31.2  0.8501794835230667
31.32  1.2026829054969914
31.439999999999998  1.5548121660910217
31.56  1.9064577159223421
31.68  2.2575101560932636
31.799999999999997  2.6078602722257775
31.919999999999998  2.957399068438882
32.04  3.30601780125767
32.16  3.653608013444158
32.28  4.0000615677389
32.4  4.345270680502977
32.519999999999996  4.689127955250291
32.64  5.031526416059104
32.76  5.372359540852795
32.879999999999995  5.71152129453959
33.0  6.048906162000618
33.12  6.384409180916196
33.24  6.717925974420323
33.36  7.049352783572768
33.48  7.378586499639172
33.6  7.705524696168718
33.72  8.030065660859462
33.839999999999996  8.352108427201795
33.96  8.67155280588957
34.08  8.988299415989529
34.199999999999996  9.302249715859361
34.32  9.613306033804509
34.44  9.921371598464336
34.56  10.226350568918347
34.68  10.528148064502723
34.8  10.82667019432827
34.92  11.121824086490463
35.04  11.413517916962281
35.16  11.701660938161305
35.28  11.986163507181743
35.4  12.266937113682793
35.519999999999996  12.543894407424805
35.64  12.816949225444366
35.76  13.08601661886006
35.879999999999995  13.351012879300605
36.0  13.611855564946982
36.12  13.868463526180438
36.24  14.120756930828772
36.36  14.368657289002414
36.48  14.612087477513152
36.6  14.850971763867573
36.72  15.08523582982781
36.839999999999996  15.31480679453246
36.96  15.539613237170153
37.08  15.759585219198966
37.199999999999996  15.974654306104757
37.32  16.184753588691454
37.44  16.389817703896902
37.559999999999995  16.589782855127723
37.68  16.784586832106744
37.8  16.97416903022694
37.92  17.15847046940595
38.04  17.33743381243502
38.16  17.51100338281699
38.28  17.679125182087567
38.4  17.84174690661446
38.519999999999996  17.998817963869463
38.64  18.15028948816799
38.76  18.296114355871463
38.879999999999995  18.43624720004778
39.0  18.570644424585215
39.12  18.69926421775535
39.24  18.82206656522103
39.36  18.939013262484966
39.48  19.05006792677544
39.6  19.15519600836514
39.72  19.254364801319763
39.839999999999996  19.347543453673065
39.96  19.434702977025054
40.08  19.51581625556042
40.199999999999996  19.590858054484453
40.32  19.659805027873723
40.44  19.722635725939096
40.559999999999995  19.779330601698927
40.68  19.829872017060215
40.8  19.874244248305896
40.92  19.912433490986604
41.04  19.94442786421531
41.16  19.970217414363518
41.28  19.98979411815791
41.4  20.00315188517642
41.519999999999996  20.010286559742998
41.64  20.011195922220477
41.76  20.00587968970111
41.879999999999995  19.994339516094566
42.0  19.97657899161341
42.12  19.95260364165617
42.239999999999995  19.92242092508834
42.36  19.886040231921875
42.48  19.843472880393957
42.6  19.794732113445765
42.72  19.739833094602556
42.839999999999996  19.678792903256216
42.96  19.61163052935173
43.08  19.538366867479336
43.199999999999996  19.459024710374095
43.32  19.373628741824923
43.44  19.282205528995377
43.559999999999995  19.18478351415838
43.68  19.081393005847744
43.8  18.97206616942899
43.92  18.856837017092513
44.04  18.73574139727222
44.16  18.60881698349286
44.28  18.47610326264959
44.4  18.33764152272338
44.519999999999996  18.19347483993611
44.64  18.043648065349267
44.76  17.888207810910593
44.879999999999995  17.72720243495279
45.0  17.560682027148996
45.12  17.38869839292964
45.239999999999995  17.211305037365413
45.36  17.028557148521585
45.48  16.84051158028872
45.6  16.647226834695008
45.72  16.448763043706112
45.839999999999996  16.24518195051762
45.96  16.036546890346475
46.08  15.822922770727056
46.199999999999996  15.604376051318003
46.32  15.380974723226295
46.44  15.152788287854865
46.559999999999995  14.919887735280248
46.68  14.682345522167225
46.8  14.440235549227154
46.92  14.193633138226986
47.04  13.942615008556354
47.16  13.68725925335961
47.28  13.427645315240676
47.4  13.163853961548044
47.519999999999996  12.89596725924752
47.64  12.624068549390774
47.76  12.34824242118751
47.879999999999995  12.068574685689205
48.0  11.785152349092849
48.12  11.498063585672917
48.239999999999995  11.207397710349692
48.36  10.913245150903002
48.48  10.615697419839652
48.6  10.314847085923265
48.72  10.010787745375755
48.839999999999996  9.703613992758903
48.96  9.393421391545505
49.08  9.080306444389091
49.199999999999996  8.764366563101312
49.32  8.445700038346622
49.44  8.124406009063598
49.559999999999995  7.800584431622084
49.68  7.474336048726304
49.8  7.145762358073295
49.92  6.8149655807762715
50.04  6.482048629563208
50.16  6.147115076759993
50.28  5.810269122068556
50.4  5.471615560149795
50.519999999999996  5.131259748021283
50.64  4.789307572280139
50.76  4.445865416161229
50.879999999999995  4.101040126440555
51.0  3.7549389801947326
51.12  3.407669651426531
51.239999999999995  3.059340177566787
51.36  2.7100589258634042
51.48  2.3599345596677517
51.6  2.009076004628763
51.72  1.6575924148056789
51.839999999999996  1.3055931387095616
51.96  0.9531876852843015
52.08  0.6004856898379018
52.199999999999996  0.24759687993419188
52.32  0.0
52.44  0.0
52.559999999999995  0.0
52.68  0.0
52.8  0.0
52.919999999999995  0.0
53.04  0.0
53.16  0.0
53.28  0.0
53.4  0.0
53.519999999999996  0.0
53.64  0.0
53.76  0.0
53.879999999999995  0.0
54.0  0.0
54.12  0.0
54.239999999999995  0.0
54.36  0.0
54.48  0.0
54.6  0.0
54.72  0.0
54.839999999999996  0.0
54.96  0.0
55.08  0.0
55.199999999999996  0.0
55.32  0.0
55.44  0.0
55.559999999999995  0.0
55.68  0.0
55.8  0.0
55.919999999999995  0.0
56.04  0.0
56.16  0.0
56.28  0.0
56.4  0.0
56.519999999999996  0.0
56.64  0.0
56.76  0.0
56.879999999999995  0.0
57.0  0.0
57.12  0.0
57.239999999999995  0.0
57.36  0.0
57.48  0.0
57.599999999999994  0.0
57.72  0.0
57.839999999999996  0.0
57.96  0.0
58.08  0.0
58.199999999999996  0.0
58.32  0.0
58.44  0.0
58.559999999999995  0.0
58.68  0.0
58.8  0.0
58.919999999999995  0.0
59.04  0.0
59.16  0.0
59.28  0.0
59.4  0.0
59.519999999999996  0.0
59.64  0.0
59.76  0.0
59.879999999999995  0.0
60.0  0.0
60.12  0.0
60.239999999999995  0.0
60.36  0.0
60.48  0.0
60.599999999999994  0.0
60.72  0.0
60.839999999999996  0.0
60.96  0.0
61.08  0.0
61.199999999999996  0.0
61.32  0.0
61.44  0.0
61.559999999999995  0.0
61.68  0.0
61.8  0.0
61.919999999999995  0.0
62.04  0.0
62.16  0.0
62.28  0.0
62.4  0.0
62.519999999999996  0.0
62.64  0.0
62.76  0.0
62.879999999999995  0.0
63.0  0.0
63.12  0.0
63.239999999999995  0.0
63.36  0.0
63.48  0.0
63.599999999999994  0.0
63.72  0.0
63.839999999999996  0.0
63.96  0.0
64.08  0.0
64.2  0.0
64.32  0.0
64.44  0.0
64.56  0.0
64.67999999999999  0.0
64.8  0.0
64.92  0.0
65.03999999999999  0.0
65.16  0.0
65.28  0.0
65.39999999999999  0.0
65.52  0.0
65.64  0.0
65.75999999999999  0.0
65.88  0.0
66.0  0.0
66.12  0.0
66.24  0.0
66.36  0.0
66.48  0.0
66.6  0.0
66.72  0.0
66.84  0.0
66.96  0.0
67.08  0.0
67.2  0.0
67.32  0.0
67.44  0.0
67.56  0.0
67.67999999999999  0.0
67.8  0.0
67.92  0.0
68.03999999999999  0.0
68.16  0.0
68.28  0.0
68.39999999999999  0.0
68.52  0.0
68.64  0.0
68.75999999999999  0.0
68.88  0.0
69.0  0.0
69.12  0.0
69.24  0.0
69.36  0.0
69.48  0.0
69.6  0.0
69.72  0.0
69.84  0.0
69.96  0.0
70.08  0.0
70.2  0.0
70.32  0.0
70.44  0.0
70.56  0.0
70.67999999999999  0.0
70.8  0.0
70.92  0.0
71.03999999999999  0.0
71.16  0.0
71.28  0.0
71.39999999999999  0.0
71.52  0.0
71.64  0.0
71.75999999999999  0.0
71.88  0.0
72.0  0.0
72.11999999999999  0.0
72.24  0.0
72.36  0.0
72.48  0.0
72.6  0.0
72.72  0.0
72.84  0.0
72.96  0.0
73.08  0.0
73.2  0.0
73.32  0.0
73.44  0.0
73.56  0.0
73.67999999999999  0.066248613937403
73.8  0.41919071567591004
73.92  0.7720024048377225
74.03999999999999  1.124573919732701
74.16  1.476795573390225
74.28  1.8285577876835002
74.39999999999999  2.179751127419782
74.52  2.530266334386489
74.64  2.8799943613419368
74.75999999999999  3.228826405940406
74.88  3.5766539445815484
75.0  3.9233687661721905
75.11999999999999  4.268863005791799
75.24  4.613029178249684
75.36  4.955760211524316
75.48  5.296949480073922
75.6  5.636490838008326
75.72  5.974278652111771
75.84  6.310207834705553
75.96  6.644173876341767
76.08  6.976072878316606
76.2  7.305801584993901
76.32  7.6332574159283535
76.44  7.958338497779261
76.56  8.28094369600344
76.67999999999999  8.600972646318963
76.8  8.91832578592923
76.92  9.23290438449709
77.03999999999999  9.544610574860766
77.16  9.853347383480706
77.28  10.159018760608664
77.39999999999999  10.461529610169153
77.52  10.760785819344708
77.64  11.056694287854484
77.75999999999999  11.349162956918601
77.88  11.638100837898008
78.0  11.923418040601597
78.11999999999999  12.205025801251445
78.24  12.48283651009789
78.36  12.756763738675327
78.48  13.0267222666905
78.6  13.292628108535187
78.72  13.554398539414475
78.84  13.81195212108296
78.96  14.06520872718052
79.08  14.31408956816035
79.2  14.558517215800487
79.32  14.798415627292345
79.44  15.033710168898178
79.56  15.264327639169752
79.67999999999999  15.49019629172198
79.8  15.711245857553514
79.92  15.927407566907863
80.03999999999999  16.138614170667942
80.16  16.34479996127789
80.28  16.545900793184767
80.39999999999999  16.741854102794747
80.52  16.932598927937093
80.64  17.118075926829597
80.75999999999999  17.298227396540337
80.88  17.472997290939293
81.0  17.64233123813465
81.11999999999999  17.8061765573881
81.24  17.964482275504317
81.36  18.11719914268877
81.48  18.264279647869778
81.6  18.40567803347937
81.72  18.541350309688784
81.84  18.671254268093946
81.96  18.795349494846654
82.08  18.913597383227703
82.2  19.025961145657494
82.32  19.132405825140964
82.44  19.232898306142857
82.56  19.32740732489018
82.67999999999999  19.41590347909847
82.8  19.498359237119132
82.92  19.574748946504556
83.03999999999999  19.645048841988807
83.16  19.709237052881157
83.28  19.767293609870098
83.39999999999999  19.819200451235986
83.52  19.864941428470093
83.64  19.904502311298533
83.75999999999999  19.937870792109326
83.88  19.965036489781447
84.0  19.985990952914367
84.11999999999999  20.000727662457383
84.24  20.00924203373772
84.36  20.011531417886847
84.47999999999999  20.007595102664542
84.6  19.99743431268049
84.72  19.981052209013303
84.84  19.958453888227066
84.96  19.929646380785805
85.08  19.89463864886623
85.2  19.85344158356958
85.32  19.806068001533333
85.44  19.752532640943876
85.56  19.692852156951368
85.67999999999999  19.627045116488254
85.8  19.55513199249293
85.92  19.47713515754059
86.03999999999999  19.3930788768829
86.16  19.302989300898993
86.28  19.20689445695993
86.39999999999999  19.104824240709256
86.52  18.996810406762194
86.64  18.88288655882676
86.75999999999999  18.763088139249362
86.88  18.637452417988467
87.0  18.50601848101981
87.11999999999999  18.36882721817644
87.24  18.225921310427687
87.36  18.077345216600868
87.47999999999999  17.923145159549986
87.6  17.763369111775333
87.72  17.598066780499224
87.84  17.42728959220165
87.96  17.251090676621224
88.08  17.069524850226276
88.2  16.882648599161076
88.32  16.6905200616728
88.44  16.49319901002418
88.56  16.290746831898282
88.67999999999999  16.08322651130025
88.8  15.870702608962695
88.92  15.653241242260567
89.03999999999999  15.430910064641532
89.16  15.203778244578707
89.28  14.971916444051892
89.39999999999999  14.735396796564372
89.52  14.494292884701503
89.64  14.248679717239114
89.75999999999999  13.99863370580757
89.88  13.744232641119824
90.0  13.485555668770221
90.11999999999999  13.222683264612023
90.24  12.955697209720595
90.36  12.684680564951229
90.47999999999999  12.409717645098269
90.6  12.13089399266416
90.72  11.848296351247027
90.84  11.562012638553956
90.96  11.272131919049558
91.08  10.978744376247192
91.2  10.681941284652737
91.32  10.3818149813684
91.44  10.078458837365961
91.56  9.771967228438932
91.67999999999999  9.462435505841373
91.8  9.149959966623753
91.92  8.834637823674317
92.03999999999999  8.516567175475792
92.16  8.195846975586035
92.28  7.872577001853483
92.39999999999999  7.546857825375351
92.52  7.218790779209525
92.64  6.8884779268493865
92.75999999999999  6.556022030471092
92.88  6.221526518963804
93.0  5.8850954557523405
93.11999999999999  5.546833506422605
93.24  5.206845906159186
93.36  4.865238427006565
93.47999999999999  4.522117344962474
93.6  4.177589406915004
93.72  3.831761797432983
93.84  3.4847421054203656
93.96  3.1366382906446844
94.08  2.7875586501499163
94.2  2.4376117845651275
94.32  2.086906564317815
94.44  1.7355520957638944
94.56  1.3836576872440238
94.67999999999999  1.0313328150773469
94.8  0.6786870895024069
94.92  0.325830220577251
95.03999999999999  0.0
95.16  0.0
95.28  0.0
95.39999999999999  0.0
95.52  0.0
95.64  0.0
95.75999999999999  0.0
95.88  0.0
96.0  0.0
96.11999999999999  0.0
96.24  0.0
96.36  0.0
96.47999999999999  0.0
96.6  0.0
96.72  0.0
96.84  0.0
96.96  0.0
97.08  0.0
97.2  0.0
97.32  0.0
97.44  0.0
97.56  0.0
97.67999999999999  0.0
97.8  0.0
97.92  0.0
98.03999999999999  0.0
98.16  0.0
98.28  0.0
98.39999999999999  0.0
98.52  0.0
98.64  0.0
98.75999999999999  0.0
98.88  0.0
99.0  0.0
99.11999999999999  0.0
99.24  0.0
99.36  0.0
99.47999999999999  0.0
99.6  0.0
99.72  0.0
99.84  0.0
99.96  0.0
100.08  0.0
100.2  0.0
100.32  0.0
100.44  0.0
100.56  0.0
100.67999999999999  0.0
100.8  0.0
100.92  0.0
101.03999999999999  0.0
101.16  0.0
101.28  0.0
101.39999999999999  0.0
101.52  0.0
101.64  0.0
101.75999999999999  0.0
101.88  0.0
102.0  0.0
102.11999999999999  0.0
102.24  0.0
102.36  0.0
102.47999999999999  0.0
102.6  0.0
102.72  0.0
102.83999999999999  0.0
102.96  0.0
103.08  0.0
103.2  0.0
103.32  0.0
103.44  0.0
103.56  0.0
103.67999999999999  0.0
103.8  0.0
103.92  0.0
104.03999999999999  0.0
104.16  0.0
104.28  0.0
104.39999999999999  0.0
104.52  0.0
104.64  0.0
104.75999999999999  0.0
104.88  0.0
105.0  0.0
105.11999999999999  0.0
105.24  0.0
105.36  0.0
105.47999999999999  0.0
105.6  0.0
105.72  0.0
105.83999999999999  0.0
105.96  0.0
106.08  0.0
106.2  0.0
106.32  0.0
106.44  0.0
106.56  0.0
106.67999999999999  0.0
106.8  0.0
106.92  0.0
107.03999999999999  0.0
107.16  0.0
107.28  0.0
107.39999999999999  0.0
107.52  0.0
107.64  0.0
107.75999999999999  0.0
107.88  0.0
108.0  0.0
108.11999999999999  0.0
108.24  0.0
108.36  0.0
108.47999999999999  0.0
108.6  0.0
108.72  0.0
108.83999999999999  0.0
108.96  0.0
109.08  0.0
109.2  0.0
109.32  0.0
109.44  0.0
109.56  0.0
109.67999999999999  0.0
109.8  0.0
109.92  0.0
110.03999999999999  0.0
110.16  0.0
110.28  0.0
110.39999999999999  0.0
110.52  0.0
110.64  0.0
110.75999999999999  0.0
110.88  0.0
111.0  0.0
111.11999999999999  0.0
111.24  0.0
111.36  0.0
111.47999999999999  0.0
111.6  0.0
111.72  0.0
111.83999999999999  0.0
111.96  0.0
112.08  0.0
112.2  0.0
112.32  0.0
112.44  0.0
112.56  0.0
112.67999999999999  0.0
112.8  0.0
112.92  0.0
113.03999999999999  0.0
113.16  0.0
113.28  0.0
113.39999999999999  0.0
113.52  0.0
113.64  0.0
113.75999999999999  0.0
113.88  0.0
114.0  0.0
114.11999999999999  0.0
114.24  0.0
114.36  0.0
114.47999999999999  0.0
114.6  0.0
114.72  0.0
114.83999999999999  0.0
114.96  0.0
115.08  0.0
115.19999999999999  0.0
115.32  0.0
115.44  0.0
115.56  0.0
115.67999999999999  0.0
115.8  0.0
115.92  0.0
116.03999999999999  0.0
116.16  0.0
116.28  0.0
116.39999999999999  0.0
116.52  0.34096345741007683
116.64  0.6938135248877386
116.75999999999999  1.0464477430965888
116.88  1.3987564055585846
117.0  1.7506299070779
117.11999999999999  2.1019587778399242
117.24  2.452633717467438
117.36  2.8025456290251403
117.47999999999999  3.1515856529597475
117.6  3.4996452009673744
117.72  3.8466159897754726
117.83999999999999  4.19239007483057
117.96  4.536859883880636
118.08  4.879918250440994
118.19999999999999  5.221458447134621
118.32  5.561374218895839
118.44  5.899559816026446
118.56  6.235910027095253
118.67999999999999  6.570320211670138
118.8  6.9026863328718076
118.92  7.23290498974079
119.03999999999999  7.560873449405507
119.16  7.8864896790435886
119.28  8.209652377624387
119.39999999999999  8.530261007424487
119.52  8.848215825305761
119.64  9.163417913745619
119.75999999999999  9.475769211610993
119.88  9.785172544665913
120.0  10.091531655802552
