0.0  393.82815759810546  100.0
0.12  392.45160600767724
0.24  390.95296052719056
0.36  389.3326873936378
0.48  387.59129068305504
0.6  385.7293121537005
0.72  383.74733107751086
0.84  381.64596405988635
0.96  379.42586484786153
1.08  377.0877241267208
1.2  374.6322693051224
1.3199999999999998  372.0602642887975
1.44  369.3725092428948
1.56  366.56984034304486
1.68  363.6531295152208
1.7999999999999998  360.6232841644778
1.92  357.48124689265376
2.04  354.22799520512086
2.16  350.8645412066785
2.28  347.3919312866809
2.4  343.81124579350075
2.52  340.12359869842567
2.6399999999999997  336.3301372490962
2.76  332.4320416125903
2.88  328.4305245082671
3.0  324.3268308304828
3.12  320.12223726129713
3.2399999999999998  315.8180518732905
3.36  311.41561372261555
3.48  306.9162924324087
3.5999999999999996  302.321487766693
3.7199999999999998  297.6326291949042
3.84  292.851175447174
3.96  287.97861406051146
4.08  283.0164609160217
4.2  277.96625976730706
4.32  272.82958176019645
4.4399999999999995  267.60802494395307
4.56  262.30321377411263
4.68  256.916798607106
4.8  251.4504551868239
4.92  245.9058841232839
5.04  240.28481036356095
5.16  234.5889826551469
5.279999999999999  228.820173001905
5.3999999999999995  222.98017611278993
5.52  217.0708088435036
5.64  211.0939096312614
5.76  205.0513379228439
5.88  198.94497359611245
6.0  192.7767163751691
6.12  186.54848523934132
6.24  180.26221782617705
6.359999999999999  173.9198698286349
6.4799999999999995  167.52341438665673
6.6  161.07484147331334
6.72  154.5761572757122
6.84  148.02938357086174
6.96  141.4365570966853
7.08  134.79972891837997
7.199999999999999  128.1209637903195
7.319999999999999  121.40233951369711
7.4399999999999995  114.64594629011032
7.56  107.853886071287
7.68  101.02827190515706
7.8  94.17122727847106
7.92  87.28488545617161
8.04  80.3713888177229
8.16  73.43288819060393
8.28  66.47154218117515
8.4  59.48951650312243
8.52  52.48898330369303
8.64  45.472120487927
8.76  38.441111041099745
8.879999999999999  31.398142349582685
9.0  24.345405520334864
9.12  17.28509469923823
9.24  10.21940638848531
9.36  3.1505387632361277
9.48  0.0
9.6  0.0
9.719999999999999  0.0
9.84  0.0
9.959999999999999  0.0
10.08  0.0
10.2  0.0
10.32  0.0
10.44  0.0
10.559999999999999  0.0
10.68  0.0
10.799999999999999  0.0
10.92  0.0
11.04  0.0
11.16  0.0
11.28  0.0
11.4  0.0
11.52  0.0
11.639999999999999  0.0
11.76  0.0
11.879999999999999  0.0
12.0  0.0
12.12  0.0
12.24  0.0
12.36  0.0
12.48  0.0
12.6  0.0
12.719999999999999  0.0
12.84  0.0
12.959999999999999  0.0
13.08  0.0
13.2  0.0
13.32  0.0
13.44  0.0
13.559999999999999  0.0
13.68  0.0
13.799999999999999  0.0
13.92  0.0
14.04  0.0
14.16  0.0
14.28  0.0
14.399999999999999  0.0
14.52  0.0
14.639999999999999  0.0
14.76  0.0
14.879999999999999  0.0
15.0  0.0
15.12  0.0
15.24  0.0
15.36  0.0
15.479999999999999  0.0
15.6  0.0
15.719999999999999  0.0
15.84  0.0
15.959999999999999  0.0
16.08  0.0
16.2  0.0
16.32  0.0
16.439999999999998  0.0
16.56  0.0
16.68  0.0
16.8  0.0
16.919999999999998  0.0
17.04  0.0
17.16  0.0
17.28  0.0
17.4  0.0
17.52  0.0
17.64  0.0
17.759999999999998  0.0
17.88  0.0
18.0  0.0
18.12  0.0
18.24  0.0
18.36  0.0
18.48  0.0
18.599999999999998  0.0
18.72  0.0
18.84  0.0
18.96  0.0
19.08  0.0
19.2  0.0
19.32  0.0
19.439999999999998  0.0
19.56  0.0
19.68  0.0
19.8  0.0
19.919999999999998  0.0
20.04  0.0
20.16  0.0
20.279999999999998  0.0
20.4  0.0
20.52  0.0
20.64  0.0
20.759999999999998  0.0
20.88  0.0
21.0  0.0
21.119999999999997  0.0
21.24  0.0
21.36  0.0
21.48  0.0
21.599999999999998  0.0
21.72  0.0
21.84  0.0
21.96  0.0
22.08  0.0
22.2  0.0
22.32  0.0
22.439999999999998  0.0
22.56  0.0
22.68  0.0
22.8  0.0
22.919999999999998  0.0
23.04  0.0
23.16  0.0
23.279999999999998  0.0
23.4  0.0
23.52  0.0
23.64  0.0
23.759999999999998  0.0
23.88  0.0
24.0  0.0
24.119999999999997  0.0
24.24  0.0
24.36  0.0
24.48  0.0
24.599999999999998  0.0
24.72  0.0
24.84  0.0
24.96  0.0
25.08  0.0
25.2  0.0
25.32  0.0
25.439999999999998  0.0
25.56  0.0
25.68  0.0
25.8  0.0
25.919999999999998  0.0
26.04  0.0
26.16  0.0
26.279999999999998  0.0
26.4  0.0
26.52  0.0
26.64  0.0
26.759999999999998  0.0
26.88  0.0
27.0  0.0
27.119999999999997  0.0
27.24  0.0
27.36  0.0
27.48  0.0
27.599999999999998  0.0
27.72  0.0
27.84  0.0
27.959999999999997  0.0
28.08  0.0
28.2  0.0
28.32  0.0
28.439999999999998  0.0
28.56  0.0
28.68  0.0
28.799999999999997  0.0
28.919999999999998  0.0
29.04  0.0
29.16  0.0
29.279999999999998  0.0
29.4  0.0
29.52  0.0
29.64  0.0
29.759999999999998  0.0
29.88  0.0
30.0  0.0
30.119999999999997  0.0
30.24  0.0
30.36  0.0
30.48  0.0
30.599999999999998  0.0
30.72  0.0
30.84  3.135762660382511
30.959999999999997  10.204634627805
31.08  17.270331876308965
31.2  24.330656227953185
31.32  31.38341117633611
31.439999999999998  38.426402569938524
31.56  45.45743929473872
31.68  52.474333955879345
31.799999999999997  59.47490355817714
31.919999999999998  66.45697018526734
32.04  73.41836167716289
32.16  80.35691230602804
32.28  87.27046344994757
32.4  94.15686426448387
32.519999999999996  101.01397235182074
32.64  107.8396544272729
32.76  114.63178698296218
32.879999999999995  121.3882569484547
33.0  128.10696234814787
33.12  134.7858129552058
33.24  141.4227309418429
33.36  148.015651525745
33.48  154.562523612437
33.6  161.06131043338928
33.72  167.50999017966546
33.839999999999996  173.90655663092224
33.96  180.2490197795537
34.08  186.53540644979302
34.199999999999996  192.76376091158045
34.32  198.932145489001
34.44  205.03864116310513
34.56  211.0813481689287
34.68  217.05838658651814
34.8  222.967896925785
34.92  228.80804070500471
35.04  234.57700102277641
35.16  240.27298312327312
35.28  245.8942149545996
35.4  251.4389477200865
35.519999999999996  256.9054564223528
35.64  262.292040399961
35.76  267.597023856502
35.879999999999995  272.8187563819458
36.0  277.95561346609304
36.12  283.00599700396765
36.24  287.96833579299914
36.36  292.8410860218298
36.48  297.62273175060477
36.6  302.31178538258894
36.72  306.90678812696547
36.839999999999996  311.40631045267605
36.96  315.80895253315424
37.08  320.11334468181934
37.199999999999996  324.318147778195
37.32  328.4220536845155
37.44  332.4237856526952
37.559999999999995  336.322098721533
37.68  340.1157801040255
37.8  343.8036495646718
37.92  347.38455978665274
38.04  350.85739672876565
38.16  354.22107997201056
38.28  357.4745630557139
38.4  360.6168338030872
38.519999999999996  363.646914636123
38.64  366.5638628797236
38.76  369.3667710549723
38.879999999999995  372.0547671614561
39.0  374.62701494854923
39.12  377.08271417557546
39.24  379.42110086076804
39.36  381.64144751894753
39.48  383.743063387848
39.6  385.72529464301584
39.72  387.58752460121843
39.839999999999996  389.3291739122984
39.96  390.94970073941215
40.08  392.44860092759797
40.199999999999996  393.82540816062254
40.32  395.07969410605364
40.44  396.2110685485168
40.559999999999995  397.21917951109384
40.68  398.1037133648252
40.8  398.8643949262803
40.92  399.50098754317037
41.04  400.0132931679709
41.16  400.4011524195362
41.28  400.6644446326833
41.4  400.8030878957318
41.519999999999996  400.817039075987
41.64  400.7062938331587
41.76  400.4708866207115
41.879999999999995  400.110890675146
42.0  399.6264179932148
42.12  399.0176192970794
42.239999999999995  398.28468398742
42.36  397.42784008451133
42.48  396.4473541572852
42.6  395.3435312403983
42.72  394.1167147393351
42.839999999999996  392.7672863235722
42.96  391.2956658078384
43.08  389.7023110215088
43.199999999999996  387.98771766617074
43.32  386.1524191614086
43.44  384.19698647885457
43.559999999999995  382.1220279645549
43.68  379.9281891497108
43.8  377.61615254985065
43.92  375.1866374524941
44.04  372.6403996933793
44.16  369.978231421317
44.28  367.2009608517491
44.4  364.30945200908627
44.519999999999996  361.30460445790516
44.64  358.1873530230883
44.76  354.9586674989955
44.879999999999995  351.61955234775496
45.0  348.17104638676966
45.12  344.61422246553565
45.239999999999995  340.95018713187216
45.36  337.1800802876684
45.48  333.30507483425436
45.6  329.32637630750355
45.72  325.24522250278574
45.839999999999996  321.0628830898797
45.96  316.78065921797315
46.08  312.3998831108685
46.199999999999996  307.92191765251914
46.32  303.3481559630292
46.44  298.68002096524714
46.559999999999995  293.9189649420847
46.68  289.0664690847044
46.8  284.1240430317136
46.92  279.0932243995052
47.04  273.9755783038997
47.16  268.772696873226
47.28  263.4861987530024
47.4  258.1177286023681
47.519999999999996  252.6689565824187
47.64  247.14157783661045
47.76  241.53731196339277
47.879999999999995  235.85790248122944
48.0  230.10511628618144
48.12  224.28074310221683
48.239999999999995  218.3865949244151
48.36  212.42450545524667
48.48  206.39632953409887
48.6  200.3039425602225
48.72  194.14923990928753
48.839999999999996  187.93413634371854
48.96  181.66056541700274
49.08  175.33047887215116
49.199999999999996  168.9458460344991
49.32  162.5086531990382
49.44  156.02090301247148
49.559999999999995  149.48461385017464
49.68  142.90181918827065
49.8  136.27456697100462
49.92  129.60491897361447
50.04  122.8949501609038
50.16  116.14674804170643
50.28  109.36241201945161
50.4  102.54405273902918
50.519999999999996  95.69379143015378
50.64  88.81375924743922
50.76  81.90609660738677
50.879999999999995  74.9729525224855
51.0  68.01648393264492
51.12  61.038855034159454
51.239999999999995  54.042236606412885
51.36  47.02880533653783
51.48  40.00074314223717
51.6  32.96023649297483
51.72  25.9094757297553
51.839999999999996  18.850654383695357
51.96  11.78596849360305
52.08  4.717615922780382
52.199999999999996  0.0
52.32  0.0
52.44  0.0
52.559999999999995  0.0
52.68  0.0
52.8  0.0
52.919999999999995  0.0
53.04  0.0
53.16  0.0
53.28  0.0
53.4  0.0
53.519999999999996  0.0
53.64  0.0
53.76  0.0
53.879999999999995  0.0
54.0  0.0
54.12  0.0
54.239999999999995  0.0
54.36  0.0
54.48  0.0
54.6  0.0
54.72  0.0
54.839999999999996  0.0
54.96  0.0
55.08  0.0
55.199999999999996  0.0
55.32  0.0
55.44  0.0
55.559999999999995  0.0
55.68  0.0
55.8  0.0
55.919999999999995  0.0
56.04  0.0
56.16  0.0
56.28  0.0
56.4  0.0
56.519999999999996  0.0
56.64  0.0
56.76  0.0
56.879999999999995  0.0
57.0  0.0
57.12  0.0
57.239999999999995  0.0
57.36  0.0
57.48  0.0
57.599999999999994  0.0
57.72  0.0
57.839999999999996  0.0
57.96  0.0
58.08  0.0
58.199999999999996  0.0
58.32  0.0
58.44  0.0
58.559999999999995  0.0
58.68  0.0
58.8  0.0
58.919999999999995  0.0
59.04  0.0
59.16  0.0
59.28  0.0
59.4  0.0
59.519999999999996  0.0
59.64  0.0
59.76  0.0
59.879999999999995  0.0
60.0  0.0
60.12  0.0
60.239999999999995  0.0
60.36  0.0
60.48  0.0
60.599999999999994  0.0
60.72  0.0
60.839999999999996  0.0
60.96  0.0
61.08  0.0
61.199999999999996  0.0
61.32  0.0
61.44  0.0
61.559999999999995  0.0
61.68  0.0
61.8  0.0
61.919999999999995  0.0
62.04  0.0
62.16  0.0
62.28  0.0
62.4  0.0
62.519999999999996  0.0
62.64  0.0
62.76  0.0
62.879999999999995  0.0
63.0  0.0
63.12  0.0
63.239999999999995  0.0
63.36  0.0
63.48  0.0
63.599999999999994  0.0
63.72  0.0
63.839999999999996  0.0
63.96  0.0
64.08  0.0
64.2  0.0
64.32  0.0
64.44  0.0
64.56  0.0
64.67999999999999  0.0
64.8  0.0
64.92  0.0
65.03999999999999  0.0
65.16  0.0
65.28  0.0
65.39999999999999  0.0
65.52  0.0
65.64  0.0
65.75999999999999  0.0
65.88  0.0
66.0  0.0
66.12  0.0
66.24  0.0
66.36  0.0
66.48  0.0
66.6  0.0
66.72  0.0
66.84  0.0
66.96  0.0
67.08  0.0
67.2  0.0
67.32  0.0
67.44  0.0
67.56  0.0
67.67999999999999  0.0
67.8  0.0
67.92  0.0
68.03999999999999  0.0
68.16  0.0
68.28  0.0
68.39999999999999  0.0
68.52  0.0
68.64  0.0
68.75999999999999  0.0
68.88  0.0
69.0  0.0
69.12  0.0
69.24  0.0
69.36  0.0
69.48  0.0
69.6  0.0
69.72  0.0
69.84  0.0
69.96  0.0
70.08  0.0
70.2  0.0
70.32  0.0
70.44  0.0
70.56  0.0
70.67999999999999  0.0
70.8  0.0
70.92  0.0
71.03999999999999  0.0
71.16  0.0
71.28  0.0
71.39999999999999  0.0
71.52  0.0
71.64  0.0
71.75999999999999  0.0
71.88  0.0
72.0  0.0
72.11999999999999  0.0
72.24  0.0
72.36  0.0
72.48  0.0
72.6  0.0
72.72  0.0
72.84  0.0
72.96  0.0
73.08  0.0
73.2  0.0
73.32  0.0
73.44  0.0
73.56  1.5686369998224876
73.67999999999999  8.637914944060654
73.8  15.704505584639449
73.92  22.766210465676906
74.03999999999999  29.82083265128113
74.16  36.86617740902559
74.28  43.90005289274422
74.39999999999999  50.920270824424136
74.52  57.9246471749954
74.64  64.91100284379259
74.75999999999999  71.87716433648238
74.88  78.8209644412575
75.0  85.74024290305869
75.11999999999999  92.63284709564972
75.24  99.49663269130812
75.36  106.32946432793875
75.48  113.12921627339496
75.6  119.89377308680638
75.72  126.62103027670918
75.84  133.30889495575636
75.96  139.95528649183407
76.08  146.5581371553546
76.2  153.11539276253984
76.32  159.6250133144863
76.44  166.08497363182713
76.56  172.49326398476833
76.67999999999999  178.84789071833097
76.8  185.14687687259214
76.92  191.3882627977199
77.03999999999999  197.5701067636384
77.16  203.6904855641077
77.28  209.74749511504535
77.39999999999999  215.73925104689448
77.52  221.66388929086838
77.64  227.51956665886422
77.75999999999999  233.304461416896
77.88  239.016773851843
78.0  244.65472683135175
78.11999999999999  250.21656635670968
78.24  255.70056210852732
78.36  261.1050079850486
78.48  266.428222632927
78.6  271.6685499703072
78.72  276.8243597020396
78.84  281.89404782687467
78.96  286.87603713647485
79.08  291.7687777060979
79.2  296.5707473767809
79.32  301.28045222889546
79.44  305.8964270469173
79.56  310.4172357752567
79.67999999999999  314.84147196502863
79.8  319.16775921160473
79.92  323.3947515828212
80.03999999999999  327.5211340377035
80.16  331.5456228355882
80.28  335.46696593549575
80.39999999999999  339.28394338565056
80.52  342.99536770301677
80.64  346.60008424272576
80.75999999999999  350.0969715572971
80.88  353.48494174552513
81.0  356.762940790932
81.11999999999999  359.929948889676
81.24  362.9849807678222
81.36  365.92708598786214
81.48  368.7553492444039
81.6  371.46889064892605
81.72  374.06686600351793
81.84  376.5484670635137
81.96  378.91292178894037
82.08  381.15949458470675
82.2  383.2874865294476
82.32  385.29623559296505
82.44  387.18511684218805
82.56  388.9535426355936
82.67999999999999  390.60096280602386
82.8  392.12686483184876
82.92  393.53077399641154
83.03999999999999  394.81225353571716
83.16  395.9709047743127
83.28  397.0063672493158
83.39999999999999  397.91831882255815
83.52  398.7064757808037
83.64  399.3705929240137
83.75999999999999  399.9104636416295
83.88  400.32591997685114
84.0  400.61683267888833
84.11999999999999  400.7831112431721
84.24  400.82470393951087
84.36  400.74159782818424
84.47999999999999  400.5338187639684
84.6  400.20143138809243
84.72  399.74453910812844
84.84  399.16328406582056
84.96  398.4578470928643
85.08  397.6284476546481
85.2  396.6753437819769
85.32  395.5988319907974
85.44  394.3992471899501
85.56  393.0769625769769
85.67999999999999  391.6323895220183
85.8  390.0659774398324
85.92  388.37821364998115
86.03999999999999  386.5696232252208
86.16  384.6407688281503
86.28  382.5922505361625
86.39999999999999  380.42470565475844
86.52  378.13880851927524
86.64  375.73527028510006
86.75999999999999  373.2148387064235
86.88  370.57829790360853
87.0  367.82646811924883
87.11999999999999  364.96020546298416
87.24  361.9804016451611
87.36  358.8879836994166
87.47999999999999  355.683913694274
87.6  352.36918843383444
87.72  348.9448391476703
87.84  345.411931170001
87.96  341.7715636082618
88.08  338.02486900116577
88.2  334.1730129663643
88.32  330.2171938378189
88.44  326.15864229298825
88.56  321.9986209699633
88.67999999999999  317.73842407464895
88.8  313.37937697813106
88.92  308.9228358043473
89.03999999999999  304.370187008187
89.16  299.7228469441587
89.28  294.98226142575373
89.39999999999999  290.14990527564794
89.52  285.2272818668704
89.64  280.21592265510304
89.75999999999999  275.11738670223036
89.88  269.93326019130916
90.0  264.6651559330972
90.11999999999999  259.31471286430144
90.24  253.8835955376894
90.36  248.37349360424503
90.47999999999999  242.78612128750518
90.6  237.1232168502519
90.72  231.38654205373638
90.84  225.57788160957844
90.96  219.69904262453855
91.08  213.75185403830955
91.2  207.7381660545312
91.32  201.65984956517798
91.44  195.51879556851026
91.56  189.31691458078203
91.67999999999999  183.0561360418622
91.8  176.73840771497805
91.92  170.3656950807535
92.03999999999999  163.93998072574098
92.16  157.46326372561998
92.28  150.93755902328297
92.39999999999999  144.3648968019678
92.52  137.7473218536593
92.64  131.08689294294493
92.75999999999999  124.3856821665174
92.88  117.64577430853689
93.0  110.86926619204127
93.11999999999999  104.05826602661635
93.24  97.21489275251263
93.36  90.34127538144044
93.47999999999999  83.43955233421529
93.6  76.51187077548634
93.72  69.56038594574028
93.84  62.587260490795856
93.96  55.594663788992236
94.08  48.58477127627805
94.2  41.5597637694305
94.32  34.52182678758308
94.44  27.473149872302102
94.56  20.415925906406443
94.67999999999999  13.35235043175318
94.8  6.284620966184249
94.92  0.0
95.03999999999999  0.0
95.16  0.0
95.28  0.0
95.39999999999999  0.0
95.52  0.0
95.64  0.0
95.75999999999999  0.0
95.88  0.0
96.0  0.0
96.11999999999999  0.0
96.24  0.0
96.36  0.0
96.47999999999999  0.0
96.6  0.0
96.72  0.0
96.84  0.0
96.96  0.0
97.08  0.0
97.2  0.0
97.32  0.0
97.44  0.0
97.56  0.0
97.67999999999999  0.0
97.8  0.0
97.92  0.0
98.03999999999999  0.0
98.16  0.0
98.28  0.0
98.39999999999999  0.0
98.52  0.0
98.64  0.0
98.75999999999999  0.0
98.88  0.0
99.0  0.0
99.11999999999999  0.0
99.24  0.0
99.36  0.0
99.47999999999999  0.0
99.6  0.0
99.72  0.0
99.84  0.0
99.96  0.0
100.08  0.0
100.2  0.0
100.32  0.0
100.44  0.0
100.56  0.0
100.67999999999999  0.0
100.8  0.0
100.92  0.0
101.03999999999999  0.0
101.16  0.0
101.28  0.0
101.39999999999999  0.0
101.52  0.0
101.64  0.0
101.75999999999999  0.0
101.88  0.0
102.0  0.0
102.11999999999999  0.0
102.24  0.0
102.36  0.0
102.47999999999999  0.0
102.6  0.0
102.72  0.0
102.83999999999999  0.0
102.96  0.0
103.08  0.0
103.2  0.0
103.32  0.0
103.44  0.0
103.56  0.0
103.67999999999999  0.0
103.8  0.0
103.92  0.0
104.03999999999999  0.0
104.16  0.0
104.28  0.0
104.39999999999999  0.0
104.52  0.0
104.64  0.0
104.75999999999999  0.0
104.88  0.0
105.0  0.0
105.11999999999999  0.0
105.24  0.0
105.36  0.0
105.47999999999999  0.0
105.6  0.0
105.72  0.0
105.83999999999999  0.0
105.96  0.0
106.08  0.0
106.2  0.0
106.32  0.0
106.44  0.0
106.56  0.0
106.67999999999999  0.0
106.8  0.0
106.92  0.0
107.03999999999999  0.0
107.16  0.0
107.28  0.0
107.39999999999999  0.0
107.52  0.0
107.64  0.0
107.75999999999999  0.0
107.88  0.0
108.0  0.0
108.11999999999999  0.0
108.24  0.0
108.36  0.0
108.47999999999999  0.0
108.6  0.0
108.72  0.0
108.83999999999999  0.0
108.96  0.0
109.08  0.0
109.2  0.0
109.32  0.0
109.44  0.0
109.56  0.0
109.67999999999999  0.0
109.8  0.0
109.92  0.0
110.03999999999999  0.0
110.16  0.0
110.28  0.0
110.39999999999999  0.0
110.52  0.0
110.64  0.0
110.75999999999999  0.0
110.88  0.0
111.0  0.0
111.11999999999999  0.0
111.24  0.0
111.36  0.0
111.47999999999999  0.0
111.6  0.0
111.72  0.0
111.83999999999999  0.0
111.96  0.0
112.08  0.0
112.2  0.0
112.32  0.0
112.44  0.0
112.56  0.0
112.67999999999999  0.0
112.8  0.0
112.92  0.0
113.03999999999999  0.0
113.16  0.0
113.28  0.0
113.39999999999999  0.0
113.52  0.0
113.64  0.0
113.75999999999999  0.0
113.88  0.0
114.0  0.0
114.11999999999999  0.0
114.24  0.0
114.36  0.0
114.47999999999999  0.0
114.6  0.0
114.72  0.0
114.83999999999999  0.0
114.96  0.0
115.08  0.0
115.19999999999999  0.0
115.32  0.0
115.44  0.0
115.56  0.0
115.67999999999999  0.0
115.8  0.0
115.92  0.0
116.03999999999999  0.0
116.16  0.0
116.28  0.001487360191646303
116.39999999999999  7.071063216272336
116.52  14.138439225031348
116.64  21.2014166862536
116.75999999999999  28.257798268142487
116.88  35.30538869091202
117.0  42.3419954097551
117.11999999999999  49.36542929696052
117.24  56.37350532295308
117.36  63.364043236079766
117.47999999999999  70.33486824088689
117.6  77.28381167472254
117.72  84.20871168240963
117.83999999999999  91.10741388881556
117.96  97.97777206909436
118.08  104.81764881638098
118.19999999999999  111.62491620675479
118.32  118.3974564612525
118.44  125.13316260471308
118.56  131.82993912127344
118.67999999999999  138.4857026062993
118.8  145.09838241453446
118.92  151.66592130430098
119.03999999999999  158.1862760775079
119.16  164.65741821531208
119.28  171.07733450919272
119.39999999999999  177.44402768727554
119.52  183.75551703569923
119.64  190.00983901481888
119.75999999999999  196.20504787007792
119.88  202.33921623734722
120.0  208.41043574253092
