0.0  72.8648041298498  100.0
0.12  72.5980657239848
0.24  72.30874165374928
0.36  71.99692192947997
0.48  71.66270356003749
0.6  71.30619052262622
0.72  70.92749373044647
0.84  70.52673099818881
0.96  70.10402700538114
1.08  69.65951325760028
1.2  69.19332804555985
1.3199999999999998  68.70561640208724
1.44  68.19653005700305
1.56  67.66622738991711
1.68  67.11487338095579
1.7999999999999998  66.54263955943557
1.92  65.94970395049951
2.04  65.33625101973252
2.16  64.7024716157731
2.28  64.04856291093928
2.4  63.37472833988717
2.52  62.681177536321385
2.6399999999999997  61.9681262677767
2.76  61.23579636849168
2.88  60.48441567039475
3.0  59.71421793222443
3.12  58.92544276680563
3.2399999999999998  58.11833556650487
3.36  57.29314742688721
3.48  56.4501350685991
3.5999999999999996  55.58956075750115
3.7199999999999998  54.7116922230757
3.84  53.81680257513473
3.96  52.90517021885388
4.08  51.977078768158954
4.2  51.032816957492166
4.32  50.072678551985135
4.4399999999999995  49.09696225606696
4.56  48.1059716205356
4.68  47.100014948121505
4.8  46.07940519757294
4.92  45.04445988629272
5.04  43.995500991556824
5.16  42.93285485034542
5.279999999999999  41.85685205781764
5.3999999999999995  40.76782736446155
5.52  39.666119571951405
5.64  38.55207142774456
5.76  37.426029518450825
5.88  36.28834416200742
6.0  35.139369298693104
6.12  33.979462381015395
6.24  32.808984262505035
6.359999999999999  31.628299085452547
6.4799999999999995  30.437774167621406
6.6  29.23777988797353
6.72  28.028689571442236
6.84  26.81087937278881
6.96  25.58472815957871
7.08  24.350617394313577
7.199999999999999  23.10893101575629
7.319999999999999  21.860055319485383
7.4399999999999995  20.604378837716368
7.56  19.342292218427133
7.68  18.07418810382523
7.8  16.80046100819468
7.92  15.521507195160325
8.04  14.237724554408082
8.16  12.949512477899097
8.28  11.657271735616868
8.4  10.361404350885232
8.52  9.062313475296916
8.64  7.760403263290561
8.76  6.45607874641621
8.879999999999999  5.1497457073276465
9.0  3.8418105535411033
9.12  2.532680190999752
9.24  1.2227618974827958
9.36  0.0
9.48  0.0
9.6  0.0
9.719999999999999  0.0
9.84  0.0
9.959999999999999  0.0
10.08  0.0
10.2  0.0
10.32  0.0
10.44  0.0
10.559999999999999  0.0
10.68  0.0
10.799999999999999  0.0
10.92  0.0
11.04  0.0
11.16  0.0
11.28  0.0
11.4  0.0
11.52  0.0
11.639999999999999  0.0
11.76  0.0
11.879999999999999  0.0
12.0  0.0
12.12  0.0
12.24  0.0
12.36  0.0
12.48  0.0
12.6  0.0
12.719999999999999  0.0
12.84  0.0
12.959999999999999  0.0
13.08  0.0
13.2  0.0
13.32  0.0
13.44  0.0
13.559999999999999  0.0
13.68  0.0
13.799999999999999  0.0
13.92  0.0
14.04  0.0
14.16  0.0
14.28  0.0
14.399999999999999  0.0
14.52  0.0
14.639999999999999  0.0
14.76  0.0
14.879999999999999  0.0
15.0  0.0
15.12  0.0
15.24  0.0
15.36  0.0
15.479999999999999  0.0
15.6  0.0
15.719999999999999  0.0
15.84  0.0
15.959999999999999  0.0
16.08  0.0
16.2  0.0
16.32  0.0
16.439999999999998  0.0
16.56  0.0
16.68  0.0
16.8  0.0
16.919999999999998  0.0
17.04  0.0
17.16  0.0
17.28  0.0
17.4  0.0
17.52  0.0
17.64  0.0
17.759999999999998  0.0
17.88  0.0
18.0  0.0
18.12  0.0
18.24  0.0
18.36  0.0
18.48  0.0
18.599999999999998  0.0
18.72  0.0
18.84  0.0
18.96  0.0
19.08  0.0
19.2  0.0
19.32  0.0
19.439999999999998  0.0
19.56  0.0
19.68  0.0
19.8  0.0
19.919999999999998  0.0
20.04  0.0
20.16  0.0
20.279999999999998  0.0
20.4  0.0
20.52  0.0
20.64  0.0
20.759999999999998  0.0
20.88  0.0
21.0  0.0
21.119999999999997  0.0
21.24  0.0
21.36  0.0
21.48  0.0
21.599999999999998  0.0
21.72  0.0
21.84  0.0
21.96  0.0
22.08  0.0
22.2  0.0
22.32  0.0
22.439999999999998  0.0
22.56  0.0
22.68  0.0
22.8  0.0
22.919999999999998  0.0
23.04  0.0
23.16  0.0
23.279999999999998  0.0
23.4  0.0
23.52  0.0
23.64  0.0
23.759999999999998  0.0
23.88  0.0
24.0  0.0
24.119999999999997  0.0
24.24  0.0
24.36  0.0
24.48  0.0
24.599999999999998  0.0
24.72  0.0
24.84  0.0
24.96  0.0
25.08  0.0
25.2  0.0
25.32  0.0
25.439999999999998  0.0
25.56  0.0
25.68  0.0
25.8  0.0
25.919999999999998  0.0
26.04  0.0
26.16  0.0
26.279999999999998  0.0
26.4  0.0
26.52  0.0
26.64  0.0
26.759999999999998  0.0
26.88  0.0
27.0  0.0
27.119999999999997  0.0
27.24  0.0
27.36  0.0
27.48  0.0
27.599999999999998  0.0
27.72  0.0
27.84  0.0
27.959999999999997  0.0
28.08  0.0
28.2  0.0
28.32  0.0
28.439999999999998  0.0
28.56  0.0
28.68  0.0
28.799999999999997  0.0
28.919999999999998  0.0
29.04  0.0
29.16  0.0
29.279999999999998  0.0
29.4  0.0
29.52  0.0
29.64  0.0
29.759999999999998  0.0
29.88  0.0
30.0  0.0
30.119999999999997  0.0
30.24  0.0
30.36  0.0
30.48  0.0
30.599999999999998  0.0
30.72  0.0
30.84  1.2526020828192674
30.959999999999997  2.562506965031398
31.08  3.871614636991751
31.2  5.17951782798011
31.32  6.485809641997296
31.439999999999998  7.790083684352262
31.56  9.091934188094198
31.68  10.390956140248724
31.799999999999997  11.686745407819481
31.919999999999998  12.97889886351663
32.04  14.267014511171487
32.16  15.550691610800227
32.28  16.829530803276217
32.4  18.103134234572416
32.519999999999996  19.371105679536754
32.64  20.63305066515956
32.76  21.88857659329618
32.879999999999995  23.137292862806838
33.0  24.378810991074673
33.12  25.612744734864613
33.24  26.838710210486298
33.36  28.05632601322192
33.48  29.26521333598378
33.6  30.464996087163215
33.72  31.655301007634332
33.839999999999996  32.835757786877764
33.96  34.0059991781859
34.08  35.165661112915295
34.199999999999996  36.314382813750804
34.32  37.45180690694523
34.44  38.57757953350017
34.56  39.69135045925388
34.68  40.79277318384072
34.8  41.88150504848948
34.92  42.957207342626674
35.04  44.01954540925086
35.16  45.06818874904668
35.28  46.102811123204944
35.4  47.12309065491709
35.519999999999996  48.12870992951329
35.64  49.119356093211685
35.76  50.094720950448846
35.879999999999995  51.054501059761385
36.0  51.99839782818826
36.12  52.926117604164325
36.24  53.837371768877624
36.36  54.73187682605975
36.48  55.609354490183456
36.6  56.46953177303874
36.72  57.31214106866087
36.839999999999996  58.136920236584366
36.96  58.94361268339617
37.08  59.73196744256325
37.199999999999996  60.50173925250996
37.32  61.25268863291996
37.44  61.98458195924004
37.559999999999995  62.69719153536214
37.68  63.39029566446069
37.8  64.06367871796375
37.92  64.71713120263644
38.04  65.3504498257552
38.16  65.96343755835358
38.28  66.55590369651881
38.4  67.12766392072092
38.519999999999996  67.67854035315568
38.64  68.20836161308331
38.76  68.7169628701459
38.879999999999995  69.20418589564723
39.0  69.66987911177847
39.12  70.1138976387749
39.24  70.53610333998891
39.36  70.93636486486494
39.48  71.31455768980348
39.6  71.67056415690108
39.72  72.0042735105542
39.839999999999996  72.31558193191614
39.96  72.60439257119552
40.08  72.8706155777868
40.199999999999996  73.11416812822333
40.32  73.33497445194423
40.44  73.53296585486694
40.559999999999995  73.70808074075843
40.68  73.8602646303981
40.8  73.98947017852652
40.92  74.09565718857489
41.04  74.17879262517035
41.16  74.23885062441349
41.28  74.2758125019248
41.4  74.28966675865739
41.519999999999996  74.28040908447451
41.64  74.24804235949037
41.76  74.1925766531742
41.879999999999995  74.11402922121749
42.0  74.01242450016575
42.12  73.88779409981608
42.239999999999995  73.74017679338321
42.36  73.56961850543699
42.48  73.37617229761493
42.6  73.15989835211442
42.72  72.92086395296981
42.839999999999996  72.65914346511985
42.96  72.37481831127238
43.08  72.06797694657338
43.199999999999996  71.73871483108786
43.32  71.38713440010191
43.44  71.01334503225442
43.559999999999995  70.61746301550875
43.68  70.19961151097489
43.8  69.75992051459346
43.92  69.2985268166931
44.04  68.81557395943439
44.16  68.31121219215287
44.28  67.7855984246158
44.4  67.23889617820664
44.519999999999996  66.67127553505263
44.64  66.08291308511113
44.76  65.47399187123173
44.879999999999995  64.84470133221048
45.0  64.19523724385435
45.12  63.5258016580745
45.239999999999995  62.83660284002652
45.36  62.127855203318184
45.48  61.39977924330415
45.6  60.65260146848843
45.72  59.88655433005675
45.839999999999996  59.10187614955916
45.96  58.29881104476719
46.08  57.47760885372746
46.199999999999996  56.63852505703551
46.32  55.78182069835437
46.44  54.90776230320267
46.559999999999995  54.016621796036674
46.68  53.1086764156533
46.8  52.18420862893964
46.92  51.24350604299563
47.04  50.28686131565833
47.16  49.31457206445395
47.28  48.326940774007596
47.4  47.32427470193879
47.519999999999996  46.306885783271554
47.64  45.27509053338984
47.76  44.229209949568016
47.879999999999995  43.16956941110645
48.0  42.09649857810433
48.12  41.01033128890092
48.239999999999995  39.91140545621597
48.36  38.80006296202351
48.48  37.6766495511906
48.6  36.54151472391378
48.72  35.39501162698801
48.839999999999996  34.237496943940414
48.96  33.06933078406412
49.08  31.890876570386467
49.199999999999996  30.702500926605715
49.32  29.504573563032455
49.44  28.297467161571127
49.559999999999995  27.081557259775806
49.68  25.857222134018862
49.8  24.62484268180714
49.92  23.384802303282218
50.04  22.13748678194292
50.16  20.88328416462555
50.28  19.622584640780453
50.4  18.355780421082176
50.519999999999996  17.083265615410085
50.64  15.805436110238716
50.76  14.52268944547574
50.879999999999995  13.235424690784306
51.0  11.944042321430679
51.12  10.648944093694263
51.239999999999995  9.350532919878608
51.36  8.04921274296331
51.48  6.745388410935314
51.6  5.439465550837957
51.72  4.1318504425786
51.839999999999996  2.8229498925324634
51.96  1.5131711069827194
52.08  0.20292156543676576
52.199999999999996  0.0
52.32  0.0
52.44  0.0
52.559999999999995  0.0
52.68  0.0
52.8  0.0
52.919999999999995  0.0
53.04  0.0
53.16  0.0
53.28  0.0
53.4  0.0
53.519999999999996  0.0
53.64  0.0
53.76  0.0
53.879999999999995  0.0
54.0  0.0
54.12  0.0
54.239999999999995  0.0
54.36  0.0
54.48  0.0
54.6  0.0
54.72  0.0
54.839999999999996  0.0
54.96  0.0
55.08  0.0
55.199999999999996  0.0
55.32  0.0
55.44  0.0
55.559999999999995  0.0
55.68  0.0
55.8  0.0
55.919999999999995  0.0
56.04  0.0
56.16  0.0
56.28  0.0
56.4  0.0
56.519999999999996  0.0
56.64  0.0
56.76  0.0
56.879999999999995  0.0
57.0  0.0
57.12  0.0
57.239999999999995  0.0
57.36  0.0
57.48  0.0
57.599999999999994  0.0
57.72  0.0
57.839999999999996  0.0
57.96  0.0
58.08  0.0
58.199999999999996  0.0
58.32  0.0
58.44  0.0
58.559999999999995  0.0
58.68  0.0
58.8  0.0
58.919999999999995  0.0
59.04  0.0
59.16  0.0
59.28  0.0
59.4  0.0
59.519999999999996  0.0
59.64  0.0
59.76  0.0
59.879999999999995  0.0
60.0  0.0
60.12  0.0
60.239999999999995  0.0
60.36  0.0
60.48  0.0
60.599999999999994  0.0
60.72  0.0
60.839999999999996  0.0
60.96  0.0
61.08  0.0
61.199999999999996  0.0
61.32  0.0
61.44  0.0
61.559999999999995  0.0
61.68  0.0
61.8  0.0
61.919999999999995  0.0
62.04  0.0
62.16  0.0
62.28  0.0
62.4  0.0
62.519999999999996  0.0
62.64  0.0
62.76  0.0
62.879999999999995  0.0
63.0  0.0
63.12  0.0
63.239999999999995  0.0
63.36  0.0
63.48  0.0
63.599999999999994  0.0
63.72  0.0
63.839999999999996  0.0
63.96  0.0
64.08  0.0
64.2  0.0
64.32  0.0
64.44  0.0
64.56  0.0
64.67999999999999  0.0
64.8  0.0
64.92  0.0
65.03999999999999  0.0
65.16  0.0
65.28  0.0
65.39999999999999  0.0
65.52  0.0
65.64  0.0
65.75999999999999  0.0
65.88  0.0
66.0  0.0
66.12  0.0
66.24  0.0
66.36  0.0
66.48  0.0
66.6  0.0
66.72  0.0
66.84  0.0
66.96  0.0
67.08  0.0
67.2  0.0
67.32  0.0
67.44  0.0
67.56  0.0
67.67999999999999  0.0
67.8  0.0
67.92  0.0
68.03999999999999  0.0
68.16  0.0
68.28  0.0
68.39999999999999  0.0
68.52  0.0
68.64  0.0
68.75999999999999  0.0
68.88  0.0
69.0  0.0
69.12  0.0
69.24  0.0
69.36  0.0
69.48  0.0
69.6  0.0
69.72  0.0
69.84  0.0
69.96  0.0
70.08  0.0
70.2  0.0
70.32  0.0
70.44  0.0
70.56  0.0
70.67999999999999  0.0
70.8  0.0
70.92  0.0
71.03999999999999  0.0
71.16  0.0
71.28  0.0
71.39999999999999  0.0
71.52  0.0
71.64  0.0
71.75999999999999  0.0
71.88  0.0
72.0  0.0
72.11999999999999  0.0
72.24  0.0
72.36  0.0
72.48  0.0
72.6  0.0
72.72  0.0
72.84  0.0
72.96  0.0
73.08  0.0
73.2  0.0
73.32  0.0
73.44  0.0
73.56  0.9621758974121377
73.67999999999999  2.2722023209911058
73.8  3.5815218497172587
73.92  4.889727146960292
74.03999999999999  6.196411222734087
74.16  7.501167560312889
74.28  8.803590242701222
74.39999999999999  10.103274078916396
74.52  11.39981473004648
74.64  12.692808835042007
74.75999999999999  13.981854136203332
74.88  15.266549604326682
75.0  16.54649556346477
75.11999999999999  17.821293815269634
75.24  19.09054776287374
75.36  20.353862534273734
75.48  21.610845105176935
75.6  22.861104421273556
75.72  24.104251519896728
75.84  25.339899651029363
75.96  26.567664397625588
76.08  27.787163795204457
76.2  28.998018450681457
76.32  30.199851660399197
76.44  31.39228952732341
76.56  32.57496107736278
76.67999999999999  33.74749837478183
76.8  34.909536636668456
76.92  36.06071434641843
77.03999999999999  37.200673366206516
77.16  38.329059048404574
77.28  39.44552034591463
77.39999999999999  40.54970992138106
77.52  41.64128425525037
77.64  42.71990375264055
77.75999999999999  43.78523284899213
77.88  44.83694011446363
78.0  45.87469835704146
78.11999999999999  46.89818472433079
78.24  47.907080803997324
78.36  48.90107272282689
78.48  49.87985124437279
78.6  50.84311186516164
78.72  51.790554909425715
78.84  52.7218856223339
78.96  53.63681426169114
79.08  54.535056188079864
79.2  55.41633195341167
79.32  56.28036738786584
79.44  57.12689368518552
79.56  57.955647486303754
79.67999999999999  58.76637096127695
79.8  59.558811889496724
79.92  60.332723738157384
80.03999999999999  61.087865738953184
80.16  61.82400296298363
80.28  62.5409063938401
80.39999999999999  63.23835299885467
80.52  63.91612579848718
80.64  64.5740139338279
80.75999999999999  65.21181273219767
80.88  65.8293237708224
81.0  66.42635493856358
81.11999999999999  67.00272049568485
81.24  67.55824113163739
81.36  68.0927440208435
81.48  68.60606287646436
81.6  69.09803800213233
81.72  69.56851634163368
81.84  70.01735152652512
81.96  70.44440392166963
82.08  70.84954066867829
82.2  71.23263572724255
82.32  71.59356991434669
82.44  71.93223094134596
82.56  72.24851344890037
82.67999999999999  72.54231903975241
82.8  72.81355630933928
82.92  73.06214087422903
83.03999999999999  73.28799539837284
83.16  73.49104961716492
83.28  73.67124035930176
83.39999999999999  73.82851156643554
83.52  73.96281431061391
83.64  74.07410680950187
83.75999999999999  74.16235443938037
83.88  74.22752974591813
84.0  74.26961245271269
84.11999999999999  74.28858946759853
84.24  74.28445488672017
84.36  74.25720999636883
84.47999999999999  74.20686327258235
84.6  74.13343037850812
84.72  74.03693415953026
84.84  73.91740463616236
84.96  73.77487899470776
85.08  73.60940157569085
85.2  73.42102386006238
85.32  73.20980445318348
85.44  72.97580906659326
85.56  72.71911049756544
85.67999999999999  72.43978860646092
85.8  72.13793029188251
85.92  71.81362946364057
86.03999999999999  71.46698701353694
86.16  71.09811078397699
86.28  70.70711553441927
86.39999999999999  70.29412290567332
86.52  69.85926138205609
86.64  69.40266625142036
86.75999999999999  68.92447956306562
86.88  68.42485008354545
87.0  67.90393325038609
87.11999999999999  67.36189112372838
87.24  66.79889233591017
87.36  66.21511203900378
87.47999999999999  65.61073185032551
87.6  64.98593979593282
87.72  64.3409302521291
87.84  63.675903884991776
87.96  62.99106758794386
88.08  62.286634417388434
88.2  61.562823526425476
88.32  60.81986009667248
88.44  60.057975268208395
88.56  59.277406067665694
88.67999999999999  58.478395334489164
88.8  57.66119164538762
88.92  56.82604923700045
89.03999999999999  55.97322792680272
89.16  55.10299303227484
89.28  54.21561528836063
89.39999999999999  53.3113707632406
89.52  52.39054077244463
89.64  51.453411791334375
89.75999999999999  50.500275365978204
89.88  49.53142802245003
90.0  48.54717117457818
90.11999999999999  47.5478110301744
90.24  46.533658495769785
90.36  45.505029079891294
90.47999999999999  44.46224279490472
90.6  43.405624057456386
90.72  42.33550158754671
90.84  41.25220830626227
90.96  40.15608123220331
91.08  39.047461376634025
91.2  37.92669363739347
91.32  36.794126691595274
91.44  35.650112887151565
91.56  34.49500813315702
91.67999999999999  33.329171789162324
91.8  32.15296655337595
91.92  30.96675834982646
92.03999999999999  29.77091621452218
92.16  28.565812180640613
92.28  27.351821162788603
92.39999999999999  26.1293208403629
92.52  24.89869154005254
92.64  23.660316117517404
92.75999999999999  22.41457983827896
92.88  21.161870257862518
93.0  19.90257710122625
93.11999999999999  18.637092141516224
93.24  17.365809078182192
93.36  16.089123414497287
93.47999999999999  14.807432334513308
93.6  13.5211345794952
93.72  12.230630323870152
93.84  10.936321050731475
93.96  9.638609426934856
94.08  8.337899177825518
94.2  7.034594961638714
94.32  5.729102243606819
94.44  4.421827169817535
94.56  3.1131764408592684
94.67999999999999  1.8035571852949666
94.8  0.4933768330007009
94.92  0.0
95.03999999999999  0.0
95.16  0.0
95.28  0.0
95.39999999999999  0.0
95.52  0.0
95.64  0.0
95.75999999999999  0.0
95.88  0.0
96.0  0.0
96.11999999999999  0.0
96.24  0.0
96.36  0.0
96.47999999999999  0.0
96.6  0.0
96.72  0.0
96.84  0.0
96.96  0.0
97.08  0.0
97.2  0.0
97.32  0.0
97.44  0.0
97.56  0.0
97.67999999999999  0.0
97.8  0.0
97.92  0.0
98.03999999999999  0.0
98.16  0.0
98.28  0.0
98.39999999999999  0.0
98.52  0.0
98.64  0.0
98.75999999999999  0.0
98.88  0.0
99.0  0.0
99.11999999999999  0.0
99.24  0.0
99.36  0.0
99.47999999999999  0.0
99.6  0.0
99.72  0.0
99.84  0.0
99.96  0.0
100.08  0.0
100.2  0.0
100.32  0.0
100.44  0.0
100.56  0.0
100.67999999999999  0.0
100.8  0.0
100.92  0.0
101.03999999999999  0.0
101.16  0.0
101.28  0.0
101.39999999999999  0.0
101.52  0.0
101.64  0.0
101.75999999999999  0.0
101.88  0.0
102.0  0.0
102.11999999999999  0.0
102.24  0.0
102.36  0.0
102.47999999999999  0.0
102.6  0.0
102.72  0.0
102.83999999999999  0.0
102.96  0.0
103.08  0.0
103.2  0.0
103.32  0.0
103.44  0.0
103.56  0.0
103.67999999999999  0.0
103.8  0.0
103.92  0.0
104.03999999999999  0.0
104.16  0.0
104.28  0.0
104.39999999999999  0.0
104.52  0.0
104.64  0.0
104.75999999999999  0.0
104.88  0.0
105.0  0.0
105.11999999999999  0.0
105.24  0.0
105.36  0.0
105.47999999999999  0.0
105.6  0.0
105.72  0.0
105.83999999999999  0.0
105.96  0.0
106.08  0.0
106.2  0.0
106.32  0.0
106.44  0.0
106.56  0.0
106.67999999999999  0.0
106.8  0.0
106.92  0.0
107.03999999999999  0.0
107.16  0.0
107.28  0.0
107.39999999999999  0.0
107.52  0.0
107.64  0.0
107.75999999999999  0.0
107.88  0.0
108.0  0.0
108.11999999999999  0.0
108.24  0.0
108.36  0.0
108.47999999999999  0.0
108.6  0.0
108.72  0.0
108.83999999999999  0.0
108.96  0.0
109.08  0.0
109.2  0.0
109.32  0.0
109.44  0.0
109.56  0.0
109.67999999999999  0.0
109.8  0.0
109.92  0.0
110.03999999999999  0.0
110.16  0.0
110.28  0.0
110.39999999999999  0.0
110.52  0.0
110.64  0.0
110.75999999999999  0.0
110.88  0.0
111.0  0.0
111.11999999999999  0.0
111.24  0.0
111.36  0.0
111.47999999999999  0.0
111.6  0.0
111.72  0.0
111.83999999999999  0.0
111.96  0.0
112.08  0.0
112.2  0.0
112.32  0.0
112.44  0.0
112.56  0.0
112.67999999999999  0.0
112.8  0.0
112.92  0.0
113.03999999999999  0.0
113.16  0.0
113.28  0.0
113.39999999999999  0.0
113.52  0.0
113.64  0.0
113.75999999999999  0.0
113.88  0.0
114.0  0.0
114.11999999999999  0.0
114.24  0.0
114.36  0.0
114.47999999999999  0.0
114.6  0.0
114.72  0.0
114.83999999999999  0.0
114.96  0.0
115.08  0.0
115.19999999999999  0.0
115.32  0.0
115.44  0.0
115.56  0.0
115.67999999999999  0.0
115.8  0.0
115.92  0.0
116.03999999999999  0.0
116.16  0.0
116.28  0.6717350036410075
116.39999999999999  1.98186294278341
116.52  3.2913743132777533
116.64  4.599861718810562
116.75999999999999  5.906918081630639
116.88  7.212136769191388
117.0  8.515111720657266
117.11999999999999  9.815437573232382
117.24  11.112709788269258
117.36  12.406524777125204
117.47999999999999  13.696480026718877
117.6  14.98217422475646
117.72  16.263207384580326
117.83999999999999  17.53918096960792
117.96  18.809698017319477
118.08  20.074363262753746
118.19999999999999  21.3327832614779
118.32  22.584566511991063
118.44  23.829323577521105
118.56  25.066667207181336
118.67999999999999  26.296212456447194
118.8  27.51757680691289
118.92  28.730380285296995
119.03999999999999  29.934245581652313
119.16  31.128798166751025
119.28  32.313666408601186
119.39999999999999  33.48848168806419
119.52  34.652878513534986
119.64  35.806494634647144
119.75999999999999  36.94897115497165
119.88  38.07995264367233
120.0  39.19908724608094
