0.0  228.00877477271365  100.0
0.12  227.26834246459677
0.24  226.4572057037681
0.36  225.5756168394114
0.48  224.62385013875422
0.6  223.6022017017414
0.72  222.51098936891697
0.84  221.35055262254207
0.96  220.12125248098008
1.08  218.82347138638198
1.2  217.4576130857062
1.3199999999999998  216.02410250511105
1.44  214.5233856177572
1.56  212.95592930506368
1.68  211.3222212114579
1.7999999999999998  209.62276959266697
1.92  207.85810315759642
2.04  206.028770903846
2.16  204.1353419469135
2.28  202.17840534313942
2.4  200.15856990644863
2.52  198.0764640189447
2.6399999999999997  195.93273543541682
2.76  193.72805108181967
2.88  191.46309684778896
3.0  189.13857737325736
3.12  186.75521582923713
3.2399999999999998  184.3137536928374
3.36  181.81495051658675
3.48  179.25958369213197
3.5999999999999996  176.64844820838712
3.7199999999999998  173.9823564042084
3.84  171.26213771567052
3.96  168.48863841802478
4.08  165.66272136241795
4.2  162.78526570745473
4.32  159.85716664568622
4.4399999999999995  156.8793351251107
4.56  153.8526975657727
4.68  150.77819557154828
4.8  147.65678563720712
4.92  144.48943885084134
5.04  141.2771405917548
5.16  138.02089022390592
5.279999999999999  134.7217007850001
5.3999999999999995  131.38059867132793
5.52  127.99862331844749
5.64  124.57682687781035
5.76  121.1162738894312
5.88  117.61804095070354
6.0  114.08321638146427
6.12  110.51289988541114
6.24  106.90820220797889
6.359999999999999  103.27024479078025
6.4799999999999995  99.60015942271889
6.6  95.89908788788378
6.72  92.16818161033373
6.84  88.4086012958829
6.96  84.6215165709988
7.08  80.80810561892477
7.199999999999999  76.96955481314075
7.319999999999999  73.10705834827584
7.4399999999999995  69.22181786858764
7.56  65.31504209412387
7.68  61.38794644468305
7.8  57.4417526616905
7.92  53.477688428107626
8.04  49.49698698649311
8.16  45.50088675533387
8.28  41.490630943766774
8.4  37.46746716480854
8.52  33.43264704721715
8.64  29.38742584610238
8.76  25.33306205240949
8.879999999999999  21.27081700139542
9.0  17.201954480220174
9.12  13.127740334776071
9.24  9.049442075875348
9.36  4.968328484920967
9.48  0.8856692191813877
9.6  0.0
9.719999999999999  0.0
9.84  0.0
9.959999999999999  0.0
10.08  0.0
10.2  0.0
10.32  0.0
10.44  0.0
10.559999999999999  0.0
10.68  0.0
10.799999999999999  0.0
10.92  0.0
11.04  0.0
11.16  0.0
11.28  0.0
11.4  0.0
11.52  0.0
11.639999999999999  0.0
11.76  0.0
11.879999999999999  0.0
12.0  0.0
12.12  0.0
12.24  0.0
12.36  0.0
12.48  0.0
12.6  0.0
12.719999999999999  0.0
12.84  0.0
12.959999999999999  0.0
13.08  0.0
13.2  0.0
13.32  0.0
13.44  0.0
13.559999999999999  0.0
13.68  0.0
13.799999999999999  0.0
13.92  0.0
14.04  0.0
14.16  0.0
14.28  0.0
14.399999999999999  0.0
14.52  0.0
14.639999999999999  0.0
14.76  0.0
14.879999999999999  0.0
15.0  0.0
15.12  0.0
15.24  0.0
15.36  0.0
15.479999999999999  0.0
15.6  0.0
15.719999999999999  0.0
15.84  0.0
15.959999999999999  0.0
16.08  0.0
16.2  0.0
16.32  0.0
16.439999999999998  0.0
16.56  0.0
16.68  0.0
16.8  0.0
16.919999999999998  0.0
17.04  0.0
17.16  0.0
17.28  0.0
17.4  0.0
17.52  0.0
17.64  0.0
17.759999999999998  0.0
17.88  0.0
18.0  0.0
18.12  0.0
18.24  0.0
18.36  0.0
18.48  0.0
18.599999999999998  0.0
18.72  0.0
18.84  0.0
18.96  0.0
19.08  0.0
19.2  0.0
19.32  0.0
19.439999999999998  0.0
19.56  0.0
19.68  0.0
19.8  0.0
19.919999999999998  0.0
20.04  0.0
20.16  0.0
20.279999999999998  0.0
20.4  0.0
20.52  0.0
20.64  0.0
20.759999999999998  0.0
20.88  0.0
21.0  0.0
21.119999999999997  0.0
21.24  0.0
21.36  0.0
21.48  0.0
21.599999999999998  0.0
21.72  0.0
21.84  0.0
21.96  0.0
22.08  0.0
22.2  0.0
22.32  0.0
22.439999999999998  0.0
22.56  0.0
22.68  0.0
22.8  0.0
22.919999999999998  0.0
23.04  0.0
23.16  0.0
23.279999999999998  0.0
23.4  0.0
23.52  0.0
23.64  0.0
23.759999999999998  0.0
23.88  0.0
24.0  0.0
24.119999999999997  0.0
24.24  0.0
24.36  0.0
24.48  0.0
24.599999999999998  0.0
24.72  0.0
24.84  0.0
24.96  0.0
25.08  0.0
25.2  0.0
25.32  0.0
25.439999999999998  0.0
25.56  0.0
25.68  0.0
25.8  0.0
25.919999999999998  0.0
26.04  0.0
26.16  0.0
26.279999999999998  0.0
26.4  0.0
26.52  0.0
26.64  0.0
26.759999999999998  0.0
26.88  0.0
27.0  0.0
27.119999999999997  0.0
27.24  0.0
27.36  0.0
27.48  0.0
27.599999999999998  0.0
27.72  0.0
27.84  0.0
27.959999999999997  0.0
28.08  0.0
28.2  0.0
28.32  0.0
28.439999999999998  0.0
28.56  0.0
28.68  0.0
28.799999999999997  0.0
28.919999999999998  0.0
29.04  0.0
29.16  0.0
29.279999999999998  0.0
29.4  0.0
29.52  0.0
29.64  0.0
29.759999999999998  0.0
29.88  0.0
30.0  0.0
30.119999999999997  0.0
30.24  0.0
30.36  0.0
30.48  0.0
30.599999999999998  0.0
30.72  0.0
30.84  0.0
30.959999999999997  2.7447710512490247
31.08  6.826883992781546
31.2  10.906873052513163
31.32  14.98346892302375
31.439999999999998  19.055403352532554
31.56  23.121409539459773
31.68  27.180222526535044
31.799999999999997  31.230579594332124
31.919999999999998  35.27122065410933
32.04  39.30088863982868
32.16  43.31832989923747
32.28  47.322294583886155
32.4  51.31153703796183
32.519999999999996  55.284816185821015
32.64  59.240895918093955
32.76  63.178545476244636
32.879999999999995  67.096539835468
33.0  70.99366008580124
33.12  74.86869381133306
33.24  78.72043546739434
33.36  82.54768675560832
33.48  86.34925699668926
33.6  90.12396350086898
33.72  93.87063193583705
33.839999999999996  97.58809669208438
33.96  101.2752012455294
34.08  104.930798517319
34.199999999999996  108.55375123069223
34.32  112.14293226479276
34.44  115.6972250053222
34.56  119.21552369192608
34.68  122.69673376220096
34.8  126.13977219221943
34.92  129.54356783346543
35.04  132.90706174607328
35.16  136.22920752827116
35.28  139.50897164192173
35.4  142.74533373406152
35.519999999999996  145.9372869543391
35.64  149.08383826825164
35.76  152.1840087660828
35.879999999999995  155.236833967448
36.0  158.24136412134953
36.12  161.19666450164814
36.24  164.10181569786357
36.36  166.9559139012066
36.48  169.75807118576006
36.6  172.5074157847172
36.72  175.20309236159275
36.839999999999996  177.84426227632392
36.96  180.43010384617514
37.08  182.95981260136827
37.199999999999996  185.4326015353583
37.32  187.8477013496746
37.44  190.20436069325433
37.559999999999995  192.50184639619243
37.68  194.73944369783436
37.8  196.9164564691419
37.92  199.0322074292636
38.04  201.08603835623975
38.16  203.07731029177964
38.28  205.00540374004487
38.4  206.8697188603773
38.519999999999996  208.66967565391386
38.64  210.40471414402708
38.76  212.07429455053637
38.879999999999995  213.6778974576375
39.0  215.2150239754954
39.12  216.68519589545127
39.24  218.0879558387967
39.36  219.42286739906578
39.48  220.68951527780462
39.6  221.8875054137724
39.72  223.0164651055359
39.839999999999996  224.07604312741952
39.96  225.06590983877334
40.08  225.98575728652582
40.199999999999996  226.83529930099036
40.32  227.61427158489374
40.44  228.32243179560072
40.559999999999995  228.95955962050826
40.68  229.5254568455859
40.8  230.01994741704107
40.92  230.44287749609083
41.04  230.79411550682167
41.16  231.07355217712347
41.28  231.28110057268503
41.4  231.41669612403933
41.519999999999996  231.48029664665185
41.64  231.47188235404423
41.76  231.39145586394997
41.879999999999995  231.2390421975
42.0  231.0146887714386
42.12  230.71846538337175
42.239999999999995  230.35046419005252
42.36  229.9107996787108
42.48  229.39960863143563
42.6  228.8170500826215
42.72  228.16330526949187
42.839999999999996  227.43857757571524
42.96  226.64309246813133
43.08  225.77709742660724
43.199999999999996  224.84086186704485
43.32  223.83467705756405
43.44  222.75885602788804
43.559999999999995  221.61373347195735
43.68  220.39966564380504
43.8  219.1170302467242
43.92  217.766226315762
44.04  216.34767409357812
44.16  214.86181489970434
44.28  213.30911099324797
44.4  211.69004542908033
44.519999999999996  210.00512190755586
44.64  208.25486461780764
44.76  206.4398180746699
44.879999999999995  204.56054694927565
45.0  202.6176358933849
45.12  200.61168935749623
45.239999999999995  198.54333140279834
45.36  196.41320550702162
45.48  194.22197436424864
45.6  191.97031967874562
45.72  189.65894195288175
45.839999999999996  187.2885602691975
45.96  184.85991206669482
46.08  182.3737529114159
46.199999999999996  179.8308562613818
46.32  177.2320132259655
46.44  174.57803231977385
46.559999999999995  171.86973921111345
46.68  169.1079764651208
46.8  166.2936032816362
46.92  163.4274952279005
47.04  160.51054396616323
47.16  157.54365697627958
47.28  154.52775727338897
47.4  151.46378312076075
47.519999999999996  148.35268773789392
47.64  145.19543900396582
47.76  141.99301915672007
47.879999999999995  138.74642448688567
48.0  135.45666502822607
48.12  132.1247642433128
48.239999999999995  128.7517587051189
48.36  125.33869777453621
48.48  121.8866432739137
48.6  118.39666915671745
48.72  114.86986117341905
48.839999999999996  111.30731653371146
48.96  107.71014356516122
49.08  104.07946136840232
49.199999999999996  100.41639946897655
49.32  96.72209746593214
49.44  92.99770467728942
49.559999999999995  89.24437978247931
49.68  85.46329046187304
49.8  81.6556130335106
49.92  77.82253208714025
50.04  73.96524011568758
50.16  70.08493714426294
50.28  66.18283035682751
50.4  62.26013372063218
50.519999999999996  58.318067608544425
50.64  54.357858419383774
50.76  50.38073819638371
50.879999999999995  46.38794424389381
51.0  42.380718742448764
51.12  38.3603083623194
51.239999999999995  34.327963875665574
51.36  30.28493976741435
51.48  26.23249384498346
51.6  22.171886846968953
51.72  18.104382050923675
51.839999999999996  14.03124488034409
51.96  9.953742510989272
52.08  5.873143476656857
52.199999999999996  1.7907172745336624
52.32  0.0
52.44  0.0
52.559999999999995  0.0
52.68  0.0
52.8  0.0
52.919999999999995  0.0
53.04  0.0
53.16  0.0
53.28  0.0
53.4  0.0
53.519999999999996  0.0
53.64  0.0
53.76  0.0
53.879999999999995  0.0
54.0  0.0
54.12  0.0
54.239999999999995  0.0
54.36  0.0
54.48  0.0
54.6  0.0
54.72  0.0
54.839999999999996  0.0
54.96  0.0
55.08  0.0
55.199999999999996  0.0
55.32  0.0
55.44  0.0
55.559999999999995  0.0
55.68  0.0
55.8  0.0
55.919999999999995  0.0
56.04  0.0
56.16  0.0
56.28  0.0
56.4  0.0
56.519999999999996  0.0
56.64  0.0
56.76  0.0
56.879999999999995  0.0
57.0  0.0
57.12  0.0
57.239999999999995  0.0
57.36  0.0
57.48  0.0
57.599999999999994  0.0
57.72  0.0
57.839999999999996  0.0
57.96  0.0
58.08  0.0
58.199999999999996  0.0
58.32  0.0
58.44  0.0
58.559999999999995  0.0
58.68  0.0
58.8  0.0
58.919999999999995  0.0
59.04  0.0
59.16  0.0
59.28  0.0
59.4  0.0
59.519999999999996  0.0
59.64  0.0
59.76  0.0
59.879999999999995  0.0
60.0  0.0
60.12  0.0
60.239999999999995  0.0
60.36  0.0
60.48  0.0
60.599999999999994  0.0
60.72  0.0
60.839999999999996  0.0
60.96  0.0
61.08  0.0
61.199999999999996  0.0
61.32  0.0
61.44  0.0
61.559999999999995  0.0
61.68  0.0
61.8  0.0
61.919999999999995  0.0
62.04  0.0
62.16  0.0
62.28  0.0
62.4  0.0
62.519999999999996  0.0
62.64  0.0
62.76  0.0
62.879999999999995  0.0
63.0  0.0
63.12  0.0
63.239999999999995  0.0
63.36  0.0
63.48  0.0
63.599999999999994  0.0
63.72  0.0
63.839999999999996  0.0
63.96  0.0
64.08  0.0
64.2  0.0
64.32  0.0
64.44  0.0
64.56  0.0
64.67999999999999  0.0
64.8  0.0
64.92  0.0
65.03999999999999  0.0
65.16  0.0
65.28  0.0
65.39999999999999  0.0
65.52  0.0
65.64  0.0
65.75999999999999  0.0
65.88  0.0
66.0  0.0
66.12  0.0
66.24  0.0
66.36  0.0
66.48  0.0
66.6  0.0
66.72  0.0
66.84  0.0
66.96  0.0
67.08  0.0
67.2  0.0
67.32  0.0
67.44  0.0
67.56  0.0
67.67999999999999  0.0
67.8  0.0
67.92  0.0
68.03999999999999  0.0
68.16  0.0
68.28  0.0
68.39999999999999  0.0
68.52  0.0
68.64  0.0
68.75999999999999  0.0
68.88  0.0
69.0  0.0
69.12  0.0
69.24  0.0
69.36  0.0
69.48  0.0
69.6  0.0
69.72  0.0
69.84  0.0
69.96  0.0
70.08  0.0
70.2  0.0
70.32  0.0
70.44  0.0
70.56  0.0
70.67999999999999  0.0
70.8  0.0
70.92  0.0
71.03999999999999  0.0
71.16  0.0
71.28  0.0
71.39999999999999  0.0
71.52  0.0
71.64  0.0
71.75999999999999  0.0
71.88  0.0
72.0  0.0
72.11999999999999  0.0
72.24  0.0
72.36  0.0
72.48  0.0
72.6  0.0
72.72  0.0
72.84  0.0
72.96  0.0
73.08  0.0
73.2  0.0
73.32  0.0
73.44  0.0
73.56  0.0
73.67999999999999  1.8397522480267696
73.8  5.922164040507738
73.92  10.00273341462588
74.03999999999999  14.080190882422038
74.16  18.153267924068103
74.28  22.22069738251146
74.39999999999999  26.281213857692993
74.52  30.333554100222592
74.64  34.37645740438184
74.75999999999999  38.408666000335025
74.88  42.428925445432824
75.0  46.43598501447077
75.11999999999999  50.42859808880127
75.24  54.40552254416167
75.36  58.36552113710681
75.48  62.30736188992125
75.6  66.2298184738948
75.72  70.13167059084296
75.84  74.01170435274346
75.96  77.86871265938795
76.08  81.70149557391555
76.2  85.50886069612082
76.32  89.28962353341413
76.44  93.04260786932824
76.56  96.76664612944073
76.67999999999999  100.46057974461536
76.8  104.12325951144156
76.92  107.7535459497532
77.03999999999999  111.35030965713133
77.16  114.91243166026584
77.28  118.43880376307486
77.39999999999999  121.92832889146914
77.52  125.3799214346617
77.64  128.7925075829027
77.75999999999999  132.16502566155117
77.88  135.4964264613666
78.0  138.78567356492414
78.11999999999999  142.0317436690487
78.24  145.2336269031722
78.36  148.39032714350913
78.48  151.50086232295496
78.6  154.56426473661494
78.72  157.57958134286113
78.84  160.54587405982946
78.96  163.46222005726094
79.08  166.32771204360256
79.2  169.1414585482667
79.32  171.9025841989748
79.44  174.61022999409187
79.56  177.2635535698633
79.67999999999999  179.8617294624818
79.8  182.40394936489275
79.92  184.8894223782631
80.03999999999999  187.31737525803362
80.16  189.68705265448207
80.28  191.99771734771363
80.39999999999999  194.24865047701556
80.52  196.4391517645002
80.64  198.56853973296242
80.75999999999999  200.63615191789336
80.88  202.64134507357574
81.0  204.58349537320166
81.11999999999999  206.46199860294772
81.24  208.2762703499513
81.36  210.025746184122
81.48  211.7098818337414
81.6  213.32815335478725
81.72  214.88005729393672
81.84  216.36511084519282
81.96  217.78285200008781
82.08  219.1328396914179
82.2  220.4146539304599
82.32  221.6278959376335
82.44  222.77218826656326
82.56  223.84717492150435
82.67999999999999  224.85252146809455
82.8  225.78791513739955
82.92  226.6530649232159
83.03999999999999  227.4477016726053
83.16  228.17157816963004
83.28  228.82446921226213
83.39999999999999  229.406171682446
83.52  229.916504609289
83.64  230.35530922536287
83.75999999999999  230.72244901609653
83.88  231.01780976224748
84.0  231.24129957543522
84.11999999999999  231.39284892672862
84.24  231.47241066827672
84.36  231.47996004797665
84.47999999999999  231.41549471717417
84.6  231.2790347313943
84.72  231.07062254410192
84.84  230.79032299349456
84.96  230.43822328233034
85.08  230.01443295079903
85.2  229.51908384244365
85.32  228.95233006314277
85.44  228.31434793316765
85.56  227.60533593232788
85.67999999999999  226.82551463822338
85.8  225.9751266576209
85.92  225.0544365509786
86.03999999999999  224.0637307501391
86.16  223.00331746921918
86.28  221.87352660872244
86.39999999999999  220.67470965290627
86.52  219.40723956043138
86.64  218.07151064833425
86.75999999999999  216.66793846935195
86.88  215.19695968264057
87.0  213.65903191792998
87.11999999999999  212.05463363315096
87.24  210.38426396558523
87.36  208.64844257658038
87.47999999999999  206.84770948988157
87.6  204.98262492362485
87.72  203.0537691160527
87.84  201.06174214499737
87.96  199.007163741193
88.08  196.89067309547465
88.2  194.71292865992191
88.32  192.474607943012
88.44  190.17640729884045
88.56  187.8190417104849
88.67999999999999  185.40324456756701
88.8  182.92976743809206
88.92  180.39937983463247
89.03999999999999  177.81286897492674
89.16  175.17103953697273
89.28  172.47471340868702
89.39999999999999  169.72472943221257
89.52  166.92194314294713
89.64  164.06722650338537
89.75999999999999  161.16146763184324
89.88  158.2055705261609
90.0  155.20045478246328
90.11999999999999  152.14705530907025
90.24  149.0463220356379
90.36  145.89921961763415
90.47999999999999  142.7067271362272
90.6  139.46983779368597
90.72  136.18955860439357
90.84  132.86691008155537
90.96  129.50292591971532
91.08  126.09865267316333
91.2  122.65514943035113
91.32  119.17348748440162
91.44  115.65474999982175
91.56  112.1000316755283
91.67999999999999  108.51043840427724
91.8  104.88708692861596
91.92  101.23110449345766
92.03999999999999  97.54362849539115
92.16  93.82580612882613
92.28  90.07879402910007
92.39999999999999  86.30375791263809
92.52  82.50187221429371
92.64  78.67431972197676
92.75999999999999  74.82229120867908
92.88  70.94698506201995
93.0  67.0496069114202
93.11999999999999  63.13136925302614
93.24  59.193491072490914
93.36  55.2371974657467
93.47999999999999  51.26371925786623
93.6  47.27429262014817
93.72  43.270158685536536
93.84  39.25256316249845
93.96  35.222755947476955
94.08  31.18199073603833
94.2  27.13152463284571
94.32  23.07261776056221
94.44  19.00653286782194
94.56  14.93453493638085
94.67999999999999  10.85789078757599
94.8  6.777868688205714
94.92  2.6957379559701877
95.03999999999999  0.0
95.16  0.0
95.28  0.0
95.39999999999999  0.0
95.52  0.0
95.64  0.0
95.75999999999999  0.0
95.88  0.0
96.0  0.0
96.11999999999999  0.0
96.24  0.0
96.36  0.0
96.47999999999999  0.0
96.6  0.0
96.72  0.0
96.84  0.0
96.96  0.0
97.08  0.0
97.2  0.0
97.32  0.0
97.44  0.0
97.56  0.0
97.67999999999999  0.0
97.8  0.0
97.92  0.0
98.03999999999999  0.0
98.16  0.0
98.28  0.0
98.39999999999999  0.0
98.52  0.0
98.64  0.0
98.75999999999999  0.0
98.88  0.0
99.0  0.0
99.11999999999999  0.0
99.24  0.0
99.36  0.0
99.47999999999999  0.0
99.6  0.0
99.72  0.0
99.84  0.0
99.96  0.0
100.08  0.0
100.2  0.0
100.32  0.0
100.44  0.0
100.56  0.0
100.67999999999999  0.0
100.8  0.0
100.92  0.0
101.03999999999999  0.0
101.16  0.0
101.28  0.0
101.39999999999999  0.0
101.52  0.0
101.64  0.0
101.75999999999999  0.0
101.88  0.0
102.0  0.0
102.11999999999999  0.0
102.24  0.0
102.36  0.0
102.47999999999999  0.0
102.6  0.0
102.72  0.0
102.83999999999999  0.0
102.96  0.0
103.08  0.0
103.2  0.0
103.32  0.0
103.44  0.0
103.56  0.0
103.67999999999999  0.0
103.8  0.0
103.92  0.0
104.03999999999999  0.0
104.16  0.0
104.28  0.0
104.39999999999999  0.0
104.52  0.0
104.64  0.0
104.75999999999999  0.0
104.88  0.0
105.0  0.0
105.11999999999999  0.0
105.24  0.0
105.36  0.0
105.47999999999999  0.0
105.6  0.0
105.72  0.0
105.83999999999999  0.0
105.96  0.0
106.08  0.0
106.2  0.0
106.32  0.0
106.44  0.0
106.56  0.0
106.67999999999999  0.0
106.8  0.0
106.92  0.0
107.03999999999999  0.0
107.16  0.0
107.28  0.0
107.39999999999999  0.0
107.52  0.0
107.64  0.0
107.75999999999999  0.0
107.88  0.0
108.0  0.0
108.11999999999999  0.0
108.24  0.0
108.36  0.0
108.47999999999999  0.0
108.6  0.0
108.72  0.0
108.83999999999999  0.0
108.96  0.0
109.08  0.0
109.2  0.0
109.32  0.0
109.44  0.0
109.56  0.0
109.67999999999999  0.0
109.8  0.0
109.92  0.0
110.03999999999999  0.0
110.16  0.0
110.28  0.0
110.39999999999999  0.0
110.52  0.0
110.64  0.0
110.75999999999999  0.0
110.88  0.0
111.0  0.0
111.11999999999999  0.0
111.24  0.0
111.36  0.0
111.47999999999999  0.0
111.6  0.0
111.72  0.0
111.83999999999999  0.0
111.96  0.0
112.08  0.0
112.2  0.0
112.32  0.0
112.44  0.0
112.56  0.0
112.67999999999999  0.0
112.8  0.0
112.92  0.0
113.03999999999999  0.0
113.16  0.0
113.28  0.0
113.39999999999999  0.0
113.52  0.0
113.64  0.0
113.75999999999999  0.0
113.88  0.0
114.0  0.0
114.11999999999999  0.0
114.24  0.0
114.36  0.0
114.47999999999999  0.0
114.6  0.0
114.72  0.0
114.83999999999999  0.0
114.96  0.0
115.08  0.0
115.19999999999999  0.0
115.32  0.0
115.44  0.0
115.56  0.0
115.67999999999999  0.0
115.8  0.0
115.92  0.0
116.03999999999999  0.0
116.16  0.0
116.28  0.0
116.39999999999999  0.9347053213133449
116.52  5.017353558691028
116.64  9.09844086930801
116.75999999999999  13.17669760407341
116.88  17.250854994501875
117.0  21.31964554743702
117.11999999999999  25.381803439378075
117.24  29.436064910278937
117.36  33.48116865671754
117.47999999999999  37.51585622428785
117.6  41.53887239911861
117.72  45.548965598371694
117.83999999999999  49.544888259619
117.96  53.52539722896845
118.08  57.48925414781135
118.19999999999999  61.4352258380851
118.32  65.36208468592409
118.44  69.26860902357258
118.56  73.1535835094547
118.67999999999999  77.01579950627637
118.8  80.85405545703361
118.92  84.66715725882999
119.03999999999999  88.45391863436237
119.16  92.21316150098465
119.28  95.94371633721059
119.39999999999999  99.6444225465606
119.52  103.31412881863218
119.64  106.95169348727451
119.75999999999999  110.55598488576936
119.88  114.12588169890122
120.0  117.6602733118003
