0.0  1000.0  100.0
0.12  1000.0
0.24  1000.0
0.36  1000.0
0.48  1000.0
0.6  1000.0
0.72  1000.0
0.84  1000.0
0.96  1000.0
1.08  1000.0
1.2  1000.0
1.3199999999999998  1000.0
1.44  1000.0
1.56  1000.0
1.68  1000.0
1.7999999999999998  1000.0
1.92  1000.0
2.04  1000.0
2.16  1000.0
2.28  1000.0
2.4  1000.0
2.52  1000.0
2.6399999999999997  1000.0
2.76  1000.0
2.88  1000.0
3.0  1000.0
3.12  1000.0
3.2399999999999998  1000.0
3.36  1000.0
3.48  1000.0
3.5999999999999996  1000.0
3.7199999999999998  1000.0
3.84  1000.0
3.96  1000.0
4.08  992.0792314911532
4.2  974.4526920014777
4.32  956.5229948280951
4.4399999999999995  938.2957180000967
4.56  919.7765321252705
4.68  900.9711986259401
4.8  881.8855679465578
4.92  862.5255777335952
5.04  842.8972509883099
5.16  823.0066941929563
5.279999999999999  802.8600954110238
5.3999999999999995  782.4637223620967
5.52  761.8239204719303
5.64  740.9471108983546
5.76  719.8397885336161
5.88  698.5085199837795
6.0  676.9599415258208
6.12  655.2007570430445
6.24  633.2377359394665
6.359999999999999  611.0777110338169
6.4799999999999995  588.7275764338096
6.6  566.194285391349
6.72  543.4848481393324
6.84  520.6063297107286
6.96  497.56584774060707
7.08  474.3705702517998
7.199999999999999  451.02771342489143
7.319999999999999  427.5445393532241
7.4399999999999995  403.9283537836198
7.56  380.186503843521
7.68  356.3263757552595
7.8  332.3553925381608
7.92  308.2810116992004
8.04  284.1107229129335
8.16  259.8520456914123
8.28  235.51252704482812
8.4  211.09973913358942
8.52  186.62127691258522
8.64  162.08475576834743
8.76  137.49780914986528
8.879999999999999  112.8680861937747
9.0  88.2032493446687
9.12  63.510971971270806
9.24  38.79893597920295
9.36  14.07482942110525
9.48  0.0
9.6  0.0
9.719999999999999  0.0
9.84  0.0
9.959999999999999  0.0
10.08  0.0
10.2  0.0
10.32  0.0
10.44  0.0
10.559999999999999  0.0
10.68  0.0
10.799999999999999  0.0
10.92  0.0
11.04  0.0
11.16  0.0
11.28  0.0
11.4  0.0
11.52  0.0
11.639999999999999  0.0
11.76  0.0
11.879999999999999  0.0
12.0  0.0
12.12  0.0
12.24  0.0
12.36  0.0
12.48  0.0
12.6  0.0
12.719999999999999  0.0
12.84  0.0
12.959999999999999  0.0
13.08  0.0
13.2  0.0
13.32  0.0
13.44  0.0
13.559999999999999  0.0
13.68  0.0
13.799999999999999  0.0
13.92  0.0
14.04  0.0
14.16  0.0
14.28  0.0
14.399999999999999  0.0
14.52  0.0
14.639999999999999  0.0
14.76  0.0
14.879999999999999  0.0
15.0  0.0
15.12  0.0
15.24  0.0
15.36  0.0
15.479999999999999  0.0
15.6  0.0
15.719999999999999  0.0
15.84  0.0
15.959999999999999  0.0
16.08  0.0
16.2  0.0
16.32  0.0
16.439999999999998  0.0
16.56  0.0
16.68  0.0
16.8  0.0
16.919999999999998  0.0
17.04  0.0
17.16  0.0
17.28  0.0
17.4  0.0
17.52  0.0
17.64  0.0
17.759999999999998  0.0
17.88  0.0
18.0  0.0
18.12  0.0
18.24  0.0
18.36  0.0
18.48  0.0
18.599999999999998  0.0
18.72  0.0
18.84  0.0
18.96  0.0
19.08  0.0
19.2  0.0
19.32  0.0
19.439999999999998  0.0
19.56  0.0
19.68  0.0
19.8  0.0
19.919999999999998  0.0
20.04  0.0
20.16  0.0
20.279999999999998  0.0
20.4  0.0
20.52  0.0
20.64  0.0
20.759999999999998  0.0
20.88  0.0
21.0  0.0
21.119999999999997  0.0
21.24  0.0
21.36  0.0
21.48  0.0
21.599999999999998  0.0
21.72  0.0
21.84  0.0
21.96  0.0
22.08  0.0
22.2  0.0
22.32  0.0
22.439999999999998  0.0
22.56  0.0
22.68  0.0
22.8  0.0
22.919999999999998  0.0
23.04  0.0
23.16  0.0
23.279999999999998  0.0
23.4  0.0
23.52  0.0
23.64  0.0
23.759999999999998  0.0
23.88  0.0
24.0  0.0
24.119999999999997  0.0
24.24  0.0
24.36  0.0
24.48  0.0
24.599999999999998  0.0
24.72  0.0
24.84  0.0
24.96  0.0
25.08  0.0
25.2  0.0
25.32  0.0
25.439999999999998  0.0
25.56  0.0
25.68  0.0
25.8  0.0
25.919999999999998  0.0
26.04  0.0
26.16  0.0
26.279999999999998  0.0
26.4  0.0
26.52  0.0
26.64  0.0
26.759999999999998  0.0
26.88  0.0
27.0  0.0
27.119999999999997  0.0
27.24  0.0
27.36  0.0
27.48  0.0
27.599999999999998  0.0
27.72  0.0
27.84  0.0
27.959999999999997  0.0
28.08  0.0
28.2  0.0
28.32  0.0
28.439999999999998  0.0
28.56  0.0
28.68  0.0
28.799999999999997  0.0
28.919999999999998  0.0
29.04  0.0
29.16  0.0
29.279999999999998  0.0
29.4  0.0
29.52  0.0
29.64  0.0
29.759999999999998  0.0
29.88  0.0
30.0  0.0
30.119999999999997  0.0
30.24  0.0
30.36  0.0
30.48  0.0
30.599999999999998  0.0
30.72  0.0
30.84  7.912968091256943
30.959999999999997  32.63888540223883
31.08  57.35464857338678
31.2  82.05256839251234
31.32  106.72496119859863
31.439999999999998  131.3641512722203
31.56  155.96247322351167
31.68  180.51227437690835
31.799999999999997  205.00591715193406
31.919999999999998  229.435781439303
32.04  253.79426697156893
32.16  278.0737956876191
32.28  302.2668140902493
32.4  326.3657955960905
32.519999999999996  350.3632428771855
32.64  374.2516901934413
32.76  398.02370571525995
32.879999999999995  421.67189383563
33.0  445.188897470937
33.12  468.56740034979015
33.24  491.80012928916364
33.36  514.8798564571149
33.48  537.799401621412
33.6  560.5516343833413
33.72  583.1294763960068
33.839999999999996  605.5259035664571
33.96  627.7339482409118
34.08  649.7467013724354
34.199999999999996  671.5573146703877
34.32  693.1590027309608
34.44  714.545045148154
34.56  735.7087886045372
34.68  756.6436489411269
34.8  777.3431132057588
34.92  797.8007416793065
35.04  818.010169879107
35.16  837.9651105389942
35.28  857.6593555652986
35.4  877.0867779682186
35.519999999999996  896.2413337679654
35.64  915.117063875078
35.76  933.7080959443242
35.879999999999995  952.0086462016275
36.0  970.0130212434289
36.12  987.7156198079301
36.24  1000.0
36.36  1000.0
36.48  1000.0
36.6  1000.0
36.72  1000.0
36.839999999999996  1000.0
36.96  1000.0
37.08  1000.0
37.199999999999996  1000.0
37.32  1000.0
37.44  1000.0
37.559999999999995  1000.0
37.68  1000.0
37.8  1000.0
37.92  1000.0
38.04  1000.0
38.16  1000.0
38.28  1000.0
38.4  1000.0
38.519999999999996  1000.0
38.64  1000.0
38.76  1000.0
38.879999999999995  1000.0
39.0  1000.0
39.12  1000.0
39.24  1000.0
39.36  1000.0
39.48  1000.0
39.6  1000.0
39.72  1000.0
39.839999999999996  1000.0
39.96  1000.0
40.08  1000.0
40.199999999999996  1000.0
40.32  1000.0
40.44  1000.0
40.559999999999995  1000.0
40.68  1000.0
40.8  1000.0
40.92  1000.0
41.04  1000.0
41.16  1000.0
41.28  1000.0
41.4  1000.0
41.519999999999996  1000.0
41.64  1000.0
41.76  1000.0
41.879999999999995  1000.0
42.0  1000.0
42.12  1000.0
42.239999999999995  1000.0
42.36  1000.0
42.48  1000.0
42.6  1000.0
42.72  1000.0
42.839999999999996  1000.0
42.96  1000.0
43.08  1000.0
43.199999999999996  1000.0
43.32  1000.0
43.44  1000.0
43.559999999999995  1000.0
43.68  1000.0
43.8  1000.0
43.92  1000.0
44.04  1000.0
44.16  1000.0
44.28  1000.0
44.4  1000.0
44.519999999999996  1000.0
44.64  1000.0
44.76  1000.0
44.879999999999995  1000.0
45.0  1000.0
45.12  1000.0
45.239999999999995  1000.0
45.36  1000.0
45.48  1000.0
45.6  1000.0
45.72  1000.0
45.839999999999996  1000.0
45.96  1000.0
46.08  1000.0
46.199999999999996  1000.0
46.32  1000.0
46.44  1000.0
46.559999999999995  1000.0
46.68  1000.0
46.8  995.944806240265
46.92  978.3862118153652
47.04  960.5232359667411
47.16  942.3614359661057
47.28  923.9064620510371
47.4  905.1640556671629
47.519999999999996  886.1400476819556
47.64  866.8403565707207
47.76  847.2709865753309
47.879999999999995  827.4380258362642
48.0  807.347644498553
48.12  787.0060927922237
48.239999999999995  766.419699087804
48.36  745.5948679275373
48.48  724.5380780328966
48.6  703.2558802890106
48.72  681.7548957066555
48.839999999999996  660.0418133624129
48.96  638.1233883176656
49.08  616.0064395170614
49.199999999999996  593.6978476670968
49.32  571.2045530954913
49.44  548.5335535920213
49.559999999999995  525.6919022314548
49.68  502.6867051793085
49.8  479.52511948108173
49.92  456.2143508356522
50.04  432.76165135355154
50.16  409.1743173007853
50.28  385.4596868289266
50.4  361.6251376921809
50.519999999999996  337.67808495211716
50.64  313.62597867080376
50.76  289.47630159306027
50.879999999999995  265.23656681852003
51.0  240.91431546427063
51.12  216.51711431877288
51.239999999999995  192.05255348778334
51.36  167.52824403303347
51.48  142.95181560438954
51.6  118.3309140662173
51.72  93.6731991187192
51.839999999999996  68.9863419149554
51.96  44.278022674301354
52.08  19.55592829309711
52.199999999999996  0.0
52.32  0.0
52.44  0.0
52.559999999999995  0.0
52.68  0.0
52.8  0.0
52.919999999999995  0.0
53.04  0.0
53.16  0.0
53.28  0.0
53.4  0.0
53.519999999999996  0.0
53.64  0.0
53.76  0.0
53.879999999999995  0.0
54.0  0.0
54.12  0.0
54.239999999999995  0.0
54.36  0.0
54.48  0.0
54.6  0.0
54.72  0.0
54.839999999999996  0.0
54.96  0.0
55.08  0.0
55.199999999999996  0.0
55.32  0.0
55.44  0.0
55.559999999999995  0.0
55.68  0.0
55.8  0.0
55.919999999999995  0.0
56.04  0.0
56.16  0.0
56.28  0.0
56.4  0.0
56.519999999999996  0.0
56.64  0.0
56.76  0.0
56.879999999999995  0.0
57.0  0.0
57.12  0.0
57.239999999999995  0.0
57.36  0.0
57.48  0.0
57.599999999999994  0.0
57.72  0.0
57.839999999999996  0.0
57.96  0.0
58.08  0.0
58.199999999999996  0.0
58.32  0.0
58.44  0.0
58.559999999999995  0.0
58.68  0.0
58.8  0.0
58.919999999999995  0.0
59.04  0.0
59.16  0.0
59.28  0.0
59.4  0.0
59.519999999999996  0.0
59.64  0.0
59.76  0.0
59.879999999999995  0.0
60.0  0.0
60.12  0.0
60.239999999999995  0.0
60.36  0.0
60.48  0.0
60.599999999999994  0.0
60.72  0.0
60.839999999999996  0.0
60.96  0.0
61.08  0.0
61.199999999999996  0.0
61.32  0.0
61.44  0.0
61.559999999999995  0.0
61.68  0.0
61.8  0.0
61.919999999999995  0.0
62.04  0.0
62.16  0.0
62.28  0.0
62.4  0.0
62.519999999999996  0.0
62.64  0.0
62.76  0.0
62.879999999999995  0.0
63.0  0.0
63.12  0.0
63.239999999999995  0.0
63.36  0.0
63.48  0.0
63.599999999999994  0.0
63.72  0.0
63.839999999999996  0.0
63.96  0.0
64.08  0.0
64.2  0.0
64.32  0.0
64.44  0.0
64.56  0.0
64.67999999999999  0.0
64.8  0.0
64.92  0.0
65.03999999999999  0.0
65.16  0.0
65.28  0.0
65.39999999999999  0.0
65.52  0.0
65.64  0.0
65.75999999999999  0.0
65.88  0.0
66.0  0.0
66.12  0.0
66.24  0.0
66.36  0.0
66.48  0.0
66.6  0.0
66.72  0.0
66.84  0.0
66.96  0.0
67.08  0.0
67.2  0.0
67.32  0.0
67.44  0.0
67.56  0.0
67.67999999999999  0.0
67.8  0.0
67.92  0.0
68.03999999999999  0.0
68.16  0.0
68.28  0.0
68.39999999999999  0.0
68.52  0.0
68.64  0.0
68.75999999999999  0.0
68.88  0.0
69.0  0.0
69.12  0.0
69.24  0.0
69.36  0.0
69.48  0.0
69.6  0.0
69.72  0.0
69.84  0.0
69.96  0.0
70.08  0.0
70.2  0.0
70.32  0.0
70.44  0.0
70.56  0.0
70.67999999999999  0.0
70.8  0.0
70.92  0.0
71.03999999999999  0.0
71.16  0.0
71.28  0.0
71.39999999999999  0.0
71.52  0.0
71.64  0.0
71.75999999999999  0.0
71.88  0.0
72.0  0.0
72.11999999999999  0.0
72.24  0.0
72.36  0.0
72.48  0.0
72.6  0.0
72.72  0.0
72.84  0.0
72.96  0.0
73.08  0.0
73.2  0.0
73.32  0.0
73.44  0.0
73.56  2.4315122358385395
73.67999999999999  27.158638876631557
73.8  51.87731631294574
73.92  76.5798544259435
74.03999999999999  101.25856811783086
74.16  125.90577970272204
74.28  150.5138212952155
74.39999999999999  175.07503719590608
74.52  199.5817862731306
74.64  224.02644434015932
74.75999999999999  248.4014065271134
74.88  272.69908964690944
75.0  296.9119345543967
75.11999999999999  321.0324084980769
75.24  345.05300746357284
75.36  368.9662585081742
75.48  392.7647220857043
75.6  416.4409943610077
75.72  439.9877095133405
75.84  463.3975420278881
75.96  486.6632089747998
76.08  509.7774722749368
76.2  532.7331409516844
76.32  555.5230733680932
76.44  578.1401794487073
76.56  600.5774228852973
76.67999999999999  622.8278233259086
76.8  644.884458546501
76.92  666.7404666044629
77.03999999999999  688.3890479734241
77.16  709.8234676586153
77.28  731.0370572921678
77.39999999999999  752.0232172076682
77.52  772.7754184933755
77.64  793.287205023373
77.75999999999999  813.5521954661273
77.88  833.5640852697466
78.0  853.3166486233656
78.11999999999999  872.8037403940222
78.24  892.0192980384551
78.36  910.9573434891887
78.48  929.6119850143373
78.6  947.9774190505673
78.72  966.0479320086116
78.84  983.8179020508014
78.96  1000.0
79.08  1000.0
79.2  1000.0
79.32  1000.0
79.44  1000.0
79.56  1000.0
79.67999999999999  1000.0
79.8  1000.0
79.92  1000.0
80.03999999999999  1000.0
80.16  1000.0
80.28  1000.0
80.39999999999999  1000.0
80.52  1000.0
80.64  1000.0
80.75999999999999  1000.0
80.88  1000.0
81.0  1000.0
81.11999999999999  1000.0
81.24  1000.0
81.36  1000.0
81.48  1000.0
81.6  1000.0
81.72  1000.0
81.84  1000.0
81.96  1000.0
82.08  1000.0
82.2  1000.0
82.32  1000.0
82.44  1000.0
82.56  1000.0
82.67999999999999  1000.0
82.8  1000.0
82.92  1000.0
83.03999999999999  1000.0
83.16  1000.0
83.28  1000.0
83.39999999999999  1000.0
83.52  1000.0
83.64  1000.0
83.75999999999999  1000.0
83.88  1000.0
84.0  1000.0
84.11999999999999  1000.0
84.24  1000.0
84.36  1000.0
84.47999999999999  1000.0
84.6  1000.0
84.72  1000.0
84.84  1000.0
84.96  1000.0
85.08  1000.0
85.2  1000.0
85.32  1000.0
85.44  1000.0
85.56  1000.0
85.67999999999999  1000.0
85.8  1000.0
85.92  1000.0
86.03999999999999  1000.0
86.16  1000.0
86.28  1000.0
86.39999999999999  1000.0
86.52  1000.0
86.64  1000.0
86.75999999999999  1000.0
86.88  1000.0
87.0  1000.0
87.11999999999999  1000.0
87.24  1000.0
87.36  1000.0
87.47999999999999  1000.0
87.6  1000.0
87.72  1000.0
87.84  1000.0
87.96  1000.0
88.08  1000.0
88.2  1000.0
88.32  1000.0
88.44  1000.0
88.56  1000.0
88.67999999999999  1000.0
88.8  1000.0
88.92  1000.0
89.03999999999999  1000.0
89.16  1000.0
89.28  1000.0
89.39999999999999  1000.0
89.52  999.7951564147696
89.64  982.3047754652362
89.75999999999999  964.5087940049045
89.88  946.4127484631598
90.0  928.022268621
90.11999999999999  909.3430758595887
90.24  890.3809813802806
90.36  871.1418843967482
90.47999999999999  851.6317702996936
90.6  831.8567087947466
90.72  811.8228520141721
90.84  791.5364326028825
90.96  771.0037617794478
91.08  750.2312273726159
91.2  729.2252918340491
91.32  707.992490227808
91.44  686.5394281972431
91.56  664.8727799099698
91.67999999999999  642.9992859814746
91.8  620.925751378082
91.92  598.6590432998873
92.03999999999999  576.2060890443436
92.16  553.5738738511154
92.28  530.7694387289644
92.39999999999999  507.79987826522574
92.52  484.6723384186524
92.64  461.3940142962739
92.75999999999999  437.9721479149448
92.88  414.4140259483215
93.0  390.7269774599328
93.11999999999999  366.91837162307945
93.24  342.9956154282163
93.36  318.96615137863
93.47999999999999  294.83745517500813
93.6  270.61703338971927
93.72  246.3124211314705
93.84  221.9311797011013
93.96  197.48089423921778
94.08  172.96917136639556
94.2  148.4036368167499
94.32  123.79193306549959
94.44  99.14171695136312
94.56  74.46065729446786
94.67999999999999  49.7564325105499
94.8  25.036728222128374
94.92  0.3092348674979917
95.03999999999999  0.0
95.16  0.0
95.28  0.0
95.39999999999999  0.0
95.52  0.0
95.64  0.0
95.75999999999999  0.0
95.88  0.0
96.0  0.0
96.11999999999999  0.0
96.24  0.0
96.36  0.0
96.47999999999999  0.0
96.6  0.0
96.72  0.0
96.84  0.0
96.96  0.0
97.08  0.0
97.2  0.0
97.32  0.0
97.44  0.0
97.56  0.0
97.67999999999999  0.0
97.8  0.0
97.92  0.0
98.03999999999999  0.0
98.16  0.0
98.28  0.0
98.39999999999999  0.0
98.52  0.0
98.64  0.0
98.75999999999999  0.0
98.88  0.0
99.0  0.0
99.11999999999999  0.0
99.24  0.0
99.36  0.0
99.47999999999999  0.0
99.6  0.0
99.72  0.0
99.84  0.0
99.96  0.0
100.08  0.0
100.2  0.0
100.32  0.0
100.44  0.0
100.56  0.0
100.67999999999999  0.0
100.8  0.0
100.92  0.0
101.03999999999999  0.0
101.16  0.0
101.28  0.0
101.39999999999999  0.0
101.52  0.0
101.64  0.0
101.75999999999999  0.0
101.88  0.0
102.0  0.0
102.11999999999999  0.0
102.24  0.0
102.36  0.0
102.47999999999999  0.0
102.6  0.0
102.72  0.0
102.83999999999999  0.0
102.96  0.0
103.08  0.0
103.2  0.0
103.32  0.0
103.44  0.0
103.56  0.0
103.67999999999999  0.0
103.8  0.0
103.92  0.0
104.03999999999999  0.0
104.16  0.0
104.28  0.0
104.39999999999999  0.0
104.52  0.0
104.64  0.0
104.75999999999999  0.0
104.88  0.0
105.0  0.0
105.11999999999999  0.0
105.24  0.0
105.36  0.0
105.47999999999999  0.0
105.6  0.0
105.72  0.0
105.83999999999999  0.0
105.96  0.0
106.08  0.0
106.2  0.0
106.32  0.0
106.44  0.0
106.56  0.0
106.67999999999999  0.0
106.8  0.0
106.92  0.0
107.03999999999999  0.0
107.16  0.0
107.28  0.0
107.39999999999999  0.0
107.52  0.0
107.64  0.0
107.75999999999999  0.0
107.88  0.0
108.0  0.0
108.11999999999999  0.0
108.24  0.0
108.36  0.0
108.47999999999999  0.0
108.6  0.0
108.72  0.0
108.83999999999999  0.0
108.96  0.0
109.08  0.0
109.2  0.0
109.32  0.0
109.44  0.0
109.56  0.0
109.67999999999999  0.0
109.8  0.0
109.92  0.0
110.03999999999999  0.0
110.16  0.0
110.28  0.0
110.39999999999999  0.0
110.52  0.0
110.64  0.0
110.75999999999999  0.0
110.88  0.0
111.0  0.0
111.11999999999999  0.0
111.24  0.0
111.36  0.0
111.47999999999999  0.0
111.6  0.0
111.72  0.0
111.83999999999999  0.0
111.96  0.0
112.08  0.0
112.2  0.0
112.32  0.0
112.44  0.0
112.56  0.0
112.67999999999999  0.0
112.8  0.0
112.92  0.0
113.03999999999999  0.0
113.16  0.0
113.28  0.0
113.39999999999999  0.0
113.52  0.0
113.64  0.0
113.75999999999999  0.0
113.88  0.0
114.0  0.0
114.11999999999999  0.0
114.24  0.0
114.36  0.0
114.47999999999999  0.0
114.6  0.0
114.72  0.0
114.83999999999999  0.0
114.96  0.0
115.08  0.0
115.19999999999999  0.0
115.32  0.0
115.44  0.0
115.56  0.0
115.67999999999999  0.0
115.8  0.0
115.92  0.0
116.03999999999999  0.0
116.16  0.0
116.28  0.0
116.39999999999999  21.677977188739447
116.52  46.39919102655949
116.64  71.1059698164826
116.75999999999999  95.79062714142398
116.88  120.44548346639542
117.0  145.0628685276664
117.11999999999999  169.63512371904136
117.24  194.15460447445957
117.36  218.61368264630252
117.47999999999999  243.00474887851354
117.6  267.32021497395056
117.72  291.55251625508225
117.83999999999999  315.6941139174162
117.96  339.73749737487805
118.08  363.6751865963671
118.19999999999999  387.499734432851
118.32  411.20372893422956
118.44  434.779795655205
118.56  458.22059994952804
118.67999999999999  481.51884925186084
118.8  504.66729534650256
118.92  527.6587366223866
119.03999999999999  550.4860203135055
119.16  573.1420447242131
119.28  595.6197614385698
119.39999999999999  617.9121775131574
119.52  640.0123576526374
119.64  661.9134263673325
119.75999999999999  683.6085701122433
119.88  705.0910394067939
120.0  726.3541509346065
