0.0  65.0186397372296  100.0
0.12  64.82190252653004
0.24  64.60499885933163
0.36  64.3679962155786
0.48  64.11096832811927
0.6  63.83399515976729
0.72  63.53716287842474
0.84  63.22056383027486
0.96  62.88429651105265
1.08  62.52846553540223
1.2  62.15318160433071
1.3199999999999998  61.758561470768434
1.44  61.34472790324651
1.56  60.91180964770282
1.68  60.4599413874285
1.7999999999999998  59.989263701167125
1.92  59.49992301937992
2.04  58.99207157869043
2.16  58.465867374522865
2.28  57.921474111948775
2.4  57.359061154757576
2.52  56.77880347276647
2.6399999999999997  56.18088158738635
2.76  55.56548151546063
2.88  54.93279471139434
3.0  54.28301800759152
3.12  53.6163535532197
3.2399999999999998  52.93300875132004
3.36  52.23319619428313
3.48  51.51713359771033
3.5999999999999996  50.785043732681174
3.7199999999999998  50.037154356448085
3.84  49.27369814157983
3.96  48.49491260357572
4.08  47.701040026973246
4.2  46.89232738997206
4.32  46.069026287597566
4.4399999999999995  45.23139285342839
4.56  44.379687679911704
4.68  43.51417573729159
4.8  42.63512629117517
4.92  41.74281281876267
5.04  40.83751292376708
5.16  39.91950825005009
5.279999999999999  38.98908439400117
5.3999999999999995  38.04653081568685
5.52  37.09214074879811
5.64  36.12621110942375
5.76  35.149042403678145
5.88  34.16093863421205
6.0  33.16220720563575
6.12  32.15315882888373
6.24  31.13410742455075
6.359999999999999  30.105370025229405
6.4799999999999995  29.067266676879523
6.6  28.02012033926008
6.72  26.964256785454594
6.84  25.900004500521295
6.96  24.827694579299628
7.08  23.747660623404705
7.199999999999999  22.66023863744209
7.319999999999999  21.565766924474797
7.4399999999999995  20.464585980775375
7.56  19.357038389895543
7.68  18.24346871608661
7.8  17.12422339710357
7.92  15.999650636426377
8.04  14.870100294931909
8.16  13.73592378205022
8.28  12.59747394643927
8.4  11.455104966211513
8.52  10.309172238747324
8.64  9.160032270128681
8.76  8.008042564228296
8.879999999999999  6.853561511488072
9.0  5.696948277421811
9.12  4.5385626908769385
9.24  3.37876513208956
9.36  2.217916420568301
9.48  1.0563777028412673
9.6  0.0
9.719999999999999  0.0
9.84  0.0
9.959999999999999  0.0
10.08  0.0
10.2  0.0
10.32  0.0
10.44  0.0
10.559999999999999  0.0
10.68  0.0
10.799999999999999  0.0
10.92  0.0
11.04  0.0
11.16  0.0
11.28  0.0
11.4  0.0
11.52  0.0
11.639999999999999  0.0
11.76  0.0
11.879999999999999  0.0
12.0  0.0
12.12  0.0
12.24  0.0
12.36  0.0
12.48  0.0
12.6  0.0
12.719999999999999  0.0
12.84  0.0
12.959999999999999  0.0
13.08  0.0
13.2  0.0
13.32  0.0
13.44  0.0
13.559999999999999  0.0
13.68  0.0
13.799999999999999  0.0
13.92  0.0
14.04  0.0
14.16  0.0
14.28  0.0
14.399999999999999  0.0
14.52  0.0
14.639999999999999  0.0
14.76  0.0
14.879999999999999  0.0
15.0  0.0
15.12  0.0
15.24  0.0
15.36  0.0
15.479999999999999  0.0
15.6  0.0
15.719999999999999  0.0
15.84  0.0
15.959999999999999  0.0
16.08  0.0
16.2  0.0
16.32  0.0
16.439999999999998  0.0
16.56  0.0
16.68  0.0
16.8  0.0
16.919999999999998  0.0
17.04  0.0
17.16  0.0
17.28  0.0
17.4  0.0
17.52  0.0
17.64  0.0
17.759999999999998  0.0
17.88  0.0
18.0  0.0
18.12  0.0
18.24  0.0
18.36  0.0
18.48  0.0
18.599999999999998  0.0
18.72  0.0
18.84  0.0
18.96  0.0
19.08  0.0
19.2  0.0
19.32  0.0
19.439999999999998  0.0
19.56  0.0
19.68  0.0
19.8  0.0
19.919999999999998  0.0
20.04  0.0
20.16  0.0
20.279999999999998  0.0
20.4  0.0
20.52  0.0
20.64  0.0
20.759999999999998  0.0
20.88  0.0
21.0  0.0
21.119999999999997  0.0
21.24  0.0
21.36  0.0
21.48  0.0
21.599999999999998  0.0
21.72  0.0
21.84  0.0
21.96  0.0
22.08  0.0
22.2  0.0
22.32  0.0
22.439999999999998  0.0
22.56  0.0
22.68  0.0
22.8  0.0
22.919999999999998  0.0
23.04  0.0
23.16  0.0
23.279999999999998  0.0
23.4  0.0
23.52  0.0
23.64  0.0
23.759999999999998  0.0
23.88  0.0
24.0  0.0
24.119999999999997  0.0
24.24  0.0
24.36  0.0
24.48  0.0
24.599999999999998  0.0
24.72  0.0
24.84  0.0
24.96  0.0
25.08  0.0
25.2  0.0
25.32  0.0
25.439999999999998  0.0
25.56  0.0
25.68  0.0
25.8  0.0
25.919999999999998  0.0
26.04  0.0
26.16  0.0
26.279999999999998  0.0
26.4  0.0
26.52  0.0
26.64  0.0
26.759999999999998  0.0
26.88  0.0
27.0  0.0
27.119999999999997  0.0
27.24  0.0
27.36  0.0
27.48  0.0
27.599999999999998  0.0
27.72  0.0
27.84  0.0
27.959999999999997  0.0
28.08  0.0
28.2  0.0
28.32  0.0
28.439999999999998  0.0
28.56  0.0
28.68  0.0
28.799999999999997  0.0
28.919999999999998  0.0
29.04  0.0
29.16  0.0
29.279999999999998  0.0
29.4  0.0
29.52  0.0
29.64  0.0
29.759999999999998  0.0
29.88  0.0
30.0  0.0
30.119999999999997  0.0
30.24  0.0
30.36  0.0
30.48  0.0
30.599999999999998  0.0
30.72  0.0
30.84  0.0
30.959999999999997  0.0
31.08  1.1385684375903775
31.2  2.3000702157011457
31.32  3.460856429100952
31.439999999999998  4.620565950705087
31.56  5.778837988393862
31.68  6.93531219725687
31.799999999999997  8.089628791698141
31.919999999999998  9.24142865736785
32.04  10.39035346288434
32.16  11.536045771313425
32.28  12.678149151368906
32.4  13.816308288299927
32.519999999999996  14.950169094432084
32.64  16.07937881932567
32.76  17.203586159518196
32.879999999999995  18.32244136781721
33.0  19.435596362108434
33.12  20.54270483364589
33.24  21.643422354790864
33.36  22.73740648616486
33.48  23.824316883184757
33.6  24.903815401945813
33.72  25.975566204419763
33.839999999999996  27.039235862936547
33.96  28.09449346391513
34.08  29.141010710812477
34.199999999999996  30.178462026258778
34.32  31.206524653346186
34.44  32.2248787560402
34.56  33.23320751868275
34.68  34.23119724455499
34.8  35.218537453470255
34.92  36.19492097836634
35.04  37.160044060866525
35.16  38.113606445780846
35.28  39.055311474517055
35.4  39.984866177372574
35.519999999999996  40.90198136467934
35.64  41.80637171677216
35.76  42.69775587275311
35.879999999999995  43.57585651802478
36.0  44.440400470564306
36.12  45.291118765911506
36.24  46.12774674084575
36.36  46.95002411572378
36.48  47.75769507545436
36.6  48.55050834908373
36.72  49.32821728796727
36.839999999999996  50.09057994250354
36.96  50.83735913740597
37.08  51.56832254548935
37.199999999999996  52.28324275994843
37.32  52.981897365105056
37.44  53.66406900560315
37.559999999999995  54.329545454029265
37.68  54.97811967693753
37.8  55.60958989925891
37.92  56.22375966707479
38.04  56.820437908734576
38.16  57.39943899429943
38.28  57.96058279329265
38.4  58.50369473073918
38.519999999999996  59.028605841477045
38.64  59.535152822723326
38.76  60.02317808487841
38.879999999999995  60.492529800553164
39.0  60.943061951803266
39.12  61.374634375556056
39.24  61.78711280721629
39.36  62.18036892243636
39.48  62.554280377038914
39.6  62.90873084507876
39.72  63.243610055032356
39.839999999999996  63.55881382410418
39.96  63.854244090638375
40.08  64.12980894462632
40.199999999999996  64.3854226563004
40.32  64.62100570280502
40.44  64.83648479293646
40.559999999999995  65.03179288994438
40.68  65.20686923238726
40.8  65.36165935303552
40.92  65.49611509581672
41.04  65.61019463079711
41.16  65.7038624671952
41.28  65.77708946442307
41.4  65.82985284115226
41.519999999999996  65.8621361824011
41.64  65.87392944464152
41.76  65.86522895892368
41.879999999999995  65.83603743201733
42.0  65.78636394556983
42.12  65.71622395328069
42.239999999999995  65.62563927609385
42.36  65.51463809540915
42.48  65.38325494431486
42.6  65.23153069684425
42.72  65.05951255525947
42.839999999999996  64.8672540353667
42.96  64.65481494986695
43.08  64.42226138974816
43.199999999999996  64.16966570372382
43.32  63.89710647572487
43.44  63.604668500451936
43.559999999999995  63.292442756995044
43.68  62.96052638052959
43.8  62.60902263209712
43.92  62.23804086648009
44.04  61.84769649818115
44.16  61.4381109655169
44.28  61.00941169283781
44.4  60.56173205088583
44.519999999999996  60.09521131530199
44.64  59.609994623296856
44.76  59.106232928497725
44.879999999999995  58.58408295398595
45.0  58.04370714353956
45.12  57.48527361109616
45.239999999999995  56.908956088451625
45.36  56.31493387121124
45.48  55.703391763009876
45.6  55.07452001801835
45.72  54.42851428175466
45.839999999999996  53.765575530217134
45.96  53.085910007359935
46.08  52.38972916092941
46.199999999999996  51.677249576681405
46.32  50.948692911000244
46.44  50.20428582194034
46.559999999999995  49.44425989871138
46.68  48.66885158962974
46.8  47.87830212855819
46.92  47.07285745985641
47.04  46.25276816186675
47.16  45.41828936895743
47.28  44.56968069214908
47.4  43.70720613834836
47.519999999999996  42.83113402821375
47.64  41.9417369126795
47.76  41.039291488163805
47.879999999999995  40.12407851048655
48.0  39.19638270752484
48.12  38.25649269063283
48.239999999999995  37.30470086485255
48.36  36.34130333794542
48.48  35.36659982827153
48.6  34.38089357154527
48.72  33.3844912264974
48.839999999999996  32.37770277947142
48.96  31.360841447985266
49.08  30.334223583287724
49.199999999999996  29.298168571939502
49.32  28.252998736450373
49.44  27.199039235003177
49.559999999999995  26.136617960294718
49.68  25.06606543752683
49.8  23.98771472157828
49.92  22.90190129338914
50.04  21.80896295559122
50.16  20.709239727415408
50.28  19.603073738909927
50.4  18.49080912450198
50.519999999999996  17.372791915935206
50.64  16.24936993461743
50.76  15.120892683411839
50.879999999999995  13.987711237904037
51.0  12.85017813718084
51.12  11.708647274153517
51.239999999999995  10.563473785459383
51.36  9.415013940976971
51.48  8.263625032988667
51.6  7.1096652650246615
51.72  5.953493640424236
51.839999999999996  4.795469850647649
51.96  3.635954163373933
52.08  2.475307310420014
52.199999999999996  1.3138903755146014
52.32  0.15206468196322298
52.44  0.0
52.559999999999995  0.0
52.68  0.0
52.8  0.0
52.919999999999995  0.0
53.04  0.0
53.16  0.0
53.28  0.0
53.4  0.0
53.519999999999996  0.0
53.64  0.0
53.76  0.0
53.879999999999995  0.0
54.0  0.0
54.12  0.0
54.239999999999995  0.0
54.36  0.0
54.48  0.0
54.6  0.0
54.72  0.0
54.839999999999996  0.0
54.96  0.0
55.08  0.0
55.199999999999996  0.0
55.32  0.0
55.44  0.0
55.559999999999995  0.0
55.68  0.0
55.8  0.0
55.919999999999995  0.0
56.04  0.0
56.16  0.0
56.28  0.0
56.4  0.0
56.519999999999996  0.0
56.64  0.0
56.76  0.0
56.879999999999995  0.0
57.0  0.0
57.12  0.0
57.239999999999995  0.0
57.36  0.0
57.48  0.0
57.599999999999994  0.0
57.72  0.0
57.839999999999996  0.0
57.96  0.0
58.08  0.0
58.199999999999996  0.0
58.32  0.0
58.44  0.0
58.559999999999995  0.0
58.68  0.0
58.8  0.0
58.919999999999995  0.0
59.04  0.0
59.16  0.0
59.28  0.0
59.4  0.0
59.519999999999996  0.0
59.64  0.0
59.76  0.0
59.879999999999995  0.0
60.0  0.0
60.12  0.0
60.239999999999995  0.0
60.36  0.0
60.48  0.0
60.599999999999994  0.0
60.72  0.0
60.839999999999996  0.0
60.96  0.0
61.08  0.0
61.199999999999996  0.0
61.32  0.0
61.44  0.0
61.559999999999995  0.0
61.68  0.0
61.8  0.0
61.919999999999995  0.0
62.04  0.0
62.16  0.0
62.28  0.0
62.4  0.0
62.519999999999996  0.0
62.64  0.0
62.76  0.0
62.879999999999995  0.0
63.0  0.0
63.12  0.0
63.239999999999995  0.0
63.36  0.0
63.48  0.0
63.599999999999994  0.0
63.72  0.0
63.839999999999996  0.0
63.96  0.0
64.08  0.0
64.2  0.0
64.32  0.0
64.44  0.0
64.56  0.0
64.67999999999999  0.0
64.8  0.0
64.92  0.0
65.03999999999999  0.0
65.16  0.0
65.28  0.0
65.39999999999999  0.0
65.52  0.0
65.64  0.0
65.75999999999999  0.0
65.88  0.0
66.0  0.0
66.12  0.0
66.24  0.0
66.36  0.0
66.48  0.0
66.6  0.0
66.72  0.0
66.84  0.0
66.96  0.0
67.08  0.0
67.2  0.0
67.32  0.0
67.44  0.0
67.56  0.0
67.67999999999999  0.0
67.8  0.0
67.92  0.0
68.03999999999999  0.0
68.16  0.0
68.28  0.0
68.39999999999999  0.0
68.52  0.0
68.64  0.0
68.75999999999999  0.0
68.88  0.0
69.0  0.0
69.12  0.0
69.24  0.0
69.36  0.0
69.48  0.0
69.6  0.0
69.72  0.0
69.84  0.0
69.96  0.0
70.08  0.0
70.2  0.0
70.32  0.0
70.44  0.0
70.56  0.0
70.67999999999999  0.0
70.8  0.0
70.92  0.0
71.03999999999999  0.0
71.16  0.0
71.28  0.0
71.39999999999999  0.0
71.52  0.0
71.64  0.0
71.75999999999999  0.0
71.88  0.0
72.0  0.0
72.11999999999999  0.0
72.24  0.0
72.36  0.0
72.48  0.0
72.6  0.0
72.72  0.0
72.84  0.0
72.96  0.0
73.08  0.0
73.2  0.0
73.32  0.0
73.44  0.0
73.56  0.0
73.67999999999999  0.0
73.8  0.881044342803623
73.92  2.042655815042062
74.03999999999999  3.2036318056295423
74.16  4.363611128440721
74.28  5.522232907419304
74.39999999999999  6.679136688848123
74.52  7.833962553489011
74.64  8.986351228555332
74.75999999999999  10.135944199483305
74.88  11.28238382146915
75.0  12.425313430732777
75.11999999999999  13.56437745547915
75.24  14.699221526518084
75.36  15.829492587510716
75.48  16.95483900480696
75.6  18.074910676840826
75.72  19.189359143049757
75.84  20.297837692281195
75.96  21.4000014706576
76.08  22.495507588861862
76.2  23.5840152288123
76.32  24.665185749692533
76.44  25.73868279330573
76.56  26.80417238871611
76.67999999999999  27.861323056149836
76.8  28.909805910120838
76.92  29.949294761747566
77.03999999999999  30.979466220233345
77.16  31.999999793474508
77.28  33.01057798776752
77.39999999999999  34.01088640658251
77.52  35.000613848374925
77.64  35.97945240340064
77.75999999999999  36.94709754950954
77.88  37.90324824688352
78.0  38.84760703169188
78.11999999999999  39.7798801086336
78.24  40.69977744233926
78.36  41.60701284760243
78.48  42.50130407841311
78.6  43.38237291576672
78.72  44.24994525421915
78.84  45.10375118716263
78.96  45.94352509079488
79.08  46.76900570675701
79.2  47.579936223411345
79.32  48.376064355737554
79.44  49.15714242382034
79.56  49.92292742990301
79.67999999999999  50.67318113398636
79.8  51.407670127946005
79.92  52.12616590814718
80.03999999999999  52.82844494653307
80.16  53.514288760166465
80.28  54.183483979200105
80.39999999999999  54.83582241325764
80.52  55.47110111620322
80.64  56.08912244927834
80.75999999999999  56.68969414258904
80.88  57.27262935492184
81.0  57.837746731871235
81.11999999999999  58.38487046225972
81.24  58.913830332834316
81.36  59.42446178122005
81.48  59.91660594711689
81.6  60.39010972172159
81.72  60.844825795361096
81.84  61.280612703321175
81.96  61.69733486985678
82.08  62.09486265037088
82.2  62.473072371747
82.32  62.831846370825104
82.44  63.171073031007055
82.56  63.4906468169812
82.67999999999999  63.790468307554896
82.8  64.07044422658531
82.92  64.33048747199774
83.03999999999999  64.57051714288377
83.16  64.79045856467013
83.28  64.99024331235005
83.39999999999999  65.16980923177091
83.52  65.3291004589707
83.64  65.46806743755751
83.75999999999999  65.58666693412687
83.88  65.684862051712
84.0  65.76262224126248
84.11999999999999  65.81992331114832
84.24  65.85674743468613
84.36  65.8730831556851
84.47999999999999  65.86892539201102
84.6  65.84427543716744
84.72  65.79914095989321
84.84  65.73353600177668
84.96  65.64748097288737
85.08  65.5410026454261
85.2  65.41413414539625
85.32  65.26691494229789
85.44  65.09939083684867
85.56  64.91161394673493
85.67999999999999  64.70364269039769
85.8  64.47554176885812
85.92  64.22738214558902
86.03999999999999  63.959241024437404
86.16  63.6712018256061
86.28  63.36335415970113
86.39999999999999  63.03579379985362
86.52  62.688622651923794
86.64  62.32194872279797
86.75999999999999  61.9358860867868
86.88  61.53055485013587
87.0  61.10608111366052
87.11999999999999  60.66259693351469
87.24  60.200240280107735
87.36  59.71915499518096
87.47999999999999  59.21949074705791
87.6  58.701402984081184
87.72  58.16505288625219
87.84  57.610607315086845
87.96  57.03823876170391
88.08  56.44812529316228
88.2  55.84045049706311
88.32  55.21540342443509
88.44  54.57317853091885
88.56  53.91397561627167
88.67999999999999  53.237999762207885
88.8  52.545461268597144
88.92  51.836575588039096
89.03999999999999  51.1115632588345
89.16  50.3706498363748
89.28  49.614065822970424
89.39999999999999  48.84204659614059
89.52  48.05483233538526
89.64  47.252667947464964
89.75999999999999  46.43580299020814
89.88  45.604491594872634
90.0  44.758992387083936
90.11999999999999  43.89956840637567
90.24  43.02648702435563
90.36  42.1400198615261
90.47999999999999  41.24044270278061
90.6  40.32803541160527
90.72  39.40308184301275
90.84  38.46586975523239
90.96  37.51669072018787
91.08  36.555840032786456
91.2  35.58361661905232
91.32  34.60032294312843
91.44  33.606264913177654
91.56  32.601751786214315
91.67999999999999  31.587096071891484
91.8  30.56261343527803
91.92  29.528622598653186
92.03999999999999  28.485445242350846
92.16  27.4334059046818
92.28  26.372831880969578
92.39999999999999  25.30405312172585
92.52  24.22740213000141
92.64  23.14321385794292
92.75999999999999  22.051825602586845
92.88  20.953576900924773
93.0  19.848809424271458
93.11999999999999  18.737866871969437
93.24  17.62109486446106
93.36  16.49884083576557
93.47999999999999  15.371453925389238
93.6  14.239284869706635
93.72  13.102685892844391
93.84  11.962010597102607
93.96  10.817613852947124
94.08  9.669851688606501
94.2  8.519081179311161
94.32  7.3656603362039945
94.44  6.209947994961691
94.56  5.052303704158717
94.67999999999999  3.893087613410314
94.8  2.7326603613266656
94.92  1.5713829633177205
95.03999999999999  0.40961669927858324
95.16  0.0
95.28  0.0
95.39999999999999  0.0
95.52  0.0
95.64  0.0
95.75999999999999  0.0
95.88  0.0
96.0  0.0
96.11999999999999  0.0
96.24  0.0
96.36  0.0
96.47999999999999  0.0
96.6  0.0
96.72  0.0
96.84  0.0
96.96  0.0
97.08  0.0
97.2  0.0
97.32  0.0
97.44  0.0
97.56  0.0
97.67999999999999  0.0
97.8  0.0
97.92  0.0
98.03999999999999  0.0
98.16  0.0
98.28  0.0
98.39999999999999  0.0
98.52  0.0
98.64  0.0
98.75999999999999  0.0
98.88  0.0
99.0  0.0
99.11999999999999  0.0
99.24  0.0
99.36  0.0
99.47999999999999  0.0
99.6  0.0
99.72  0.0
99.84  0.0
99.96  0.0
100.08  0.0
100.2  0.0
100.32  0.0
100.44  0.0
100.56  0.0
100.67999999999999  0.0
100.8  0.0
100.92  0.0
101.03999999999999  0.0
101.16  0.0
101.28  0.0
101.39999999999999  0.0
101.52  0.0
101.64  0.0
101.75999999999999  0.0
101.88  0.0
102.0  0.0
102.11999999999999  0.0
102.24  0.0
102.36  0.0
102.47999999999999  0.0
102.6  0.0
102.72  0.0
102.83999999999999  0.0
102.96  0.0
103.08  0.0
103.2  0.0
103.32  0.0
103.44  0.0
103.56  0.0
103.67999999999999  0.0
103.8  0.0
103.92  0.0
104.03999999999999  0.0
104.16  0.0
104.28  0.0
104.39999999999999  0.0
104.52  0.0
104.64  0.0
104.75999999999999  0.0
104.88  0.0
105.0  0.0
105.11999999999999  0.0
105.24  0.0
105.36  0.0
105.47999999999999  0.0
105.6  0.0
105.72  0.0
105.83999999999999  0.0
105.96  0.0
106.08  0.0
106.2  0.0
106.32  0.0
106.44  0.0
106.56  0.0
106.67999999999999  0.0
106.8  0.0
106.92  0.0
107.03999999999999  0.0
107.16  0.0
107.28  0.0
107.39999999999999  0.0
107.52  0.0
107.64  0.0
107.75999999999999  0.0
107.88  0.0
108.0  0.0
108.11999999999999  0.0
108.24  0.0
108.36  0.0
108.47999999999999  0.0
108.6  0.0
108.72  0.0
108.83999999999999  0.0
108.96  0.0
109.08  0.0
109.2  0.0
109.32  0.0
109.44  0.0
109.56  0.0
109.67999999999999  0.0
109.8  0.0
109.92  0.0
110.03999999999999  0.0
110.16  0.0
110.28  0.0
110.39999999999999  0.0
110.52  0.0
110.64  0.0
110.75999999999999  0.0
110.88  0.0
111.0  0.0
111.11999999999999  0.0
111.24  0.0
111.36  0.0
111.47999999999999  0.0
111.6  0.0
111.72  0.0
111.83999999999999  0.0
111.96  0.0
112.08  0.0
112.2  0.0
112.32  0.0
112.44  0.0
112.56  0.0
112.67999999999999  0.0
112.8  0.0
112.92  0.0
113.03999999999999  0.0
113.16  0.0
113.28  0.0
113.39999999999999  0.0
113.52  0.0
113.64  0.0
113.75999999999999  0.0
113.88  0.0
114.0  0.0
114.11999999999999  0.0
114.24  0.0
114.36  0.0
114.47999999999999  0.0
114.6  0.0
114.72  0.0
114.83999999999999  0.0
114.96  0.0
115.08  0.0
115.19999999999999  0.0
115.32  0.0
115.44  0.0
115.56  0.0
115.67999999999999  0.0
115.8  0.0
115.92  0.0
116.03999999999999  0.0
116.16  0.0
116.28  0.0
116.39999999999999  0.0
116.52  0.6235067798756724
116.64  1.7852101891928758
116.75999999999999  2.946358209633738
116.88  4.106589601553241
117.0  5.265543410474624
117.11999999999999  6.422859079385053
117.24  7.578176560905273
117.36  8.731136429304241
117.47999999999999  9.881379992316614
117.6  11.028549402735775
117.72  12.172287769740487
117.83999999999999  13.31223926992631
117.96  14.44804925800495
118.08  15.579364377134997
118.19999999999999  16.705832668853933
118.32  17.827103682575032
118.44  18.942828584613153
118.56  20.052660266709527
118.67999999999999  21.156253454019744
118.8  22.25326481252913
118.92  23.343353055867667
119.03999999999999  24.42617905148429
119.16  25.50140592615473
119.28  26.56869917078309
119.39999999999999  27.62772674447016
119.52  28.67815917781384
119.64  29.71966967540764
119.75999999999999  30.751934217509195
119.88  31.774631660845237
120.0  32.78744383851982
