0.0  2.1047881444255028  100.0
0.12  2.1026124234216876
0.24  2.099782567930636
0.36  2.0962994583362216
0.48  2.0921641782533245
0.6  2.0873780141907115
0.72  2.081942455150797
0.84  2.0758591921664062
0.96  2.069130117774683
1.08  2.061757325428315
1.2  2.053743108844245
1.3199999999999998  2.045089961290086
1.44  2.035800574808448
1.56  2.0258778393794326
1.68  2.0153248420215393
1.7999999999999998  2.0041448658312824
1.92  1.992341388961797
2.04  1.9799180835407666
2.16  1.9668788145280063
2.28  1.9532276385130491
2.4  1.93896880245312
2.52  1.9241067423518832
2.6399999999999997  1.9086460818793765
2.76  1.892591630933562
2.88  1.8759483841439402
3.0  1.8587215193176914
3.12  1.8409163958288328
3.2399999999999998  1.8225385529508864
3.36  1.8035937081335796
3.48  1.7840877552241152
3.5999999999999996  1.7640267626335622
3.7199999999999998  1.7434169714489396
3.84  1.7222647934915796
3.96  1.7005768093223723
4.08  1.6783597661945182
4.2  1.6556205759544205
4.32  1.6323663128913686
4.4399999999999995  1.6086042115366888
4.56  1.5843416644130417
4.68  1.559586219734565
4.8  1.534345579058584
4.92  1.5086275948896126
5.04  1.4824402682363957
5.16  1.4557917461227508
5.279999999999999  1.428690319052983
5.3999999999999995  1.4011444184326631
5.52  1.3731626139455693
5.64  1.3447536108876121
5.76  1.3159262474585665
5.88  1.2866894920124596
6.0  1.2570524402674654
6.12  1.227024312476176
6.24  1.1966144505571281
6.359999999999999  1.1658323151884824
6.4799999999999995  1.1346874828647509
6.6  1.103189642917499
6.72  1.071348594500937
6.84  1.0391742435433502
6.96  1.0066765996653109
7.08  0.9738657730656245
7.199999999999999  0.9407519713759954
7.319999999999999  0.9073454964853718
7.4399999999999995  0.8736567413349737
7.56  0.839696186684987
7.68  0.8054743978539437
7.8  0.7710020214317908
7.92  0.7362897819676766
8.04  0.701348478633484
8.16  0.6661889818641455
8.28  0.6308222299757948
8.4  0.5952592257627893
8.52  0.5595110330746861
8.64  0.5235887733742093
8.76  0.4875036222773064
8.879999999999999  0.45126680607634956
9.0  0.41488959824757143
9.12  0.37838331594382846
9.24  0.3417593164737654
9.36  0.30502899376849757
9.48  0.26820377483689317
9.6  0.23129511621056736
9.719999999999999  0.19431450037969145
9.84  0.15727343222072424
9.959999999999999  0.12018343541718342
10.08  0.08305604887456126
10.2  0.04590282313050699
10.32  0.008735316761389958
10.44  0.0
10.559999999999999  0.0
10.68  0.0
10.799999999999999  0.0
10.92  0.0
11.04  0.0
11.16  0.0
11.28  0.0
11.4  0.0
11.52  0.0
11.639999999999999  0.0
11.76  0.0
11.879999999999999  0.0
12.0  0.0
12.12  0.0
12.24  0.0
12.36  0.0
12.48  0.0
12.6  0.0
12.719999999999999  0.0
12.84  0.0
12.959999999999999  0.0
13.08  0.0
13.2  0.0
13.32  0.0
13.44  0.0
13.559999999999999  0.0
13.68  0.0
13.799999999999999  0.0
13.92  0.0
14.04  0.0
14.16  0.0
14.28  0.0
14.399999999999999  0.0
14.52  0.0
14.639999999999999  0.0
14.76  0.0
14.879999999999999  0.0
15.0  0.0
15.12  0.0
15.24  0.0
15.36  0.0
15.479999999999999  0.0
15.6  0.0
15.719999999999999  0.0
15.84  0.0
15.959999999999999  0.0
16.08  0.0
16.2  0.0
16.32  0.0
16.439999999999998  0.0
16.56  0.0
16.68  0.0
16.8  0.0
16.919999999999998  0.0
17.04  0.0
17.16  0.0
17.28  0.0
17.4  0.0
17.52  0.0
17.64  0.0
17.759999999999998  0.0
17.88  0.0
18.0  0.0
18.12  0.0
18.24  0.0
18.36  0.0
18.48  0.0
18.599999999999998  0.0
18.72  0.0
18.84  0.0
18.96  0.0
19.08  0.0
19.2  0.0
19.32  0.0
19.439999999999998  0.0
19.56  0.0
19.68  0.0
19.8  0.0
19.919999999999998  0.0
20.04  0.0
20.16  0.0
20.279999999999998  0.0
20.4  0.0
20.52  0.0
20.64  0.0
20.759999999999998  0.0
20.88  0.0
21.0  0.0
21.119999999999997  0.0
21.24  0.0
21.36  0.0
21.48  0.0
21.599999999999998  0.0
21.72  0.0
21.84  0.0
21.96  0.0
22.08  0.0
22.2  0.0
22.32  0.0
22.439999999999998  0.0
22.56  0.0
22.68  0.0
22.8  0.0
22.919999999999998  0.0
23.04  0.0
23.16  0.0
23.279999999999998  0.0
23.4  0.0
23.52  0.0
23.64  0.0
23.759999999999998  0.0
23.88  0.0
24.0  0.0
24.119999999999997  0.0
24.24  0.0
24.36  0.0
24.48  0.0
24.599999999999998  0.0
24.72  0.0
24.84  0.0
24.96  0.0
25.08  0.0
25.2  0.0
25.32  0.0
25.439999999999998  0.0
25.56  0.0
25.68  0.0
25.8  0.0
25.919999999999998  0.0
26.04  0.0
26.16  0.0
26.279999999999998  0.0
26.4  0.0
26.52  0.0
26.64  0.0
26.759999999999998  0.0
26.88  0.0
27.0  0.0
27.119999999999997  0.0
27.24  0.0
27.36  0.0
27.48  0.0
27.599999999999998  0.0
27.72  0.0
27.84  0.0
27.959999999999997  0.0
28.08  0.0
28.2  0.0
28.32  0.0
28.439999999999998  0.0
28.56  0.0
28.68  0.0
28.799999999999997  0.0
28.919999999999998  0.0
29.04  0.0
29.16  0.0
29.279999999999998  0.0
29.4  0.0
29.52  0.0
29.64  0.0
29.759999999999998  0.0
29.88  0.0
30.0  0.0
30.119999999999997  0.0
30.24  0.0
30.36  0.0
30.48  0.0
30.599999999999998  0.0
30.72  0.0
30.84  0.0
30.959999999999997  0.0
31.08  0.0
31.2  0.0
31.32  0.0
31.439999999999998  0.0
31.56  0.0
31.68  0.0
31.799999999999997  0.024315476951033976
31.919999999999998  0.06147840486268598
32.04  0.0986222064986645
32.16  0.13573532621449477
32.28  0.1728062179110209
32.4  0.20982334862644889
32.519999999999996  0.2467752021243378
32.64  0.2836502824763525
32.76  0.3204371176387072
32.879999999999995  0.35712426302119415
33.0  0.39370030504765374
33.12  0.43015386470679606
33.24  0.4664736010922887
33.36  0.5026482149309607
33.48  0.5386664520980826
33.6  0.5745171071185845
33.72  0.6101890266531286
33.839999999999996  0.6456711129679975
33.96  0.6809523273876487
34.08  0.7160216937289046
34.199999999999996  0.7508683017157152
34.32  0.7854813103734006
34.44  0.8198499514013342
34.56  0.8539635325230325
34.68  0.8878114408125706
34.8  0.9213831459963276
34.92  0.95466820372902
35.04  0.9876562588429822
35.16  1.02033704856973
35.28  1.0527004057327605
35.4  1.0847362619106113
35.519999999999996  1.1164346505692142
35.64  1.1477857101625342
35.76  1.178779687200546
35.879999999999995  1.2094069392836098
36.0  1.239657938102273
36.12  1.2695232724015684
36.24  1.2989936509089295
36.36  1.3280599052247375
36.48  1.356712992674676
36.6  1.384943999122951
36.72  1.4127441417455258
36.839999999999996  1.4401047717625142
36.96  1.4670173771288593
37.08  1.4934735851824765
37.199999999999996  1.5194651652490427
37.32  1.5449840312025984
37.44  1.570022243981187
37.559999999999995  1.5945720140567476
37.68  1.6186257038584762
37.8  1.6421758301489127
37.92  1.6652150663520282
38.04  1.687736244832553
38.16  1.7097323591258757
38.28  1.7311965661177928
38.4  1.7521221881734315
38.519999999999996  1.7725027152147106
38.64  1.792331806745658
38.76  1.811603293824969
38.879999999999995  1.8303111809852073
39.0  1.8484496480980233
39.12  1.8660130521848273
39.24  1.882995929172358
39.36  1.8993929955925775
39.48  1.915199150226396
39.6  1.9304094756906873
39.72  1.9450192399681066
39.839999999999996  1.9590238978792607
39.96  1.9724190924967295
40.08  1.9852006565005316
40.199999999999996  1.9973646134746041
40.32  2.0089071791438866
40.44  2.019824762551627
40.559999999999995  2.030113967176553
40.68  2.039771591989548
40.8  2.0487946324495048
40.92  2.057180281438061
41.04  2.0649259301329055
41.16  2.072029168819399
41.28  2.07848778764025
41.4  2.084299777283012
41.519999999999996  2.089463329605195
41.64  2.093976838196786
41.76  2.097838898880012
41.879999999999995  2.10104831014619
42.0  2.1036040735295223
42.12  2.1055053939177215
42.239999999999995  2.106751679799379
42.36  2.1073425434479853
42.48  2.1072778010425544
42.6  2.1065574727248095
42.72  2.105181782592921
42.839999999999996  2.1031511586317846
42.96  2.1004662325798735
43.08  2.097127839732704
43.199999999999996  2.093137018682964
43.32  2.0884950109974083
43.44  2.083203260830597
43.559999999999995  2.077263414475608
43.68  2.0706773198518715
43.8  2.0634470259302686
43.92  2.055574782095685
44.04  2.0470630374472174
44.16  2.037914440036241
44.28  2.0281318360425886
44.4  2.0177182688890873
44.519999999999996  2.0066769782947356
44.64  1.9950113992668022
44.76  1.9827251610321823
44.879999999999995  1.9698220859083218
45.0  1.956306188114072
45.12  1.9421816725208485
45.239999999999995  1.9274529333444659
45.36  1.9121245527780757
45.48  1.896201299566623
45.6  1.8796881275232564
45.72  1.8625901739881787
45.839999999999996  1.8449127582303815
45.96  1.8266613797927962
46.08  1.8078417167813567
46.199999999999996  1.788459624098506
46.32  1.768521131621702
46.44  1.7480324423274949
46.559999999999995  1.7269999303617403
46.68  1.705430139056568
46.8  1.6833297788947201
46.92  1.6607057254218718
47.04  1.637565017107625
47.16  1.613914853155787
47.28  1.589762591264664
47.4  1.5651157453380438
47.519999999999996  1.539981983147571
47.64  1.5143691239472634
47.76  1.4882851360409033
47.879999999999995  1.4617381343030438
48.0  1.4347363776544313
48.12  1.4072882664926154
48.239999999999995  1.379402340078525
48.36  1.3510872738798638
48.48  1.3223518768721274
48.6  1.2932050887980722
48.72  1.2636559773865217
48.839999999999996  1.2337137355313366
48.96  1.203387678431458
49.08  1.1726872406929008
49.199999999999996  1.1416219733935864
49.32  1.1102015411119517
49.44  1.078435718920257
49.559999999999995  1.0463343893434844
49.68  1.0139075392848433
49.8  0.9811652569187911
49.92  0.9481177285525333
50.04  0.91477523545702
50.16  0.8811481506683746
50.28  0.8472469357607876
50.4  0.8130821375918684
50.519999999999996  0.7786643850214486
50.64  0.7440043856048869
50.76  0.7091129222619015
50.879999999999995  0.6740008499219228
51.0  0.6386790921470761
51.12  0.6031586377338033
51.239999999999995  0.5674505372941773
51.36  0.5315658998179988
51.48  0.4955158892167343
51.6  0.4593117208503471
51.72  0.4229646580381487
51.839999999999996  0.38648600855471266
51.96  0.3498871211119562
52.08  0.31317938182850585
52.199999999999996  0.2763742106873991
52.32  0.23948305798326933
52.44  0.20251740076010089
52.559999999999995  0.16548873924064517
52.68  0.1284085932486424
52.8  0.09128849862494615
52.919999999999995  0.05414000363864693
53.04  0.01697466539434521
53.16  0.0
53.28  0.0
53.4  0.0
53.519999999999996  0.0
53.64  0.0
53.76  0.0
53.879999999999995  0.0
54.0  0.0
54.12  0.0
54.239999999999995  0.0
54.36  0.0
54.48  0.0
54.6  0.0
54.72  0.0
54.839999999999996  0.0
54.96  0.0
55.08  0.0
55.199999999999996  0.0
55.32  0.0
55.44  0.0
55.559999999999995  0.0
55.68  0.0
55.8  0.0
55.919999999999995  0.0
56.04  0.0
56.16  0.0
56.28  0.0
56.4  0.0
56.519999999999996  0.0
56.64  0.0
56.76  0.0
56.879999999999995  0.0
57.0  0.0
57.12  0.0
57.239999999999995  0.0
57.36  0.0
57.48  0.0
57.599999999999994  0.0
57.72  0.0
57.839999999999996  0.0
57.96  0.0
58.08  0.0
58.199999999999996  0.0
58.32  0.0
58.44  0.0
58.559999999999995  0.0
58.68  0.0
58.8  0.0
58.919999999999995  0.0
59.04  0.0
59.16  0.0
59.28  0.0
59.4  0.0
59.519999999999996  0.0
59.64  0.0
59.76  0.0
59.879999999999995  0.0
60.0  0.0
60.12  0.0
60.239999999999995  0.0
60.36  0.0
60.48  0.0
60.599999999999994  0.0
60.72  0.0
60.839999999999996  0.0
60.96  0.0
61.08  0.0
61.199999999999996  0.0
61.32  0.0
61.44  0.0
61.559999999999995  0.0
61.68  0.0
61.8  0.0
61.919999999999995  0.0
62.04  0.0
62.16  0.0
62.28  0.0
62.4  0.0
62.519999999999996  0.0
62.64  0.0
62.76  0.0
62.879999999999995  0.0
63.0  0.0
63.12  0.0
63.239999999999995  0.0
63.36  0.0
63.48  0.0
63.599999999999994  0.0
63.72  0.0
63.839999999999996  0.0
63.96  0.0
64.08  0.0
64.2  0.0
64.32  0.0
64.44  0.0
64.56  0.0
64.67999999999999  0.0
64.8  0.0
64.92  0.0
65.03999999999999  0.0
65.16  0.0
65.28  0.0
65.39999999999999  0.0
65.52  0.0
65.64  0.0
65.75999999999999  0.0
65.88  0.0
66.0  0.0
66.12  0.0
66.24  0.0
66.36  0.0
66.48  0.0
66.6  0.0
66.72  0.0
66.84  0.0
66.96  0.0
67.08  0.0
67.2  0.0
67.32  0.0
67.44  0.0
67.56  0.0
67.67999999999999  0.0
67.8  0.0
67.92  0.0
68.03999999999999  0.0
68.16  0.0
68.28  0.0
68.39999999999999  0.0
68.52  0.0
68.64  0.0
68.75999999999999  0.0
68.88  0.0
69.0  0.0
69.12  0.0
69.24  0.0
69.36  0.0
69.48  0.0
69.6  0.0
69.72  0.0
69.84  0.0
69.96  0.0
70.08  0.0
70.2  0.0
70.32  0.0
70.44  0.0
70.56  0.0
70.67999999999999  0.0
70.8  0.0
70.92  0.0
71.03999999999999  0.0
71.16  0.0
71.28  0.0
71.39999999999999  0.0
71.52  0.0
71.64  0.0
71.75999999999999  0.0
71.88  0.0
72.0  0.0
72.11999999999999  0.0
72.24  0.0
72.36  0.0
72.48  0.0
72.6  0.0
72.72  0.0
72.84  0.0
72.96  0.0
73.08  0.0
73.2  0.0
73.32  0.0
73.44  0.0
73.56  0.0
73.67999999999999  0.0
73.8  0.0
73.92  0.0
74.03999999999999  0.0
74.16  0.0
74.28  0.0
74.39999999999999  0.0
74.52  0.016076353393833828
74.64  0.053241955620227883
74.75999999999999  0.090390993976378
74.88  0.12751191118864957
75.0  0.16459315873202707
75.11999999999999  0.2016232004229657
75.24  0.23859051600834413
75.36  0.2754836047494872
75.48  0.31229098900009855
75.6  0.3490012177770248
75.72  0.385602870322746
75.84  0.42208455965838937
75.96  0.45843493612632247
76.08  0.49464269092107715
76.2  0.530696559607589
76.32  0.5665853256256084
76.44  0.6022978237792748
76.56  0.6378229437106244
76.67999999999999  0.6731496333561072
76.8  0.7082669023849663
76.92  0.7431638256183448
77.03999999999999  0.7778295464282106
77.16  0.8122532801148943
77.28  0.8464243172622786
77.39999999999999  0.880332027069539
77.52  0.9139658606584832
77.64  0.9473153543553194
77.75999999999999  0.9803701329460004
77.88  1.0131199129039932
78.0  1.0455545055895494
78.11999999999999  1.077663820419434
78.24  1.109437868006183
78.36  1.140866763265847
78.48  1.1719407284932861
78.6  1.2026500964040894
78.72  1.2329853131421076
78.84  1.2629369412517166
78.96  1.292495662613849
79.08  1.321652281344946
79.2  1.3503977266578069
79.32  1.3787230556835837
79.44  1.4066194562539722
79.56  1.43407824964269
79.67999999999999  1.461090893265508
79.8  1.4876489833378828
79.92  1.513744257489426
80.03999999999999  1.5393685973343607
80.16  1.5645140309972245
80.28  1.5891727355929335
80.39999999999999  1.6133370396605384
80.52  1.636999425549875
80.64  1.6601525317603154
80.75999999999999  1.682789155230998
80.88  1.7049022535817286
81.0  1.726484947303909
81.11999999999999  1.7475305219007786
81.24  1.7680324299763575
81.36  1.787984293272346
81.48  1.8073799046524632
81.6  1.8262132300335037
81.72  1.8444784102625864
81.84  1.8621697629399663
81.96  1.879281784186852
82.08  1.8958091503577137
82.2  1.9117467196964741
82.32  1.9270895339361565
82.44  1.941832819841421
82.56  1.955971990693548
82.67999999999999  1.9695026477173845
82.8  1.9824205814498435
82.92  1.9947217730494735
83.03999999999999  2.006402395546751
83.16  2.0174588150346784
83.28  2.0278875917992982
83.39999999999999  2.037685481389821
83.52  2.046849435627984
83.64  2.0553766035563594
83.75999999999999  2.063264332325301
83.88  2.070510168018266
84.0  2.0771118564152347
84.11999999999999  2.083067343694016
84.24  2.088374777069202
84.36  2.0930325053685794
84.47999999999999  2.0970390795468177
84.6  2.100393253136277
84.72  2.10309398263479
84.84  2.1051404278303014
84.96  2.1065319520622623
85.08  2.1072681224197005
85.2  2.107348709875899
85.32  2.10677368935965
85.44  2.105543239763052
85.56  2.1036577438858584
85.67999999999999  2.101117788316384
85.8  2.0979241632490155
85.92  2.094077862238377
86.03999999999999  2.08958008189023
86.16  2.0844322214892013
86.28  2.0786358825634594
86.39999999999999  2.0721928683864714
86.52  2.0651051834159877
86.64  2.0573750326704547
86.75999999999999  2.0490048210430136
86.88  2.0399971525533225
87.0  2.0303548295374414
87.11999999999999  2.0200808517760005
87.24  2.0091784155609553
87.36  1.997650912701201
87.47999999999999  1.9855019294673668
87.6  1.9727352454760956
87.72  1.9593548325141978
87.84  1.9453648533029992
87.96  1.930769660203293
88.08  1.9155737938613004
88.2  1.8997819817960457
88.32  1.88339913692861
88.44  1.8664303560536721
88.56  1.8488809182538937
88.67999999999999  1.830756283257546
88.8  1.8120620897399666
88.92  1.7928041535693402
89.03999999999999  1.7729884659973396
89.16  1.7526211917952197
89.28  1.7317086673359205
89.39999999999999  1.7102573986227956
89.52  1.6882740592655334
89.64  1.6657654884039934
89.75999999999999  1.642738688580484
89.88  1.6192008235612456
90.0  1.5951592161077575
90.11999999999999  1.5706213456985973
90.24  1.5455948462025089
90.36  1.5200875035034913
90.47999999999999  1.4941072530785553
90.6  1.467662177528935
90.72  1.440760504065579
90.84  1.4134106019495885
90.96  1.3856209798885186
91.08  1.3574002833892413
91.2  1.3287572920683128
91.32  1.2997009169205722
91.44  1.2702401975468622
91.56  1.240384299341795
91.67999999999999  1.2101425106423187
91.8  1.1795242398380739
91.92  1.148539012444387
92.03999999999999  1.1171964681388464
92.16  1.085506357762307
92.28  1.0534785402853954
92.39999999999999  1.021122979741294
92.52  0.9884497421258854
92.64  0.955468992266178
92.75999999999999  0.9221909906579484
92.88  0.8886260902736589
93.0  0.8547847333415823
93.11999999999999  0.8206774480971838
93.24  0.78631484550769
93.36  0.7517076159710063
93.47999999999999  0.7168665259898358
93.6  0.6818024148221774
93.72  0.6465261911091656
93.84  0.6110488294813411
93.96  0.5753813671443789
94.08  0.5395349004453265
94.2  0.5035205814205151
94.32  0.4673496143260584
94.44  0.4310332521521655
94.56  0.3945827931222636
94.67999999999999  0.358009577178077
94.8  0.3213249824516669
94.92  0.28454042172567895
95.03999999999999  0.24766733888274028
95.16  0.21071720534518176
95.28  0.17370151650626237
95.39999999999999  0.1366317881538472
95.52  0.09951955288779979
95.64  0.06237635653211891
95.75999999999999  0.025213754542986203
95.88  0.0
96.0  0.0
96.11999999999999  0.0
96.24  0.0
96.36  0.0
96.47999999999999  0.0
96.6  0.0
96.72  0.0
96.84  0.0
96.96  0.0
97.08  0.0
97.2  0.0
97.32  0.0
97.44  0.0
97.56  0.0
97.67999999999999  0.0
97.8  0.0
97.92  0.0
98.03999999999999  0.0
98.16  0.0
98.28  0.0
98.39999999999999  0.0
98.52  0.0
98.64  0.0
98.75999999999999  0.0
98.88  0.0
99.0  0.0
99.11999999999999  0.0
99.24  0.0
99.36  0.0
99.47999999999999  0.0
99.6  0.0
99.72  0.0
99.84  0.0
99.96  0.0
100.08  0.0
100.2  0.0
100.32  0.0
100.44  0.0
100.56  0.0
100.67999999999999  0.0
100.8  0.0
100.92  0.0
101.03999999999999  0.0
101.16  0.0
101.28  0.0
101.39999999999999  0.0
101.52  0.0
101.64  0.0
101.75999999999999  0.0
101.88  0.0
102.0  0.0
102.11999999999999  0.0
102.24  0.0
102.36  0.0
102.47999999999999  0.0
102.6  0.0
102.72  0.0
102.83999999999999  0.0
102.96  0.0
103.08  0.0
103.2  0.0
103.32  0.0
103.44  0.0
103.56  0.0
103.67999999999999  0.0
103.8  0.0
103.92  0.0
104.03999999999999  0.0
104.16  0.0
104.28  0.0
104.39999999999999  0.0
104.52  0.0
104.64  0.0
104.75999999999999  0.0
104.88  0.0
105.0  0.0
105.11999999999999  0.0
105.24  0.0
105.36  0.0
105.47999999999999  0.0
105.6  0.0
105.72  0.0
105.83999999999999  0.0
105.96  0.0
106.08  0.0
106.2  0.0
106.32  0.0
106.44  0.0
106.56  0.0
106.67999999999999  0.0
106.8  0.0
106.92  0.0
107.03999999999999  0.0
107.16  0.0
107.28  0.0
107.39999999999999  0.0
107.52  0.0
107.64  0.0
107.75999999999999  0.0
107.88  0.0
108.0  0.0
108.11999999999999  0.0
108.24  0.0
108.36  0.0
108.47999999999999  0.0
108.6  0.0
108.72  0.0
108.83999999999999  0.0
108.96  0.0
109.08  0.0
109.2  0.0
109.32  0.0
109.44  0.0
109.56  0.0
109.67999999999999  0.0
109.8  0.0
109.92  0.0
110.03999999999999  0.0
110.16  0.0
110.28  0.0
110.39999999999999  0.0
110.52  0.0
110.64  0.0
110.75999999999999  0.0
110.88  0.0
111.0  0.0
111.11999999999999  0.0
111.24  0.0
111.36  0.0
111.47999999999999  0.0
111.6  0.0
111.72  0.0
111.83999999999999  0.0
111.96  0.0
112.08  0.0
112.2  0.0
112.32  0.0
112.44  0.0
112.56  0.0
112.67999999999999  0.0
112.8  0.0
112.92  0.0
113.03999999999999  0.0
113.16  0.0
113.28  0.0
113.39999999999999  0.0
113.52  0.0
113.64  0.0
113.75999999999999  0.0
113.88  0.0
114.0  0.0
114.11999999999999  0.0
114.24  0.0
114.36  0.0
114.47999999999999  0.0
114.6  0.0
114.72  0.0
114.83999999999999  0.0
114.96  0.0
115.08  0.0
115.19999999999999  0.0
115.32  0.0
115.44  0.0
115.56  0.0
115.67999999999999  0.0
115.8  0.0
115.92  0.0
116.03999999999999  0.0
116.16  0.0
116.28  0.0
116.39999999999999  0.0
116.52  0.0
116.64  0.0
116.75999999999999  0.0
116.88  0.0
117.0  0.0
117.11999999999999  0.0
117.24  0.007836984084417326
117.36  0.04500469249117269
117.47999999999999  0.08215839968632396
117.6  0.11928654694373464
117.72  0.15637758348908537
117.83999999999999  0.19341997009340695
117.96  0.23040218266302137
118.08  0.26731271582470706
118.19999999999999  0.30414008650510727
118.32  0.3408728375032007
118.44  0.3774995410546561
118.56  0.4140088023870965
118.67999999999999  0.45038926326509804
118.8  0.48662960552374956
118.92  0.5227185545898554
119.03999999999999  0.5586448829894597
119.16  0.5943974138408351
119.28  0.6299650243316218
119.39999999999999  0.6653366491792186
119.52  0.700501284073276
119.64  0.7354479890991555
119.75999999999999  0.7701658921414193
119.88  0.8046441922662286
120.0  0.8388721630815308
