0.0  0.21120739302433986  100.0
0.12  0.22061454419812884
0.24  0.229953060953069
0.36  0.23922003802435682
0.48  0.24841259240358465
0.6  0.2575278642356607
0.72  0.2665630177085259
0.84  0.2755152419353909
0.96  0.2843817518292187
1.08  0.2931597889691809
1.2  0.3018466224588176
1.3199999999999998  0.3104395497756348
1.44  0.3189358976118743
1.56  0.3273330227061944
1.68  0.33562831266600357
1.7999999999999998  0.34381918678019024
1.92  0.3519030968219966
2.04  0.3598775278417863
2.16  0.3677399989494587
2.28  0.37548806408626856
2.4  0.38311931278580813
2.52  0.3906313709239166
2.6399999999999997  0.39802190145728367
2.76  0.4052886051505169
2.88  0.4124292212914462
3.0  0.4194415283944446
3.12  0.42632334489154444
3.2399999999999998  0.4330725298111357
3.36  0.439686983444034
3.48  0.44616464799671196
3.5999999999999996  0.4525035082314902
3.7199999999999998  0.45870159209348926
3.84  0.4647569713241467
3.96  0.47066776206110933
4.08  0.4764321254243129
4.2  0.48204826808806867
4.32  0.48751444283897616
4.4399999999999995  0.492828949119492
4.56  0.4979901335569822
4.68  0.5029963904780959
4.8  0.5078461624082993
4.92  0.5125379405564143
5.04  0.5170702652840129
5.16  0.5214417265595178
5.279999999999999  0.5256509643968714
5.3999999999999995  0.5296966692786358
5.52  0.5335775825633896
5.64  0.5372924968773
5.76  0.5408402564897418
5.88  0.5442197576728531
6.0  0.5474299490449104
6.12  0.5504698318974195
6.24  0.5533384605058196
6.359999999999999  0.5560349424237031
6.4799999999999995  0.5585584387604607
6.6  0.5609081644422654
6.72  0.5630833884563129
6.84  0.5650834340782438
6.96  0.5669076790826765
7.08  0.5685555559367853
7.199999999999999  0.5700265519768623
7.319999999999999  0.5713202095678103
7.4399999999999995  0.5724361262455161
7.56  0.5733739548420587
7.68  0.5741334035937152
7.8  0.5747142362317305
7.92  0.5751162720558218
8.04  0.575339385990395
8.16  0.5753835086234571
8.28  0.57524862622821
8.4  0.5749347807673215
8.52  0.5744420698798702
8.64  0.5737706468509693
8.76  0.5729207205640793
8.879999999999999  0.5718925554360226
9.0  0.5706864713347222
9.12  0.5693028434796891
9.24  0.5677421023252891
9.36  0.5660047334268264
9.48  0.5640912772894844
9.6  0.5620023292001717
9.719999999999999  0.5597385390423245
9.84  0.5573006110937252
9.959999999999999  0.5546893038073962
10.08  0.5519054295756428
10.2  0.5489498544773118
10.32  0.54582349800835
10.44  0.5425273327957443
10.559999999999999  0.5390623842949314
10.68  0.5354297304707736
10.799999999999999  0.5316305014621969
10.92  0.5276658792305994
11.04  0.523537097192136
11.16  0.5192454398339958
11.28  0.5147922423147913
11.4  0.5101788900491823
11.52  0.5054068182768663
11.639999999999999  0.5004775116160676
11.76  0.4953925036016632
11.879999999999999  0.4901533762080931
12.0  0.48476175935719745
12.12  0.47921933041114034
12.24  0.4735278136505718
12.36  0.4676889797381953
12.48  0.4617046451679042
12.6  0.45557667169966076
12.719999999999999  0.4493069657802913
12.84  0.44289747795038104
12.959999999999999  0.4363502022374496
13.08  0.4296671755355976
13.2  0.4228504769718179
13.32  0.4159022272591669
13.44  0.4088245880370001
13.559999999999999  0.4016197611984726
13.68  0.3942899882055186
13.799999999999999  0.3868375493915205
13.92  0.37926476325188274
14.04  0.37157398572273675
14.16  0.3637676094479952
14.28  0.35584806303498717
14.399999999999999  0.34781781029890474
14.52  0.3396793494962965
14.639999999999999  0.33143521254784586
14.76  0.3230879642506763
14.879999999999999  0.3146402014804289
15.0  0.30609455238335903
15.12  0.29745367555870705
15.24  0.28872025923159056
15.36  0.27989702041668574
15.479999999999999  0.27098670407294567
15.6  0.2619920822496308
15.719999999999999  0.2529159532239075
15.84  0.2437611406302886
15.959999999999999  0.2345304925821855
16.08  0.22522688078584377
16.2  0.21585319964693817
16.32  0.20641236537010943
16.439999999999998  0.19690731505171447
16.56  0.18734100576607943
16.68  0.17771641364553853
16.8  0.16803653295454163
16.919999999999998  0.15830437515812307
17.04  0.14852296798501555
17.16  0.1386953544857095
17.28  0.12882459208574162
17.4  0.11891375163451293
17.52  0.1089659164499305
17.64  0.09898418135916973
17.759999999999998  0.08897165173585697
17.88  0.07893144253396894
18.0  0.06886667731875482
18.12  0.05878048729497712
18.24  0.04867601033277591
18.36  0.03855638999145944
18.48  0.028424774541526754
18.599999999999998  0.01828431598522204
18.72  0.008138169075929236
18.84  0.0
18.96  0.0
19.08  0.0
19.2  0.0
19.32  0.0
19.439999999999998  0.0
19.56  0.0
19.68  0.0
19.8  0.0
19.919999999999998  0.0
20.04  0.0
20.16  0.0
20.279999999999998  0.0
20.4  0.0
20.52  0.0
20.64  0.0
20.759999999999998  0.0
20.88  0.0
21.0  0.0
21.119999999999997  0.0
21.24  0.0
21.36  0.0
21.48  0.0
21.599999999999998  0.0
21.72  0.0
21.84  0.0
21.96  0.0
22.08  0.0
22.2  0.0
22.32  0.0
22.439999999999998  0.0
22.56  0.0
22.68  0.0
22.8  0.0
22.919999999999998  0.0
23.04  0.0
23.16  0.0
23.279999999999998  0.0
23.4  0.0
23.52  0.0
23.64  0.0
23.759999999999998  0.0
23.88  0.0
24.0  0.0
24.119999999999997  0.0
24.24  0.0
24.36  0.0
24.48  0.0
24.599999999999998  0.0
24.72  0.0
24.84  0.0
24.96  0.0
25.08  0.0
25.2  0.0
25.32  0.0
25.439999999999998  0.0
25.56  0.0
25.68  0.0
25.8  0.0
25.919999999999998  0.0
26.04  0.0
26.16  0.0
26.279999999999998  0.0
26.4  0.0
26.52  0.0
26.64  0.0
26.759999999999998  0.0
26.88  0.0
27.0  0.0
27.119999999999997  0.0
27.24  0.0
27.36  0.0
27.48  0.0
27.599999999999998  0.0
27.72  0.0
27.84  0.0
27.959999999999997  0.0
28.08  0.0
28.2  0.0
28.32  0.0
28.439999999999998  0.0
28.56  0.0
28.68  0.0
28.799999999999997  0.0
28.919999999999998  0.0
29.04  0.0
29.16  0.0
29.279999999999998  0.0
29.4  0.0
29.52  0.0
29.64  0.0
29.759999999999998  0.0
29.88  0.0
30.0  0.0
30.119999999999997  0.0
30.24  0.0
30.36  0.0
30.48  0.0
30.599999999999998  0.0
30.72  0.0
30.84  0.0
30.959999999999997  0.0
31.08  0.0
31.2  0.0
31.32  0.0
31.439999999999998  0.0
31.56  0.0
31.68  0.0
31.799999999999997  0.0
31.919999999999998  0.0
32.04  0.0
32.16  0.0
32.28  0.0
32.4  0.0
32.519999999999996  0.0
32.64  0.0
32.76  0.0
32.879999999999995  0.0
33.0  0.0
33.12  0.0
33.24  0.0
33.36  0.0
33.48  0.0
33.6  0.0
33.72  0.0
33.839999999999996  0.0
33.96  0.0
34.08  0.0
34.199999999999996  0.0
34.32  0.0
34.44  0.0
34.56  0.0
34.68  0.0
34.8  0.0
34.92  0.0
35.04  0.0
35.16  0.0
35.28  0.0
35.4  0.0
35.519999999999996  0.0
35.64  0.0
35.76  0.0
35.879999999999995  0.0
36.0  0.0
36.12  0.0
36.24  0.0
36.36  0.0
36.48  0.0
36.6  0.0
36.72  0.0
36.839999999999996  0.0
36.96  0.0
37.08  0.0
37.199999999999996  0.0
37.32  0.0
37.44  0.0
37.559999999999995  0.0
37.68  0.0
37.8  0.0
37.92  0.0
38.04  0.0
38.16  0.0
38.28  0.0
38.4  0.0
38.519999999999996  0.0
38.64  0.0
38.76  0.0
38.879999999999995  0.0
39.0  0.0
39.12  0.0
39.24  0.0
39.36  0.0
39.48  0.0
39.6  0.0
39.72  0.0
39.839999999999996  0.0
39.96  0.0
40.08  0.0
40.199999999999996  0.0008856831712124591
40.32  0.011033961329339426
40.44  0.021178806760370844
40.559999999999995  0.031317063346141844
40.68  0.041445577018314333
40.8  0.05156119673962395
40.92  0.061660775484187386
41.04  0.07174117121655807
41.16  0.08179924786923305
41.28  0.09183187631829993
41.4  0.10183593535692319
41.519999999999996  0.11180831266637237
41.64  0.12174590578428009
41.76  0.13164562306983407
41.879999999999995  0.14150438466560689
42.0  0.15131912345571574
42.12  0.16108678602001605
42.239999999999995  0.17080433358404337
42.36  0.18046874296438967
42.48  0.19007700750923168
42.6  0.1996261380337205
42.72  0.20911316374992983
42.839999999999996  0.21853513319108805
42.96  0.22788911512979468
43.08  0.2371721994899402
43.199999999999996  0.24638149825204964
43.32  0.255514146351761
43.44  0.2645673025711593
43.559999999999995  0.2735381504227009
43.68  0.2824238990254355
43.8  0.29122178397326387
43.92  0.29992906819496284
44.04  0.3085430428057005
44.16  0.317061027949788
44.28  0.32548037363439675
44.4  0.33379846055398477
44.519999999999996  0.34201270090517844
44.64  0.35012053919185365
44.76  0.35811945302016224
44.879999999999995  0.36600695388326565
45.0  0.3737805879355219
45.12  0.3814379367558897
45.239999999999995  0.38897661810031525
45.36  0.3963942866428602
45.48  0.40368863470534466
45.6  0.41085739297528195
45.72  0.4178983312118698
45.839999999999996  0.42480925893983545
45.96  0.4315880261309024
46.08  0.43823252387267553
46.199999999999996  0.4447406850247374
46.32  0.45111048486174643
46.44  0.457339941703339
46.559999999999995  0.4634271175306436
46.68  0.4693701185892081
46.8  0.47516709597815665
46.92  0.48081624622539537
47.04  0.4863158118486789
47.16  0.4916640819023772
47.28  0.49685939250975786
47.4  0.501900127380627
47.519999999999996  0.5067847183141679
47.64  0.5115116456868166
47.76  0.5160794389250236
47.879999999999995  0.5204866769627599
48.0  0.5247319886836179
48.12  0.5288140533473712
48.239999999999995  0.5327316010008678
48.36  0.5364834128731177
48.48  0.5400683217544587
48.6  0.543485212359684
48.72  0.546733021675011
48.839999999999996  0.5498107392887934
48.96  0.5527174077058645
49.08  0.5554521226454192
49.199999999999996  0.5580140333223413
49.32  0.5604023427118882
49.44  0.5626163077976475
49.559999999999995  0.5646552398026959
49.68  0.566518504403881
49.8  0.5682055219291616
49.92  0.5697157675379484
50.04  0.5710487713843838
50.16  0.5722041187635142
50.28  0.573181450240307
50.4  0.5739804617614722
50.519999999999996  0.5746009047500558
50.64  0.5750425861827733
50.76  0.5753053686500601
50.879999999999995  0.5753891703988205
51.0  0.5752939653578618
51.12  0.5750197831460049
51.239999999999995  0.5745667090628696
51.36  0.5739348840623376
51.48  0.5731245047087014
51.6  0.572135823115511
51.72  0.570969146867141
51.839999999999996  0.5696248389230987
51.96  0.5681033175051059
52.08  0.5664050559669873
52.199999999999996  0.5645305826474077
52.32  0.5624804807055028
52.44  0.5602553879394556
52.559999999999995  0.5578559965880728
52.68  0.5552830531154263
52.8  0.552537357978624
52.919999999999995  0.549619765378783
53.04  0.5465311829952817
53.16  0.5432725717033785
53.28  0.539844945275275
53.4  0.5362493700647278
53.519999999999996  0.5324869646752991
53.64  0.5285588996123525
53.76  0.5244663969189037
53.879999999999995  0.5202107297954347
54.0  0.5157932222037939
54.12  0.5112152484553059
54.239999999999995  0.506478232783213
54.36  0.5015836488995906
54.48  0.49653301953686635
54.6  0.4913279159740884
54.72  0.48596995754809297
54.839999999999996  0.4804608111497203
54.96  0.4748021907052336
55.08  0.46899585664310806
55.199999999999996  0.46304361534635213
55.32  0.45694731859053006
55.44  0.4507088629676674
55.559999999999995  0.4443301892962066
55.68  0.43781328201721015
55.8  0.43116016857698897
55.919999999999995  0.42437291879635275
56.04  0.4174536442266764
56.16  0.41040449749298735
56.28  0.4032276716242669
56.4  0.3959253993711926
56.519999999999996  0.3884999525115113
56.64  0.38095364114328034
56.76  0.3732888129661813
56.879999999999995  0.3655078525511384
57.0  0.3576131805984635
57.12  0.34960725318476676
57.239999999999995  0.34149256099885206
57.36  0.3332716285668522
57.48  0.32494701346683763
57.599999999999994  0.3165213055331342
57.72  0.3079971260506146
57.839999999999996  0.2993771269392014
57.96  0.2906639899288387
58.08  0.2818604257251946
58.199999999999996  0.2729691731663406
58.32  0.26399299837068657
58.44  0.2549346938764244
58.559999999999995  0.24579707777275764
58.68  0.2365829928231723
58.8  0.2272953055810411
58.919999999999995  0.21793690549782163
59.04  0.20851070402413113
59.16  0.1990196337039814
59.28  0.1894666472624425
59.4  0.17985471668703723
59.519999999999996  0.17018683230313789
59.64  0.160466001843659
59.76  0.1506952495133381
59.879999999999995  0.14087761504788315
60.0  0.13101615276829662
60.12  0.12111393063066198
60.239999999999995  0.11117402927167977
60.36  0.10119954105026802
60.48  0.09119356908551096
60.599999999999994  0.08115922629126182
60.72  0.07109963440769629
60.839999999999996  0.0610179230301261
60.96  0.050917228635357414
61.08  0.04080069360592317
61.199999999999996  0.03067146525246328
61.32  0.02053269483458281
61.44  0.010387536580476503
61.559999999999995  0.0002391467056306884
61.68  0.0
61.8  0.0
61.919999999999995  0.0
62.04  0.0
62.16  0.0
62.28  0.0
62.4  0.0
62.519999999999996  0.0
62.64  0.0
62.76  0.0
62.879999999999995  0.0
63.0  0.0
63.12  0.0
63.239999999999995  0.0
63.36  0.0
63.48  0.0
63.599999999999994  0.0
63.72  0.0
63.839999999999996  0.0
63.96  0.0
64.08  0.0
64.2  0.0
64.32  0.0
64.44  0.0
64.56  0.0
64.67999999999999  0.0
64.8  0.0
64.92  0.0
65.03999999999999  0.0
65.16  0.0
65.28  0.0
65.39999999999999  0.0
65.52  0.0
65.64  0.0
65.75999999999999  0.0
65.88  0.0
66.0  0.0
66.12  0.0
66.24  0.0
66.36  0.0
66.48  0.0
66.6  0.0
66.72  0.0
66.84  0.0
66.96  0.0
67.08  0.0
67.2  0.0
67.32  0.0
67.44  0.0
67.56  0.0
67.67999999999999  0.0
67.8  0.0
67.92  0.0
68.03999999999999  0.0
68.16  0.0
68.28  0.0
68.39999999999999  0.0
68.52  0.0
68.64  0.0
68.75999999999999  0.0
68.88  0.0
69.0  0.0
69.12  0.0
69.24  0.0
69.36  0.0
69.48  0.0
69.6  0.0
69.72  0.0
69.84  0.0
69.96  0.0
70.08  0.0
70.2  0.0
70.32  0.0
70.44  0.0
70.56  0.0
70.67999999999999  0.0
70.8  0.0
70.92  0.0
71.03999999999999  0.0
71.16  0.0
71.28  0.0
71.39999999999999  0.0
71.52  0.0
71.64  0.0
71.75999999999999  0.0
71.88  0.0
72.0  0.0
72.11999999999999  0.0
72.24  0.0
72.36  0.0
72.48  0.0
72.6  0.0
72.72  0.0
72.84  0.0
72.96  0.0
73.08  0.0
73.2  0.0
73.32  0.0
73.44  0.0
73.56  0.0
73.67999999999999  0.0
73.8  0.0
73.92  0.0
74.03999999999999  0.0
74.16  0.0
74.28  0.0
74.39999999999999  0.0
74.52  0.0
74.64  0.0
74.75999999999999  0.0
74.88  0.0
75.0  0.0
75.11999999999999  0.0
75.24  0.0
75.36  0.0
75.48  0.0
75.6  0.0
75.72  0.0
75.84  0.0
75.96  0.0
76.08  0.0
76.2  0.0
76.32  0.0
76.44  0.0
76.56  0.0
76.67999999999999  0.0
76.8  0.0
76.92  0.0
77.03999999999999  0.0
77.16  0.0
77.28  0.0
77.39999999999999  0.0
77.52  0.0
77.64  0.0
77.75999999999999  0.0
77.88  0.0
78.0  0.0
78.11999999999999  0.0
78.24  0.0
78.36  0.0
78.48  0.0
78.6  0.0
78.72  0.0
78.84  0.0
78.96  0.0
79.08  0.0
79.2  0.0
79.32  0.0
79.44  0.0
79.56  0.0
79.67999999999999  0.0
79.8  0.0
79.92  0.0
80.03999999999999  0.0
80.16  0.0
80.28  0.0
80.39999999999999  0.0
80.52  0.0
80.64  0.0
80.75999999999999  0.0
80.88  0.0
81.0  0.0
81.11999999999999  0.0
81.24  0.0
81.36  0.0
81.48  0.0
81.6  0.0
81.72  0.0
81.84  0.0
81.96  0.0
82.08  0.0
82.2  0.0
82.32  0.0
82.44  0.0
82.56  0.0
82.67999999999999  0.0
82.8  0.0
82.92  0.0
83.03999999999999  0.008784635938955704
83.16  0.01893051459706896
83.28  0.029070503866190006
83.39999999999999  0.039201449138933836
83.52  0.049320198621552125
83.64  0.05942360431447613
83.75999999999999  0.06950852299167179
83.88  0.07957181717852638
84.0  0.08961035612792073
84.11999999999999  0.09962101679422875
84.24  0.10960068480492008
84.36  0.1195462554294459
84.47999999999999  0.12945463454514905
84.6  0.13932273959985772
84.72  0.14914750057088688
84.84  0.15892586092013528
84.96  0.16865477854499783
85.08  0.17833122672477636
85.2  0.18795219506231184
85.32  0.1975146904205314
85.44  0.2070157378536361
85.56  0.21645238153262034
85.67999999999999  0.22582168566484276
85.8  0.2351207354073784
85.92  0.24434663777382934
86.03999999999999  0.25349652253435934
86.16  0.26256754310863367
86.28  0.271556877451408
86.39999999999999  0.28046172893047794
86.52  0.289279327196737
86.64  0.2980069290460358
86.75999999999999  0.3066418192726139
86.88  0.31518131151382056
87.0  0.32362274908584565
87.11999999999999  0.331963505810239
87.24  0.3402009868309241
87.36  0.3483326294214747
87.47999999999999  0.3563559037823889
87.6  0.36426831382813285
87.72  0.37206739796367655
87.84  0.37975072985031555
87.96  0.3873159191605191
88.08  0.39476061232157195
88.2  0.40208249324778583
88.32  0.40927928406104275
88.44  0.4163487457994638
88.56  0.42328867911395235
88.67999999999999  0.4300969249524321
88.8  0.43677136523153703
88.92  0.4433099234955572
89.03999999999999  0.4497105655624397
89.16  0.45597130015663156
89.28  0.46209017952857756
89.39999999999999  0.4680653000606735
89.52  0.47389480285949853
89.64  0.47957687433411905
89.75999999999999  0.4851097467603137
89.88  0.4904916988305189
90.0  0.4957210561893389
90.11999999999999  0.5007961919544439
90.24  0.5057155272227084
90.36  0.5104775315614101
90.47999999999999  0.5150807234843587
90.6  0.5195236709127983
90.72  0.5238049916209279
90.84  0.5279233536659256
90.96  0.5318774758023195
91.08  0.5356661278805945
91.2  0.539288131229894
91.32  0.5427423590247136
91.44  0.5460277366354639
91.56  0.5491432419627906
91.67999999999999  0.552087905755558
91.8  0.5548608119123873
91.92  0.5574610977666614
92.03999999999999  0.559887954354904
92.16  0.562140626668455
92.28  0.5642184138883555
92.39999999999999  0.566120669603378
92.52  0.5678468020111282
92.64  0.5693962741021578
92.75999999999999  0.5707686038270311
92.88  0.5719633642462939
93.0  0.5729801836632961
93.11999999999999  0.5738187457398286
93.24  0.5744787895945388
93.36  0.5749601098840906
93.47999999999999  0.5752625568670499
93.6  0.5753860364504679
93.72  0.5753305102191557
93.84  0.5750959954476343
93.96  0.5746825650947612
94.08  0.574090347781032
94.2  0.5733195277485656
94.32  0.5723703448037866
94.44  0.5712430942428188
94.56  0.5699381267596177
94.67999999999999  0.5684558483368677
94.8  0.5667967201196776
94.92  0.5649612582721177
95.03999999999999  0.5629500338166368
95.16  0.5607636724564133
95.28  0.558402854380698
95.39999999999999  0.5558683140532005
95.52  0.5531608399835956
95.64  0.5502812744822116
95.75999999999999  0.547230513397986
95.88  0.5440095058397572
96.0  0.5406192538809955
96.11999999999999  0.537060812248052
96.24  0.5333352879920237
96.36  0.5294438401443485
96.47999999999999  0.5253876793562211
96.6  0.5211680675219534
96.72  0.5167863173863915
96.84  0.5122437921365156
96.96  0.5075419049773422
97.08  0.5026821186922694
97.2  0.49766594518799645
97.32  0.49249494502416297
97.44  0.4871707269278455
97.56  0.48169494729307905
97.67999999999999  0.4760693096655414
97.8  0.4702955642125669
97.92  0.46437550717866677
98.03999999999999  0.45831098032670137
98.16  0.4521038703649002
98.28  0.44575610835989515
98.39999999999999  0.4392696691359581
98.52  0.43264657066061524
98.64  0.42588887341685394
98.75999999999999  0.41899867976209165
98.88  0.41197813327411636
99.0  0.4048294180842165
99.11999999999999  0.3975547581976779
99.24  0.3901564168018866
99.36  0.3826366955622375
99.47999999999999  0.37499793390607705
99.6  0.3672425082948856
99.72  0.3593728314849572
99.84  0.35139135177677244
99.96  0.3433005522533172
100.08  0.33510295000758417
100.2  0.32680109535949
100.32  0.3183975710624598
100.44  0.30989499149990946
100.56  0.3012960018719082
100.67999999999999  0.29260327737223224
100.8  0.2838195223561018
100.92  0.2749474694988392
101.03999999999999  0.26598987894572235
101.16  0.25694953745327886
101.28  0.2478292575223217
101.39999999999999  0.2386318765229595
101.52  0.22936025581186878
101.64  0.22001727984212235
101.75999999999999  0.21060585526580933
101.88  0.20112891002976435
102.0  0.19158939246466467
102.11999999999999  0.1819902703677931
102.24  0.17233453007972901
102.36  0.16262517555529343
102.47999999999999  0.15286522742899641
102.6  0.14305772207529474
102.72  0.13320571066397127
102.83999999999999  0.12331225821088881
102.96  0.11338044262445074
103.08  0.10341335374804503
103.2  0.09341409239878048
103.32  0.08338576940279907
103.44  0.07333150462748375
103.56  0.06325442601085296
103.67999999999999  0.0531576685884361
103.8  0.04304437351794985
103.92  0.032917687102064885
104.03999999999999  0.02278075980957836
104.16  0.012636745295274171
104.28  0.0024887994188179663
104.39999999999999  0.0
104.52  0.0
104.64  0.0
104.75999999999999  0.0
104.88  0.0
105.0  0.0
105.11999999999999  0.0
105.24  0.0
105.36  0.0
105.47999999999999  0.0
105.6  0.0
105.72  0.0
105.83999999999999  0.0
105.96  0.0
106.08  0.0
106.2  0.0
106.32  0.0
106.44  0.0
106.56  0.0
106.67999999999999  0.0
106.8  0.0
106.92  0.0
107.03999999999999  0.0
107.16  0.0
107.28  0.0
107.39999999999999  0.0
107.52  0.0
107.64  0.0
107.75999999999999  0.0
107.88  0.0
108.0  0.0
108.11999999999999  0.0
108.24  0.0
108.36  0.0
108.47999999999999  0.0
108.6  0.0
108.72  0.0
108.83999999999999  0.0
108.96  0.0
109.08  0.0
109.2  0.0
109.32  0.0
109.44  0.0
109.56  0.0
109.67999999999999  0.0
109.8  0.0
109.92  0.0
110.03999999999999  0.0
110.16  0.0
110.28  0.0
110.39999999999999  0.0
110.52  0.0
110.64  0.0
110.75999999999999  0.0
110.88  0.0
111.0  0.0
111.11999999999999  0.0
111.24  0.0
111.36  0.0
111.47999999999999  0.0
111.6  0.0
111.72  0.0
111.83999999999999  0.0
111.96  0.0
112.08  0.0
112.2  0.0
112.32  0.0
112.44  0.0
112.56  0.0
112.67999999999999  0.0
112.8  0.0
112.92  0.0
113.03999999999999  0.0
113.16  0.0
113.28  0.0
113.39999999999999  0.0
113.52  0.0
113.64  0.0
113.75999999999999  0.0
113.88  0.0
114.0  0.0
114.11999999999999  0.0
114.24  0.0
114.36  0.0
114.47999999999999  0.0
114.6  0.0
114.72  0.0
114.83999999999999  0.0
114.96  0.0
115.08  0.0
115.19999999999999  0.0
115.32  0.0
115.44  0.0
115.56  0.0
115.67999999999999  0.0
115.8  0.0
115.92  0.0
116.03999999999999  0.0
116.16  0.0
116.28  0.0
116.39999999999999  0.0
116.52  0.0
116.64  0.0
116.75999999999999  0.0
116.88  0.0
117.0  0.0
117.11999999999999  0.0
117.24  0.0
117.36  0.0
117.47999999999999  0.0
117.6  0.0
117.72  0.0
117.83999999999999  0.0
117.96  0.0
118.08  0.0
118.19999999999999  0.0
118.32  0.0
118.44  0.0
118.56  0.0
118.67999999999999  0.0
118.8  0.0
118.92  0.0
119.03999999999999  0.0
119.16  0.0
119.28  0.0
119.39999999999999  0.0
119.52  0.0
119.64  0.0
119.75999999999999  0.0
119.88  0.0
120.0  0.0
