0.0  113.8353775412504  100.0
0.12  113.41678395039337
0.24  112.96290576357994
0.36  112.47388418485302
0.48  111.94987135156147
0.6  111.39103028702908
0.72  110.79753484983729
0.84  110.16956967973668
0.96  109.50733014020462
1.08  108.81102225766651
1.2  108.08086265739988
1.3199999999999998  107.31707849614094
1.44  106.51990739141499
1.56  105.6895973476122
1.68  104.82640667883211
1.7999999999999998  103.93060392852053
1.92  103.00246778592435
2.04  102.04228699938963
2.16  101.0503602865305
2.28  100.02699624129627
2.4  98.97251323796627
2.52  97.88723933210174
2.6399999999999997  96.771512158486
2.76  95.6256788260843
2.88  94.45009581005628
3.0  93.2451288408546
3.12  92.01115279044416
3.2399999999999998  90.74855155567725
3.36  89.4577179388612
3.48  88.13905352555528
3.5999999999999996  86.79296855963528
3.7199999999999998  85.4198818156643
3.84  84.02022046860961
3.96  82.59441996094618
4.08  81.14292386718807
4.2  79.66618375588995
4.32  78.16465904916151
4.4399999999999995  76.63881687973877
4.56  75.0891319456564
4.68  73.51608636256655
4.8  71.92016951374997
4.92  70.3018778978661
5.04  68.6617149744896
5.16  67.00019100748123
5.279999999999999  65.31782290624193
5.3999999999999995  63.6151340648994
5.52  61.89265419947725
5.64  60.150919183097415
5.76  58.390470879267
5.88  56.61185697330151
6.0  54.81563080193695
6.12  53.00235118118354
6.24  51.17258223247504
6.359999999999999  49.3268932071674
6.4799999999999995  47.465858309441415
6.6  45.590056517664664
6.72  43.700071404268066
6.84  41.79649095419322
6.96  39.879907381967115
7.08  37.95091694746063
7.199999999999999  36.010119770389025
7.319999999999999  34.058119643611164
7.4399999999999995  32.09552384528627
7.56  30.12294294994622
7.68  28.14099063854244
7.8  26.15028350752635
7.92  24.151440877022694
8.04  22.145084598155666
8.16  20.131838859587386
8.28  18.11232999332958
8.4  16.08718627988788
8.52  14.057037752800575
8.64  12.022516002631289
8.76  9.984253980477948
8.879999999999999  7.942885801057976
9.0  5.899046545431624
9.12  3.853372063424942
9.24  1.8064987758129938
9.36  0.0
9.48  0.0
9.6  0.0
9.719999999999999  0.0
9.84  0.0
9.959999999999999  0.0
10.08  0.0
10.2  0.0
10.32  0.0
10.44  0.0
10.559999999999999  0.0
10.68  0.0
10.799999999999999  0.0
10.92  0.0
11.04  0.0
11.16  0.0
11.28  0.0
11.4  0.0
11.52  0.0
11.639999999999999  0.0
11.76  0.0
11.879999999999999  0.0
12.0  0.0
12.12  0.0
12.24  0.0
12.36  0.0
12.48  0.0
12.6  0.0
12.719999999999999  0.0
12.84  0.0
12.959999999999999  0.0
13.08  0.0
13.2  0.0
13.32  0.0
13.44  0.0
13.559999999999999  0.0
13.68  0.0
13.799999999999999  0.0
13.92  0.0
14.04  0.0
14.16  0.0
14.28  0.0
14.399999999999999  0.0
14.52  0.0
14.639999999999999  0.0
14.76  0.0
14.879999999999999  0.0
15.0  0.0
15.12  0.0
15.24  0.0
15.36  0.0
15.479999999999999  0.0
15.6  0.0
15.719999999999999  0.0
15.84  0.0
15.959999999999999  0.0
16.08  0.0
16.2  0.0
16.32  0.0
16.439999999999998  0.0
16.56  0.0
16.68  0.0
16.8  0.0
16.919999999999998  0.0
17.04  0.0
17.16  0.0
17.28  0.0
17.4  0.0
17.52  0.0
17.64  0.0
17.759999999999998  0.0
17.88  0.0
18.0  0.0
18.12  0.0
18.24  0.0
18.36  0.0
18.48  0.0
18.599999999999998  0.0
18.72  0.0
18.84  0.0
18.96  0.0
19.08  0.0
19.2  0.0
19.32  0.0
19.439999999999998  0.0
19.56  0.0
19.68  0.0
19.8  0.0
19.919999999999998  0.0
20.04  0.0
20.16  0.0
20.279999999999998  0.0
20.4  0.0
20.52  0.0
20.64  0.0
20.759999999999998  0.0
20.88  0.0
21.0  0.0
21.119999999999997  0.0
21.24  0.0
21.36  0.0
21.48  0.0
21.599999999999998  0.0
21.72  0.0
21.84  0.0
21.96  0.0
22.08  0.0
22.2  0.0
22.32  0.0
22.439999999999998  0.0
22.56  0.0
22.68  0.0
22.8  0.0
22.919999999999998  0.0
23.04  0.0
23.16  0.0
23.279999999999998  0.0
23.4  0.0
23.52  0.0
23.64  0.0
23.759999999999998  0.0
23.88  0.0
24.0  0.0
24.119999999999997  0.0
24.24  0.0
24.36  0.0
24.48  0.0
24.599999999999998  0.0
24.72  0.0
24.84  0.0
24.96  0.0
25.08  0.0
25.2  0.0
25.32  0.0
25.439999999999998  0.0
25.56  0.0
25.68  0.0
25.8  0.0
25.919999999999998  0.0
26.04  0.0
26.16  0.0
26.279999999999998  0.0
26.4  0.0
26.52  0.0
26.64  0.0
26.759999999999998  0.0
26.88  0.0
27.0  0.0
27.119999999999997  0.0
27.24  0.0
27.36  0.0
27.48  0.0
27.599999999999998  0.0
27.72  0.0
27.84  0.0
27.959999999999997  0.0
28.08  0.0
28.2  0.0
28.32  0.0
28.439999999999998  0.0
28.56  0.0
28.68  0.0
28.799999999999997  0.0
28.919999999999998  0.0
29.04  0.0
29.16  0.0
29.279999999999998  0.0
29.4  0.0
29.52  0.0
29.64  0.0
29.759999999999998  0.0
29.88  0.0
30.0  0.0
30.119999999999997  0.0
30.24  0.0
30.36  0.0
30.48  0.0
30.599999999999998  0.0
30.72  0.014006975021999324
30.84  2.0614070125112747
30.959999999999997  4.108165734747061
31.08  6.15364638364121
31.2  8.197212598720943
31.32  10.238228615104955
31.439999999999998  12.276059461292611
31.56  14.310071156707851
31.68  16.339630908933792
31.799999999999997  18.364107310577662
31.919999999999998  20.38287053570591
32.04  22.395292535785746
32.16  24.400747235075286
32.28  26.39861072539897
32.4  28.38826146024824
32.519999999999996  30.36908044814929
32.64  32.34045144523411
32.76  34.301761146957176
32.879999999999995  36.25239937889854
33.0  38.191759286592195
33.12  40.11923752432161
33.24  42.03423444282465
33.36  43.936154275846995
33.48  45.82440532548909
33.6  47.69840014628644
33.72  49.557555727966516
33.839999999999996  51.40129367682768
33.96  53.22904039567999
34.08  55.04022726229436
34.199999999999996  56.83429080630466
34.32  58.61067288450617
34.44  60.36882085449686
34.56  62.108187746608124
34.68  63.82823243406947
34.8  65.52841980135635
34.92  67.2082209106679
35.04  68.86711316648183
35.16  70.50458047813731
35.28  72.12011342039358
35.4  73.71320939191462
35.519999999999996  75.28337277163175
35.64  76.8301150729339
35.76  78.35295509563832
35.879999999999995  79.85141907569499
36.0  81.3250408325773
36.12  82.7733619143127
36.24  84.19593174011078
36.36  85.59230774054056
36.48  86.96205549521682
36.6  88.3047488679506
36.72  89.61997013932228
36.839999999999996  90.90731013663688
36.96  92.16636836121974
37.08  93.39675311301372
37.199999999999996  94.59808161243971
37.32  95.76998011948106
37.44  96.91208404995643
37.559999999999995  98.02403808894402
37.68  99.10549630132192
37.8  100.15612223939031
37.92  101.17558904754262
38.04  102.16357956395169
38.16  103.11978641924097
38.28  104.04391213210869
38.4  104.93566920187573
38.519999999999996  105.79478019792913
38.64  106.62097784603212
38.76  107.41400511147438
38.879999999999995  108.1736152790374
39.0  108.89957202974873
39.12  109.59164951440198
39.24  110.24963242382024
39.36  110.87331605583942
39.48  111.4625063789927
39.6  112.01702009287456
39.72  112.53668468516646
39.839999999999996  113.02133848530679
39.96  113.47083071478703
40.08  113.88502153406009
40.199999999999996  114.26378208604504
40.32  114.60699453621537
40.44  114.91455210925778
40.559999999999995  115.18635912229081
40.68  115.42233101463218
40.8  115.62239437410612
40.92  115.78648695988232
41.04  115.91455772183939
41.16  116.0065668164468
41.28  116.06248561916057
41.4  116.0822967333283
41.519999999999996  116.06599399560159
41.64  116.01358247785332
41.76  115.92507848559988
41.879999999999995  115.80050955292833
42.0  115.63991443393051
42.12  115.44334309064632
42.239999999999995  115.21085667752034
42.36  114.94252752237618
42.48  114.63843910391512
42.6  114.29868602574527
42.72  113.92337398694987
42.839999999999996  113.51261974920374
42.96  113.066551100448
43.08  112.58530681513473
43.199999999999996  112.06903661105322
43.32  111.51790110275196
43.44  110.93207175157086
43.559999999999995  110.3117308122982
43.68  109.65707127647045
43.8  108.96829681233152
43.92  108.24562170147021
44.04  107.48927077215639
44.16  106.69947932939519
44.28  105.87649308172269
44.4  105.02056806476443
44.519999999999996  104.13197056158143
44.64  103.21097701982777
44.76  102.25787396574651
44.879999999999995  101.2729579150296
45.0  100.25653528057006
45.12  99.2089222771356
45.239999999999995  98.13044482299205
45.36  97.02143843850848
45.48  95.88224814177515
45.6  94.71322834126599
45.72  93.51474272558085
45.839999999999996  92.2871641502991
45.96  91.03087452198278
46.08  89.74626467936318
46.199999999999996  88.43373427174859
46.32  87.09369163469123
46.44  85.72655366295199
46.559999999999995  84.33274568080179
46.68  82.91270130970098
46.8  81.46686233339746
46.92  79.99567856048475
47.04  78.49960768446493
47.16  76.97911514135666
47.28  75.43467396489577
47.4  73.86676463937229
47.519999999999996  72.27587495014843
47.64  70.66249983190608
47.76  69.02714121467011
47.879999999999995  67.3703078676547
48.0  65.69251524098252
48.12  63.99428530532586
48.239999999999995  62.276146389517656
48.36  60.538633016186054
48.48  58.782285735461556
48.6  57.00765095680829
48.72  55.21528077903361
48.839999999999996  53.405732818526516
48.96  51.57957003578031
49.08  49.73736056025267
49.199999999999996  47.879677513616926
49.32  46.007098831460866
49.44  44.12020708348834
49.559999999999995  42.219589292277476
49.68  40.30583675065536
49.8  38.37954483774367
49.92  36.4413128337323
50.04  34.4917437334406
50.16  32.531444058721775
50.28  30.561023669770687
50.4  28.581095575393363
50.519999999999996  26.59227574229586
50.64  24.595182903453804
50.76  22.59043836562175
50.879999999999995  20.578665816040065
51.0  18.560491128402955
51.12  16.536542168145896
51.239999999999995  14.507448597112578
51.36  12.473841677663884
51.48  10.436354076288946
51.6  8.395619666778341
51.72  6.3522733330231205
51.839999999999996  4.306950771498581
51.96  2.2602882934952397
52.08  0.2129226271595286
52.199999999999996  0.0
52.32  0.0
52.44  0.0
52.559999999999995  0.0
52.68  0.0
52.8  0.0
52.919999999999995  0.0
53.04  0.0
53.16  0.0
53.28  0.0
53.4  0.0
53.519999999999996  0.0
53.64  0.0
53.76  0.0
53.879999999999995  0.0
54.0  0.0
54.12  0.0
54.239999999999995  0.0
54.36  0.0
54.48  0.0
54.6  0.0
54.72  0.0
54.839999999999996  0.0
54.96  0.0
55.08  0.0
55.199999999999996  0.0
55.32  0.0
55.44  0.0
55.559999999999995  0.0
55.68  0.0
55.8  0.0
55.919999999999995  0.0
56.04  0.0
56.16  0.0
56.28  0.0
56.4  0.0
56.519999999999996  0.0
56.64  0.0
56.76  0.0
56.879999999999995  0.0
57.0  0.0
57.12  0.0
57.239999999999995  0.0
57.36  0.0
57.48  0.0
57.599999999999994  0.0
57.72  0.0
57.839999999999996  0.0
57.96  0.0
58.08  0.0
58.199999999999996  0.0
58.32  0.0
58.44  0.0
58.559999999999995  0.0
58.68  0.0
58.8  0.0
58.919999999999995  0.0
59.04  0.0
59.16  0.0
59.28  0.0
59.4  0.0
59.519999999999996  0.0
59.64  0.0
59.76  0.0
59.879999999999995  0.0
60.0  0.0
60.12  0.0
60.239999999999995  0.0
60.36  0.0
60.48  0.0
60.599999999999994  0.0
60.72  0.0
60.839999999999996  0.0
60.96  0.0
61.08  0.0
61.199999999999996  0.0
61.32  0.0
61.44  0.0
61.559999999999995  0.0
61.68  0.0
61.8  0.0
61.919999999999995  0.0
62.04  0.0
62.16  0.0
62.28  0.0
62.4  0.0
62.519999999999996  0.0
62.64  0.0
62.76  0.0
62.879999999999995  0.0
63.0  0.0
63.12  0.0
63.239999999999995  0.0
63.36  0.0
63.48  0.0
63.599999999999994  0.0
63.72  0.0
63.839999999999996  0.0
63.96  0.0
64.08  0.0
64.2  0.0
64.32  0.0
64.44  0.0
64.56  0.0
64.67999999999999  0.0
64.8  0.0
64.92  0.0
65.03999999999999  0.0
65.16  0.0
65.28  0.0
65.39999999999999  0.0
65.52  0.0
65.64  0.0
65.75999999999999  0.0
65.88  0.0
66.0  0.0
66.12  0.0
66.24  0.0
66.36  0.0
66.48  0.0
66.6  0.0
66.72  0.0
66.84  0.0
66.96  0.0
67.08  0.0
67.2  0.0
67.32  0.0
67.44  0.0
67.56  0.0
67.67999999999999  0.0
67.8  0.0
67.92  0.0
68.03999999999999  0.0
68.16  0.0
68.28  0.0
68.39999999999999  0.0
68.52  0.0
68.64  0.0
68.75999999999999  0.0
68.88  0.0
69.0  0.0
69.12  0.0
69.24  0.0
69.36  0.0
69.48  0.0
69.6  0.0
69.72  0.0
69.84  0.0
69.96  0.0
70.08  0.0
70.2  0.0
70.32  0.0
70.44  0.0
70.56  0.0
70.67999999999999  0.0
70.8  0.0
70.92  0.0
71.03999999999999  0.0
71.16  0.0
71.28  0.0
71.39999999999999  0.0
71.52  0.0
71.64  0.0
71.75999999999999  0.0
71.88  0.0
72.0  0.0
72.11999999999999  0.0
72.24  0.0
72.36  0.0
72.48  0.0
72.6  0.0
72.72  0.0
72.84  0.0
72.96  0.0
73.08  0.0
73.2  0.0
73.32  0.0
73.44  0.0
73.56  1.6076045378393111
73.67999999999999  3.6545603565398252
73.8  5.700379221069706
73.92  7.7444246657349805
74.03999999999999  9.78606077656335
74.16  11.824652389139521
74.28  13.859565286208865
74.39999999999999  15.890166394985105
74.52  17.915823984104037
74.64  19.935907860158075
74.75999999999999  21.949789563752134
74.88  23.9568425650231
75.0  25.95644245855393
75.11999999999999  27.94796715763191
75.24  29.930797087782288
75.36  31.904315379521766
75.48  33.86790806026943
75.6  35.8209642453573
75.72  37.76287632808132
75.84  39.69304016872863
75.96  41.610855282530984
76.08  43.515725026477966
76.2  45.4070567849363
76.32  47.28426215401499
76.44  49.14675712462312
76.56  50.99396226415589
76.67999999999999  52.825302896760505
76.8  54.64020928212213
76.92  56.43811679271087
77.03999999999999  58.218466089442614
77.16  59.98070329569164
77.28  61.72428016960505
77.39999999999999  63.44865427466304
77.52  65.1532891484358
77.64  66.83765446947766
77.75999999999999  68.50122622231478
77.88  70.14348686046864
78.0  71.76392546746783
78.11999999999999  73.36203791579642
78.24  74.93732702373183
78.36  76.48930271002035
78.48  78.0174821463437
78.6  79.52138990753052
78.72  81.00055811946326
78.84  82.45452660463665
78.96  83.88284302532081
79.08  85.28506302428767
79.2  86.66075036305097
79.32  88.00947705758362
79.44  89.33082351146652
79.56  90.62437864642565
79.67999999999999  91.88974003022234
79.8  93.12651400185149
79.92  94.33431579401194
80.03999999999999  95.5127696528092
80.16  96.6615089546558
80.28  97.78017632032851
80.39999999999999  98.86842372615166
80.52  99.92591261226993
80.64  100.95231398797479
80.75999999999999  101.94730853405653
80.88  102.91058670214572
81.0  103.84184881101567
81.11999999999999  104.74080513981436
81.24  105.60717601819944
81.36  106.44069191334374
81.48  107.24109351378966
81.6  108.00813181012157
81.72  108.74156817243467
81.84  109.44117442457372
81.96  110.1067329151198
82.08  110.73803658510357
82.2  111.33488903242147
82.32  111.89710457293832
82.44  112.42450829825437
82.56  112.91693613012035
82.67999999999999  113.37423487148291
82.8  113.79626225414559
82.92  114.1828869830287
83.03999999999999  114.53398877701615
83.16  114.84945840637587
83.28  115.12919772674128
83.39999999999999  115.37311970964495
83.52  115.58114846959349
83.64  115.75321928767592
83.75999999999999  115.8892786316981
83.88  115.98928417283705
84.0  116.05320479880943
84.11999999999999  116.08102062355091
84.24  116.07272299340282
84.36  116.02831448980433
84.47999999999999  115.94780892848934
84.6  115.8312313551883
84.72  115.67861803783643
84.84  115.49001645529052
84.96  115.26548528255795
85.08  115.00509437254262
85.2  114.70892473431326
85.32  114.3770685079012
85.44  114.00962893563491
85.56  113.60672033002076
85.67999999999999  113.16846803818005
85.8  112.69500840285221
85.92  112.18648871997853
86.03999999999999  111.64306719287706
86.16  111.06491288302485
86.28  110.45220565746187
86.39999999999999  109.80513613283384
86.52  109.1239056160893
86.64  108.4087260418531
86.75999999999999  107.65981990649178
86.88  106.87742019889316
87.0  106.0617703279834
87.11999999999999  105.21312404700014
87.24  104.33174537454883
87.36  103.4179085124649
87.47999999999999  102.4718977605086
87.6  101.49400742791659
87.72  100.48454174184195
87.84  99.44381475270687
87.96  98.3721502364995
88.08  97.2698815940459
88.2  96.13735174728684
88.32  94.97491303259355
88.44  93.78292709115256
88.56  92.56176475645873
88.67999999999999  91.3118059389456
88.8  90.03343950779363
88.92  88.72706316995118
89.03999999999999  87.39308334640486
89.16  86.03191504574026
89.28  84.64398173503014
89.39999999999999  83.22971520809217
89.52  81.78955545115393
89.64  80.32395050597269
89.75999999999999  78.83335633044555
89.88  77.31823665675913
90.0  75.77906284711949
90.11999999999999  74.2163137471097
90.24  72.63047553671635
90.36  71.02204157907839
90.47999999999999  69.39151226699822
90.6  67.73939486726556
90.72  66.06620336284615
90.84  64.37245829297675
90.96  62.65868659122412
91.08  60.92542142155111
91.2  59.17320201244847
91.32  57.40257348917687
91.44  55.614086704174355
91.56  53.80829806568531
91.67999999999999  51.98576936465683
91.8  50.14706759996331
91.92  48.29276480200947
92.03999999999999  46.4234378547696
92.16  44.53966831631345
92.28  42.64204223788313
92.39999999999999  40.731149981567015
92.52  38.807586036635634
92.64  36.871948834593354
92.75999999999999  34.92484056300175
92.88  32.96686697813654
93.0  30.998637216532913
93.11999999999999  29.020763605480887
93.24  27.033861472524556
93.36  25.038548954033093
93.47999999999999  23.03544680289286
93.6  21.025178195388715
93.72  19.008368537329968
93.84  16.985645269483772
93.96  14.957637672374553
94.08  12.92497667050992
94.2  10.888294636099157
94.32  8.848225192316445
94.44  6.805403016178186
94.56  4.760463641091
94.67999999999999  2.7140432591347867
94.8  0.6667785231375021
94.92  0.0
95.03999999999999  0.0
95.16  0.0
95.28  0.0
95.39999999999999  0.0
95.52  0.0
95.64  0.0
95.75999999999999  0.0
95.88  0.0
96.0  0.0
96.11999999999999  0.0
96.24  0.0
96.36  0.0
96.47999999999999  0.0
96.6  0.0
96.72  0.0
96.84  0.0
96.96  0.0
97.08  0.0
97.2  0.0
97.32  0.0
97.44  0.0
97.56  0.0
97.67999999999999  0.0
97.8  0.0
97.92  0.0
98.03999999999999  0.0
98.16  0.0
98.28  0.0
98.39999999999999  0.0
98.52  0.0
98.64  0.0
98.75999999999999  0.0
98.88  0.0
99.0  0.0
99.11999999999999  0.0
99.24  0.0
99.36  0.0
99.47999999999999  0.0
99.6  0.0
99.72  0.0
99.84  0.0
99.96  0.0
100.08  0.0
100.2  0.0
100.32  0.0
100.44  0.0
100.56  0.0
100.67999999999999  0.0
100.8  0.0
100.92  0.0
101.03999999999999  0.0
101.16  0.0
101.28  0.0
101.39999999999999  0.0
101.52  0.0
101.64  0.0
101.75999999999999  0.0
101.88  0.0
102.0  0.0
102.11999999999999  0.0
102.24  0.0
102.36  0.0
102.47999999999999  0.0
102.6  0.0
102.72  0.0
102.83999999999999  0.0
102.96  0.0
103.08  0.0
103.2  0.0
103.32  0.0
103.44  0.0
103.56  0.0
103.67999999999999  0.0
103.8  0.0
103.92  0.0
104.03999999999999  0.0
104.16  0.0
104.28  0.0
104.39999999999999  0.0
104.52  0.0
104.64  0.0
104.75999999999999  0.0
104.88  0.0
105.0  0.0
105.11999999999999  0.0
105.24  0.0
105.36  0.0
105.47999999999999  0.0
105.6  0.0
105.72  0.0
105.83999999999999  0.0
105.96  0.0
106.08  0.0
106.2  0.0
106.32  0.0
106.44  0.0
106.56  0.0
106.67999999999999  0.0
106.8  0.0
106.92  0.0
107.03999999999999  0.0
107.16  0.0
107.28  0.0
107.39999999999999  0.0
107.52  0.0
107.64  0.0
107.75999999999999  0.0
107.88  0.0
108.0  0.0
108.11999999999999  0.0
108.24  0.0
108.36  0.0
108.47999999999999  0.0
108.6  0.0
108.72  0.0
108.83999999999999  0.0
108.96  0.0
109.08  0.0
109.2  0.0
109.32  0.0
109.44  0.0
109.56  0.0
109.67999999999999  0.0
109.8  0.0
109.92  0.0
110.03999999999999  0.0
110.16  0.0
110.28  0.0
110.39999999999999  0.0
110.52  0.0
110.64  0.0
110.75999999999999  0.0
110.88  0.0
111.0  0.0
111.11999999999999  0.0
111.24  0.0
111.36  0.0
111.47999999999999  0.0
111.6  0.0
111.72  0.0
111.83999999999999  0.0
111.96  0.0
112.08  0.0
112.2  0.0
112.32  0.0
112.44  0.0
112.56  0.0
112.67999999999999  0.0
112.8  0.0
112.92  0.0
113.03999999999999  0.0
113.16  0.0
113.28  0.0
113.39999999999999  0.0
113.52  0.0
113.64  0.0
113.75999999999999  0.0
113.88  0.0
114.0  0.0
114.11999999999999  0.0
114.24  0.0
114.36  0.0
114.47999999999999  0.0
114.6  0.0
114.72  0.0
114.83999999999999  0.0
114.96  0.0
115.08  0.0
115.19999999999999  0.0
115.32  0.0
115.44  0.0
115.56  0.0
115.67999999999999  0.0
115.8  0.0
115.92  0.0
116.03999999999999  0.0
116.16  0.0
116.28  1.1537774884167433
116.39999999999999  3.2008991126598687
116.52  5.24702491928317
116.64  7.291518347101073
116.75999999999999  9.33374334277183
116.88  11.37306455867437
117.0  13.408847550569773
117.11999999999999  15.440458974981626
117.24  17.467266786229843
117.36  19.488640433066927
117.47999999999999  21.503951054842673
117.6  23.512571677149534
117.72  25.513877406874997
117.83999999999999  27.50724562661055
117.96  29.492056188352663
118.08  31.467691606431863
118.19999999999999  33.4335372496172
118.32  35.388981532332664
118.44  37.33341610492246
118.56  39.26623604291325
118.67999999999999  41.18684003521062
118.8  43.09463057116766
118.92  44.98901412647696
119.03999999999999  46.869401347816265
119.16  48.735207236202584
119.28  50.585851328986124
119.39999999999999  52.420757880436454
119.52  54.23935604086145
119.64  56.04108003419955
119.75999999999999  57.825369334036935
119.88  59.591668837991605
120.0  61.339429040406586
