0.0  1.2002832893894047  100.0
0.12  1.1988940918131352
0.24  1.1971319115781203
0.36  1.1949972969084888
0.48  1.1924909118948057
0.6  1.18961353628747
0.72  1.18636606525413
0.84  1.1827495091011901
0.96  1.1787649929595014
1.08  1.174413756434326
1.2  1.1696971532196876
1.3199999999999998  1.164616650677232
1.44  1.1591738293797211
1.56  1.1533703826193082
1.68  1.1472081158807466
1.7999999999999998  1.1406889462796908
1.92  1.133814901966272
2.04  1.1265881214941316
2.16  1.1190108531551017
2.28  1.111085454279751
2.4  1.1028143905040053
2.52  1.0942002350020745
2.6399999999999997  1.0852456676859248
2.76  1.0759534743715407
2.88  1.0663265459122442
3.0  1.0563678772993335
3.12  1.0460805667303241
3.2399999999999998  1.0354678146450829
3.36  1.0245329227301532
3.48  1.0132792928915804
3.5999999999999996  1.001710426196562
3.7199999999999998  0.9898299217842441
3.84  0.9776414757460118
3.96  0.9651488799756104
4.08  0.9523560209894698
4.2  0.939266878717586
4.32  0.9258855252653416
4.4399999999999995  0.9122161236466533
4.56  0.8982629264888328
4.68  0.8840302747095724
4.8  0.86952259616646
4.92  0.8547444042794484
5.04  0.8397002966267048
5.16  0.8243949535142787
5.279999999999999  0.808833136520033
5.3999999999999995  0.7930196870122894
5.52  0.7769595246436525
5.64  0.7606576458204778
5.76  0.7441191221484623
5.88  0.7273490988548392
6.0  0.7103527931876692
6.12  0.6931354927927249
6.24  0.6757025540684751
6.359999999999999  0.6580594004996796
6.4799999999999995  0.6402115209701114
6.6  0.6221644680549361
6.72  0.6039238562932732
6.84  0.585495360441482
6.96  0.5668847137077144
7.08  0.5480977059682792
7.199999999999999  0.5291401819663816
7.319999999999999  0.5100180394937893
7.4399999999999995  0.4907372275559982
7.56  0.4713037445214609
7.68  0.45172363625546347
7.8  0.4320029942392213
7.92  0.4121479536747856
8.04  0.3921646915763483
8.16  0.3720594248485366
8.28  0.3518384083523022
8.4  0.33150793295899517
8.52  0.3110743235932431
8.64  0.2905439372652273
8.76  0.26992316109298464
8.879999999999999  0.249218410315338
9.0  0.22843612629607885
9.12  0.2075827745200256
9.24  0.18666484258157168
9.36  0.16568883816636118
9.48  0.1446612870267104
9.6  0.12358873095141006
9.719999999999999  0.10247772573053818
9.84  0.08133483911591644
9.959999999999999  0.06016664877784718
10.08  0.03897974025876244
10.2  0.017780704924425045
10.32  0.0
10.44  0.0
10.559999999999999  0.0
10.68  0.0
10.799999999999999  0.0
10.92  0.0
11.04  0.0
11.16  0.0
11.28  0.0
11.4  0.0
11.52  0.0
11.639999999999999  0.0
11.76  0.0
11.879999999999999  0.0
12.0  0.0
12.12  0.0
12.24  0.0
12.36  0.0
12.48  0.0
12.6  0.0
12.719999999999999  0.0
12.84  0.0
12.959999999999999  0.0
13.08  0.0
13.2  0.0
13.32  0.0
13.44  0.0
13.559999999999999  0.0
13.68  0.0
13.799999999999999  0.0
13.92  0.0
14.04  0.0
14.16  0.0
14.28  0.0
14.399999999999999  0.0
14.52  0.0
14.639999999999999  0.0
14.76  0.0
14.879999999999999  0.0
15.0  0.0
15.12  0.0
15.24  0.0
15.36  0.0
15.479999999999999  0.0
15.6  0.0
15.719999999999999  0.0
15.84  0.0
15.959999999999999  0.0
16.08  0.0
16.2  0.0
16.32  0.0
16.439999999999998  0.0
16.56  0.0
16.68  0.0
16.8  0.0
16.919999999999998  0.0
17.04  0.0
17.16  0.0
17.28  0.0
17.4  0.0
17.52  0.0
17.64  0.0
17.759999999999998  0.0
17.88  0.0
18.0  0.0
18.12  0.0
18.24  0.0
18.36  0.0
18.48  0.0
18.599999999999998  0.0
18.72  0.0
18.84  0.0
18.96  0.0
19.08  0.0
19.2  0.0
19.32  0.0
19.439999999999998  0.0
19.56  0.0
19.68  0.0
19.8  0.0
19.919999999999998  0.0
20.04  0.0
20.16  0.0
20.279999999999998  0.0
20.4  0.0
20.52  0.0
20.64  0.0
20.759999999999998  0.0
20.88  0.0
21.0  0.0
21.119999999999997  0.0
21.24  0.0
21.36  0.0
21.48  0.0
21.599999999999998  0.0
21.72  0.0
21.84  0.0
21.96  0.0
22.08  0.0
22.2  0.0
22.32  0.0
22.439999999999998  0.0
22.56  0.0
22.68  0.0
22.8  0.0
22.919999999999998  0.0
23.04  0.0
23.16  0.0
23.279999999999998  0.0
23.4  0.0
23.52  0.0
23.64  0.0
23.759999999999998  0.0
23.88  0.0
24.0  0.0
24.119999999999997  0.0
24.24  0.0
24.36  0.0
24.48  0.0
24.599999999999998  0.0
24.72  0.0
24.84  0.0
24.96  0.0
25.08  0.0
25.2  0.0
25.32  0.0
25.439999999999998  0.0
25.56  0.0
25.68  0.0
25.8  0.0
25.919999999999998  0.0
26.04  0.0
26.16  0.0
26.279999999999998  0.0
26.4  0.0
26.52  0.0
26.64  0.0
26.759999999999998  0.0
26.88  0.0
27.0  0.0
27.119999999999997  0.0
27.24  0.0
27.36  0.0
27.48  0.0
27.599999999999998  0.0
27.72  0.0
27.84  0.0
27.959999999999997  0.0
28.08  0.0
28.2  0.0
28.32  0.0
28.439999999999998  0.0
28.56  0.0
28.68  0.0
28.799999999999997  0.0
28.919999999999998  0.0
29.04  0.0
29.16  0.0
29.279999999999998  0.0
29.4  0.0
29.52  0.0
29.64  0.0
29.759999999999998  0.0
29.88  0.0
30.0  0.0
30.119999999999997  0.0
30.24  0.0
30.36  0.0
30.48  0.0
30.599999999999998  0.0
30.72  0.0
30.84  0.0
30.959999999999997  0.0
31.08  0.0
31.2  0.0
31.32  0.0
31.439999999999998  0.0
31.56  0.0
31.68  0.0010736468311881991
31.799999999999997  0.02227759177838718
31.919999999999998  0.04347460604216098
32.04  0.06465809511279093
32.16  0.0858214686883248
32.28  0.10695814272485446
32.4  0.1280615414848414
32.519999999999996  0.14912509958287806
32.64  0.1701422640282088
32.76  0.19110649626339948
32.879999999999995  0.21201127419852595
33.0  0.2328500942402294
33.12  0.2536164733150174
33.24  0.27430395088619186
33.36  0.2949060909637497
33.48  0.3154164841066625
33.6  0.3358287494168875
33.72  0.3561365365244935
33.839999999999996  0.37633352756330885
33.96  0.39641343913643745
34.08  0.41637002427105707
34.199999999999996  0.4361970743618935
34.32  0.45588842110274896
34.44  0.4754379384054943
34.56  0.4948395443059359
34.68  0.5140872028559419
34.8  0.5331749260012622
34.92  0.5520967754444487
35.04  0.5708468644922864
35.16  0.5894193598871827
35.28  0.6078084836219243
35.4  0.6260085147372438
35.519999999999996  0.6440137911016487
35.64  0.661818711172939
35.76  0.6794177357408754
35.879999999999995  0.6968053896504642
36.0  0.7139762635053071
36.12  0.7309250153504878
36.24  0.7476463723344965
36.36  0.7641351323496319
36.48  0.7803861656504139
36.6  0.7963944164494726
36.72  0.8121549044904305
36.839999999999996  0.8276627265972926
36.96  0.8429130581998491
37.08  0.8579011548346244
37.199999999999996  0.8726223536209116
37.32  0.887072074711415
37.44  0.9012458227170687
37.559999999999995  0.915139188105579
37.68  0.928747848573253
37.8  0.9420675703896888
37.92  0.9550942097149183
38.04  0.9678237138885734
38.16  0.9802521226906955
38.28  0.9923755695737813
38.4  1.0041902828656828
38.519999999999996  1.0156925869430027
38.64  1.026878903374598
38.76  1.0377457520348476
38.879999999999995  1.0482897521863432
39.0  1.0585076235316537
39.12  1.0683961872338423
39.24  1.077952366905424
39.36  1.0871731895654437
39.48  1.0960557865643896
39.6  1.1045973944766458
39.72  1.112795355960206
39.839999999999996  1.1206471205833928
39.96  1.1281502456183088
40.08  1.1353023968007812
40.199999999999996  1.1421013490565672
40.32  1.1485449871935867
40.44  1.1546313065599672
40.559999999999995  1.1603584136677065
40.68  1.165724526781746
40.8  1.1707279764742762
40.92  1.1753672061441083
41.04  1.1796407725009388
41.16  1.1835473460143675
41.28  1.187085711327521
41.4  1.1902547676351554
41.519999999999996  1.193053529026126
41.64  1.195481124790107
41.76  1.1975367996884758
41.879999999999995  1.199219914189272
42.0  1.2005299446661593
42.12  1.201466483561327
42.239999999999995  1.202029239512286
42.36  1.2022180374425118
42.48  1.2020328186159122
42.6  1.2014736406551
42.72  1.2005406775234677
42.839999999999996  1.1992342194710641
42.96  1.1975546729442976
43.08  1.1955025604594889
43.199999999999996  1.1930785204403114
43.32  1.1902833070191754
43.44  1.1871177898026135
43.559999999999995  1.1835829536007398
43.68  1.1796798981208712
43.8  1.1754098376254019
43.92  1.1707741005540386
44.04  1.1657741291105181
44.16  1.1604114788139266
44.28  1.1546878180147704
44.4  1.1486049273759438
44.519999999999996  1.1421646993187529
44.64  1.1353691374341734
44.76  1.1282203558595236
44.879999999999995  1.1207205786207421
45.0  1.112872138940483
45.12  1.1046774785122362
45.239999999999995  1.0961391467407027
45.36  1.087259799948661
45.48  1.0780422005505714
45.6  1.0684892161931696
45.72  1.0586038188633315
45.839999999999996  1.0483890839634666
45.96  1.0378481893547435
46.08  1.0269844143684441
46.199999999999996  1.015801138785739
46.32  1.0043018417862226
46.44  0.992490100865521
46.559999999999995  0.9803695907223108
46.68  0.9679440821151006
46.8  0.9552174406891294
46.92  0.9421936257737377
47.04  0.9288766891506052
47.16  0.915270773793211
47.28  0.9013801125779353
47.4  0.88720902696719
47.519999999999996  0.872761925664983
47.64  0.8580433032453476
47.76  0.8430577387540583
47.879999999999995  0.8278098942840589
48.0  0.8123045135250611
48.12  0.7965464202877612
48.239999999999995  0.780540517003117
48.36  0.7642917831971787
48.48  0.7478052739419326
48.6  0.7310861182826343
48.72  0.7141395176421403
48.839999999999996  0.6969707442027109
48.96  0.6795851392658068
49.08  0.6619881115903827
49.199999999999996  0.6441851357101883
49.32  0.6261817502306102
49.44  0.6079835561055883
49.559999999999995  0.5895962148951163
49.68  0.5710254470039051
49.8  0.5522770299017352
49.92  0.5333567963260464
50.04  0.5142706324673485
50.16  0.49502447613798767
50.28  0.4756243149248626
50.4  0.4560761843266559
50.519999999999996  0.436386165876151
50.64  0.41656038524823424
50.76  0.3966050103541713
50.879999999999995  0.37652624942272284
51.0  0.3563303490687371
51.12  0.33602359234979495
51.239999999999995  0.3156122968115095
51.36  0.29510281252210524
51.48  0.27450152009687967
51.6  0.2538148287131509
51.72  0.23304917411633347
51.839999999999996  0.21221101661773953
51.96  0.1913068390847365
52.08  0.1703431449238978
52.199999999999996  0.14932645605774977
52.32  0.12826331089576787
52.44  0.10716026230024438
52.559999999999995  0.08602387554764966
52.68  0.0648607262861413
52.8  0.043677398489846364
52.919999999999995  0.022480482410543706
53.04  0.0012765725274020145
53.16  0.0
53.28  0.0
53.4  0.0
53.519999999999996  0.0
53.64  0.0
53.76  0.0
53.879999999999995  0.0
54.0  0.0
54.12  0.0
54.239999999999995  0.0
54.36  0.0
54.48  0.0
54.6  0.0
54.72  0.0
54.839999999999996  0.0
54.96  0.0
55.08  0.0
55.199999999999996  0.0
55.32  0.0
55.44  0.0
55.559999999999995  0.0
55.68  0.0
55.8  0.0
55.919999999999995  0.0
56.04  0.0
56.16  0.0
56.28  0.0
56.4  0.0
56.519999999999996  0.0
56.64  0.0
56.76  0.0
56.879999999999995  0.0
57.0  0.0
57.12  0.0
57.239999999999995  0.0
57.36  0.0
57.48  0.0
57.599999999999994  0.0
57.72  0.0
57.839999999999996  0.0
57.96  0.0
58.08  0.0
58.199999999999996  0.0
58.32  0.0
58.44  0.0
58.559999999999995  0.0
58.68  0.0
58.8  0.0
58.919999999999995  0.0
59.04  0.0
59.16  0.0
59.28  0.0
59.4  0.0
59.519999999999996  0.0
59.64  0.0
59.76  0.0
59.879999999999995  0.0
60.0  0.0
60.12  0.0
60.239999999999995  0.0
60.36  0.0
60.48  0.0
60.599999999999994  0.0
60.72  0.0
60.839999999999996  0.0
60.96  0.0
61.08  0.0
61.199999999999996  0.0
61.32  0.0
61.44  0.0
61.559999999999995  0.0
61.68  0.0
61.8  0.0
61.919999999999995  0.0
62.04  0.0
62.16  0.0
62.28  0.0
62.4  0.0
62.519999999999996  0.0
62.64  0.0
62.76  0.0
62.879999999999995  0.0
63.0  0.0
63.12  0.0
63.239999999999995  0.0
63.36  0.0
63.48  0.0
63.599999999999994  0.0
63.72  0.0
63.839999999999996  0.0
63.96  0.0
64.08  0.0
64.2  0.0
64.32  0.0
64.44  0.0
64.56  0.0
64.67999999999999  0.0
64.8  0.0
64.92  0.0
65.03999999999999  0.0
65.16  0.0
65.28  0.0
65.39999999999999  0.0
65.52  0.0
65.64  0.0
65.75999999999999  0.0
65.88  0.0
66.0  0.0
66.12  0.0
66.24  0.0
66.36  0.0
66.48  0.0
66.6  0.0
66.72  0.0
66.84  0.0
66.96  0.0
67.08  0.0
67.2  0.0
67.32  0.0
67.44  0.0
67.56  0.0
67.67999999999999  0.0
67.8  0.0
67.92  0.0
68.03999999999999  0.0
68.16  0.0
68.28  0.0
68.39999999999999  0.0
68.52  0.0
68.64  0.0
68.75999999999999  0.0
68.88  0.0
69.0  0.0
69.12  0.0
69.24  0.0
69.36  0.0
69.48  0.0
69.6  0.0
69.72  0.0
69.84  0.0
69.96  0.0
70.08  0.0
70.2  0.0
70.32  0.0
70.44  0.0
70.56  0.0
70.67999999999999  0.0
70.8  0.0
70.92  0.0
71.03999999999999  0.0
71.16  0.0
71.28  0.0
71.39999999999999  0.0
71.52  0.0
71.64  0.0
71.75999999999999  0.0
71.88  0.0
72.0  0.0
72.11999999999999  0.0
72.24  0.0
72.36  0.0
72.48  0.0
72.6  0.0
72.72  0.0
72.84  0.0
72.96  0.0
73.08  0.0
73.2  0.0
73.32  0.0
73.44  0.0
73.56  0.0
73.67999999999999  0.0
73.8  0.0
73.92  0.0
74.03999999999999  0.0
74.16  0.0
74.28  0.0
74.39999999999999  0.0
74.52  0.01757780107407314
74.64  0.038776920603288106
74.75999999999999  0.05996397641557557
74.88  0.08113237709935747
75.0  0.10227553704675571
75.11999999999999  0.12338687850243493
75.24  0.14445983360996845
75.36  0.1654878464551394
75.48  0.18646437510551578
75.6  0.20738289364568468
75.72  0.22823689420751547
75.84  0.24901988899476687
75.96  0.26972541230149966
76.08  0.2903470225235836
76.2  0.3108783041627202
76.32  0.3313128698223307
76.44  0.3516443621947328
76.56  0.37186645603890794
76.67999999999999  0.391972860148332
76.8  0.41195731930821655
76.92  0.43181361624151504
77.03999999999999  0.4515355735431746
77.16  0.4711170556019512
77.28  0.49055197050923693
77.39999999999999  0.5098342719542766
77.52  0.5289579611052302
77.64  0.5479170884754168
77.75999999999999  0.5667057557742533
77.88  0.5853181177422367
78.0  0.6037483839694403
78.11999999999999  0.6219908206969356
78.24  0.6400397526006079
78.36  0.6578895645567754
78.48  0.6755347033890806
78.6  0.6929696795961251
78.72  0.7101890690592774
78.84  0.7271875147301492
78.96  0.7439597282971957
79.08  0.7605004918309569
79.2  0.7768046594073625
79.32  0.7928671587086685
79.44  0.8086829926014929
79.56  0.8242472406914308
79.67999999999999  0.8395550608538345
79.8  0.8546016907402172
79.92  0.8693824492598501
80.03999999999999  0.8838927380360673
80.16  0.8981280428368638
80.28  0.9120839349792791
80.39999999999999  0.9257560727071933
80.52  0.9391402025420814
80.64  0.9522321606062746
80.75999999999999  0.9650278739183824
80.88  0.9775233616604124
81.0  0.9897147364162276
81.11999999999999  1.0015982053809378
81.24  1.0131700715408747
81.36  1.0244267348237381
81.48  1.0353646932186116
81.6  1.0459805438654475
81.72  1.0562709841137246
81.84  1.0662328125499159
81.96  1.0758629299934646
82.08  1.0851583404609655
82.2  1.0941161520982194
82.32  1.102733578079916
82.44  1.1110079374766246
82.56  1.11893665608885
82.67999999999999  1.1265172672478756
82.8  1.1337474125831655
82.92  1.1406248427560581
83.03999999999999  1.147147418159552
83.16  1.1533131095839533
83.28  1.1591199988481664
83.39999999999999  1.1645662793964575
83.52  1.1696502568604805
83.64  1.1743703495864064
83.75999999999999  1.1787250891269818
83.88  1.1827131206983765
84.0  1.1863332036016583
84.11999999999999  1.1895842116087836
84.24  1.1924651333129763
84.36  1.1949750724433774
84.47999999999999  1.1971132481438824
84.6  1.1988789952160697
84.72  1.2002717643261476
84.84  1.2012911221758538
84.96  1.2019367516372599
85.08  1.2022084518514278
85.2  1.2021061382909013
85.32  1.2016298427860013
85.44  1.200779713514924
85.56  1.1995560149576414
85.67999999999999  1.1979591278136206
85.8  1.1959895488833843
85.92  1.1936478909139565
86.03999999999999  1.190934882408231
86.16  1.187851367398331
86.28  1.184398305183025
86.39999999999999  1.1805767700292866
86.52  1.1763879508380781
86.64  1.1718331507744844
86.75999999999999  1.1669137868622856
86.88  1.161631389543113
87.0  1.1559876022003244
87.11999999999999  1.149984180647734
87.24  1.1436229925833703
87.36  1.1369060170084253
87.47999999999999  1.1298353436115778
87.6  1.1224131721188735
87.72  1.1146418116093855
87.84  1.1065236797968432
87.96  1.0980613022774668
88.08  1.0892573117442426
88.2  1.0801144471678745
88.32  1.0706355529446823
88.44  1.0608235780116808
88.56  1.0506815749291645
88.67999999999999  1.0402126989310267
88.8  1.0294202069431544
88.92  1.0183074565701815
89.03999999999999  1.0068779050509142
89.16  0.9951351081827686
89.28  0.9830827192155401
89.39999999999999  0.9707244877148632
89.52  0.958064258395686
89.64  0.9451059699261768
89.75999999999999  0.9318536537023676
89.88  0.9183114325939711
90.0  0.9044835196617297
90.11999999999999  0.890374216846716
90.24  0.8759879136319597
90.36  0.8613290856768727
90.47999999999999  0.8464022934248384
90.6  0.8312121806844229
90.72  0.8157634731846801
90.84  0.8000609771049322
90.96  0.7841095775795561
91.08  0.7679142371781725
91.2  0.7514799943617825
91.32  0.7348119619152647
91.44  0.7179153253567501
91.56  0.7007953413243992
91.67999999999999  0.6834573359410144
91.8  0.665906703157062
91.92  0.6481489030725796
92.03999999999999  0.6301894602385187
92.16  0.6120339619380054
92.28  0.5936880564481307
92.39999999999999  0.5751574512827204
92.52  0.5564479114167024
92.64  0.5375652574925965
92.75999999999999  0.5185153640096689
92.88  0.49930415749635004
93.0  0.47993761466645424
93.11999999999999  0.460421760559801
93.24  0.4407626666677695
93.36  0.420966449044451
93.47999999999999  0.4010392664038894
93.6  0.38098731820407933
93.72  0.3608168427182772
93.84  0.34053411509424514
93.96  0.32014544540201556
94.08  0.2996571766707786
94.2  0.279075682915557
94.32  0.25840736715419166
94.44  0.23765865941533748
94.56  0.21683601473804098
94.67999999999999  0.19594591116355253
94.8  0.1749948477199479
94.92  0.15398934240027168
95.03999999999999  0.13293593013474092
95.16  0.1118411607576787
95.28  0.09071159696985165
95.39999999999999  0.06955381229675388
95.52  0.04837438904355672
95.64  0.02717991624731285
95.75999999999999  0.005976987627080418
95.88  0.0
96.0  0.0
96.11999999999999  0.0
96.24  0.0
96.36  0.0
96.47999999999999  0.0
96.6  0.0
96.72  0.0
96.84  0.0
96.96  0.0
97.08  0.0
97.2  0.0
97.32  0.0
97.44  0.0
97.56  0.0
97.67999999999999  0.0
97.8  0.0
97.92  0.0
98.03999999999999  0.0
98.16  0.0
98.28  0.0
98.39999999999999  0.0
98.52  0.0
98.64  0.0
98.75999999999999  0.0
98.88  0.0
99.0  0.0
99.11999999999999  0.0
99.24  0.0
99.36  0.0
99.47999999999999  0.0
99.6  0.0
99.72  0.0
99.84  0.0
99.96  0.0
100.08  0.0
100.2  0.0
100.32  0.0
100.44  0.0
100.56  0.0
100.67999999999999  0.0
100.8  0.0
100.92  0.0
101.03999999999999  0.0
101.16  0.0
101.28  0.0
101.39999999999999  0.0
101.52  0.0
101.64  0.0
101.75999999999999  0.0
101.88  0.0
102.0  0.0
102.11999999999999  0.0
102.24  0.0
102.36  0.0
102.47999999999999  0.0
102.6  0.0
102.72  0.0
102.83999999999999  0.0
102.96  0.0
103.08  0.0
103.2  0.0
103.32  0.0
103.44  0.0
103.56  0.0
103.67999999999999  0.0
103.8  0.0
103.92  0.0
104.03999999999999  0.0
104.16  0.0
104.28  0.0
104.39999999999999  0.0
104.52  0.0
104.64  0.0
104.75999999999999  0.0
104.88  0.0
105.0  0.0
105.11999999999999  0.0
105.24  0.0
105.36  0.0
105.47999999999999  0.0
105.6  0.0
105.72  0.0
105.83999999999999  0.0
105.96  0.0
106.08  0.0
106.2  0.0
106.32  0.0
106.44  0.0
106.56  0.0
106.67999999999999  0.0
106.8  0.0
106.92  0.0
107.03999999999999  0.0
107.16  0.0
107.28  0.0
107.39999999999999  0.0
107.52  0.0
107.64  0.0
107.75999999999999  0.0
107.88  0.0
108.0  0.0
108.11999999999999  0.0
108.24  0.0
108.36  0.0
108.47999999999999  0.0
108.6  0.0
108.72  0.0
108.83999999999999  0.0
108.96  0.0
109.08  0.0
109.2  0.0
109.32  0.0
109.44  0.0
109.56  0.0
109.67999999999999  0.0
109.8  0.0
109.92  0.0
110.03999999999999  0.0
110.16  0.0
110.28  0.0
110.39999999999999  0.0
110.52  0.0
110.64  0.0
110.75999999999999  0.0
110.88  0.0
111.0  0.0
111.11999999999999  0.0
111.24  0.0
111.36  0.0
111.47999999999999  0.0
111.6  0.0
111.72  0.0
111.83999999999999  0.0
111.96  0.0
112.08  0.0
112.2  0.0
112.32  0.0
112.44  0.0
112.56  0.0
112.67999999999999  0.0
112.8  0.0
112.92  0.0
113.03999999999999  0.0
113.16  0.0
113.28  0.0
113.39999999999999  0.0
113.52  0.0
113.64  0.0
113.75999999999999  0.0
113.88  0.0
114.0  0.0
114.11999999999999  0.0
114.24  0.0
114.36  0.0
114.47999999999999  0.0
114.6  0.0
114.72  0.0
114.83999999999999  0.0
114.96  0.0
115.08  0.0
115.19999999999999  0.0
115.32  0.0
115.44  0.0
115.56  0.0
115.67999999999999  0.0
115.8  0.0
115.92  0.0
116.03999999999999  0.0
116.16  0.0
116.28  0.0
116.39999999999999  0.0
116.52  0.0
116.64  0.0
116.75999999999999  0.0
116.88  0.0
117.0  0.0
117.11999999999999  0.0
117.24  0.012877741665566607
117.36  0.03407864239851181
117.47999999999999  0.05526894107516184
117.6  0.0764420452750654
117.72  0.09759136792705632
117.83999999999999  0.118710329358541
117.96  0.13979235934248424
118.08  0.16083089914141782
118.19999999999999  0.1818194035479136
118.32  0.20275134292084646
118.44  0.2236202052167771
118.56  0.24441949801589766
118.67999999999999  0.2651427505418726
118.8  0.28578351567490384
118.92  0.30633537195749955
119.03999999999999  0.32679192559219195
119.16  0.3471468124307166
119.28  0.36739369995390597
119.39999999999999  0.3875262892417834
119.52  0.4075383169332052
119.64  0.42742355717440234
119.75999999999999  0.4471758235558908
119.88  0.4667889710371106
120.0  0.4862568978581574
