0.0  14.602304607152693  100.0
0.12  14.549084954769786
0.24  14.491339000667818
0.36  14.42908470993615
0.48  14.362341450232892
0.6  14.291129985759502
0.72  14.215472470800949
0.84  14.135392442833375
0.96  14.050914815201457
1.08  13.962065869367734
1.2  13.868873246736285
1.3199999999999998  13.77136594005335
1.44  13.669574284387503
1.56  13.563529947692258
1.68  13.45326592095399
1.7999999999999998  13.338816507928247
1.92  13.22021731446767
2.04  13.097505237444802
2.16  12.97071845327328
2.28  12.839896406030915
2.4  12.705079795188444
2.52  12.566310562947685
2.6399999999999997  12.423631881193081
2.76  12.277088138060693
2.88  12.126724924128794
3.0  11.972589018234387
3.12  11.814728372920062
3.2399999999999998  11.653192099515666
3.36  11.488030452859512
3.48  11.319294815663811
3.5999999999999996  11.147037682529229
3.7199999999999998  10.971312643613514
3.84  10.792174367959301
3.96  10.609678586486273
4.08  10.423882074652951
4.2  10.234842634793543
4.32  10.0426190781353
4.4399999999999995  9.847271206502018
4.56  9.648859793709374
4.68  9.447446566657824
4.8  9.243094186129044
4.92  9.035866227291786
5.04  8.82582715992331
5.16  8.61304232835246
5.279999999999999  8.397577931130687
5.3999999999999995  8.179501000437309
5.52  7.958879381225412
5.64  7.735781710114921
5.76  7.510277394039363
5.88  7.282436588652967
6.0  7.052330176504867
6.12  6.82002974498713
6.24  6.585607564063518
6.359999999999999  6.349136563785912
6.4799999999999995  6.110690311605344
6.6  5.870342989484778
6.72  5.628169370820654
6.84  5.384244797180493
6.96  5.138645154863711
7.08  4.891446851292944
7.199999999999999  4.642726791243296
7.319999999999999  4.3925623529168245
7.4399999999999995  4.141031363869752
7.56  3.8882120767998627
7.68  3.634183145201675
7.8  3.379023598896883
7.92  3.12281281944774
8.04  2.865630515461015
8.16  2.607556697790184
8.28  2.3486716546436366
8.4  2.0890559266065236
8.52  1.8287902815841752
8.64  1.5679556896747129
8.76  1.3066332979788289
8.879999999999999  1.0449044053544552
9.0  0.7828504371242269
9.12  0.5205529197436403
9.24  0.2580934554376717
9.36  0.0
9.48  0.0
9.6  0.0
9.719999999999999  0.0
9.84  0.0
9.959999999999999  0.0
10.08  0.0
10.2  0.0
10.32  0.0
10.44  0.0
10.559999999999999  0.0
10.68  0.0
10.799999999999999  0.0
10.92  0.0
11.04  0.0
11.16  0.0
11.28  0.0
11.4  0.0
11.52  0.0
11.639999999999999  0.0
11.76  0.0
11.879999999999999  0.0
12.0  0.0
12.12  0.0
12.24  0.0
12.36  0.0
12.48  0.0
12.6  0.0
12.719999999999999  0.0
12.84  0.0
12.959999999999999  0.0
13.08  0.0
13.2  0.0
13.32  0.0
13.44  0.0
13.559999999999999  0.0
13.68  0.0
13.799999999999999  0.0
13.92  0.0
14.04  0.0
14.16  0.0
14.28  0.0
14.399999999999999  0.0
14.52  0.0
14.639999999999999  0.0
14.76  0.0
14.879999999999999  0.0
15.0  0.0
15.12  0.0
15.24  0.0
15.36  0.0
15.479999999999999  0.0
15.6  0.0
15.719999999999999  0.0
15.84  0.0
15.959999999999999  0.0
16.08  0.0
16.2  0.0
16.32  0.0
16.439999999999998  0.0
16.56  0.0
16.68  0.0
16.8  0.0
16.919999999999998  0.0
17.04  0.0
17.16  0.0
17.28  0.0
17.4  0.0
17.52  0.0
17.64  0.0
17.759999999999998  0.0
17.88  0.0
18.0  0.0
18.12  0.0
18.24  0.0
18.36  0.0
18.48  0.0
18.599999999999998  0.0
18.72  0.0
18.84  0.0
18.96  0.0
19.08  0.0
19.2  0.0
19.32  0.0
19.439999999999998  0.0
19.56  0.0
19.68  0.0
19.8  0.0
19.919999999999998  0.0
20.04  0.0
20.16  0.0
20.279999999999998  0.0
20.4  0.0
20.52  0.0
20.64  0.0
20.759999999999998  0.0
20.88  0.0
21.0  0.0
21.119999999999997  0.0
21.24  0.0
21.36  0.0
21.48  0.0
21.599999999999998  0.0
21.72  0.0
21.84  0.0
21.96  0.0
22.08  0.0
22.2  0.0
22.32  0.0
22.439999999999998  0.0
22.56  0.0
22.68  0.0
22.8  0.0
22.919999999999998  0.0
23.04  0.0
23.16  0.0
23.279999999999998  0.0
23.4  0.0
23.52  0.0
23.64  0.0
23.759999999999998  0.0
23.88  0.0
24.0  0.0
24.119999999999997  0.0
24.24  0.0
24.36  0.0
24.48  0.0
24.599999999999998  0.0
24.72  0.0
24.84  0.0
24.96  0.0
25.08  0.0
25.2  0.0
25.32  0.0
25.439999999999998  0.0
25.56  0.0
25.68  0.0
25.8  0.0
25.919999999999998  0.0
26.04  0.0
26.16  0.0
26.279999999999998  0.0
26.4  0.0
26.52  0.0
26.64  0.0
26.759999999999998  0.0
26.88  0.0
27.0  0.0
27.119999999999997  0.0
27.24  0.0
27.36  0.0
27.48  0.0
27.599999999999998  0.0
27.72  0.0
27.84  0.0
27.959999999999997  0.0
28.08  0.0
28.2  0.0
28.32  0.0
28.439999999999998  0.0
28.56  0.0
28.68  0.0
28.799999999999997  0.0
28.919999999999998  0.0
29.04  0.0
29.16  0.0
29.279999999999998  0.0
29.4  0.0
29.52  0.0
29.64  0.0
29.759999999999998  0.0
29.88  0.0
30.0  0.0
30.119999999999997  0.0
30.24  0.0
30.36  0.0
30.48  0.0
30.599999999999998  0.0
30.72  0.0
30.84  0.2378895932438576
30.959999999999997  0.5003581379275315
31.08  0.7626710183954355
31.2  1.0247466276430142
31.32  1.2865034324821694
31.439999999999998  1.5478599989065847
31.56  1.8087350174263934
31.68  2.0690473283639754
31.799999999999997  2.3287159471031487
31.919999999999998  2.587660089284025
32.04  2.845799195935378
32.16  3.1030529585370736
32.28  3.359341344004479
32.4  3.61458461958711
32.519999999999996  3.868703377674091
32.64  4.12161856049822
32.76  4.37325148473125
32.879999999999995  4.623523865962795
33.0  4.872357843055008
33.12  5.119676002365578
33.24  5.365401401831636
33.36  5.609457594906761
33.48  5.8517686543440135
33.6  6.092259195817306
33.72  6.3308544013737995
33.839999999999996  6.567480042710335
33.96  6.8020625042661855
34.08  7.034528806125252
34.199999999999996  7.2648066267205875
34.32  7.49282432533401
34.44  7.718510964383896
34.56  7.941796331494334
34.68  8.162610961338519
34.8  8.380886157249822
34.92  8.596554012593762
35.04  8.809547431894035
35.16  9.019800151706399
35.28  9.227246761233545
35.4  9.431822722674742
35.519999999999996  9.633464391303969
35.64  9.832109035270117
35.76  10.027694855113179
35.879999999999995  10.220161002990476
36.0  10.409447601606741
36.12  10.595495762842214
36.24  10.778247606073178
36.36  10.95764627617885
36.48  11.133635961229386
36.6  11.306161909849262
36.72  11.475170448250713
36.839999999999996  11.640608996931997
36.96  11.802426087035133
37.08  11.960571376358153
37.199999999999996  12.114995665016874
37.32  12.265650910751216
37.44  12.412490243871435
37.559999999999995  12.555467981839568
37.68  12.694539643481502
37.8  12.829661962825298
37.92  12.960792902561531
38.04  13.08789166712127
38.16  13.210918715367855
38.28  13.329835772898361
38.4  13.444605843950932
38.519999999999996  13.555193222914424
38.64  13.661563505436618
38.76  13.763683599127551
38.879999999999995  13.861521733854813
39.0  13.955047471627374
39.12  14.044231716065003
39.24  14.12904672145036
39.36  14.20946610136079
39.48  14.285464836877331
39.6  14.357019284368228
39.72  14.424107182844558
39.839999999999996  14.486707660885822
39.96  14.5448012431331
40.08  14.598369856347974
40.199999999999996  14.647396835035199
40.32  14.691866926627444
40.44  14.731766296230443
40.559999999999995  14.767082530927107
40.68  14.797804643639262
40.8  14.823923076545777
40.92  14.845429704056064
41.04  14.862317835337993
41.16  14.87458221639945
41.28  14.882219031722878
41.4  14.885225905452304
41.519999999999996  14.883601902132495
41.64  14.877347526999968
41.76  14.866464725825814
41.879999999999995  14.850956884310357
42.0  14.830828827029844
42.12  14.8060868159355
42.239999999999995  14.776738548405381
42.36  14.742793154849695
42.48  14.704261195870275
42.6  14.66115465897511
42.72  14.613486954848979
42.839999999999996  14.561272913181286
42.96  14.504528778052489
43.08  14.443272202880465
43.199999999999996  14.377522244928427
43.32  14.307299359376099
43.44  14.23262539295603
43.559999999999995  14.153523577156898
43.68  14.070018520996106
43.8  13.982136203363773
43.92  13.889903964940524
44.04  13.79335049969171
44.16  13.692505845940497
44.28  13.5874013770228
44.4  13.478069791526872
44.519999999999996  13.364545103120587
44.64  13.246862629969568
44.76  13.125058983749554
44.879999999999995  12.999172058256267
45.0  12.869241017616453
45.12  12.735306284103714
45.239999999999995  12.597409525562895
45.36  12.455593642446985
45.48  12.309902754470569
45.6  12.160382186883892
45.72  12.007078456372001
45.839999999999996  11.850039256583043
45.96  11.689313443290567
46.08  11.524951019194225
46.199999999999996  11.357003118363611
46.32  11.185521990330193
46.44  11.010560983832203
46.559999999999995  10.832174530217515
46.68  10.650418126509757
46.8  10.465348318142912
46.92  10.27702268136964
47.04  10.085499805349103
47.16  9.890839273919415
47.28  9.693101647060852
47.4  9.49234844205532
47.519999999999996  9.288642114347935
47.64  9.082046038116788
47.76  8.872624486556953
47.879999999999995  8.660442611884637
48.0  8.445566425068007
48.12  8.228062775290873
48.239999999999995  8.007999329155401
48.36  7.785444549630743
48.48  7.560467674753832
48.6  7.333138696088971
48.72  7.103528336953159
48.839999999999996  6.871708030413584
48.96  6.637749897064432
49.08  6.401726722589806
49.199999999999996  6.163711935119623
49.32  5.923779582385726
49.44  5.682004308685316
49.559999999999995  5.438461331658543
49.68  5.193226418887958
49.8  4.9463758643268285
49.92  4.697986464563574
50.04  4.448135494930005
50.16  4.196900685460469
50.28  3.9443601967096193
50.4  3.690592595436279
50.519999999999996  3.435676830160805
50.64  3.1796922066037814
50.76  2.922718363013662
50.879999999999995  2.664835245390712
51.0  2.406123082615444
51.12  2.1466623614889966
51.239999999999995  1.8865338016931572
51.36  1.625818330678062
51.48  1.3645970584852498
51.6  1.102951252513782
51.72  0.840962312237592
51.839999999999996  0.5787117438816161
51.96  0.31628113506471056
52.08  0.05375212941737795
52.199999999999996  0.0
52.32  0.0
52.44  0.0
52.559999999999995  0.0
52.68  0.0
52.8  0.0
52.919999999999995  0.0
53.04  0.0
53.16  0.0
53.28  0.0
53.4  0.0
53.519999999999996  0.0
53.64  0.0
53.76  0.0
53.879999999999995  0.0
54.0  0.0
54.12  0.0
54.239999999999995  0.0
54.36  0.0
54.48  0.0
54.6  0.0
54.72  0.0
54.839999999999996  0.0
54.96  0.0
55.08  0.0
55.199999999999996  0.0
55.32  0.0
55.44  0.0
55.559999999999995  0.0
55.68  0.0
55.8  0.0
55.919999999999995  0.0
56.04  0.0
56.16  0.0
56.28  0.0
56.4  0.0
56.519999999999996  0.0
56.64  0.0
56.76  0.0
56.879999999999995  0.0
57.0  0.0
57.12  0.0
57.239999999999995  0.0
57.36  0.0
57.48  0.0
57.599999999999994  0.0
57.72  0.0
57.839999999999996  0.0
57.96  0.0
58.08  0.0
58.199999999999996  0.0
58.32  0.0
58.44  0.0
58.559999999999995  0.0
58.68  0.0
58.8  0.0
58.919999999999995  0.0
59.04  0.0
59.16  0.0
59.28  0.0
59.4  0.0
59.519999999999996  0.0
59.64  0.0
59.76  0.0
59.879999999999995  0.0
60.0  0.0
60.12  0.0
60.239999999999995  0.0
60.36  0.0
60.48  0.0
60.599999999999994  0.0
60.72  0.0
60.839999999999996  0.0
60.96  0.0
61.08  0.0
61.199999999999996  0.0
61.32  0.0
61.44  0.0
61.559999999999995  0.0
61.68  0.0
61.8  0.0
61.919999999999995  0.0
62.04  0.0
62.16  0.0
62.28  0.0
62.4  0.0
62.519999999999996  0.0
62.64  0.0
62.76  0.0
62.879999999999995  0.0
63.0  0.0
63.12  0.0
63.239999999999995  0.0
63.36  0.0
63.48  0.0
63.599999999999994  0.0
63.72  0.0
63.839999999999996  0.0
63.96  0.0
64.08  0.0
64.2  0.0
64.32  0.0
64.44  0.0
64.56  0.0
64.67999999999999  0.0
64.8  0.0
64.92  0.0
65.03999999999999  0.0
65.16  0.0
65.28  0.0
65.39999999999999  0.0
65.52  0.0
65.64  0.0
65.75999999999999  0.0
65.88  0.0
66.0  0.0
66.12  0.0
66.24  0.0
66.36  0.0
66.48  0.0
66.6  0.0
66.72  0.0
66.84  0.0
66.96  0.0
67.08  0.0
67.2  0.0
67.32  0.0
67.44  0.0
67.56  0.0
67.67999999999999  0.0
67.8  0.0
67.92  0.0
68.03999999999999  0.0
68.16  0.0
68.28  0.0
68.39999999999999  0.0
68.52  0.0
68.64  0.0
68.75999999999999  0.0
68.88  0.0
69.0  0.0
69.12  0.0
69.24  0.0
69.36  0.0
69.48  0.0
69.6  0.0
69.72  0.0
69.84  0.0
69.96  0.0
70.08  0.0
70.2  0.0
70.32  0.0
70.44  0.0
70.56  0.0
70.67999999999999  0.0
70.8  0.0
70.92  0.0
71.03999999999999  0.0
71.16  0.0
71.28  0.0
71.39999999999999  0.0
71.52  0.0
71.64  0.0
71.75999999999999  0.0
71.88  0.0
72.0  0.0
72.11999999999999  0.0
72.24  0.0
72.36  0.0
72.48  0.0
72.6  0.0
72.72  0.0
72.84  0.0
72.96  0.0
73.08  0.0
73.2  0.0
73.32  0.0
73.44  0.0
73.56  0.17969680645742248
73.67999999999999  0.44218880142320316
73.8  0.7045432289792473
73.92  0.9666784691954156
74.03999999999999  1.2285129703320823
74.16  1.4899652742112028
74.28  1.750954041558468
74.39999999999999  2.011398077308294
74.52  2.271216355864225
74.64  2.530328046306369
74.75999999999999  2.7886525375382427
74.88  3.046109463365626
75.0  3.3026187274985643
75.11999999999999  3.558100528470064
75.24  3.812475384462641
75.36  4.065664158035613
75.48  4.3175880807451215
75.6  4.568168777649463
75.72  4.817328291692149
75.84  5.064989107954453
75.96  5.311074177771008
76.08  5.555506942699963
76.2  5.7982113583407795
76.32  6.0391119179919555
76.44  6.2781336761418505
76.56  6.515202271784333
76.67999999999999  6.750243951553057
76.8  6.983185592666685
76.92  7.213954725677486
77.03999999999999  7.4424795570172515
77.16  7.668688991332548
77.28  7.892512653602939
77.39999999999999  8.113880911034922
77.52  8.332724894725331
77.64  8.548976521086534
77.75999999999999  8.762568513027848
77.88  8.973434420885717
78.0  9.181508643096612
78.11999999999999  9.386726446605966
78.24  9.589023987007112
78.36  9.788338328403569
78.48  9.984607462988697
78.6  10.177770330336786
78.72  10.367766836399229
78.84  10.554537872200138
78.96  10.738025332225396
79.08  10.918172132499812
79.2  11.094922228346011
79.32  11.268220631820377
79.44  11.438013428820208
79.56  11.604247795856459
79.67999999999999  11.76687201648762
79.8  11.925835497408912
79.92  12.081088784192174
80.03999999999999  12.232583576671328
80.16  12.380272743969016
80.28  12.524110339159064
80.39999999999999  12.664051613560934
80.52  12.800053030661363
80.64  12.932072279658644
80.75999999999999  13.060068288625887
80.88  13.184001237288676
81.0  13.3038325694134
81.11999999999999  13.419525004802239
81.24  13.531042550891394
81.36  13.6383505139484
81.48  13.74141550986567
81.6  13.840205474546398
81.72  13.934689673879936
81.84  14.024838713303321
81.96  14.110624546946056
82.08  14.192020486355432
82.2  14.269001208799335
82.32  14.341542765144377
82.44  14.409622587306572
82.56  14.473219495272403
82.67999999999999  14.532313703688015
82.8  14.58688682801461
82.92  14.636921890247912
83.03999999999999  14.682403324200143
83.16  14.723316980342792
83.28  14.759650130208545
83.39999999999999  14.791391470351225
83.52  14.818531125862355
83.64  14.84106065344328
83.75999999999999  14.858973044031929
83.88  14.872262724983399
84.0  14.88092556180359
84.11999999999999  14.88495885943551
84.24  14.884361363097701
84.36  14.879133258674623
84.47999999999999  14.8692761726588
84.6  14.85479317164484
84.72  14.835688761375373
84.84  14.811968885339311
84.96  14.783640922922782
85.08  14.750713687113358
85.2  14.713197421758302
85.32  14.67110379837764
85.44  14.624445912533082
85.56  14.573238279753921
85.67999999999999  14.517496831021193
85.8  14.457238907811398
85.92  14.392483256701556
86.03999999999999  14.323250023536978
86.16  14.249560747163798
86.28  14.17143835272812
86.39999999999999  14.088907144543903
86.52  14.001992798531667
86.64  13.910722354230689
86.75999999999999  13.815124206386788
86.88  13.71522809611851
87.0  13.611065101664622
87.11999999999999  13.50266762871539
87.24  13.39006940033104
87.36  13.273305446450301
87.47999999999999  13.152412092992455
87.6  13.027426950556007
87.72  12.898388902717983
87.84  12.76533809393693
87.96  12.628315917063752
88.08  12.4873650004642
88.2  12.342529194756906
88.32  12.193853559171309
88.44  12.04138434752929
88.56  11.885168993855569
88.67999999999999  11.72525609762055
88.8  11.561695408620812
88.92  11.394537811501715
89.03999999999999  11.223835309926809
89.16  11.04964101039927
89.28  10.87200910574013
89.39999999999999  10.69099485822868
89.52  10.506654582409865
89.64  10.319045627574777
89.75999999999999  10.128226359918756
89.88  9.93425614438344
90.0  9.737195326187955
90.11999999999999  9.537105212055295
90.24  9.334048051139211
90.36  9.128087015658439
90.47999999999999  8.919286181243333
90.6  8.707710507001456
90.72  8.493425815308715
90.84  8.276498771331386
90.96  8.056996862286441
91.08  7.8349883764456205
91.2  7.610542381890857
91.32  7.383728705026687
91.44  7.1546179088567206
91.56  6.923281271031389
91.67999999999999  6.689790761672831
91.8  6.4542190209846835
91.92  6.216639336653275
92.03999999999999  5.977125621047524
92.16  5.7357523882241335
92.28  5.492594730746186
92.39999999999999  5.247728296321153
92.52  5.001229264266579
92.64  4.753174321810336
92.75999999999999  4.503640640232651
92.88  4.252705850857788
93.0  4.000448020902464
93.11999999999999  3.7469456291888186
93.24  3.4922775417289396
93.36  3.236522987189561
93.47999999999999  2.979761532243302
93.6  2.7220730568151574
93.72  2.463537729231351
93.84  2.204235981278604
93.96  1.944248483181326
94.08  1.6836561185044783
94.2  1.4225399589905825
94.32  1.1609812393375534
94.44  0.8990613319262746
94.56  0.6368617215051313
94.67999999999999  0.3744639798397871
94.8  0.11194974033545657
94.92  0.0
95.03999999999999  0.0
95.16  0.0
95.28  0.0
95.39999999999999  0.0
95.52  0.0
95.64  0.0
95.75999999999999  0.0
95.88  0.0
96.0  0.0
96.11999999999999  0.0
96.24  0.0
96.36  0.0
96.47999999999999  0.0
96.6  0.0
96.72  0.0
96.84  0.0
96.96  0.0
97.08  0.0
97.2  0.0
97.32  0.0
97.44  0.0
97.56  0.0
97.67999999999999  0.0
97.8  0.0
97.92  0.0
98.03999999999999  0.0
98.16  0.0
98.28  0.0
98.39999999999999  0.0
98.52  0.0
98.64  0.0
98.75999999999999  0.0
98.88  0.0
99.0  0.0
99.11999999999999  0.0
99.24  0.0
99.36  0.0
99.47999999999999  0.0
99.6  0.0
99.72  0.0
99.84  0.0
99.96  0.0
100.08  0.0
100.2  0.0
100.32  0.0
100.44  0.0
100.56  0.0
100.67999999999999  0.0
100.8  0.0
100.92  0.0
101.03999999999999  0.0
101.16  0.0
101.28  0.0
101.39999999999999  0.0
101.52  0.0
101.64  0.0
101.75999999999999  0.0
101.88  0.0
102.0  0.0
102.11999999999999  0.0
102.24  0.0
102.36  0.0
102.47999999999999  0.0
102.6  0.0
102.72  0.0
102.83999999999999  0.0
102.96  0.0
103.08  0.0
103.2  0.0
103.32  0.0
103.44  0.0
103.56  0.0
103.67999999999999  0.0
103.8  0.0
103.92  0.0
104.03999999999999  0.0
104.16  0.0
104.28  0.0
104.39999999999999  0.0
104.52  0.0
104.64  0.0
104.75999999999999  0.0
104.88  0.0
105.0  0.0
105.11999999999999  0.0
105.24  0.0
105.36  0.0
105.47999999999999  0.0
105.6  0.0
105.72  0.0
105.83999999999999  0.0
105.96  0.0
106.08  0.0
106.2  0.0
106.32  0.0
106.44  0.0
106.56  0.0
106.67999999999999  0.0
106.8  0.0
106.92  0.0
107.03999999999999  0.0
107.16  0.0
107.28  0.0
107.39999999999999  0.0
107.52  0.0
107.64  0.0
107.75999999999999  0.0
107.88  0.0
108.0  0.0
108.11999999999999  0.0
108.24  0.0
108.36  0.0
108.47999999999999  0.0
108.6  0.0
108.72  0.0
108.83999999999999  0.0
108.96  0.0
109.08  0.0
109.2  0.0
109.32  0.0
109.44  0.0
109.56  0.0
109.67999999999999  0.0
109.8  0.0
109.92  0.0
110.03999999999999  0.0
110.16  0.0
110.28  0.0
110.39999999999999  0.0
110.52  0.0
110.64  0.0
110.75999999999999  0.0
110.88  0.0
111.0  0.0
111.11999999999999  0.0
111.24  0.0
111.36  0.0
111.47999999999999  0.0
111.6  0.0
111.72  0.0
111.83999999999999  0.0
111.96  0.0
112.08  0.0
112.2  0.0
112.32  0.0
112.44  0.0
112.56  0.0
112.67999999999999  0.0
112.8  0.0
112.92  0.0
113.03999999999999  0.0
113.16  0.0
113.28  0.0
113.39999999999999  0.0
113.52  0.0
113.64  0.0
113.75999999999999  0.0
113.88  0.0
114.0  0.0
114.11999999999999  0.0
114.24  0.0
114.36  0.0
114.47999999999999  0.0
114.6  0.0
114.72  0.0
114.83999999999999  0.0
114.96  0.0
115.08  0.0
115.19999999999999  0.0
115.32  0.0
115.44  0.0
115.56  0.0
115.67999999999999  0.0
115.8  0.0
115.92  0.0
116.03999999999999  0.0
116.16  0.0
116.28  0.12150127272414979
116.39999999999999  0.3840127053712288
116.52  0.6464046695174983
116.64  0.9085955335549494
116.75999999999999  1.1705037284391535
116.88  1.4320477730654768
117.0  1.69314629961847
117.11999999999999  1.9537180788860056
117.24  2.213682045529773
117.36  2.4729573233055797
117.47999999999999  2.7314632502239817
117.6  2.9891194036451014
117.72  3.2458456252981915
117.83999999999999  3.5015620462194823
117.96  3.7561891116000146
118.08  4.009647605535276
118.19999999999999  4.261858675669873
118.32  4.51274385772908
118.44  4.762225099929223
118.56  5.010224787260171
118.67999999999999  5.256665765631948
118.8  5.5014713658774586
118.92  5.744565427605089
119.03999999999999  5.985872322892234
119.16  6.225316979813963
119.28  6.462824905797971
119.39999999999999  6.698322210799784
119.52  6.9317356302905075
119.64  7.162992548049543
119.75999999999999  7.392021018756044
119.88  7.618749790371648
120.0  7.843108326307108
