0.0  354.6447163335506  100.0
0.12  353.34790469393545
0.24  351.94116454449215
0.36  350.4249335299506
0.48  348.79968335826135
0.6  347.06591965384484
0.72  345.22418180028836
0.84  343.2750427725411
0.96  341.21910895865835
1.08  339.05701997115085
1.2  336.7894484479976
1.3199999999999998  334.4170998433845
1.44  331.9407122082338
1.56  329.361055960592
1.68  326.67893364594875
1.7999999999999998  323.89517968756024
1.92  321.01066012685567
2.04  318.0262723540068
2.16  314.9429448287448
2.28  311.76163679151136
2.4  308.4833379650337
2.52  305.10906824641575
2.6399999999999997  301.6398773898432
2.76  298.0768446799988
2.88  294.42107859629056
3.0  290.673716467998
3.12  286.8359241204426
3.2399999999999998  282.9088955122927
3.36  278.89385236411675
3.48  274.7920437782989
3.5999999999999996  270.6047458504361
3.7199999999999998  266.3332612723381
3.84  261.9789189267526
3.96  257.54307347394206
4.08  253.02710493024148
4.2  248.43241823872785
4.32  243.7604428321342
4.4399999999999995  239.01263218814523
4.56  234.1904633772122
4.68  229.29543660302807
4.8  224.32907473580573
4.92  219.29292283850472
5.04  214.18854768615307
5.16  209.01753727841538
5.279999999999999  203.78150034555682
5.3999999999999995  198.4820658479584
5.52  193.12088246933797
5.64  187.69961810383592
5.76  182.21995933712364
5.88  176.6836109216975
6.0  171.0922952465206
6.12  165.44775180117813
6.24  159.75173663471224
6.359999999999999  154.00602180930565
6.4799999999999995  148.21239484898274
6.6  142.37265818350133
6.72  136.48862858760629
6.84  130.56213661582098
6.96  124.59502603295162
7.08  118.58915324048124
7.199999999999999  112.54638669903332
7.319999999999999  106.46860634708295
7.4399999999999995  100.35770301609776
7.56  94.215577842289
7.68  88.0441416751583
7.8  81.84531448302114
7.92  75.62102475569407
8.04  69.37320890453094
8.16  63.103810659993954
8.28  56.81478046694919
8.4  50.50807487787111
8.52  44.1856559441494
8.64  37.84949060568259
8.76  31.501550078952988
8.879999999999999  25.14380924376978
9.0  18.778246028872687
9.12  12.406840796587986
9.24  6.031575726725791
9.36  0.0
9.48  0.0
9.6  0.0
9.719999999999999  0.0
9.84  0.0
9.959999999999999  0.0
10.08  0.0
10.2  0.0
10.32  0.0
10.44  0.0
10.559999999999999  0.0
10.68  0.0
10.799999999999999  0.0
10.92  0.0
11.04  0.0
11.16  0.0
11.28  0.0
11.4  0.0
11.52  0.0
11.639999999999999  0.0
11.76  0.0
11.879999999999999  0.0
12.0  0.0
12.12  0.0
12.24  0.0
12.36  0.0
12.48  0.0
12.6  0.0
12.719999999999999  0.0
12.84  0.0
12.959999999999999  0.0
13.08  0.0
13.2  0.0
13.32  0.0
13.44  0.0
13.559999999999999  0.0
13.68  0.0
13.799999999999999  0.0
13.92  0.0
14.04  0.0
14.16  0.0
14.28  0.0
14.399999999999999  0.0
14.52  0.0
14.639999999999999  0.0
14.76  0.0
14.879999999999999  0.0
15.0  0.0
15.12  0.0
15.24  0.0
15.36  0.0
15.479999999999999  0.0
15.6  0.0
15.719999999999999  0.0
15.84  0.0
15.959999999999999  0.0
16.08  0.0
16.2  0.0
16.32  0.0
16.439999999999998  0.0
16.56  0.0
16.68  0.0
16.8  0.0
16.919999999999998  0.0
17.04  0.0
17.16  0.0
17.28  0.0
17.4  0.0
17.52  0.0
17.64  0.0
17.759999999999998  0.0
17.88  0.0
18.0  0.0
18.12  0.0
18.24  0.0
18.36  0.0
18.48  0.0
18.599999999999998  0.0
18.72  0.0
18.84  0.0
18.96  0.0
19.08  0.0
19.2  0.0
19.32  0.0
19.439999999999998  0.0
19.56  0.0
19.68  0.0
19.8  0.0
19.919999999999998  0.0
20.04  0.0
20.16  0.0
20.279999999999998  0.0
20.4  0.0
20.52  0.0
20.64  0.0
20.759999999999998  0.0
20.88  0.0
21.0  0.0
21.119999999999997  0.0
21.24  0.0
21.36  0.0
21.48  0.0
21.599999999999998  0.0
21.72  0.0
21.84  0.0
21.96  0.0
22.08  0.0
22.2  0.0
22.32  0.0
22.439999999999998  0.0
22.56  0.0
22.68  0.0
22.8  0.0
22.919999999999998  0.0
23.04  0.0
23.16  0.0
23.279999999999998  0.0
23.4  0.0
23.52  0.0
23.64  0.0
23.759999999999998  0.0
23.88  0.0
24.0  0.0
24.119999999999997  0.0
24.24  0.0
24.36  0.0
24.48  0.0
24.599999999999998  0.0
24.72  0.0
24.84  0.0
24.96  0.0
25.08  0.0
25.2  0.0
25.32  0.0
25.439999999999998  0.0
25.56  0.0
25.68  0.0
25.8  0.0
25.919999999999998  0.0
26.04  0.0
26.16  0.0
26.279999999999998  0.0
26.4  0.0
26.52  0.0
26.64  0.0
26.759999999999998  0.0
26.88  0.0
27.0  0.0
27.119999999999997  0.0
27.24  0.0
27.36  0.0
27.48  0.0
27.599999999999998  0.0
27.72  0.0
27.84  0.0
27.959999999999997  0.0
28.08  0.0
28.2  0.0
28.32  0.0
28.439999999999998  0.0
28.56  0.0
28.68  0.0
28.799999999999997  0.0
28.919999999999998  0.0
29.04  0.0
29.16  0.0
29.279999999999998  0.0
29.4  0.0
29.52  0.0
29.64  0.0
29.759999999999998  0.0
29.88  0.0
30.0  0.0
30.119999999999997  0.0
30.24  0.0
30.36  0.0
30.48  0.0
30.599999999999998  0.0
30.72  0.0
30.84  6.015886401539412
30.959999999999997  12.391158522775953
31.08  18.762575685278485
31.2  25.12815570552452
31.32  31.485918215960446
31.439999999999998  37.83388528110241
31.56  44.17008201288533
31.68  50.49253718506071
31.799999999999997  56.799283846455126
31.919999999999998  63.08835993290202
32.04  69.35780887764832
32.16  75.60568022005543
32.28  81.83003021239787
32.4  88.02892242457192
32.519999999999996  94.20042834653346
32.64  100.34262798826624
32.76  106.45361047710077
32.879999999999995  112.5314746521994
33.0  118.57432965601711
33.12  124.58029552255701
33.24  130.54750376224044
33.36  136.47409794320203
33.48  142.3582342688381
33.6  148.19808215142177
33.72  153.99182478160657
33.839999999999996  159.73765969364985
33.96  165.43379932616776
34.08  171.078471578255
34.199999999999996  176.66992036079722
34.32  182.20640614279904
34.44  187.68620649256127
34.56  193.10761661354087
34.68  198.46894987472078
34.8  203.7685383353311
34.92  209.00473326375567
35.04  214.17590565045975
35.16  219.28044671478574
35.28  224.31676840545333
35.4  229.28330389461013
35.519999999999996  234.1785080652822
35.64  239.00085799206784
35.76  243.74885341492748
35.879999999999995  248.42101720592427
36.0  253.01589582876662
36.12  257.5320597910096
36.24  261.9681040887812
36.36  266.3226486438841
36.48  270.59433873314754
36.6  274.7818454098884
36.72  278.88386591735366
36.839999999999996  282.89912409401643
36.96  286.8263707705962
37.08  290.6643841586819
37.199999999999996  294.41197023083856
37.32  298.06796309207436
37.44  301.6312253425578
37.559999999999995  305.1006484314697
37.68  308.4751530018787
37.8  311.75368922653513
37.92  314.9352371344794
38.04  318.01880692835886
38.16  321.00343929236084
38.28  323.8882056906608
38.4  326.672208656294
38.519999999999996  329.35458207036373
38.64  331.93449143149564
38.76  334.41113411545473
38.879999999999995  336.78373962484756
39.0  339.05156982882755
39.12  341.21391919273145
39.24  343.2701149975759
39.36  345.21951754934304
39.48  347.06152037799393
39.6  348.7955504261445
39.72  350.42106822734576
39.839999999999996  351.93756807391674
39.96  353.3445781742717
40.08  354.6416607996972
40.199999999999996  355.8284124205325
40.32  356.9044638317096
40.44  357.86948026761473
40.559999999999995  358.7231615062363
40.68  359.46524196256547
40.8  360.0954907712208
40.92  360.6137118582724
41.04  361.01974400224094
41.16  361.3134608842551
41.28  361.49477112734974
41.4  361.563618324894
41.519999999999996  361.51998105813954
41.64  361.36387290288417
41.76  361.0953424252484
41.879999999999995  360.7144731665659
42.0  360.22138361739366
42.12  359.61622718064893
42.239999999999995  358.89919212388446
42.36  358.07050152071764
42.48  357.13041318143087
42.6  356.0792195727654
42.72  354.91724772693374
42.839999999999996  353.6448591398771
42.96  352.2624496588028
43.08  350.770449359034
43.199999999999996  349.1693224102102
43.32  347.45956693188214
43.44  345.6417148385439
43.559999999999995  343.71633167415104
43.68  341.6840164361766
43.8  339.5454013892605
43.92  337.3011518685073
44.04  334.9519660724977
44.16  332.49857484607446
44.28  329.9417414529727
44.4  327.28226133836426
44.519999999999996  324.5209618813906
44.64  321.65870213775946
44.76  318.69637257248934
44.879999999999995  315.6348947828795
45.0  312.4752212117965
45.12  309.21833485136426
45.239999999999995  305.86524893714886
45.36  302.4170066329357
45.48  298.8746807061958
45.6  295.23937319434077
45.72  291.51221506187477
45.839999999999996  287.69436584854253
45.96  283.7870133085919
46.08  279.7913730412566
46.199999999999996  275.70868811257577
46.32  271.5402286686698
46.44  267.28729154059073
46.559999999999995  262.9511998408708
46.68  258.53330255189405
46.8  254.0349741062219
46.92  249.4576139589974
47.04  244.8026461525697
47.16  240.07151887346348
47.28  235.26570400184158
47.4  230.38669665359544
47.519999999999996  225.43601471520475
47.64  220.41519837151506
47.76  215.32580962657863
47.879999999999995  210.1694318177044
48.0  204.94766912287383
48.12  199.66214606167347
48.239999999999995  194.31450698989516
48.36  188.90641558796932
48.48  183.43955434338523
48.6  177.9156240272579
48.72  172.33634316521096
48.839999999999996  166.70344750273148
48.96  161.01868946517112
49.08  155.28383761255714
49.199999999999996  149.50067608938224
49.32  143.67100406954754
49.44  137.79663519663154
49.559999999999995  131.8793970196521
49.68  125.92113042450758
49.8  119.9236890612678
49.92  113.88893876749071
50.04  107.81875698775261
50.16  101.71503218956234
50.28  95.5796632758493
50.4  89.41455899420538
50.519999999999996  83.22163734306075
50.64  77.00282497498449
50.76  70.76005659729448
50.879999999999995  64.49527437015534
51.0  58.210427302363684
51.12  51.90747064500124
51.239999999999995  45.588365283143446
51.36  39.255077125818005
51.48  32.909576494400596
51.6  26.55383750963466
51.72  20.18983747747359
51.839999999999996  13.819556273928768
51.96  7.444975729118269
52.08  1.0680790107105338
52.199999999999996  0.0
52.32  0.0
52.44  0.0
52.559999999999995  0.0
52.68  0.0
52.8  0.0
52.919999999999995  0.0
53.04  0.0
53.16  0.0
53.28  0.0
53.4  0.0
53.519999999999996  0.0
53.64  0.0
53.76  0.0
53.879999999999995  0.0
54.0  0.0
54.12  0.0
54.239999999999995  0.0
54.36  0.0
54.48  0.0
54.6  0.0
54.72  0.0
54.839999999999996  0.0
54.96  0.0
55.08  0.0
55.199999999999996  0.0
55.32  0.0
55.44  0.0
55.559999999999995  0.0
55.68  0.0
55.8  0.0
55.919999999999995  0.0
56.04  0.0
56.16  0.0
56.28  0.0
56.4  0.0
56.519999999999996  0.0
56.64  0.0
56.76  0.0
56.879999999999995  0.0
57.0  0.0
57.12  0.0
57.239999999999995  0.0
57.36  0.0
57.48  0.0
57.599999999999994  0.0
57.72  0.0
57.839999999999996  0.0
57.96  0.0
58.08  0.0
58.199999999999996  0.0
58.32  0.0
58.44  0.0
58.559999999999995  0.0
58.68  0.0
58.8  0.0
58.919999999999995  0.0
59.04  0.0
59.16  0.0
59.28  0.0
59.4  0.0
59.519999999999996  0.0
59.64  0.0
59.76  0.0
59.879999999999995  0.0
60.0  0.0
60.12  0.0
60.239999999999995  0.0
60.36  0.0
60.48  0.0
60.599999999999994  0.0
60.72  0.0
60.839999999999996  0.0
60.96  0.0
61.08  0.0
61.199999999999996  0.0
61.32  0.0
61.44  0.0
61.559999999999995  0.0
61.68  0.0
61.8  0.0
61.919999999999995  0.0
62.04  0.0
62.16  0.0
62.28  0.0
62.4  0.0
62.519999999999996  0.0
62.64  0.0
62.76  0.0
62.879999999999995  0.0
63.0  0.0
63.12  0.0
63.239999999999995  0.0
63.36  0.0
63.48  0.0
63.599999999999994  0.0
63.72  0.0
63.839999999999996  0.0
63.96  0.0
64.08  0.0
64.2  0.0
64.32  0.0
64.44  0.0
64.56  0.0
64.67999999999999  0.0
64.8  0.0
64.92  0.0
65.03999999999999  0.0
65.16  0.0
65.28  0.0
65.39999999999999  0.0
65.52  0.0
65.64  0.0
65.75999999999999  0.0
65.88  0.0
66.0  0.0
66.12  0.0
66.24  0.0
66.36  0.0
66.48  0.0
66.6  0.0
66.72  0.0
66.84  0.0
66.96  0.0
67.08  0.0
67.2  0.0
67.32  0.0
67.44  0.0
67.56  0.0
67.67999999999999  0.0
67.8  0.0
67.92  0.0
68.03999999999999  0.0
68.16  0.0
68.28  0.0
68.39999999999999  0.0
68.52  0.0
68.64  0.0
68.75999999999999  0.0
68.88  0.0
69.0  0.0
69.12  0.0
69.24  0.0
69.36  0.0
69.48  0.0
69.6  0.0
69.72  0.0
69.84  0.0
69.96  0.0
70.08  0.0
70.2  0.0
70.32  0.0
70.44  0.0
70.56  0.0
70.67999999999999  0.0
70.8  0.0
70.92  0.0
71.03999999999999  0.0
71.16  0.0
71.28  0.0
71.39999999999999  0.0
71.52  0.0
71.64  0.0
71.75999999999999  0.0
71.88  0.0
72.0  0.0
72.11999999999999  0.0
72.24  0.0
72.36  0.0
72.48  0.0
72.6  0.0
72.72  0.0
72.84  0.0
72.96  0.0
73.08  0.0
73.2  0.0
73.32  0.0
73.44  0.0
73.56  4.602393294880628
73.67999999999999  10.978251403451608
73.8  17.350694116598376
73.92  23.717738931742588
74.03999999999999  30.077405025624778
74.16  36.42771387054624
74.28  42.76668984990147
74.39999999999999  49.09236087280085
74.52  55.402758987603136
74.64  61.69592099415417
74.75999999999999  67.96988905454698
74.88  74.22271130222305
75.0  80.45244244920006
75.11999999999999  86.65714439126884
75.24  92.83488681094522
75.36  98.98374777800392
75.48  105.10181434739982
75.6  111.18718315439668
75.72  117.23796100671865
75.84  123.25226547352517
75.96  129.22822547105233
76.08  135.16398184471456
76.2  141.05768794749912
76.32  146.9075102144655
76.44  152.711628733184
76.56  158.4682378099132
76.67999999999999  164.175546531365
76.8  169.8317793218709
76.92  175.43517649576626
77.03999999999999  180.9839948048447
77.16  186.4765079806894
77.28  191.91100727172602
77.39999999999999  197.28580197482214
77.52  202.59921996128037
77.64  207.84960819703952
77.75999999999999  213.0353332569486
77.88  218.1547818329318
78.0  223.2063612358987
78.11999999999999  228.18849989123677
78.24  233.09964782774006
78.36  237.93827715981237
78.48  242.70288256279952
78.6  247.3919817413073
78.72  252.00411589034974
78.84  256.53785014919265
78.96  260.99177404774434
79.08  265.364501945366
79.2  269.65467346194595
79.32  273.86095390112484
79.44  277.98203466552917
79.56  282.016633663878
79.67999999999999  285.9634957098532
79.8  289.821392912593
79.92  293.5891250586964
80.03999999999999  297.26551998561433
80.16  300.84943394632035
80.28  304.3397519651315
80.39999999999999  307.73538818458616
80.52  311.0352862032621
80.64  314.2384194044248
80.75999999999999  317.3437912754167
80.88  320.350435717677
81.0  323.2574173473004
81.11999999999999  326.06383178603886
81.24  328.7688059426623
81.36  331.3714982845777
81.48  333.8710990996382
81.6  336.26683074804646
81.72  338.5579479042851
81.84  340.7437377889901
81.96  342.82352039069997
82.08  344.79664867741366
82.2  346.6625087978826
82.32  348.42052027258563
82.44  350.07013617431846
82.56  351.61084329834586
82.67999999999999  353.04216232206227
82.8  354.36364795411293
82.92  355.57488907292503
83.03999999999999  356.67550885461026
83.16  357.66516489019796
83.28  358.5435492921589
83.39999999999999  359.3103887901919
83.52  359.96544481623937
83.64  360.5085135787072
83.75999999999999  360.93942612586517
83.88  361.25804839840947
84.0  361.4642812711686
84.11999999999999  361.55806058394217
84.24  361.5393571614613
84.36  361.40817682246546
84.47999999999999  361.16456037789186
84.6  360.80858361817934
84.72  360.34035728968905
84.84  359.7600270602513
84.96  359.0677734738469
85.08  358.26381189443896
85.2  357.34839243897244
85.32  356.321799899561
85.44  355.18435365488637
85.56  353.93640757083836
85.67999999999999  352.5783498904252
85.8  351.11060311298786
85.92  349.53362386276007
86.03999999999999  347.84790274680824
86.16  346.05396420240174
86.28  344.152366333857
86.39999999999999  342.14370073890944
86.52  340.02859232466153
86.64  337.80769911317356
86.75999999999999  335.48171203674804
86.88  333.0513547229755
87.0  330.51738326961265
87.11999999999999  327.8805860093539
87.24  325.14178326457744
87.36  322.3018270921381
87.47999999999999  319.3616010182892
87.6  316.3220197638091
87.72  313.1840289594306
87.84  309.9486048516475
87.96  306.6167539989989
88.08  303.18951295892396
88.2  299.6679479652822
88.32  296.0531545966445
88.44  292.346257435448
88.56  288.5484097181376
88.67999999999999  284.6607929763834
88.8  280.68461666950134
88.92  276.6211178081844
89.03999999999999  272.4715605696599
89.16  268.23723590439783
89.28  263.9194611344887
89.39999999999999  259.51957954381885
89.52  255.03895996016283
89.64  250.47899632933985
89.75999999999999  245.84110728154405
89.88  241.1267356900032
90.0  236.33734822209172
90.11999999999999  231.47443488304492
90.24  226.53950855240444
90.36  221.53410451335935
90.47999999999999  216.4597799751082
90.6  211.31811358839929
90.72  206.11070495441027
90.84  200.83917412709704
90.96  195.5051611091913
91.08  190.11032534198003
91.2  184.65634518905094
91.32  179.144917414141
91.44  173.5777566532605
91.56  167.9565948812673
91.67999999999999  162.2831808730337
91.8  156.55927965939557
91.92  150.78667197804015
92.03999999999999  144.9671537195116
92.16  139.10253536849308
92.28  133.19464144056286
92.39999999999999  127.24530991457087
92.52  121.25639166083565
92.64  115.22974986533004
92.75999999999999  109.16725945002986
92.88  103.07080648961775
93.0  96.94228762471352
93.11999999999999  90.78360947182165
93.24  84.59668803016555
93.36  78.38344808561808
93.47999999999999  72.14582261188315
93.6  65.88575216913975
93.72  59.60518430032174
93.84  53.306072925228094
93.96  46.990377732647005
94.08  40.6600635706812
94.2  34.317099835481116
94.32  27.96345985854748
94.44  21.60112029282034
94.56  15.232060497729748
94.67999999999999  8.858261923409302
94.8  2.4817074942488375
94.92  0.0
95.03999999999999  0.0
95.16  0.0
95.28  0.0
95.39999999999999  0.0
95.52  0.0
95.64  0.0
95.75999999999999  0.0
95.88  0.0
96.0  0.0
96.11999999999999  0.0
96.24  0.0
96.36  0.0
96.47999999999999  0.0
96.6  0.0
96.72  0.0
96.84  0.0
96.96  0.0
97.08  0.0
97.2  0.0
97.32  0.0
97.44  0.0
97.56  0.0
97.67999999999999  0.0
97.8  0.0
97.92  0.0
98.03999999999999  0.0
98.16  0.0
98.28  0.0
98.39999999999999  0.0
98.52  0.0
98.64  0.0
98.75999999999999  0.0
98.88  0.0
99.0  0.0
99.11999999999999  0.0
99.24  0.0
99.36  0.0
99.47999999999999  0.0
99.6  0.0
99.72  0.0
99.84  0.0
99.96  0.0
100.08  0.0
100.2  0.0
100.32  0.0
100.44  0.0
100.56  0.0
100.67999999999999  0.0
100.8  0.0
100.92  0.0
101.03999999999999  0.0
101.16  0.0
101.28  0.0
101.39999999999999  0.0
101.52  0.0
101.64  0.0
101.75999999999999  0.0
101.88  0.0
102.0  0.0
102.11999999999999  0.0
102.24  0.0
102.36  0.0
102.47999999999999  0.0
102.6  0.0
102.72  0.0
102.83999999999999  0.0
102.96  0.0
103.08  0.0
103.2  0.0
103.32  0.0
103.44  0.0
103.56  0.0
103.67999999999999  0.0
103.8  0.0
103.92  0.0
104.03999999999999  0.0
104.16  0.0
104.28  0.0
104.39999999999999  0.0
104.52  0.0
104.64  0.0
104.75999999999999  0.0
104.88  0.0
105.0  0.0
105.11999999999999  0.0
105.24  0.0
105.36  0.0
105.47999999999999  0.0
105.6  0.0
105.72  0.0
105.83999999999999  0.0
105.96  0.0
106.08  0.0
106.2  0.0
106.32  0.0
106.44  0.0
106.56  0.0
106.67999999999999  0.0
106.8  0.0
106.92  0.0
107.03999999999999  0.0
107.16  0.0
107.28  0.0
107.39999999999999  0.0
107.52  0.0
107.64  0.0
107.75999999999999  0.0
107.88  0.0
108.0  0.0
108.11999999999999  0.0
108.24  0.0
108.36  0.0
108.47999999999999  0.0
108.6  0.0
108.72  0.0
108.83999999999999  0.0
108.96  0.0
109.08  0.0
109.2  0.0
109.32  0.0
109.44  0.0
109.56  0.0
109.67999999999999  0.0
109.8  0.0
109.92  0.0
110.03999999999999  0.0
110.16  0.0
110.28  0.0
110.39999999999999  0.0
110.52  0.0
110.64  0.0
110.75999999999999  0.0
110.88  0.0
111.0  0.0
111.11999999999999  0.0
111.24  0.0
111.36  0.0
111.47999999999999  0.0
111.6  0.0
111.72  0.0
111.83999999999999  0.0
111.96  0.0
112.08  0.0
112.2  0.0
112.32  0.0
112.44  0.0
112.56  0.0
112.67999999999999  0.0
112.8  0.0
112.92  0.0
113.03999999999999  0.0
113.16  0.0
113.28  0.0
113.39999999999999  0.0
113.52  0.0
113.64  0.0
113.75999999999999  0.0
113.88  0.0
114.0  0.0
114.11999999999999  0.0
114.24  0.0
114.36  0.0
114.47999999999999  0.0
114.6  0.0
114.72  0.0
114.83999999999999  0.0
114.96  0.0
115.08  0.0
115.19999999999999  0.0
115.32  0.0
115.44  0.0
115.56  0.0
115.67999999999999  0.0
115.8  0.0
115.92  0.0
116.03999999999999  0.0
116.16  0.0
116.28  3.188829833439499
116.39999999999999  9.565176464378773
116.52  15.938547315412322
116.64  22.306959595212284
116.75999999999999  28.66843205509521
116.88  35.020985605390514
117.0  41.36264393115039
117.11999999999999  47.6914341069961
117.24  54.005387210897254
117.36  60.30253893672463
117.47999999999999  66.58093020534662
117.6  72.83860777411988
117.72  79.07362484454518
117.83999999999999  85.2840416679311
117.96  91.46792614886445
118.08  97.62335444628839
118.19999999999999  103.74841157202408
118.32  109.8411919865377
118.44  115.89980019175721
118.56  121.92235132077604
118.67999999999999  127.90697172424939
118.8  133.85179955328852
118.92  139.75498533870194
119.03999999999999  145.61469256636627
119.16  151.4290982485853
119.28  157.19639349122343
119.39999999999999  162.91478405646654
119.52  168.5824909210226
119.64  174.19775082957892
119.75999999999999  179.75881684336426
119.88  185.26395888363461
120.0  190.71146426990356
