0.0  0.0
1.92  0.0
3.84  0.0
5.76  0.0
7.68  0.0
9.6  0.0
11.52  0.0
13.44  0.0
15.36  0.0
17.28  0.0
19.2  0.0
21.119999999999997  0.0
23.04  0.0
24.96  8.968125083168538
26.88  19.424935040300426
28.799999999999997  29.73100245697881
30.72  39.80634957362548
32.64  49.572789080107164
34.56  58.95453086956697
36.48  67.8787701893358
38.4  76.27625262472007
40.32  84.08181153124468
42.239999999999995  91.23487374473743
44.16  97.67992964481371
46.08  103.366963923946
48.0  108.25184371923908
49.92  112.29666109490698
51.839999999999996  115.47002721769942
53.76  117.74731594239913
55.68  119.110854917104
57.599999999999994  119.55006272526731
59.519999999999996  119.06153100023802
61.44  117.6490508750712
63.36  115.32358356235085
65.28  112.1031752923338
67.2  108.01281726951638
69.12  103.08425173439744
71.03999999999999  97.35572563544888
72.96  90.8716938228628
74.88  83.6824740673697
76.8  75.84385658126999
78.72  67.41667107189846
80.64  58.466314687298066
82.56  49.06224451736801
84.47999999999999  39.27743858880843
86.39999999999999  29.187829536681015
88.32  18.871715347442176
90.24  8.40915174623423
92.16  0.0
94.08  0.0
96.0  0.0
97.92  0.0
99.84  0.0
101.75999999999999  0.0
103.67999999999999  0.0
105.6  0.0
107.52  0.0
109.44  0.0
111.36  0.0
113.28  0.0
115.19999999999999  0.0
117.11999999999999  0.0
119.03999999999999  0.0
120.96  0.0
122.88  0.0
124.8  0.0
126.72  0.0
128.64  0.0
130.56  0.0
132.48  0.0
134.4  0.0
136.32  0.0
138.24  0.0
140.16  0.0
142.07999999999998  0.0
144.0  0.0
145.92  0.0
147.84  0.0
149.76  0.0
151.68  0.0
153.6  0.0
155.51999999999998  0.0
157.44  0.0
159.35999999999999  0.0
161.28  5.79361377713051
163.2  16.280024192762163
165.12  26.640097392832264
167.04  36.79343651885788
168.95999999999998  46.661249022459316
170.88  56.16695811599616
172.79999999999998  65.23679702832563
174.72  73.80038145410505
176.64  81.79125575427761
178.56  89.14740866909158
180.48  95.8117545415784
182.4  101.73257631707634
184.32  106.86392688100506
186.23999999999998  111.16598562040723
188.16  114.60536744224578
190.07999999999998  117.15538185039611
192.0  118.7962400708274
193.92  119.51520861762776
195.84  119.30670810816224
197.76  118.17235656053069
199.68  116.12095683732697
201.6  113.16842833313972
203.51999999999998  109.33768343591552
205.44  104.65844972087847
207.35999999999999  99.16703925682695
209.28  92.90606681504852
211.2  85.92411916762903
213.12  78.27537804148297
215.04  70.01919965408224
216.95999999999998  61.21965409379348
218.88  51.94502811935465
220.79999999999998  42.26729523689311
222.72  32.26155716682641
224.64  22.005461035009453
226.56  11.578596810872703
228.48  1.0618796685906418
230.39999999999998  0.0
232.32  0.0
234.23999999999998  0.0
236.16  0.0
238.07999999999998  0.0
240.0  0.0
241.92  0.0
243.84  0.0
245.76  0.0
247.67999999999998  0.0
249.6  0.0
251.51999999999998  0.0
253.44  0.0
255.35999999999999  0.0
257.28  0.0
259.2  0.0
261.12  0.0
263.03999999999996  0.0
264.96  0.0
266.88  0.0
268.8  0.0
270.71999999999997  0.0
272.64  0.0
274.56  0.0
276.48  0.0
278.4  0.0
280.32  0.0
282.24  0.0
284.15999999999997  0.0
286.08  0.0
288.0  0.0
289.92  0.0
291.84  0.0
293.76  0.0
295.68  0.0
297.59999999999997  2.6150017509695402
299.52  13.123590343282025
301.44  23.530336466411818
303.36  33.75448106787299
305.28  43.71668213040808
307.2  53.33963038664752
309.12  62.5486492590999
311.03999999999996  71.27227436978707
312.96  79.44280812237658
314.88  86.99684505310883
316.8  93.87576387366275
318.71999999999997  100.02618238757579
320.64  105.40037174995328
322.56  109.95662685569779
324.47999999999996  113.65958998195592
326.4  116.48052517323067
328.32  118.39754123985745
330.24  119.39576163932135
332.15999999999997  119.4674399220907
334.08  118.61201984607679
336.0  116.83613969321698
337.91999999999996  114.15358075468318
339.84  110.5851603844829
341.76  106.15857045138657
343.68  100.9081624428344
345.59999999999997  94.87468088847288
347.52  88.10494717202272
349.44  80.65149618518387
351.36  72.57216864323141
353.28  63.92966222604436
355.2  54.7910450278275
357.12  45.2272350912846
359.03999999999996  35.31245006518779
360.96  25.12363125615019
362.88  14.739846544106776
364.8  4.241676795029662
366.71999999999997  0.0
368.64  0.0
370.56  0.0
372.47999999999996  0.0
374.4  0.0
376.32  0.0
378.24  0.0
380.15999999999997  0.0
382.08  0.0
384.0  0.0
385.91999999999996  0.0
387.84  0.0
389.76  0.0
391.68  0.0
393.59999999999997  0.0
395.52  0.0
397.44  0.0
399.36  0.0
401.28  0.0
403.2  0.0
405.12  0.0
407.03999999999996  0.0
408.96  0.0
410.88  0.0
412.8  0.0
414.71999999999997  0.0
416.64  0.0
418.56  0.0
420.47999999999996  0.0
422.4  0.0
424.32  0.0
426.24  0.0
428.15999999999997  0.0
430.08  0.0
432.0  0.0
433.91999999999996  0.0
435.84  9.957867615897271
437.76  20.403920766658032
439.68  30.69163419349152
441.59999999999997  40.74117256854757
443.52  50.47454886423043
445.44  59.81622955278455
447.35999999999996  68.69372076608789
449.28  77.03813086689357
451.2  84.78470506582468
453.12  91.87332793535865
455.03999999999996  98.24898992115382
456.96  103.86221423047904
458.88  108.66944078497295
460.79999999999995  112.63336425816398
462.71999999999997  115.72322357449286
464.64  117.91504062324677
466.56  119.19180633492527
468.47999999999996  119.54361267603737
470.4  118.96772953801391
472.32  117.46862592355947
474.24  115.05793526603046
476.15999999999997  111.7543651509716
478.08  107.5835521403933
480.0  102.57786282639289
481.91999999999996  96.77614265799532
483.84  90.22341449037967
485.76  82.97052919583103
487.68  75.07377104776712
489.59999999999997  66.59442094015807
491.52  57.59828083187563
493.44  48.15516310640517
495.35999999999996  38.338348809617855
497.28  28.22401896982499
499.2  17.890663413215826
501.12  7.418471662420153
503.03999999999996  0.0
504.96  0.0
506.88  0.0
508.79999999999995  0.0
510.71999999999997  0.0
512.64  0.0
514.56  0.0
516.48  0.0
518.4  0.0
520.3199999999999  0.0
522.24  0.0
524.16  0.0
526.0799999999999  0.0
528.0  0.0
529.92  0.0
531.84  0.0
533.76  0.0
535.68  0.0
537.6  0.0
539.52  0.0
541.4399999999999  0.0
543.36  0.0
545.28  0.0
547.1999999999999  0.0
549.12  0.0
551.04  0.0
552.96  0.0
554.88  0.0
556.8  0.0
558.72  0.0
560.64  0.0
562.56  0.0
564.48  0.0
566.4  0.0
568.3199999999999  0.0
570.24  0.0
572.16  6.78509670931345
574.0799999999999  17.263063170759395
576.0  27.607063778885212
577.92  37.73682640269523
579.84  47.573741453589996
581.76  57.041471916185124
583.68  66.06654574337765
585.6  74.57892601851056
587.52  82.51255446003331
589.4399999999999  89.80586405092367
591.36  96.40225681472715
593.28  102.25054303055194
595.1999999999999  107.30533847859816
597.12  111.5274166334886
599.04  114.88401307229229
600.9599999999999  117.34907973495602
602.88  118.90348706401431
604.8  119.53517245492317
606.72  119.23923386500424
608.64  118.01796785456881
610.56  115.88085176501343
612.48  112.8444701721893
614.4  108.93238618578737
616.3199999999999  104.17495859348706
618.24  98.60910626888023
620.16  92.27802167142518
622.0799999999999  85.23083566174324
624.0  77.5222362333817
625.92  69.21204411978303
627.84  60.364748569855436
629.76  51.049006894658554
631.68  41.337111668833465
633.6  31.304429721453893
635.52  21.028817269861747
637.4399999999999  10.590015735195536
639.36  0.06903292825889196
641.28  0.0
643.1999999999999  0.0
645.12  0.0
647.04  0.0
648.9599999999999  0.0
650.88  0.0
652.8  0.0
654.72  0.0
656.64  0.0
658.56  0.0
660.48  0.0
662.4  0.0
664.3199999999999  0.0
666.24  0.0
668.16  0.0
670.0799999999999  0.0
672.0  0.0
673.92  0.0
675.8399999999999  0.0
677.76  0.0
679.68  0.0
681.6  0.0
683.52  0.0
685.4399999999999  0.0
687.36  0.0
689.28  0.0
691.1999999999999  0.0
693.12  0.0
695.04  0.0
696.9599999999999  0.0
698.88  0.0
700.8  0.0
702.72  0.0
704.64  0.0
706.56  0.0
708.48  3.607523310938163
710.4  14.109986777881616
712.3199999999999  24.502953083148572
714.24  34.705770109218236
716.16  44.63926134635706
718.0799999999999  54.226340322895915
720.0  63.39260881626983
721.92  72.06693420254301
723.8399999999999  80.18200146404773
725.76  87.67483557139971
727.68  94.4872901860812
729.6  100.56649889112852
731.52  105.86528544825498
733.4399999999999  110.34252989771426
735.36  113.96348765986463
737.28  116.70005916213049
739.1999999999999  118.5310078989828
741.12  119.44212523273708
743.04  119.42634065627148
744.9599999999999  118.4837766619986
746.88  116.62174779129235
748.8  113.85470387174725
750.72  110.2041178827636
752.64  105.6983193196521
754.56  100.3722743493915
756.48  94.26731446409289
758.4  87.43081573788972
760.3199999999999  79.91583117629405
762.24  71.78067901110082
764.16  63.08849013576409
766.0799999999999  53.90671819326597
768.0  44.30661611833129
769.92  34.3626831961537
771.8399999999999  24.15208692858748
773.76  13.754064194300405
775.68  3.2493063500172426
777.6  0.0
779.52  0.0
781.4399999999999  0.0
783.36  0.0
785.28  0.0
787.1999999999999  0.0
789.12  0.0
791.04  0.0
792.9599999999999  0.0
794.88  0.0
796.8  0.0
798.72  0.0
800.64  0.0
802.56  0.0
804.48  0.0
806.4  0.0
808.3199999999999  0.0
810.24  0.0
812.16  0.0
814.0799999999999  0.0
816.0  0.0
817.92  0.0
819.8399999999999  0.0
821.76  0.0
823.68  0.0
825.6  0.0
827.52  0.0
829.4399999999999  0.0
831.36  0.0
833.28  0.0
835.1999999999999  0.0
837.12  0.0
839.04  0.0
840.9599999999999  0.0
842.88  0.0
844.8  0.42739650738163704
846.7199999999999  10.946923335651974
848.64  21.381499195988056
850.56  31.6501490699135
852.48  41.67318556770063
854.4  51.37282732320166
856.3199999999999  60.67380259745513
858.24  69.50393340692453
860.16  77.79469564339561
862.0799999999999  85.48175083885144
864.0  92.505445448693
865.92  98.81127377873486
867.8399999999999  104.35030096355013
869.76  109.07954271373202
871.68  112.96229888514301
873.6  115.96843828156439
875.52  118.07463248060273
877.4399999999999  119.26453686830762
879.36  119.52891747761934
881.28  118.86572264635157
883.1999999999999  117.2800989386227
885.12  114.78435120618157
887.04  111.39784709956328
888.9599999999999  107.14686677009009
890.88  102.06439892907318
892.8  96.18988484684569
894.7199999999999  89.56891227826227
896.64  82.25286168988197
898.56  74.29850753420688
900.48  65.76757766518321
902.4  56.72627431402661
904.3199999999999  47.244760342715104
906.24  37.39661476195842
908.16  27.258261738969942
910.0799999999999  16.908377526077636
912.0  6.4272799125772835
913.92  0.0
915.8399999999999  0.0
917.76  0.0
919.68  0.0
921.5999999999999  0.0
923.52  0.0
925.4399999999999  0.0
927.36  0.0
929.28  0.0
931.1999999999999  0.0
933.12  0.0
935.04  0.0
936.9599999999999  0.0
938.88  0.0
940.8  0.0
942.7199999999999  0.0
944.64  0.0
946.56  0.0
948.48  0.0
950.4  0.0
952.3199999999999  0.0
954.24  0.0
956.16  0.0
958.0799999999999  0.0
960.0  0.0
