0.0  35.712217870524526
1.68  88.15791895042764
3.36  83.6526171171277
5.04  103.97861759689292
6.72  119.44697525311503
8.4  48.278885292354296
10.08  0.0
11.76  0.0
13.44  0.0
15.12  0.0
16.8  0.0
18.48  54.70935319759509
20.16  98.60370317405416
21.84  42.74301377555851
23.52  0.0
25.2  0.0
26.88  0.0
28.56  0.0
30.24  0.0
31.919999999999998  30.353776558451017
33.6  66.48392951701527
35.28  23.864973347472585
36.96  1.7825861029138377
38.64  18.2437140913019
40.32  0.0
42.0  0.0
43.68  0.0
45.36  28.794545605559097
47.04  45.79858785372298
48.72  17.617805493607648
50.4  29.759763617024078
52.08  42.04131899578001
53.76  0.0
55.44  0.0
57.12  0.0
58.8  2.231765764449772
60.48  10.071150535045225
62.16  20.070003724456523
63.839999999999996  77.29888008171042
65.52  88.97346611387056
67.2  5.556766003359034
68.88  0.0
70.56  0.0
72.24  0.0
73.92  0.0
75.6  0.0
77.28  77.95448188223342
78.96  111.7323353806531
80.64  57.61569532815822
82.32  19.127517347954765
84.0  5.83437435333931
85.67999999999999  0.0
87.36  0.0
89.03999999999999  0.0
90.72  7.36681489993172
92.39999999999999  48.17292826492407
94.08  52.36396220986363
95.75999999999999  88.15388508641202
97.44  94.97065414372064
99.11999999999999  6.168495135647058
100.8  0.0
102.47999999999999  0.0
104.16  0.0
105.83999999999999  0.0
107.52  0.0
109.2  73.27935716852524
110.88  112.22114265338492
112.56  51.070822022810674
114.24  0.0
115.92  0.0
117.6  0.0
119.28  0.0
120.96  0.0
122.64  24.346272376692482
124.32  59.033219361919876
126.0  31.06012053509216
127.67999999999999  33.24463955689553
129.35999999999999  47.484061173879134
131.04  0.0
132.72  0.0
134.4  0.0
136.07999999999998  7.71076860528278
137.76  12.489105852169976
139.44  2.59192829443462
141.12  42.87640457972263
142.79999999999998  60.10112397008315
144.48  0.0
146.16  0.0
147.84  0.0
149.51999999999998  0.0
151.2  0.0
152.88  0.8885124252765593
154.56  68.30808563843425
156.23999999999998  76.45263251826677
157.92  0.9622618703320285
159.6  0.0
161.28  0.0
162.96  0.0
164.64  0.0
166.32  0.0
168.0  73.19597280991786
