0.0  39.53349971559442
1.68  69.48236344074078
3.36  48.82084519154855
5.04  64.81651910884636
6.72  89.25064849292414
8.4  37.30041950219179
10.08  0.0
11.76  0.0
13.44  1.6514374642367393
15.12  3.5260007485252762
16.8  0.0
18.48  49.861256388798054
20.16  72.79384607517594
21.84  4.734215798603387
23.52  0.0
25.2  0.0
26.88  0.0
28.56  0.0
30.24  0.0
31.919999999999998  69.34487309842763
33.6  95.76989165014125
35.28  33.50279377633315
36.96  0.0
38.64  0.0
40.32  0.0
42.0  0.0
43.68  0.0
45.36  35.017935385738404
47.04  72.64141866855091
48.72  55.966548429065455
50.4  66.59446634507668
52.08  64.85606771519159
53.76  0.0
55.44  0.0
57.12  0.0
58.8  0.0
60.48  0.0
62.16  11.784819186879604
63.839999999999996  91.88061335306264
65.52  121.47140805688865
67.2  44.93739576523515
68.88  0.0
70.56  0.0
72.24  0.0
73.92  0.0
75.6  0.0
77.28  41.634105681471496
78.96  90.06385324784017
80.64  57.955870035543
82.32  41.36085466719146
84.0  42.41233501478931
85.67999999999999  0.0
87.36  0.0
89.03999999999999  0.0
90.72  0.0
92.39999999999999  14.91069616794163
94.08  12.995331081666066
95.75999999999999  56.04507403284626
97.44  81.02306845806885
99.11999999999999  15.117541687020838
100.8  0.0
102.47999999999999  0.0
104.16  0.0
105.83999999999999  0.0
107.52  0.0
109.2  49.913478677584514
110.88  75.15122310225455
112.56  12.882634722812032
114.24  0.0
115.92  0.0
117.6  0.0
119.28  0.0
120.96  0.0
122.64  55.63092275486348
124.32  71.67327578236863
126.0  20.764101206749395
127.67999999999999  3.5081918090402837
129.35999999999999  8.403138679198975
131.04  0.0
132.72  0.0
134.4  0.0
136.07999999999998  32.1801184934213
137.76  50.004865153795585
139.44  40.41695466098867
141.12  68.16855502549973
142.79999999999998  64.27334797215697
144.48  0.0
146.16  0.0
147.84  0.0
149.51999999999998  0.0
151.2  0.0
152.88  12.518695127325305
154.56  98.93663747737492
156.23999999999998  115.68071759246558
157.92  35.4713784900264
159.6  0.0
161.28  0.0
162.96  0.0
164.64  0.0
166.32  0.0
168.0  48.984151870250344
