0.0  33.11847814649417
1.68  28.106146419645285
3.36  36.97615538269331
5.04  36.17157309868696
6.72  27.829205762633883
8.4  34.104676931076355
10.08  38.33161706558948
11.76  29.284136602237957
13.44  0.0
15.12  5.5856197601253275
16.8  0.0
18.48  0.0
20.16  4.41544280719274
21.84  1.8242177002260955
23.52  0.0
25.2  1.855948574729671
26.88  4.394633835156132
28.56  0.0
30.24  0.0
31.919999999999998  5.582280225125181
33.6  0.0
35.28  0.0
36.96  5.013464417619043
38.64  0.7380608868861196
40.32  0.0
42.0  2.8671640746178424
43.68  3.6172076364965413
45.36  0.0
47.04  0.0
48.72  5.358201477672062
50.4  0.0
52.08  0.0
53.76  5.4132394079231165
55.44  0.0
57.12  0.0
58.8  3.765003764929838
60.48  2.6967467758783448
62.16  0.0
63.839999999999996  0.9321112219325343
65.52  4.9222442277707525
67.2  0.0
68.88  0.0
70.56  5.598959539722209
72.24  0.0
73.92  0.0
75.6  4.513964514659069
77.28  1.6696488896207717
78.96  0.0
80.64  2.0086523949690007
82.32  4.291647463097542
84.0  0.0
85.67999999999999  0.0
87.36  5.563280911603872
89.03999999999999  0.0
90.72  0.0
92.39999999999999  5.084430288890285
94.08  0.576528344860844
95.75999999999999  0.0
97.44  3.0057657482121893
99.11999999999999  3.4913467704728047
100.8  0.0
102.47999999999999  0.0
104.16  5.307614357842732
105.83999999999999  0.0
107.52  0.0
109.2  5.453843250923005
110.88  0.0
112.56  0.0
114.24  3.8840225881092953
115.92  2.552988311946957
117.6  0.0
119.28  1.0920958010907158
120.96  4.842069660006938
122.64  0.0
124.32  0.0
126.0  5.607595763193227
127.67999999999999  0.0
129.35999999999999  0.0
131.04  4.608694145170009
132.72  1.5136774456856519
134.4  0.0
136.07999999999998  2.1596687928917104
137.76  4.18505577748523
139.44  0.0
141.12  0.0
142.79999999999998  5.539608014745162
144.48  0.0
146.16  0.0
147.84  5.151124848132577
149.51999999999998  0.41451147473709365
151.2  0.0
152.88  3.141842347674753
154.56  3.362552904956287
156.23999999999998  0.0
157.92  0.14398043314907538
159.6  5.252568434221465
161.28  0.0
162.96  0.0
164.64  5.489865446627461
166.32  0.0
168.0  0.0
