0.0  29.987721415998145
1.68  39.37309118182646
3.36  32.71809783806346
5.04  27.69704429612549
6.72  37.644823117223204
8.4  36.14216577652326
10.08  27.179823224435623
11.76  34.559946549500026
13.44  5.349102398291707
15.12  0.0
16.8  0.0
18.48  6.206279464087211
20.16  0.0
21.84  0.0
23.52  5.1106532262127935
25.2  1.6573601785786272
26.88  0.0
28.56  2.4069620338338282
30.24  4.619067529674933
31.919999999999998  0.0
33.6  0.0
35.28  6.127387165309964
36.96  0.0
38.64  0.0
40.32  5.707726926928519
42.0  0.4403511859966325
43.68  0.0
45.36  3.4921327374820486
47.04  3.7063816138787837
48.72  0.0
50.4  0.1777404055945988
52.08  5.806200577690449
53.76  0.0
55.44  0.0
57.12  6.079100896363102
58.8  0.0
60.48  0.0
62.16  4.439214595861684
63.839999999999996  2.647134843825402
65.52  0.0
67.2  1.4025312322146468
68.88  5.255420330996854
70.56  0.0
72.24  0.0
73.92  6.210089953151144
75.6  0.0
77.28  0.0
78.96  5.210757302804698
80.64  1.4832128448122464
82.32  0.0
84.0  2.5718619910569185
85.67999999999999  4.496825840268709
87.36  0.0
89.03999999999999  0.0
90.72  6.095514418009378
92.39999999999999  0.0
94.08  0.0
95.75999999999999  5.776251868680208
97.44  0.26064039794252336
99.11999999999999  0.0
100.8  3.639494023294963
102.47999999999999  3.560414085897776
104.16  0.0
105.83999999999999  0.35757086695260876
107.52  5.7399049329646346
109.2  0.0
110.88  0.0
112.56  6.113337032483164
114.24  0.0
115.92  0.0
117.6  4.563210126552188
119.28  2.4832134478390295
120.96  0.0
122.64  1.5772710142849315
124.32  5.157323306902256
126.0  0.0
127.67999999999999  0.0
129.35999999999999  6.2086834895948515
131.04  0.0
132.72  0.0
134.4  5.306483942971514
136.07999999999998  1.3078194983157232
137.76  0.0
139.44  2.7346013866368493
141.12  4.37080647171013
142.79999999999998  0.0
144.48  0.0
146.16  6.05852097033979
147.84  0.0
149.51999999999998  0.0
151.2  5.839924315130135
152.88  0.08071065193190341
154.56  0.0
156.23999999999998  3.7837978545419633
157.92  3.411455536573229
159.6  0.0
161.28  0.5371009413138892
162.96  5.668787327155185
164.64  0.0
166.32  0.0
168.0  6.142437495868911
