0.0  0.39270003374796375  100.0
0.12  0.368694831649129
0.24  0.34540340778822737
0.36  0.32289125522341516
0.48  0.30122051573838626
0.6  0.2804497680125483
0.72  0.26063382843464644
0.84  0.24182356525386028
0.96  0.2240657267157451
1.08  0.20740278378148702
1.2  0.1918727879779315
1.3199999999999998  0.17750924487294684
1.44  0.16434100361603388
1.56  0.1523921629279268
1.68  0.1416819938654158
1.7999999999999998  0.13222487962896645
1.92  0.1240302726211272
2.04  0.11710266890340548
2.16  0.11144160013846122
2.28  0.10704164304334263
2.4  0.10389244631826355
2.52  0.10197877495433622
2.6399999999999997  0.10128057176290739
2.76  0.10177303590894954
2.88  0.10342671817150767
3.0  0.10620763259572841
3.12  0.110077384143697
3.2399999999999998  0.11499331189536882
3.36  0.12090864729653006
3.48  0.1277726868981104
3.5999999999999996  0.1355309789805072
3.7199999999999998  0.14412552340804397
3.84  0.1534949840124215
3.96  0.16357491276022207
4.08  0.17429798491831894
4.2  0.18559424439259187
4.32  0.19739135837977265
4.4399999999999995  0.20961488043967824
4.56  0.22218852106563614
4.68  0.2350344248046837
4.8  0.2480734529562058
4.92  0.26122547085816017
5.04  0.27440963875397606
5.16  0.28754470522067965
5.279999999999999  0.3005493021298167
5.3999999999999995  0.31334224010736234
5.52  0.3258428034570337
5.64  0.33797104351326834
5.76  0.3496480693955927
5.88  0.3607963351451494
6.0  0.37133992223677237
6.12  0.38120481647612126
6.24  0.39031917831098506
6.359999999999999  0.39861360560883663
6.4799999999999995  0.40602138797902976
6.6  0.41247875174752957
6.72  0.41792509472471484
6.84  0.4223032099424142
6.96  0.4255594975748614
7.08  0.42764416429951035
7.199999999999999  0.4285114093975099
7.319999999999999  0.4281195969399447
7.4399999999999995  0.4264314134545397
7.56  0.4234140105182342
7.68  0.4190391317736723
7.8  0.41328322392206307
7.92  0.4061275313008208
8.04  0.3975581737117341
8.16  0.3875662072239115
8.28  0.3761476677352209
8.4  0.36330359713615734
8.52  0.34904005198085325
8.64  0.333368094631034
8.76  0.31630376689996326
8.879999999999999  0.297868046284537
9.0  0.278086784934523
9.12  0.256990631568238
9.24  0.23461493660353294
9.36  0.2109996408316011
9.48  0.18618914801860192
9.6  0.16023218187626506
9.719999999999999  0.1331816278972326
9.84  0.1050943606037893
9.959999999999999  0.0760310568095946
10.08  0.04605599554289169
10.2  0.015236845326302983
10.32  0.0
10.44  0.0
10.559999999999999  0.0
10.68  0.0
10.799999999999999  0.0
10.92  0.0
11.04  0.0
11.16  0.0
11.28  0.0
11.4  0.0
11.52  0.0
11.639999999999999  0.0
11.76  0.0
11.879999999999999  0.0
12.0  0.0
12.12  0.0
12.24  0.0
12.36  0.0
12.48  0.0
12.6  0.0
12.719999999999999  0.0
12.84  0.0
12.959999999999999  0.0
13.08  0.0
13.2  0.0
13.32  0.0
13.44  0.0
13.559999999999999  0.0
13.68  0.0
13.799999999999999  0.0
13.92  0.0
14.04  0.0
14.16  0.0
14.28  0.0
14.399999999999999  0.0
14.52  0.0
14.639999999999999  0.0
14.76  0.0
14.879999999999999  0.0
15.0  0.0
15.12  0.0
15.24  0.0
15.36  0.0
15.479999999999999  0.0
15.6  0.0
15.719999999999999  0.0
15.84  0.0
15.959999999999999  0.0
16.08  0.0
16.2  0.0
16.32  0.0
16.439999999999998  0.0
16.56  0.0
16.68  0.0
16.8  0.0
16.919999999999998  0.0
17.04  0.0
17.16  0.0
17.28  0.0
17.4  0.0
17.52  0.0
17.64  0.0
17.759999999999998  0.0
17.88  0.0
18.0  0.0
18.12  0.0
18.24  0.0
18.36  0.0
18.48  0.0
18.599999999999998  0.0
18.72  0.0
18.84  0.0
18.96  0.0
19.08  0.0
19.2  0.0
19.32  0.0
19.439999999999998  0.0
19.56  0.0
19.68  0.0
19.8  0.0
19.919999999999998  0.0
20.04  0.0
20.16  0.0
20.279999999999998  0.0
20.4  0.0
20.52  0.0
20.64  0.0
20.759999999999998  0.0
20.88  0.0
21.0  0.0
21.119999999999997  0.0
21.24  0.0
21.36  0.0
21.48  0.0
21.599999999999998  0.0
21.72  0.0
21.84  0.0
21.96  0.0
22.08  0.0
22.2  0.0
22.32  0.0
22.439999999999998  0.0
22.56  0.0
22.68  0.0
22.8  0.0
22.919999999999998  0.0
23.04  0.0
23.16  0.0
23.279999999999998  0.0
23.4  0.0
23.52  0.0
23.64  0.0
23.759999999999998  0.0
23.88  0.0
24.0  0.0
24.119999999999997  0.0
24.24  0.0
24.36  0.0
24.48  0.0
24.599999999999998  0.0
24.72  0.0
24.84  0.0
24.96  0.0
25.08  0.0
25.2  0.0
25.32  0.0
25.439999999999998  0.0
25.56  0.0
25.68  0.0
25.8  0.0
25.919999999999998  0.0
26.04  0.0
26.16  0.0
26.279999999999998  0.0
26.4  0.0
26.52  0.0
26.64  0.0
26.759999999999998  0.0
26.88  0.0
27.0  0.0
27.119999999999997  0.0
27.24  0.0
27.36  0.0
27.48  0.0
27.599999999999998  0.0
27.72  0.0
27.84  0.0
27.959999999999997  0.0
28.08  0.0
28.2  0.0
28.32  0.0
28.439999999999998  0.0
28.56  0.0
28.68  0.0
28.799999999999997  0.0
28.919999999999998  0.0
29.04  0.0
29.16  0.0
29.279999999999998  0.0
29.4  0.0
29.52  0.0
29.64  0.0
29.759999999999998  0.0
29.88  0.0
30.0  0.0
30.119999999999997  0.0041734918644909524
30.24  0.040026022504841996
30.36  0.07610276492694179
30.48  0.11231597962280118
30.599999999999998  0.14857732289851724
30.72  0.18479814336228195
30.84  0.22088977953138852
30.959999999999997  0.2567638575225477
31.08  0.2923325877894982
31.2  0.3275090598752203
31.32  0.3622075341529678
31.439999999999998  0.3963437295408517
31.56  0.42983510618872733
31.68  0.4626011421536886
31.799999999999997  0.4945636031014663
31.919999999999998  0.5256468040953323
32.04  0.5557778625617288
32.16  0.5848869415526774
32.28  0.6129074824588261
32.4  0.6397764263638437
32.519999999999996  0.6654344232705485
32.64  0.6898260284714075
32.76  0.7128998853810009
32.879999999999995  0.7346088941952553
33.0  0.7549103657917313
33.12  0.7737661603367543
33.24  0.7911428101186058
33.36  0.8070116261809781
33.48  0.8213487883875232
33.6  0.8341354186060969
33.72  0.845357636760248
33.839999999999996  0.855006599555324
33.96  0.8630785217469868
34.08  0.8695746798809227
34.199999999999996  0.8745013984936814
34.32  0.8778700188257971
34.44  0.8796968501593981
34.56  0.8800031039531426
34.68  0.8788148110073635
34.8  0.8761627219515262
34.92  0.8720821914043149
35.04  0.8666130462136377
35.16  0.859799438239399
35.28  0.8516896821958244
35.4  0.8423360791222629
35.519999999999996  0.8317947261015287
35.64  0.8201253128928216
35.76  0.8073909061919491
35.879999999999995  0.7936577222746748
36.0  0.7789948888196045
36.12  0.7634741967447163
36.24  0.7471698429264552
36.36  0.7301581647021653
36.48  0.712517367085183
36.6  0.6943272436473888
36.72  0.6756688920460253
36.839999999999996  0.6566244251902497
36.96  0.6372766790580554
37.08  0.6177089181858573
37.199999999999996  0.5980045398610491
37.32  0.5782467780523668
37.44  0.5585184081137166
37.559999999999995  0.538901453294331
37.68  0.5194768940818186
37.8  0.5003243813946383
37.92  0.4815219546270404
38.04  0.46314576553253606
38.16  0.4452698089114401
38.28  0.4279656610442339
38.4  0.4113022267853857
38.519999999999996  0.3953454962018917
38.64  0.38015831160746266
38.76  0.36580014580686204
38.879999999999995  0.35232689232566067
39.0  0.3397906683588036
39.12  0.32823963112682697
39.24  0.31771780828168383
39.36  0.30826494295501494
39.48  0.2999163539904517
39.6  0.29270281184845637
39.72  0.2866504306173907
39.839999999999996  0.2817805765081588
39.96  0.27810979315214923
40.08  0.2756497439634249
40.199999999999996  0.2744071717664296
40.32  0.27438387583012647
40.44  0.27557670638859
40.559999999999995  0.27797757666693873
40.68  0.28157349237027895
40.8  0.2863465985322608
40.92  0.2922742435591518
41.04  0.2993290602451844
41.16  0.3074790634756076
41.28  0.3166877642754974
41.4  0.32691429980522185
41.519999999999996  0.33811357884770715
41.64  0.35023644227843354
41.76  0.36322983795672154
41.879999999999995  0.3770370094264254
42.0  0.3915976977658264
42.12  0.4068483558805395
42.239999999999995  0.42272237448974004
42.36  0.4391503190150463
42.48  0.4560601765433069
42.6  0.4733776119992714
42.72  0.49102623263185274
42.839999999999996  0.5089278598886642
42.96  0.5270028077275489
43.08  0.5451701663913477
43.199999999999996  0.5633480906529805
43.32  0.5814540915222227
43.44  0.5994053303934226
43.559999999999995  0.6171189146048428
43.68  0.6345121933752496
43.8  0.6515030530820657
43.92  0.6680102108476194
44.04  0.6839535054058398
44.16  0.699254184231269
44.28  0.7138351859251589
44.4  0.727621416870016
44.519999999999996  0.7405400211838848
44.64  0.7525206430290068
44.76  0.7634956803561402
44.879999999999995  0.7734005291957352
45.0  0.7821738176400336
45.12  0.7897576286962156
45.239999999999995  0.7960977112294785
45.36  0.8011436782564958
45.48  0.8048491918938596
45.6  0.8071721343126422
45.72  0.8080747640990735
45.839999999999996  0.8075238574722421
45.96  0.805490833862585
46.08  0.8019518654095064
46.199999999999996  0.7968879699925984
46.32  0.7902850874684004
46.44  0.7821341388432704
46.559999999999995  0.7724310681724784
46.68  0.7611768670359527
46.8  0.7483775815019252
46.92  0.7340443015508278
47.04  0.718193132993068
47.16  0.7008451519753647
47.28  0.6820263422311688
47.4  0.6617675152908893
47.519999999999996  0.640104213927134
47.64  0.6170765991687499
47.76  0.5927293212747479
47.879999999999995  0.5671113751152299
48.0  0.5402759404608765
48.12  0.5122802077352264
48.239999999999995  0.48318518983472
48.36  0.45305552067016275
48.48  0.42195924112957867
48.6  0.3899675732063328
48.72  0.35715468307779796
48.839999999999996  0.323597433958273
48.96  0.28937512958572886
49.08  0.25456924923452184
49.199999999999996  0.21926317517583926
49.32  0.18354191353406227
49.44  0.1474918095101918
49.559999999999995  0.11120025796320138
49.68  0.07475541035639113
49.8  0.03824587908848287
49.92  0.0017604402382890572
50.04  0.0
50.16  0.0
50.28  0.0
50.4  0.0
50.519999999999996  0.0
50.64  0.0
50.76  0.0
50.879999999999995  0.0
51.0  0.0
51.12  0.0
51.239999999999995  0.0
51.36  0.0
51.48  0.0
51.6  0.0
51.72  0.0
51.839999999999996  0.0
51.96  0.0
52.08  0.0
52.199999999999996  0.0
52.32  0.0
52.44  0.0
52.559999999999995  0.0
52.68  0.0
52.8  0.0
52.919999999999995  0.0
53.04  0.0
53.16  0.0
53.28  0.0
53.4  0.0
53.519999999999996  0.0
53.64  0.0
53.76  0.0
53.879999999999995  0.0
54.0  0.0
54.12  0.0
54.239999999999995  0.0
54.36  0.0
54.48  0.0
54.6  0.0
54.72  0.0
54.839999999999996  0.0
54.96  0.0
55.08  0.0
55.199999999999996  0.0
55.32  0.0
55.44  0.0
55.559999999999995  0.0
55.68  0.0
55.8  0.0
55.919999999999995  0.0
56.04  0.0
56.16  0.0
56.28  0.0
56.4  0.0
56.519999999999996  0.0
56.64  0.0
56.76  0.0
56.879999999999995  0.0
57.0  0.0
57.12  0.0
57.239999999999995  0.0
57.36  0.0
57.48  0.0
57.599999999999994  0.0
57.72  0.0
57.839999999999996  0.0
57.96  0.0
58.08  0.0
58.199999999999996  0.0
58.32  0.0
58.44  0.0
58.559999999999995  0.0
58.68  0.0
58.8  0.0
58.919999999999995  0.0
59.04  0.0
59.16  0.0
59.28  0.0
59.4  0.0
59.519999999999996  0.0
59.64  0.0
59.76  0.0
59.879999999999995  0.0
60.0  0.0
60.12  0.0
60.239999999999995  0.0
60.36  0.0
60.48  0.0
60.599999999999994  0.0
60.72  0.0
60.839999999999996  0.0
60.96  0.0
61.08  0.0
61.199999999999996  0.0
61.32  0.0
61.44  0.0
61.559999999999995  0.0
61.68  0.0
61.8  0.0
61.919999999999995  0.0
62.04  0.0
62.16  0.0
62.28  0.0
62.4  0.0
62.519999999999996  0.0
62.64  0.0
62.76  0.0
62.879999999999995  0.0
63.0  0.0
63.12  0.0
63.239999999999995  0.0
63.36  0.0
63.48  0.0
63.599999999999994  0.0
63.72  0.0
63.839999999999996  0.0
63.96  0.0
64.08  0.0
64.2  0.0
64.32  0.0
64.44  0.0
64.56  0.0
64.67999999999999  0.0
64.8  0.0
64.92  0.0
65.03999999999999  0.0
65.16  0.0
65.28  0.0
65.39999999999999  0.0
65.52  0.0
65.64  0.0
65.75999999999999  0.0
65.88  0.0
66.0  0.0
66.12  0.0
66.24  0.0
66.36  0.0
66.48  0.0
66.6  0.0
66.72  0.0
66.84  0.0
66.96  0.0
67.08  0.0
67.2  0.0
67.32  0.0
67.44  0.0
67.56  0.0
67.67999999999999  0.0
67.8  0.0
67.92  0.0
68.03999999999999  0.0
68.16  0.0
68.28  0.0
68.39999999999999  0.0
68.52  0.0
68.64  0.0
68.75999999999999  0.0
68.88  0.0
69.0  0.0
69.12  0.0
69.24  0.0
69.36  0.0
69.48  0.0
69.6  0.0
69.72  0.0
69.84  0.02385585793391848
69.96  0.05705779690155549
70.08  0.08957748436565569
70.2  0.12133932085928875
70.32  0.15227049505274473
70.44  0.18230122599326226
70.56  0.2113649947189835
70.67999999999999  0.23939876444203917
70.8  0.26634318853549666
70.92  0.2921428056015386
71.03999999999999  0.3167462209434319
71.16  0.340106273811278
71.28  0.3621801898412421
71.39999999999999  0.38292971815972565
71.52  0.4023212526774872
71.64  0.42032593715390487
71.75999999999999  0.4369197536683519
71.88  0.4520835941935487
72.0  0.4658033150247637
72.11999999999999  0.478069773878706
72.24  0.4888788495363872
72.36  0.49823144396524155
72.48  0.506133466916987
72.6  0.512595803058913
72.72  0.5176342617572706
72.84  0.5212695096920306
72.96  0.523526986542246
73.08  0.5244368040403642
73.2  0.5240336287519023
73.32  0.5223565489937625
73.44  0.519448926359833
73.56  0.5153582323762342
73.67999999999999  0.5101358708605821
73.8  0.5038369866094552
73.92  0.4965202610860644
74.03999999999999  0.4882476958254599
74.16  0.47908438431751654
74.28  0.4690982731681555
74.39999999999999  0.458359913376679
74.52  0.44694220260159667
74.64  0.4349201193187774
74.75999999999999  0.4223704498040515
74.88  0.40937150889737745
75.0  0.3960028555274906
75.11999999999999  0.3823450039940819
75.24  0.36847913201942156
75.36  0.35448678659261385
75.48  0.34044958863725694
75.6  0.32644893753744153
75.72  0.31256571655742893
75.84  0.2988800001872202
75.96  0.2854707644394304
76.08  0.27241560111256735
76.2  0.25979043702188986
76.32  0.24766925918164603
76.44  0.23612384690164992
76.56  0.22522351173698074
76.67999999999999  0.21503484620207014
76.8  0.20562148212983078
76.92  0.19704385952272352
77.03999999999999  0.18935900670595474
77.16  0.1826203325534836
77.28  0.17687743151531088
77.39999999999999  0.1721759021297199
77.52  0.16855717965701422
77.64  0.16605838342193802
77.75999999999999  0.16471217940048088
77.88  0.16454665853352074
78.0  0.16558523119473856
78.11999999999999  0.1678465381837786
78.24  0.17134437855783569
78.36  0.17608765455598752
78.48  0.182080333810823
78.6  0.18932142898148485
78.72  0.19780499488132952
78.84  0.20752014311223016
78.96  0.21845107415636433
79.08  0.23057712681527154
79.2  0.2438728448252972
79.32  0.2583080604185272
79.44  0.27384799453903264
79.56  0.2904533733659813
79.67999999999999  0.30808056073822715
79.8  0.3266817060193124
79.92  0.34620490688782934
80.03999999999999  0.36659438648592957
80.16  0.3877906843085441
80.28  0.40973086016772964
80.39999999999999  0.4323487105209727
80.52  0.45557499640890897
80.64  0.47933768220731565
80.75999999999999  0.5035621843604647
80.88  0.5281716292279185
81.0  0.5530871191449502
81.11999999999999  0.5782280057680866
81.24  0.6035121697516882
81.36  0.6288563057792705
81.48  0.654176211954653
81.6  0.6793870825425026
81.72  0.7044038030362744
81.84  0.7291412465231942
81.96  0.7535145703114621
82.08  0.777439511783776
82.2  0.8008326824439178
82.32  0.8236118591294568
82.44  0.8456962713733787
82.56  0.8670068839108356
82.67999999999999  0.8874666733441572
82.8  0.9070008979995717
82.92  0.9255373600327207
83.03999999999999  0.9430066588672037
83.16  0.9593424350804755
83.28  0.9744816038847375
83.39999999999999  0.9883645773867968
83.52  1.0009354748499284
83.64  1.0121423202226236
83.75999999999999  1.021937226243565
83.88  1.030276564478931
84.0  1.037121120697213
84.11999999999999  1.0424362350379286
84.24  1.0461919264835757
84.36  1.0483630011989926
84.47999999999999  1.0489291443585707
84.6  1.0478749951393396
84.72  1.0451902046167119
84.84  1.040869476359318
84.96  1.0349125895797244
85.08  1.0273244047586945
85.2  1.0181148517218208
85.32  1.0072989002085637
85.44  0.9948965130348225
85.56  0.9809325820109462
85.67999999999999  0.9654368468371849
85.8  0.9484437972580442
85.92  0.9299925588154101
86.03999999999999  0.9101267625975007
86.16  0.888894399436575
86.28  0.8663476590626185
86.39999999999999  0.8425427547726292
86.52  0.8175397342257296
86.64  0.7914022770227692
86.75999999999999  0.7641974797750415
86.88  0.7359956294105503
87.0  0.7068699655072159
87.11999999999999  0.6768964324806415
87.24  0.6461534224895219
87.36  0.6147215099541399
87.47999999999999  0.5826831786125586
87.6  0.5501225420652133
87.72  0.5171250587813209
87.84  0.48377724255968846
87.96  0.4501663694525063
88.08  0.41638018217283856
88.2  0.3825065930154751
88.32  0.3486333863257365
88.44  0.31484792155249713
88.56  0.28123683791961507
88.67999999999999  0.2478857617441501
88.8  0.2148790174205576
88.92  0.18229934307723092
89.03999999999999  0.15022761189525863
89.16  0.11874256005959025
89.28  0.08792052228958111
89.39999999999999  0.05783517586925946
89.52  0.02855729406808233
89.64  0.00015450981005571407
89.75999999999999  0.0
89.88  0.0
90.0  0.0
90.11999999999999  0.0
90.24  0.0
90.36  0.0
90.47999999999999  0.0
90.6  0.0
90.72  0.0
90.84  0.0
90.96  0.0
91.08  0.0
91.2  0.0
91.32  0.0
91.44  0.0
91.56  0.0
91.67999999999999  0.0
91.8  0.0
91.92  0.0
92.03999999999999  0.0
92.16  0.0
92.28  0.0
92.39999999999999  0.0
92.52  0.0
92.64  0.0
92.75999999999999  0.0
92.88  0.0
93.0  0.0
93.11999999999999  0.0
93.24  0.0
93.36  0.0
93.47999999999999  0.0
93.6  0.0
93.72  0.0
93.84  0.0
93.96  0.0
94.08  0.0
94.2  0.0
94.32  0.0
94.44  0.0
94.56  0.0
94.67999999999999  0.0
94.8  0.0
94.92  0.0
95.03999999999999  0.0
95.16  0.0
95.28  0.0
95.39999999999999  0.0
95.52  0.0
95.64  0.0
95.75999999999999  0.0
95.88  0.0
96.0  0.0
96.11999999999999  0.0
96.24  0.0
96.36  0.0
96.47999999999999  0.0
96.6  0.0
96.72  0.0
96.84  0.0
96.96  0.0
97.08  0.0
97.2  0.0
97.32  0.0
97.44  0.0
97.56  0.0
97.67999999999999  0.0
97.8  0.0
97.92  0.0
98.03999999999999  0.0
98.16  0.0
98.28  0.0
98.39999999999999  0.0
98.52  0.0
98.64  0.0
98.75999999999999  0.0
98.88  0.0
99.0  0.0
99.11999999999999  0.0
99.24  0.0
99.36  0.0
99.47999999999999  0.0
99.6  0.0
99.72  0.0
99.84  0.0
99.96  0.0
100.08  0.0
100.2  0.0
100.32  0.0
100.44  0.0
100.56  0.0
100.67999999999999  0.0
100.8  0.0
100.92  0.0
101.03999999999999  0.0
101.16  0.0
101.28  0.0
101.39999999999999  0.0
101.52  0.0
101.64  0.0
101.75999999999999  0.0
101.88  0.0
102.0  0.0
102.11999999999999  0.0
102.24  0.0
102.36  0.0
102.47999999999999  0.0
102.6  0.0
102.72  0.0
102.83999999999999  0.0
102.96  0.0
103.08  0.0
103.2  0.0
103.32  0.0
103.44  0.0
103.56  0.0
103.67999999999999  0.0
103.8  0.0
103.92  0.0
104.03999999999999  0.0
104.16  0.0
104.28  0.0
104.39999999999999  0.0
104.52  0.0
104.64  0.0
104.75999999999999  0.0
104.88  0.0
105.0  0.0
105.11999999999999  0.0
105.24  0.0
105.36  0.0
105.47999999999999  0.0
105.6  0.0
105.72  0.0
105.83999999999999  0.0
105.96  0.0
106.08  0.0
106.2  0.0
106.32  0.0
106.44  0.0
106.56  0.0
106.67999999999999  0.0
106.8  0.0
106.92  0.0
107.03999999999999  0.0
107.16  0.0
107.28  0.0
107.39999999999999  0.0
107.52  0.0
107.64  0.0
107.75999999999999  0.0
107.88  0.0
108.0  0.0
108.11999999999999  0.0
108.24  0.0
108.36  0.0
108.47999999999999  0.0
108.6  0.0
108.72  0.0
108.83999999999999  0.0
108.96  0.0
109.08  0.0
109.2  0.0
109.32  0.0
109.44  0.0
109.56  0.0
109.67999999999999  0.0
109.8  0.011429718140914868
109.92  0.027237691165888145
110.03999999999999  0.041757663508134646
110.16  0.05497167027585237
110.28  0.06686667588745066
110.39999999999999  0.07743460910714406
110.52  0.08667238062726518
110.64  0.09458188313923444
110.75999999999999  0.10116997389636895
110.88  0.10644843983285013
111.0  0.11043394536413742
111.11999999999999  0.11314796305468422
111.24  0.11461668739862119
111.36  0.11487093201815793
111.47999999999999  0.11394601064231161
111.6  0.11188160228535163
111.72  0.1087216010995131
111.83999999999999  0.10451395143005171
111.96  0.09931046865251936
112.08  0.09316664642173045
112.2  0.08614145100942991
112.32  0.07829710345276897
112.44  0.06969885027829281
112.56  0.0604147236060715
112.67999999999999  0.05051529147571335
112.8  0.04007339927016551
112.92  0.02916390314432324
113.03999999999999  0.01786339639341536
113.16  0.006249929720755637
113.28  0.0
113.39999999999999  0.0
113.52  0.0
113.64  0.0
113.75999999999999  0.0
113.88  0.0
114.0  0.0
114.11999999999999  0.0
114.24  0.0
114.36  0.0
114.47999999999999  0.0
114.6  0.0
114.72  0.0
114.83999999999999  0.0
114.96  0.0
115.08  0.0
115.19999999999999  0.0
115.32  0.0
115.44  0.0
115.56  0.0
115.67999999999999  0.0
115.8  0.0
115.92  0.0
116.03999999999999  0.0
116.16  0.0
116.28  0.0
116.39999999999999  0.0
116.52  0.0
116.64  0.0
116.75999999999999  0.0
116.88  0.0
117.0  0.0
117.11999999999999  0.0
117.24  0.0
117.36  0.0
117.47999999999999  0.0
117.6  0.0
117.72  0.01487407646131722
117.83999999999999  0.037274582943390255
117.96  0.06077275172867441
118.08  0.0853184592871713
118.19999999999999  0.11085752384433462
118.32  0.13733188463325757
118.44  0.1646797948256043
118.56  0.1928360274704896
118.67999999999999  0.2217320937251004
118.8  0.2512964726178244
118.92  0.28145485154431654
119.03999999999999  0.3121303766594643
119.16  0.34324391229355133
119.28  0.3747143084893077
119.39999999999999  0.4064586757282559
119.52  0.4383926658894836
119.64  0.4704307584621321
119.75999999999999  0.5024865510146727
119.88  0.534473052908899
120.0  0.5663029812352806
