0.0  1.051371977733262  100.0
0.12  1.0720053447083695
0.24  1.0908958806255666
0.36  1.1079617402157933
0.48  1.1231268223234359
0.6  1.1363210409484124
0.72  1.1474805754755826
0.84  1.1565480992157355
0.96  1.1634729854580943
1.08  1.1682114903127698
1.2  1.1707269117026076
1.3199999999999998  1.1709897239471128
1.44  1.1689776874663436
1.56  1.1646759332194974
1.68  1.1580770215811138
1.7999999999999998  1.1491809754470443
1.92  1.137995287452295
2.04  1.1245349012732184
2.16  1.1088221670769958
2.28  1.0908867712716
2.4  1.0707656407991326
2.52  1.0485028223043116
2.6399999999999997  1.0241493365975698
2.76  0.9977630089184846
2.88  0.9694082755897303
3.0  0.9391559677341549
3.12  0.9070830728076598
3.2399999999999998  0.8732724747779945
3.36  0.8378126738541214
3.48  0.8007974867421864
3.5999999999999996  0.762325728472106
3.7199999999999998  0.7225008769031065
3.84  0.6814307210770141
3.96  0.6392269946444619
4.08  0.5960049956412885
4.2  0.5518831939400249
4.32  0.5069828277443964
4.4399999999999995  0.46142749053297777
4.56  0.4153427098914809
4.68  0.36885551970143976
4.8  0.32209402717622904
4.92  0.2751869762533192
5.04  0.2282633088643637
5.16  0.18145172561208872
5.279999999999999  0.13488024738501178
5.3999999999999995  0.08867577943768387
5.52  0.04296367945554258
5.64  0.0
5.76  0.0
5.88  0.0
6.0  0.0
6.12  0.0
6.24  0.0
6.359999999999999  0.0
6.4799999999999995  0.0
6.6  0.0
6.72  0.0
6.84  0.0
6.96  0.0
7.08  0.0
7.199999999999999  0.0
7.319999999999999  0.0
7.4399999999999995  0.0
7.56  0.0
7.68  0.0
7.8  0.0
7.92  0.0
8.04  0.0
8.16  0.0
8.28  0.0
8.4  0.0
8.52  0.0
8.64  0.0
8.76  0.0
8.879999999999999  0.0
9.0  0.0
9.12  0.0
9.24  0.0
9.36  0.0
9.48  0.0
9.6  0.0
9.719999999999999  0.0
9.84  0.0
9.959999999999999  0.0
10.08  0.0
10.2  0.0
10.32  0.0
10.44  0.0
10.559999999999999  0.0
10.68  0.0
10.799999999999999  0.0
10.92  0.0
11.04  0.0
11.16  0.0
11.28  0.0
11.4  0.0
11.52  0.0
11.639999999999999  0.0
11.76  0.0
11.879999999999999  0.0
12.0  0.0
12.12  0.0
12.24  0.0
12.36  0.0
12.48  0.0
12.6  0.0
12.719999999999999  0.0
12.84  0.0
12.959999999999999  0.0
13.08  0.006153421455014463
13.2  0.018452647774825248
13.32  0.02914994199388843
13.44  0.03818057530000707
13.559999999999999  0.045486136344200845
13.68  0.05101474378232296
13.799999999999999  0.0547212358479966
13.92  0.05656733629205768
14.04  0.05652179610629604
14.16  0.05456051053391775
14.28  0.05066661095553049
14.399999999999999  0.04483053132726511
14.52  0.03705004893658548
14.639999999999999  0.027330299331104646
14.76  0.01568376536599081
14.879999999999999  0.0021302404060047353
15.0  0.0
15.12  0.0
15.24  0.0
15.36  0.0
15.479999999999999  0.0
15.6  0.0
15.719999999999999  0.0
15.84  0.0
15.959999999999999  0.0
16.08  0.0
16.2  0.0
16.32  0.0
16.439999999999998  0.0
16.56  0.0
16.68  0.0
16.8  0.0
16.919999999999998  0.0
17.04  0.0
17.16  0.0
17.28  0.0
17.4  0.0
17.52  0.0
17.64  0.0
17.759999999999998  0.0
17.88  0.0
18.0  0.0
18.12  0.0
18.24  0.0
18.36  0.0
18.48  0.0
18.599999999999998  0.0
18.72  0.0
18.84  0.0
18.96  0.0
19.08  0.0
19.2  0.0
19.32  0.0
19.439999999999998  0.0
19.56  0.0
19.68  0.0
19.8  0.0
19.919999999999998  0.0
20.04  0.0
20.16  0.0
20.279999999999998  0.0
20.4  0.0
20.52  0.0
20.64  0.0
20.759999999999998  0.0
20.88  0.0
21.0  0.0
21.119999999999997  0.0
21.24  0.0
21.36  0.0
21.48  0.0
21.599999999999998  0.0
21.72  0.0
21.84  0.0
21.96  0.0
22.08  0.0
22.2  0.0
22.32  0.0
22.439999999999998  0.0
22.56  0.0
22.68  0.0
22.8  0.0
22.919999999999998  0.0
23.04  0.0
23.16  0.0
23.279999999999998  0.0
23.4  0.0
23.52  0.0
23.64  0.0
23.759999999999998  0.0
23.88  0.0
24.0  0.0
24.119999999999997  0.0
24.24  0.0
24.36  0.0
24.48  0.0
24.599999999999998  0.0
24.72  0.0
24.84  0.0
24.96  0.0
25.08  0.0
25.2  0.0
25.32  0.006173410383474409
25.439999999999998  0.044289073944620505
25.56  0.08111860394093573
25.68  0.11656678766001749
25.8  0.15054358531602963
25.919999999999998  0.18296443384647093
26.04  0.2137505314722682
26.16  0.2428291020306852
26.279999999999998  0.2701336381612104
26.4  0.29560412249848456
26.52  0.31918722610317674
26.64  0.34083648344126405
26.759999999999998  0.3605124433040947
26.88  0.3781827951457046
27.0  0.39382247039971346
27.119999999999997  0.4074137184255846
27.24  0.41894615682264935
27.36  0.4284167959398463
27.48  0.43583003749931254
27.599999999999998  0.44119764734235933
27.72  0.4445387023968068
27.84  0.44587951205468923
27.959999999999997  0.44525351423876214
28.08  0.4427011465246504
28.2  0.43826969277262917
28.32  0.43201310580858265
28.439999999999998  0.42399180677735987
28.56  0.414272461873223
28.68  0.40292773723114944
28.799999999999997  0.3900360328389846
28.919999999999998  0.3756811964037835
29.04  0.3599522181756708
29.16  0.34294290779906605
29.279999999999998  0.3247515543239217
29.4  0.30548057056843514
29.52  0.2852361230793342
29.64  0.26412774898618185
29.759999999999998  0.24226796109189574
29.88  0.21977184258275065
30.0  0.19675663277744934
30.119999999999997  0.17334130536604667
30.24  0.14964614061582796
30.36  0.1257922930422562
30.48  0.10190135605893791
30.599999999999998  0.07809492513112126
30.72  0.054494160962437144
30.84  0.031219354244461955
30.959999999999997  0.008389493493230427
31.08  0.0
31.2  0.0
31.32  0.0
31.439999999999998  0.0
31.56  0.0
31.68  0.0
31.799999999999997  0.0
31.919999999999998  0.0
32.04  0.0
32.16  0.0
32.28  0.0
32.4  0.0
32.519999999999996  0.0
32.64  0.0
32.76  0.0
32.879999999999995  0.0
33.0  0.0
33.12  0.0
33.24  0.0
33.36  0.0
33.48  0.0
33.6  0.0
33.72  0.0
33.839999999999996  0.0
33.96  0.0
34.08  0.0
34.199999999999996  0.0
34.32  0.0
34.44  0.0
34.56  0.0
34.68  0.0
34.8  0.0183798978533819
34.92  0.04809115552378662
35.04  0.0792919355909773
35.16  0.11189830469845374
35.28  0.14582088662544068
35.4  0.18096516670148466
35.519999999999996  0.21723181434073463
35.64  0.25451702257171144
35.76  0.2927128633789616
35.879999999999995  0.33170765761774423
36.0  0.37138635821187427
36.12  0.41163094529842115
36.24  0.45232083194124284
36.36  0.49333327899818946
36.48  0.5345438176949884
36.6  0.5758266784316723
36.72  0.6170552243256688
36.839999999999996  0.6581023879790633
36.96  0.6988411099461844
37.08  0.7391447773716675
37.199999999999996  0.7788876612685537
37.32  0.8179453509105692
37.44  0.8561951838228091
37.559999999999995  0.8935166698704031
37.68  0.9297919079651478
37.8  0.9649059939359566
37.92  0.9987474181397247
38.04  1.03120845142492
38.16  1.0621855181009345
38.28  1.0915795546114655
38.4  1.1192963526600814
38.519999999999996  1.1452468855904232
38.64  1.1693476168818222
38.76  1.1915207896835858
38.879999999999995  1.2116946963773647
39.0  1.229803927226645
39.12  1.2457895972454527
39.24  1.2595995504943531
39.36  1.271188541090564
39.48  1.280518390300327
39.6  1.2875581191651104
39.72  1.2922840561986229
39.839999999999996  1.2946799197786274
39.96  1.2947368749458552
40.08  1.2924535644116504
40.199999999999996  1.2878361136659895
40.32  1.2808981101679175
40.44  1.271660556690906
40.559999999999995  1.2601517989858277
40.68  1.2464074280139024
40.8  1.2304701570907144
40.92  1.2123896743699407
41.04  1.192222471181564
41.16  1.170031646823525
41.28  1.1458866904880254
41.4  1.1198632410834575
41.519999999999996  1.0920428257900374
41.64  1.0625125782615348
41.76  1.0313649374564169
41.879999999999995  0.9986973281493577
42.0  0.9646118242380037
42.12  0.9292147960199042
42.239999999999995  0.8926165426703764
42.36  0.8549309112038378
42.48  0.8162749032481527
42.6  0.7767682710040855
42.72  0.7365331037997405
42.839999999999996  0.6956934066824835
42.96  0.6543746725187984
43.08  0.612703449094983
43.199999999999996  0.5708069027290351
43.32  0.5288123799162536
43.44  0.4868469685378387
43.559999999999995  0.4450370601631869
43.68  0.40350791497285166
43.8  0.3623832308197751
43.92  0.3217847179319203
44.04  0.28183168073977255
44.16  0.2426406082870337
44.28  0.20432477465302556
44.4  0.16699385078011658
44.519999999999996  0.1307535290596506
44.64  0.09570516198528695
44.76  0.061945416133399545
44.879999999999995  0.0295659426765994
45.0  0.0
45.12  0.0
45.239999999999995  0.0
45.36  0.0
45.48  0.0
45.6  0.0
45.72  0.0
45.839999999999996  0.0
45.96  0.0
46.08  0.0
46.199999999999996  0.0
46.32  0.0
46.44  0.0
46.559999999999995  0.0
46.68  0.0
46.8  0.0
46.92  0.0
47.04  0.0
47.16  0.0
47.28  0.0
47.4  0.0
47.519999999999996  0.0
47.64  0.0
47.76  0.0
47.879999999999995  0.0
48.0  0.0
48.12  0.0
48.239999999999995  0.0
48.36  0.0
48.48  0.0
48.6  0.0
48.72  0.0
48.839999999999996  0.0
48.96  0.0
49.08  0.00039934425301438314
49.199999999999996  0.02372004815260001
49.32  0.047308581507318204
49.44  0.07104412498554863
49.559999999999995  0.09480524679760544
49.68  0.11847033905743681
49.8  0.14191805478691458
49.92  0.16502774403241677
50.04  0.18767988756646414
50.16  0.20975652665569078
50.28  0.2311416873900422
50.4  0.2517217980871856
50.519999999999996  0.27138609831027183
50.64  0.2900270380664508
50.76  0.3075406657878922
50.879999999999995  0.32382700373620943
51.0  0.3387904095151163
51.12  0.35233992242470125
51.239999999999995  0.3643895934436301
51.36  0.3748587976827813
51.48  0.38367252821507275
51.6  0.3907616702512697
51.72  0.3960632547002463
51.839999999999996  0.3995206902241841
51.96  0.4010839729743131
52.08  0.40070987327079116
52.199999999999996  0.39836209857084
52.32  0.39401143215211976
52.44  0.38763584702315346
52.559999999999995  0.37922059465915603
52.68  0.3687582682495864
52.8  0.3562488402327952
52.919999999999995  0.3416996739829393
53.04  0.32512550960470116
53.16  0.3065484238817575
53.28  0.28599776451527964
53.4  0.26351005887857115
53.519999999999996  0.2391288976029704
53.64  0.21290479339812785
53.76  0.18489501559625565
53.879999999999995  0.1551634009947943
54.0  0.12378014165477713
54.12  0.09082155039266643
54.239999999999995  0.05636980478139342
54.36  0.020512670551463608
54.48  0.0
54.6  0.0
54.72  0.0
54.839999999999996  0.0
54.96  0.0
55.08  0.0
55.199999999999996  0.0
55.32  0.0
55.44  0.0
55.559999999999995  0.0
55.68  0.0
55.8  0.0
55.919999999999995  0.0
56.04  0.0
56.16  0.0
56.28  0.0
56.4  0.0
56.519999999999996  0.0
56.64  0.0
56.76  0.0
56.879999999999995  0.0
57.0  0.0
57.12  0.0
57.239999999999995  0.0
57.36  0.0
57.48  0.0
57.599999999999994  0.0
57.72  0.0
57.839999999999996  0.0
57.96  0.0
58.08  0.0
58.199999999999996  0.0
58.32  0.0
58.44  0.0
58.559999999999995  0.0
58.68  0.0
58.8  0.0
58.919999999999995  0.0
59.04  0.0
59.16  0.0
59.28  0.0
59.4  0.0
59.519999999999996  0.0
59.64  0.0
59.76  0.0
59.879999999999995  0.0
60.0  0.0
60.12  0.0
60.239999999999995  0.0
60.36  0.0
60.48  0.0
60.599999999999994  0.0
60.72  0.0
60.839999999999996  0.0
60.96  0.0
61.08  0.0
61.199999999999996  0.0
61.32  0.0
61.44  0.0
61.559999999999995  0.0
61.68  0.0
61.8  0.0
61.919999999999995  0.0
62.04  0.0
62.16  0.0
62.28  0.0
62.4  0.0
62.519999999999996  0.0
62.64  0.0
62.76  0.0
62.879999999999995  0.0
63.0  0.0
63.12  0.0
63.239999999999995  0.0
63.36  0.0
63.48  0.0
63.599999999999994  0.0
63.72  0.0
63.839999999999996  0.0
63.96  0.0
64.08  0.0
64.2  0.0
64.32  0.0
64.44  0.0
64.56  0.0
64.67999999999999  0.0
64.8  0.003967440483794937
64.92  0.020830841095067165
65.03999999999999  0.035819227290266764
65.16  0.048902484718203576
65.28  0.06005771763531753
65.39999999999999  0.06926932165177058
65.52  0.0765290308329043
65.64  0.08183593899387243
65.75999999999999  0.08519649511549254
65.88  0.08662447289977093
66.0  0.08614091457394724
66.12  0.08377404914192388
66.24  0.07955918537122347
66.36  0.07353857989193568
66.48  0.06576128087108274
66.6  0.056282947811213624
66.72  0.04516564810545176
66.84  0.03247763106251422
66.96  0.01829308019386361
67.08  0.0026918446312487743
67.2  0.0
67.32  0.0
67.44  0.0
67.56  0.0
67.67999999999999  0.0
67.8  0.0
67.92  0.0
68.03999999999999  0.0
68.16  0.0
68.28  0.0
68.39999999999999  0.0
68.52  0.0
68.64  0.0
68.75999999999999  0.0
68.88  0.0
69.0  0.0
69.12  0.0
69.24  0.0
69.36  0.0
69.48  0.0
69.6  0.0
69.72  0.0
69.84  0.0
69.96  0.0
70.08  0.0
70.2  0.0
70.32  0.0
70.44  0.0
70.56  0.0
70.67999999999999  0.0
70.8  0.0
70.92  0.0
71.03999999999999  0.0
71.16  0.0
71.28  0.0
71.39999999999999  0.0
71.52  0.0
71.64  0.0
71.75999999999999  0.0
71.88  0.0
72.0  0.0
72.11999999999999  0.0
72.24  0.0
72.36  0.0
72.48  0.0
72.6  0.0
72.72  0.0
72.84  0.0
72.96  0.0
73.08  0.0
73.2  0.0
73.32  0.0
73.44  0.0
73.56  0.0
73.67999999999999  0.0
73.8  0.0
73.92  0.0
74.03999999999999  0.0
74.16  0.022937449492625245
74.28  0.06745611462654857
74.39999999999999  0.11262543615382845
74.52  0.1583230305206553
74.64  0.20442437685383194
74.75999999999999  0.2508032407791853
74.88  0.2973321043212438
75.0  0.34388260038594115
75.11999999999999  0.39032595031235995
75.24  0.436533402968522
75.36  0.482376673860872
75.48  0.5277283827271265
75.6  0.5724624880872576
75.72  0.6164547172381131
75.84  0.6595829901928909
75.96  0.7017278360880138
76.08  0.7427728006060111
76.2  0.7826048429944711
76.32  0.8211147212973902
76.44  0.8581973644564145
76.56  0.8937522299851769
76.67999999999999  0.9276836459704509
76.8  0.9599011362084066
76.92  0.9903197273431125
77.03999999999999  1.0188602369373805
77.16  1.0454495414724567
77.28  1.0700208233431594
77.39999999999999  1.092513795988439
77.52  1.1128749063736185
77.64  1.1310575141195558
77.75999999999999  1.14702204665564
77.88  1.1607361298571024
78.0  1.1721746937127218
78.11999999999999  1.181320052656233
78.24  1.1881619602831053
78.36  1.1926976382638086
78.48  1.1949317793547718
78.6  1.1948765244986201
78.72  1.1925514140957576
78.84  1.1879833136194806
78.96  1.181206313836413
79.08  1.1722616059826445
79.2  1.1611973323334106
79.32  1.1480684126900114
79.44  1.1329363473917393
79.56  1.115868997542517
79.67999999999999  1.0969403432214646
79.8  1.0762302205234437
79.92  1.0538240383495505
80.03999999999999  1.029812475938141
80.16  1.0042911621941706
80.28  0.9773603379382652
80.39999999999999  0.9491245022563444
80.52  0.9196920441862284
80.64  0.8891748610287922
80.75999999999999  0.8576879646178018
80.88  0.8253490769246391
81.0  0.7922782164113209
81.11999999999999  0.7585972765773568
81.24  0.724429598173288
81.36  0.6898995365758341
81.48  0.6551320258362101
81.6  0.6202521409250026
81.72  0.5853846597029813
81.84  0.5506536261482978
81.96  0.5161819163659034
82.08  0.48209080889533906
82.2  0.4484995608179795
82.32  0.41552499114436636
82.44  0.38328107293688135
82.56  0.35187853559242555
82.67999999999999  0.3214244786741283
82.8  0.29202199864073425
82.92  0.2637698297773192
83.03999999999999  0.23676200058108499
83.16  0.2110875068021112
83.28  0.18683000228066104
83.39999999999999  0.16406750866032982
83.52  0.14287214499041212
83.64  0.12330987816131256
83.75999999999999  0.10544029504391927
83.88  0.08931639712805461
84.0  0.07498441837646674
84.11999999999999  0.06248366692956875
84.24  0.0518463912128877
84.36  0.04309767091379657
84.47999999999999  0.03625533320718888
84.6  0.0313298945214997
84.72  0.028324528047216746
84.84  0.027235057100006732
84.96  0.028049974360245145
85.08  0.030750486920264053
85.2  0.03531058698044243
85.32  0.04169714794558532
85.44  0.04987004558429531
85.56  0.059782303826379724
85.67999999999999  0.0713802646872631
85.8  0.08460378172402494
85.92  0.09938643634539651
86.03999999999999  0.1156557762182262
86.16  0.13333357493562648
86.28  0.1523361120377008
86.39999999999999  0.17257447240463586
86.52  0.19395486397418632
86.64  0.2163789526714867
86.75999999999999  0.23974421337907137
86.88  0.2639442957187341
87.0  0.28886940336517086
87.11999999999999  0.31440668556403295
87.24  0.3404406394843046
87.36  0.3668535219969792
87.47999999999999  0.39352576943915346
87.6  0.4203364238946043
87.72  0.4471635644991243
87.84  0.4738847422613581
87.96  0.500377416877437
88.08  0.5265193940108668
88.2  0.5521892615072054
88.32  0.5772668230170293
88.44  0.6016335275094783
88.56  0.6251728931730443
88.67999999999999  0.6477709242198972
88.8  0.6693165191346919
88.92  0.6897018689386769
89.03999999999999  0.7088228440748001
89.16  0.7265793685591717
89.28  0.7428757800886419
89.39999999999999  0.757621174843438
89.52  0.7707297357769931
89.64  0.7821210432429191
89.75999999999999  0.7917203668706885
89.88  0.7994589376670245
90.0  0.8052741993890693
90.11999999999999  0.8091100383077651
90.24  0.8109169905553353
90.36  0.8106524263290065
90.47999999999999  0.8082807103039702
90.6  0.8037733376915862
90.72  0.7971090454639546
90.84  0.7882738983526273
90.96  0.7772613493173829
91.08  0.764072274270087
91.2  0.7487149809286315
91.32  0.7312051917662092
91.44  0.7115660011117007
91.56  0.6898278065472432
91.67999999999999  0.6660282148387275
91.8  0.6402119227239865
91.92  0.6124305729712591
92.03999999999999  0.5827425862067735
92.16  0.55121296909504
92.28  0.5179130995380102
92.39999999999999  0.48292048963943046
92.52  0.44631852725847554
92.64  0.40819619705155125
92.75999999999999  0.3686477819726485
92.88  0.3277725462710328
93.0  0.2856744010896648
93.11999999999999  0.24246155382840434
93.24  0.19824614249289382
93.36  0.15314385630242086
93.47999999999999  0.10727354387801227
93.6  0.06075681037543351
93.72  0.013717604966473923
93.84  0.0
93.96  0.0
94.08  0.0
94.2  0.0
94.32  0.0
94.44  0.0
94.56  0.0
94.67999999999999  0.0
94.8  0.0
94.92  0.0
95.03999999999999  0.0
95.16  0.0
95.28  0.0
95.39999999999999  0.0
95.52  0.0
95.64  0.0
95.75999999999999  0.0
95.88  0.0
96.0  0.0
96.11999999999999  0.0
96.24  0.0
96.36  0.0
96.47999999999999  0.0
96.6  0.0
96.72  0.0
96.84  0.0
96.96  0.0
97.08  0.0
97.2  0.0
97.32  0.0
97.44  0.0
97.56  0.0
97.67999999999999  0.0
97.8  0.0
97.92  0.0
98.03999999999999  0.0
98.16  0.0
98.28  0.0
98.39999999999999  0.0
98.52  0.0
98.64  0.0
98.75999999999999  0.0
98.88  0.0
99.0  0.0
99.11999999999999  0.0
99.24  0.0
99.36  0.0
99.47999999999999  0.0
99.6  0.0
99.72  0.0
99.84  0.0
99.96  0.0
100.08  0.0
100.2  0.0
100.32  0.0
100.44  0.0
100.56  0.0
100.67999999999999  0.0
100.8  0.0
100.92  0.0
101.03999999999999  0.0
101.16  0.0
101.28  0.0
101.39999999999999  0.0
101.52  0.0
101.64  0.0
101.75999999999999  0.0
101.88  0.0
102.0  0.0
102.11999999999999  0.0
102.24  0.0
102.36  0.0
102.47999999999999  0.0
102.6  0.0
102.72  0.0
102.83999999999999  0.0
102.96  0.0
103.08  0.0
103.2  0.0
103.32  0.0
103.44  0.0
103.56  0.0
103.67999999999999  0.0
103.8  0.0
103.92  0.0
104.03999999999999  0.0
104.16  0.0
104.28  0.0
104.39999999999999  0.0
104.52  0.0
104.64  0.0
104.75999999999999  0.0
104.88  0.0
105.0  0.0
105.11999999999999  0.0
105.24  0.0
105.36  0.0
105.47999999999999  0.0
105.6  0.0
105.72  0.0
105.83999999999999  0.0
105.96  0.0
106.08  0.0
106.2  0.0
106.32  0.0
106.44  0.0
106.56  0.0
106.67999999999999  0.0
106.8  0.0
106.92  0.0
107.03999999999999  0.0
107.16  0.0
107.28  0.0
107.39999999999999  0.0
107.52  0.0
107.64  0.0
107.75999999999999  0.0
107.88  0.0
108.0  0.0
108.11999999999999  0.0
108.24  0.0
108.36  0.0
108.47999999999999  0.0
108.6  0.0
108.72  0.0
108.83999999999999  0.0
108.96  0.0
109.08  0.0
109.2  0.0
109.32  0.0
109.44  0.0
109.56  0.0
109.67999999999999  0.0
109.8  0.0
109.92  0.0
110.03999999999999  0.0
110.16  0.0
110.28  0.0
110.39999999999999  0.0
110.52  0.0
110.64  0.0
110.75999999999999  0.0
110.88  0.0
111.0  0.0
111.11999999999999  0.0
111.24  0.0
111.36  0.0
111.47999999999999  0.0
111.6  0.0
111.72  0.0
111.83999999999999  0.0
111.96  0.0
112.08  0.0
112.2  0.0
112.32  0.0
112.44  0.0
112.56  0.0
112.67999999999999  0.0
112.8  0.0
112.92  0.0
113.03999999999999  0.0
113.16  0.0
113.28  0.0
113.39999999999999  0.0
113.52  0.044869457928999434
113.64  0.0926011161031399
113.75999999999999  0.13995260163937145
113.88  0.18679739068371906
114.0  0.23301073489200907
114.11999999999999  0.2784700848449615
114.24  0.3230555057847344
114.36  0.36665008422459416
114.47999999999999  0.4091403240155346
114.6  0.4504165304901766
114.72  0.4903731813460639
114.83999999999999  0.5289092829768628
114.96  0.5659287110106594
115.08  0.6013405338697042
115.19999999999999  0.6350593182254036
115.32  0.6670054152854268
115.44  0.6971052269167495
115.56  0.7252914506790165
115.67999999999999  0.7515033029160628
115.8  0.7756867191302359
115.92  0.797794530943307
116.03999999999999  0.8177866190297338
116.16  0.8356300414917721
116.28  0.8512991372317794
116.39999999999999  0.8647756039643282
116.52  0.8760485505993545
116.64  0.8851145238169942
116.75999999999999  0.8919775087449393
116.88  0.8966489037395547
117.0  0.8991474693624086
117.11999999999999  0.8994992517340079
117.24  0.8977374805359811
117.36  0.8939024420214507
117.47999999999999  0.8880413274806518
117.6  0.8802080576944988
117.72  0.8704630839926767
117.83999999999999  0.8588731666145023
117.96  0.8455111311500467
118.08  0.8304556039155429
118.19999999999999  0.8137907271906324
118.32  0.7956058553153205
118.44  0.775995232711325
118.56  0.7550576549555699
118.67999999999999  0.7328961140927926
118.8  0.7096174294291537
118.92  0.6853318650995253
119.03999999999999  0.660152735747146
119.16  0.634196001695924
119.28  0.6075798550322907
119.39999999999999  0.5804242980451668
119.52  0.5528507154992952
119.64  0.5249814422387222
119.75999999999999  0.4969393276333108
119.88  0.46884729839236106
120.0  0.4408279212749201
