0.0  0.5668871762077178  100.0
0.12  0.5726450181674856
0.24  0.5784042561175351
0.36  0.5841289113982961
0.48  0.5897824968047722
0.6  0.5953281492601553
0.72  0.6007287640001329
0.84  0.6059471297974705
0.96  0.6109460647527621
1.08  0.6156885521751976
1.2  0.6201378760768201
1.3199999999999998  0.6242577558050434
1.44  0.6280124793411388
1.56  0.6313670347970104
1.68  0.6342872396488075
1.7999999999999998  0.636739867253773
1.92  0.6386927702061551
2.04  0.6401150000990008
2.16  0.6409769232711402
2.28  0.6412503321326449
2.4  0.6409085516774302
2.52  0.6399265408084325
2.6399999999999997  0.6382809881188549
2.76  0.6359504017922901
2.88  0.6329151933050211
3.0  0.6291577546353968
3.12  0.6246625287078128
3.2399999999999998  0.6194160728224053
3.36  0.6134071148460252
3.48  0.6066266019652937
3.5999999999999996  0.5990677418284742
3.7199999999999998  0.590726035929439
3.84  0.5815993051140617
3.96  0.5716877071168405
4.08  0.5609937460633505
4.2  0.5495222739021495
4.32  0.5372804837579096
4.4399999999999995  0.5242778952257259
4.56  0.5105263316546671
4.68  0.49603988949657585
4.8  0.4808348998238057
4.92  0.46492988214690323
5.04  0.44834549069010343
5.16  0.43110445330881864
5.279999999999999  0.4132315032589751
5.3999999999999995  0.3947533040529805
5.52  0.3756983676612372
5.64  0.35609696634131793
5.76  0.3359810383991622
5.88  0.31538408820781827
6.0  0.29434108082928456
6.12  0.27288833160384185
6.24  0.2510633910888117
6.359999999999999  0.2289049257449114
6.4799999999999995  0.20645259478319866
6.6  0.18374692359900355
6.72  0.16082917423113513
6.84  0.13774121329503677
6.96  0.11452537784736813
7.08  0.09122433964669786
7.199999999999999  0.0678809682805951
7.319999999999999  0.044538193633336366
7.4399999999999995  0.021238868170759782
7.56  0.0
7.68  0.0
7.8  0.0
7.92  0.0
8.04  0.0
8.16  0.0
8.28  0.0
8.4  0.0
8.52  0.0
8.64  0.0
8.76  0.0
8.879999999999999  0.0
9.0  0.0
9.12  0.0
9.24  0.0
9.36  0.0
9.48  0.0
9.6  0.0
9.719999999999999  0.0
9.84  0.0
9.959999999999999  0.0
10.08  0.0
10.2  0.0
10.32  0.0
10.44  0.0
10.559999999999999  0.0
10.68  0.0
10.799999999999999  0.0
10.92  0.0
11.04  0.0
11.16  0.0
11.28  0.0
11.4  0.0
11.52  0.0
11.639999999999999  0.0
11.76  0.0
11.879999999999999  0.0
12.0  0.0
12.12  0.0
12.24  0.0
12.36  0.0
12.48  0.0
12.6  0.0
12.719999999999999  0.0
12.84  0.0
12.959999999999999  0.0
13.08  0.0
13.2  0.0
13.32  0.0
13.44  0.0
13.559999999999999  0.0
13.68  0.0
13.799999999999999  0.0
13.92  0.0
14.04  0.0
14.16  0.0
14.28  0.0
14.399999999999999  0.0
14.52  0.0
14.639999999999999  0.0
14.76  0.0
14.879999999999999  0.0
15.0  0.0
15.12  0.0
15.24  0.0
15.36  0.0
15.479999999999999  0.0
15.6  0.0
15.719999999999999  0.0
15.84  0.0
15.959999999999999  0.0
16.08  0.0
16.2  0.0
16.32  0.0
16.439999999999998  0.0
16.56  0.0
16.68  0.0
16.8  0.0
16.919999999999998  0.0
17.04  0.0
17.16  0.0
17.28  0.0
17.4  0.0
17.52  0.0
17.64  0.0
17.759999999999998  0.0
17.88  0.0
18.0  0.0
18.12  0.0
18.24  0.0
18.36  0.0
18.48  0.0
18.599999999999998  0.0
18.72  0.0
18.84  0.0
18.96  0.0
19.08  0.0
19.2  0.0
19.32  0.0
19.439999999999998  0.0
19.56  0.0
19.68  0.0
19.8  0.0
19.919999999999998  0.0
20.04  0.0
20.16  0.0
20.279999999999998  0.0
20.4  0.0
20.52  0.0
20.64  0.0
20.759999999999998  0.0
20.88  0.0
21.0  0.0
21.119999999999997  0.0
21.24  0.0
21.36  0.0
21.48  0.0
21.599999999999998  0.0
21.72  0.0
21.84  0.0
21.96  0.0
22.08  0.0
22.2  0.0
22.32  0.0
22.439999999999998  0.0
22.56  0.0
22.68  0.0
22.8  0.0
22.919999999999998  0.0
23.04  0.0
23.16  0.0
23.279999999999998  0.0
23.4  0.0
23.52  0.0
23.64  0.0
23.759999999999998  0.0
23.88  0.0
24.0  0.0
24.119999999999997  0.0
24.24  0.0
24.36  0.0
24.48  0.0
24.599999999999998  0.0
24.72  0.0
24.84  0.0
24.96  0.0
25.08  0.0
25.2  0.0
25.32  0.0
25.439999999999998  0.0
25.56  0.0
25.68  0.0
25.8  0.0
25.919999999999998  0.0
26.04  0.0
26.16  0.0
26.279999999999998  0.0
26.4  0.0
26.52  0.0
26.64  0.0
26.759999999999998  0.0
26.88  0.0
27.0  0.0
27.119999999999997  0.0
27.24  0.0
27.36  0.0
27.48  0.0
27.599999999999998  0.0
27.72  0.0
27.84  0.00407690489312898
27.959999999999997  0.023847637597668614
28.08  0.04316393858020215
28.2  0.06199670613046318
28.32  0.08031863294634123
28.439999999999998  0.09810428932258392
28.56  0.11533019975164174
28.68  0.13197491267296085
28.799999999999997  0.14801906313098387
28.919999999999998  0.16344542812688795
29.04  0.1782389744746049
29.16  0.1923868989978832
29.279999999999998  0.2058786609318685
29.4  0.21870600641995366
29.52  0.23086298502421082
29.64  0.24234595819566446
29.759999999999998  0.2531535996787085
29.88  0.26328688785215826
30.0  0.27274909003758585
30.119999999999997  0.2815457388336363
30.24  0.2896846005628759
30.36  0.2971756359452486
30.48  0.30403095313938977
30.599999999999998  0.31026475331965886
30.72  0.3158932689828431
30.84  0.32093469520384277
30.959999999999997  0.32540911408428586
31.08  0.3293384126617604
31.2  0.3327461945701917
31.32  0.33565768576369537
31.439999999999998  0.3380996346369528
31.56  0.3401002068947128
31.68  0.3416888755413421
31.799999999999997  0.3428963063783607
31.919999999999998  0.34375423941358363
32.04  0.34429536659972554
32.16  0.34455320633313535
32.28  0.34456197515460923
32.4  0.34435645710398116
32.519999999999996  0.34397187118834793
32.64  0.3434437374303489
32.76  0.3428077419678578
32.879999999999995  0.34209960167970244
33.0  0.34135492881367324
33.12  0.34060909609302426
33.24  0.33989710277597285
33.36  0.33925344213932385
33.48  0.3387119708523558
33.6  0.33830578070043543
33.72  0.33806707310960593
33.839999999999996  0.33802703691355734
33.96  0.3382157297930135
34.08  0.33866196380471925
34.199999999999996  0.3393931954028653
34.32  0.3404354203400528
34.44  0.34181307381782544
34.56  0.34354893623839566
34.68  0.345664044889591
34.8  0.3481776118742653
34.92  0.35110694857356783
35.04  0.3544673969105814
35.16  0.3582722676570489
35.28  0.3625327860012354
35.4  0.3672580445695777
35.519999999999996  0.37245496406867673
35.64  0.378128261687504
35.76  0.3842804273725585
35.879999999999995  0.390911708061129
36.0  0.3980200999299812
36.12  0.4056013486887202
36.24  0.41364895791894185
36.36  0.4221542054320935
36.48  0.4311061675909321
36.6  0.4404917515115656
36.72  0.4502957350354796
36.839999999999996  0.46050081433377205
36.96  0.47108765897906535
37.08  0.4820349742944422
37.199999999999996  0.4933195707632708
37.32  0.5049164402590383
37.44  0.516798838830443
37.559999999999995  0.528938375754047
37.68  0.54130510854479
37.8  0.5538676435938347
37.92  0.5665932420834792
38.04  0.5794479308103487
38.16  0.5923966175309133
38.28  0.6054032104274738
38.4  0.6184307412783189
38.519999999999996  0.6314414919027573
38.64  0.644397123440198
38.76  0.6572588080125025
38.879999999999995  0.6699873623104535
39.0  0.6825433826383481
39.12  0.6948873809456145
39.24  0.70697992137081
39.36  0.7187817568214864
39.48  0.7302539651132494
39.6  0.741358084192778
39.72  0.7520562459727083
39.839999999999996  0.7623113083110808
39.96  0.7720869846744384
40.08  0.7813479710316942
40.199999999999996  0.7900600695355074
40.32  0.798190308559019
40.44  0.8057070586684962
40.559999999999995  0.8125801441265494
40.68  0.8187809495361125
40.8  0.8242825212523025
40.92  0.8290596632074755
41.04  0.8330890268142246
41.16  0.8363491946317079
41.28  0.8388207575023887
41.4  0.8404863848890226
41.519999999999996  0.841330888165403
41.64  0.8413412766389198
41.76  0.8405068061083085
41.879999999999995  0.8388190197859756
42.0  0.8362717814408807
42.12  0.8328613006450731
42.239999999999995  0.8285861500344859
42.36  0.8234472745224255
42.48  0.8174479924322338
42.6  0.8105939885437576
42.72  0.8028932990764556
42.839999999999996  0.7943562886600438
42.96  0.7849956193715395
43.08  0.7748262119451853
43.199999999999996  0.7638651992890171
43.32  0.752131872468663
43.44  0.7396476193451991
43.559999999999995  0.7264358560794736
43.68  0.7125219517402016
43.8  0.6979331462771308
43.92  0.6826984621436931
44.04  0.6668486098757231
44.16  0.6504158879538041
44.28  0.6334340772967926
44.4  0.6159383307527139
44.519999999999996  0.597965057970645
44.64  0.579551806053319
44.76  0.5607371364048193
44.879999999999995  0.5415604982009928
45.0  0.522062098921962
45.12  0.5022827723963198
45.239999999999995  0.48226384481520457
45.36  0.46204699918155506
45.48  0.44167413866519667
45.6  0.42118724933821594
45.72  0.4006282627672189
45.839999999999996  0.3800389189394554
45.96  0.3594606299986615
46.08  0.33893434526354327
46.199999999999996  0.3185004179973012
46.32  0.2981984743904865
46.44  0.27806728521165486
46.559999999999995  0.25814464057093117
46.68  0.23846722823072428
46.8  0.21907051588536164
46.92  0.1999886378175166
47.04  0.18125428632402013
47.16  0.16289860828687783
47.28  0.14495110724739155
47.4  0.12743955132196744
47.519999999999996  0.11038988727776769
47.64  0.09382616106485667
47.76  0.0777704450788497
47.879999999999995  0.062242772404575375
48.0  0.047261078266839646
48.12  0.03284114888918199
48.239999999999995  0.018996577935593256
48.36  0.0057387306836949314
48.48  0.0
48.6  0.0
48.72  0.0
48.839999999999996  0.0
48.96  0.0
49.08  0.0
49.199999999999996  0.0
49.32  0.0
49.44  0.0
49.559999999999995  0.0
49.68  0.0
49.8  0.0
49.92  0.0
50.04  0.0
50.16  0.0
50.28  0.0
50.4  0.0
50.519999999999996  0.0
50.64  0.0
50.76  0.0
50.879999999999995  0.0
51.0  0.0
51.12  0.0
51.239999999999995  0.0
51.36  0.0
51.48  0.0
51.6  0.0
51.72  0.0
51.839999999999996  0.0
51.96  0.0
52.08  0.0
52.199999999999996  0.0
52.32  0.0
52.44  0.0
52.559999999999995  0.0
52.68  0.0
52.8  0.0
52.919999999999995  0.0
53.04  0.0
53.16  0.0
53.28  0.0
53.4  0.0
53.519999999999996  0.0
53.64  0.0
53.76  0.0
53.879999999999995  0.0
54.0  0.0
54.12  0.0
54.239999999999995  0.0
54.36  0.0
54.48  0.0
54.6  0.0
54.72  0.0
54.839999999999996  0.0
54.96  0.0
55.08  0.0
55.199999999999996  0.0
55.32  0.0
55.44  0.0
55.559999999999995  0.0
55.68  0.0
55.8  0.0
55.919999999999995  0.0
56.04  0.0
56.16  0.0
56.28  0.0
56.4  0.0
56.519999999999996  0.0
56.64  0.0
56.76  0.0
56.879999999999995  0.0
57.0  0.0
57.12  0.0
57.239999999999995  0.0
57.36  0.0
57.48  0.0
57.599999999999994  0.0
57.72  0.0
57.839999999999996  0.0
57.96  0.0
58.08  0.0
58.199999999999996  0.0
58.32  0.0
58.44  0.0
58.559999999999995  0.0
58.68  0.0
58.8  0.0
58.919999999999995  0.0
59.04  0.0
59.16  0.0
59.28  0.0
59.4  0.0
59.519999999999996  0.0
59.64  0.0
59.76  0.0
59.879999999999995  0.0
60.0  0.0
60.12  0.0
60.239999999999995  0.0
60.36  0.0
60.48  0.0
60.599999999999994  0.0
60.72  0.0
60.839999999999996  0.0
60.96  0.0
61.08  0.0
61.199999999999996  0.0
61.32  0.0
61.44  0.0
61.559999999999995  0.0
61.68  0.0
61.8  0.0
61.919999999999995  0.0
62.04  0.0
62.16  0.0
62.28  0.0
62.4  0.0
62.519999999999996  0.0
62.64  0.0
62.76  0.0
62.879999999999995  0.0
63.0  0.0
63.12  0.0
63.239999999999995  0.0
63.36  0.0
63.48  0.0
63.599999999999994  0.0
63.72  0.0
63.839999999999996  0.0
63.96  0.0
64.08  0.0
64.2  0.0
64.32  0.0
64.44  0.0
64.56  0.0
64.67999999999999  0.0
64.8  0.0
64.92  0.0
65.03999999999999  0.0
65.16  0.0
65.28  0.0
65.39999999999999  0.0
65.52  0.0
65.64  0.0
65.75999999999999  0.0
65.88  0.0
66.0  0.0
66.12  0.0
66.24  0.0
66.36  0.0
66.48  0.0
66.6  0.0
66.72  0.0
66.84  0.0
66.96  0.0
67.08  0.0
67.2  0.0
67.32  0.0
67.44  0.0
67.56  0.0
67.67999999999999  0.0
67.8  0.0
67.92  0.0
68.03999999999999  0.0
68.16  0.0
68.28  0.0
68.39999999999999  0.0
68.52  0.0
68.64  0.0
68.75999999999999  0.0
68.88  0.0
69.0  0.0
69.12  0.0
69.24  0.0
69.36  0.0
69.48  0.0
69.6  0.0
69.72  0.0
69.84  0.0
69.96  0.0
70.08  0.0
70.2  0.0
70.32  0.0
70.44  0.0
70.56  0.0
70.67999999999999  0.0
70.8  0.0
70.92  0.0
71.03999999999999  0.0
71.16  0.0
71.28  0.0
71.39999999999999  0.0
71.52  0.0
71.64  0.0
71.75999999999999  0.0
71.88  0.0
72.0  0.0
72.11999999999999  0.0
72.24  0.0
72.36  0.0
72.48  0.0
72.6  0.0
72.72  0.0
72.84  0.0
72.96  0.0
73.08  0.0
73.2  0.003926129755529334
73.32  0.011273730348627636
73.44  0.0191759608735603
73.56  0.027642534874356833
73.67999999999999  0.03668099460153068
73.8  0.04629667290462075
73.92  0.056492662909133545
74.03999999999999  0.06726979558752372
74.16  0.07862662530623815
74.28  0.09055942340294171
74.39999999999999  0.10306217982003374
74.52  0.11612661279234188
74.64  0.12974218655871564
74.75999999999999  0.14389613703924953
74.88  0.15857350539195325
75.0  0.17375717933513488
75.11999999999999  0.1894279420946635
75.24  0.20556452880854026
75.36  0.2221436901951665
75.48  0.23914026326629573
75.6  0.2565272488409812
75.72  0.2742758955930836
75.84  0.29235579034197257
75.96  0.3107349542743162
76.08  0.32937994476399146
76.2  0.3482559624376119
76.32  0.36732696311478535
76.44  0.38655577423516985
76.56  0.40590421536861665
76.67999999999999  0.4253332223904704
76.8  0.44480297489118753
76.92  0.4642730263780732
77.03999999999999  0.48370243681722497
77.16  0.5030499070554605
77.28  0.5222739146554123
77.39999999999999  0.5413328506720172
77.52  0.5601851568952827
77.64  0.5787894630824595
77.75999999999999  0.5971047237028545
77.88  0.6150903537200798
78.0  0.6327063629398366
78.11999999999999  0.6499134884563703
78.24  0.6666733247372322
78.36  0.6829484508942006
78.48  0.6987025546980222
78.6  0.7139005529058979
78.72  0.7285087074834955
78.84  0.7424947373175224
78.96  0.7558279250306146
79.08  0.7684792185273267
79.2  0.7804213269183287
79.32  0.7916288104895487
79.44  0.8020781644036878
79.56  0.8117478958433602
79.67999999999999  0.8206185943280098
79.8  0.8286729949604781
79.92  0.835896034383745
80.03999999999999  0.8422748992537861
80.16  0.8477990670605414
80.28  0.8524603391556425
80.39999999999999  0.85625286587274
80.52  0.8591731636537897
80.64  0.8612201241225197
80.75999999999999  0.8623950150743793
80.88  0.8627014733804155
81.0  0.8621454898307116
81.11999999999999  0.8607353859711073
81.24  0.8584817830148141
81.36  0.8553975629381609
81.48  0.8514978218969258
81.6  0.8467998161264746
81.72  0.8413229005151042
81.84  0.8350884600655193
81.96  0.8281198344841325
82.08  0.820442236161816
82.2  0.8120826618327622
82.32  0.8030697982200938
82.44  0.7934339219978169
82.56  0.7832067944185056
82.67999999999999  0.7724215509746383
82.8  0.7611125864787913
82.92  0.7493154359638752
83.03999999999999  0.7370666518190441
83.16  0.7244036775900593
83.28  0.7113647188844512
83.39999999999999  0.6979886118318408
83.52  0.6843146895582828
83.64  0.6703826471403665
83.75999999999999  0.6562324055100106
83.88  0.6419039747845199
84.0  0.6274373174984339
84.11999999999999  0.6128722122138843
84.24  0.5982481179848942
84.36  0.5836040401479443
84.47999999999999  0.5689783979064295
84.6  0.5544088941703127
84.72  0.5399323881043606
84.84  0.5255847708287613
84.96  0.5114008447049094
85.08  0.49741420662650854
85.2  0.4836571357221407
85.32  0.47016048585991177
85.44  0.4569535833279856
85.56  0.4440641300467141
85.67999999999999  0.43151811264858847
85.8  0.4193397177417719
85.92  0.40755125365128114
86.03999999999999  0.3961730789091781
86.16  0.38522353774152374
86.28  0.37471890277536296
86.39999999999999  0.3646733251636786
86.52  0.3550987923003319
86.64  0.34600509327044104
86.75999999999999  0.33739979215452254
86.88  0.3292882092772893
87.0  0.3216734104641723
87.11999999999999  0.31455620434058906
87.24  0.30793514768087443
87.36  0.30180655878558926
87.47999999999999  0.29616453883784005
87.6  0.2910010011613169
87.72  0.28630570827513
87.84  0.28206631661319537
87.96  0.2782684287491466
88.08  0.27489565294146784
88.2  0.2719296697879169
88.32  0.26935030575345553
88.44  0.26713561331182156
88.56  0.26526195741775666
88.67999999999999  0.26370410800473987
88.8  0.26243533818197806
88.92  0.2614275277844862
89.03999999999999  0.2606512719113125
89.16  0.26007599406954074
89.28  0.25967006352553834
89.39999999999999  0.2594009164502444
89.52  0.259235180431923
89.64  0.25913880191808547
89.75999999999999  0.25907717613798215
89.88  0.25901527904836846
90.0  0.258917800838177
90.11999999999999  0.2587492805222119
90.24  0.2584742411501909
90.36  0.25805732515524776
90.47999999999999  0.2574634293655337
90.6  0.25665783920365204
90.72  0.25560636160154193
90.84  0.25427545616282304
90.96  0.2526323641107652
91.08  0.25064523456772503
91.2  0.2482832477212265
91.32  0.24551673444267821
91.44  0.24231729193712634
91.56  0.2386578950162887
91.67999999999999  0.23451300260235658
91.8  0.22985865908673506
91.92  0.22467259018582492
92.03999999999999  0.21893429295518094
92.16  0.2126251196437385
92.28  0.20572835509137127
92.39999999999999  0.19822928739551318
92.52  0.19011527159613328
92.64  0.1813757861527375
92.75999999999999  0.1720024820121924
92.88  0.16198922409209882
93.0  0.1513321250309147
93.11999999999999  0.14002957108302339
93.24  0.1280822400643913
93.36  0.11549311128226353
93.47999999999999  0.10226746741027046
93.6  0.08841288829852545
93.72  0.07393923673647063
93.84  0.058858636214273535
93.96  0.04318544075662256
94.08  0.026936196930403222
94.2  0.010129598155132924
94.32  0.0
94.44  0.0
94.56  0.0
94.67999999999999  0.0
94.8  0.0
94.92  0.0
95.03999999999999  0.0
95.16  0.0
95.28  0.0
95.39999999999999  0.0
95.52  0.0
95.64  0.0
95.75999999999999  0.0
95.88  0.0
96.0  0.0
96.11999999999999  0.0
96.24  0.0
96.36  0.0
96.47999999999999  0.0
96.6  0.0
96.72  0.0
96.84  0.0
96.96  0.0
97.08  0.0
97.2  0.0
97.32  0.0
97.44  0.0
97.56  0.0
97.67999999999999  0.0
97.8  0.0
97.92  0.0
98.03999999999999  0.0
98.16  0.0
98.28  0.0
98.39999999999999  0.0
98.52  0.0
98.64  0.0
98.75999999999999  0.0
98.88  0.0
99.0  0.0
99.11999999999999  0.0
99.24  0.0
99.36  0.0
99.47999999999999  0.0
99.6  0.0
99.72  0.0
99.84  0.0
99.96  0.0
100.08  0.0
100.2  0.0
100.32  0.0
100.44  0.0
100.56  0.0
100.67999999999999  0.0
100.8  0.0
100.92  0.0
101.03999999999999  0.0
101.16  0.0
101.28  0.0
101.39999999999999  0.0
101.52  0.0
101.64  0.0
101.75999999999999  0.0
101.88  0.0
102.0  0.0
102.11999999999999  0.0
102.24  0.0
102.36  0.0
102.47999999999999  0.0
102.6  0.0
102.72  0.0
102.83999999999999  0.0
102.96  0.0
103.08  0.0
103.2  0.0
103.32  0.0
103.44  0.0
103.56  0.0
103.67999999999999  0.0
103.8  0.0
103.92  0.0
104.03999999999999  0.0
104.16  0.0
104.28  0.0
104.39999999999999  0.0
104.52  0.0
104.64  0.0
104.75999999999999  0.0
104.88  0.0
105.0  0.0
105.11999999999999  0.0
105.24  0.0
105.36  0.0
105.47999999999999  0.0
105.6  0.0
105.72  0.0
105.83999999999999  0.0
105.96  0.0
106.08  0.0
106.2  0.0
106.32  0.0
106.44  0.0
106.56  0.0
106.67999999999999  0.0
106.8  0.0
106.92  0.0
107.03999999999999  0.0
107.16  0.0
107.28  0.0
107.39999999999999  0.0
107.52  0.0
107.64  0.0
107.75999999999999  0.0
107.88  0.0
108.0  0.0
108.11999999999999  0.0
108.24  0.0
108.36  0.0
108.47999999999999  0.0
108.6  0.0
108.72  0.0
108.83999999999999  0.0
108.96  0.0
109.08  0.0
109.2  0.0
109.32  0.0
109.44  0.0
109.56  0.0
109.67999999999999  0.0
109.8  0.0
109.92  0.0
110.03999999999999  0.0
110.16  0.0
110.28  0.0
110.39999999999999  0.0
110.52  0.0
110.64  0.0
110.75999999999999  0.0
110.88  0.0
111.0  0.0
111.11999999999999  0.0
111.24  0.0
111.36  0.0
111.47999999999999  0.0
111.6  0.0
111.72  0.0
111.83999999999999  0.0
111.96  0.0
112.08  0.0
112.2  0.0
112.32  0.0
112.44  0.0
112.56  0.0
112.67999999999999  0.0
112.8  0.0
112.92  0.0
113.03999999999999  0.0
113.16  0.0
113.28  0.0
113.39999999999999  0.0
113.52  0.0
113.64  0.0
113.75999999999999  0.0
113.88  0.0
114.0  0.0
114.11999999999999  0.0
114.24  0.0
114.36  0.0
114.47999999999999  0.0
114.6  0.0
114.72  0.016898179598347746
114.83999999999999  0.03940953848234485
114.96  0.062114008566109304
115.08  0.08497065931427333
115.19999999999999  0.10793791164462077
115.32  0.13097367103569488
115.44  0.1540354624756836
115.56  0.17708056678511716
115.67999999999999  0.200066157840962
115.8  0.22294944022666185
115.92  0.2456877868310239
116.03999999999999  0.2682388759191846
116.16  0.2905608272005678
116.28  0.3126123364223027
116.39999999999999  0.33435280802167006
116.52  0.35574248537794984
116.64  0.37674257821232093
116.75999999999999  0.3973153866944874
116.88  0.41742442182614153
117.0  0.43703452168430695
117.11999999999999  0.4561119631221637
117.24  0.4746245685406641
117.36  0.49254180736147435
117.47999999999999  0.5098348918503197
117.6  0.5264768669594242
117.72  0.5424426938786083
117.83999999999999  0.5577093270066127
117.96  0.5722557840770945
118.08  0.5860632091976132
118.19999999999999  0.5991149285847142
118.32  0.6113964988036014
118.44  0.6228957473470973
118.56  0.6336028054152474
118.67999999999999  0.6435101327841999
118.8  0.6526125346805057
118.92  0.6609071706049129
119.03999999999999  0.6683935550777824
119.16  0.6750735503064422
119.28  0.6809513508029253
119.39999999999999  0.6860334600086694
119.52  0.6903286590105722
119.64  0.6938479674603831
119.75999999999999  0.6966045968366198
119.88  0.6986138962148694
120.0  0.6998932907384445
