0.0  52.93093914079611
1.68  27.769222196237827
3.36  8.91258282764364
5.04  17.728777916848152
6.72  44.227569563735514
8.4  58.38135176147294
10.08  44.15149901333497
11.76  17.662837596316173
13.44  0.0
15.12  0.0
16.8  19.650063476391846
18.48  22.515064366579583
20.16  0.0
21.84  0.0
23.52  0.0
25.2  5.741610497626734
26.88  24.46062504347866
28.56  15.461620546272764
30.24  0.0
31.919999999999998  0.0
33.6  0.0
35.28  15.812219882952405
36.96  24.36007451240414
38.64  5.303850831308326
40.32  0.0
42.0  0.0
43.68  0.31549760231578894
45.36  22.708111360296442
47.04  19.368600039797915
48.72  0.0
50.4  0.0
52.08  0.0
53.76  11.221200999937857
55.44  25.044753831136433
57.12  10.488371056183757
58.8  0.0
60.48  0.0
62.16  0.0
63.839999999999996  19.873953956238847
65.52  22.353005027553166
67.2  0.0
68.88  0.0
70.56  0.0
72.24  6.095688454738628
73.92  24.53648934699131
75.6  15.173304128471646
77.28  0.0
78.96  0.0
80.64  0.0
82.32  16.0931507847435
84.0  24.27268089067416
85.67999999999999  4.947164418363705
87.36  0.0
89.03999999999999  0.0
90.72  0.6798231348474406
92.39999999999999  22.85949095920234
94.08  19.13549505478837
95.75999999999999  0.0
97.44  0.0
99.11999999999999  0.0
100.8  11.545790887361553
102.47999999999999  25.036188701875545
104.16  10.156356648155182
105.83999999999999  0.0
107.52  0.0
109.2  0.0
110.88  20.093638264416374
112.56  22.1862148444943
114.24  0.0
115.92  0.0
117.6  0.0
119.28  6.448476305607164
120.96  24.60716068857055
122.64  14.881776395896452
124.32  0.0
126.0  0.0
127.67999999999999  0.0
129.35999999999999  16.370675693190123
131.04  24.18015014007039
132.72  4.58943097557942
134.4  0.0
136.07999999999998  0.0
137.76  1.0440047879666992
139.44  23.006032520168763
141.12  18.898340187336757
142.79999999999998  0.0
144.48  0.0
146.16  0.0
147.84  11.867937195685045
149.51999999999998  25.0223248531016
151.2  9.822192724248218
152.88  0.0
154.56  0.0
156.23999999999998  0.0
157.92  20.30906990640626
159.6  22.014729117280734
161.28  0.0
162.96  0.0
164.64  0.0
166.32  6.799899385357958
168.0  24.672624111162936
