0.0  38.54771264197188
1.68  21.60191780156742
3.36  17.949797940175984
5.04  31.729821624550965
6.72  47.326894873309236
8.4  47.0668996883783
10.08  31.244454521829994
11.76  17.78906181501945
13.44  0.0
15.12  5.675070231274547
16.8  16.304706999008808
18.48  8.458357225651284
20.16  0.0
21.84  0.0
23.52  0.0
25.2  11.814232961021549
26.88  15.342254843202488
28.56  1.484911014104981
30.24  0.0
31.919999999999998  0.0
33.6  2.206981238000722
35.28  15.58137852758334
36.96  11.299442588682542
38.64  0.0
40.32  0.0
42.0  0.0
43.68  9.07216313527251
45.36  16.220153643397065
47.04  4.987970841565032
48.72  0.0
50.4  0.0
52.08  0.0
53.76  14.115870313442283
55.44  13.602307448409093
57.12  0.0
58.8  0.0
60.48  0.0
62.16  5.897963656188145
63.839999999999996  16.32544625624099
65.52  8.253441234347472
67.2  0.0
68.88  0.0
70.56  0.0
72.24  11.977988151200877
73.92  15.257260634304705
75.6  1.2474801984888817
77.28  0.0
78.96  0.0
80.64  2.4428295254523578
82.32  15.653117333177498
84.0  11.1257797305534
85.67999999999999  0.0
87.36  0.0
89.03999999999999  0.0
90.72  9.26956467590622
92.39999999999999  16.185472617419983
94.08  4.760506708281962
95.75999999999999  0.0
97.44  0.0
99.11999999999999  0.0
100.8  14.235191569984067
102.47999999999999  13.468169716535176
104.16  0.0
105.83999999999999  0.0
107.52  0.0
109.2  6.119608821812716
110.88  16.342730356553435
112.56  8.04677846478441
114.24  0.0
115.92  0.0
117.6  0.0
119.28  12.139208291005858
120.96  15.169037341875114
122.64  1.0097853631471754
124.32  0.0
126.0  0.0
127.67999999999999  2.678160806556593
129.35999999999999  15.721543275170848
131.04  10.949762185500491
132.72  0.0
134.4  0.0
136.07999999999998  0.0
137.76  9.46500438345841
139.44  16.14736605888248
141.12  4.532035049848441
142.79999999999998  0.0
144.48  0.0
146.16  0.0
147.84  14.351500056162148
149.51999999999998  13.331181548657126
151.2  0.0
152.88  0.0
154.56  0.0
156.23999999999998  6.339958818628915
157.92  16.356555641897355
159.6  7.838412655570476
161.28  0.0
162.96  0.0
164.64  0.0
166.32  12.297859259416002
168.0  15.077603637704419
