0.0  6.2643254952614384
1.68  21.558947607805123
3.36  39.70539586438409
5.04  56.30849273592399
6.72  67.34686956388416
8.4  70.14696592995429
10.08  64.03058186610856
11.76  50.479141914301465
13.44  0.0
15.12  0.0
16.8  0.0
18.48  0.0
20.16  0.0
21.84  0.0
23.52  0.0
25.2  12.827654740848752
26.88  27.81746881155284
28.56  36.06972674413292
30.24  35.585682661899234
31.919999999999998  26.48257491602847
33.6  10.96523026069762
35.28  0.0
36.96  0.0
38.64  0.0
40.32  0.0
42.0  0.0
43.68  0.0
45.36  1.408504170685731
47.04  18.86376789590344
48.72  31.750115015653243
50.4  36.946395732919434
52.08  33.194040000254304
53.76  21.401890659194237
55.44  4.426076306944317
57.12  0.0
58.8  0.0
60.48  0.0
62.16  0.0
63.839999999999996  0.0
65.52  0.0
67.2  8.040042120149073
68.88  24.283014157848505
70.56  34.64449596364689
72.24  36.61487511329192
73.92  29.716914075789916
75.6  15.621339977451607
77.28  0.0
78.96  0.0
80.64  0.0
82.32  0.0
84.0  0.0
85.67999999999999  0.0
87.36  0.0
89.03999999999999  14.408661450675881
90.72  28.90817794477858
92.39999999999999  36.405962071594914
94.08  35.0860059905778
95.75999999999999  25.268010903010346
97.44  9.32995352253369
99.11999999999999  0.0
100.8  0.0
102.47999999999999  0.0
104.16  0.0
105.83999999999999  0.0
107.52  0.0
109.2  3.1059326490620194
110.88  20.306100989763745
112.56  32.588011084477316
114.24  36.976911373054484
115.92  32.40978414244485
117.6  19.992814729446724
119.28  2.7334668631359413
120.96  0.0
122.64  0.0
124.32  0.0
126.0  0.0
127.67999999999999  0.0
129.35999999999999  0.0
131.04  9.691016141935135
132.72  25.53950768568658
134.4  35.20217880350098
136.07999999999998  36.33867316959149
137.76  28.673725099503912
139.44  14.063830533536395
141.12  0.0
142.79999999999998  0.0
144.48  0.0
146.16  0.0
147.84  0.0
149.51999999999998  0.0
151.2  0.0
152.88  15.959192267651796
154.56  29.93774312396029
156.23999999999998  36.66519481258861
157.92  34.51211858408057
159.6  24.00000228686342
161.28  7.674942913542287
162.96  0.0
164.64  0.0
166.32  0.0
168.0  0.0
