0.0  32.27731035209922
1.68  32.29565210391422
3.36  32.5653264116872
5.04  33.021016556634756
6.72  33.55235167956861
8.4  34.03063925842015
10.08  34.34003520131639
11.76  34.405601973563094
13.44  0.8781255802253867
15.12  0.4712952900070968
16.8  0.0
18.48  0.0
20.16  0.0
21.84  0.0
23.52  0.0
25.2  0.0
26.88  0.0
28.56  0.4060268700024199
30.24  0.8345980267094849
31.919999999999998  1.061024585149315
33.6  1.0304646882505364
35.28  0.7503201245197041
36.96  0.28844357091004647
38.64  0.0
40.32  0.0
42.0  0.0
43.68  0.0
45.36  0.0
47.04  0.0
48.72  0.07449708956107781
50.4  0.5797578484138585
52.08  0.9445978135320154
53.76  1.0806505787889835
55.44  0.9549633565003156
57.12  0.5979783382885305
58.8  0.09615941549345522
60.48  0.0
62.16  0.0
63.839999999999996  0.0
65.52  0.0
67.2  0.0
68.88  0.0
70.56  0.2674444444425529
72.24  0.7345300787808691
73.92  1.0237081660863179
75.6  1.0649380563509907
77.28  0.8482336253121507
78.96  0.4260819730505281
80.64  0.0
82.32  0.0
84.0  0.0
85.67999999999999  0.0
87.36  0.0
89.03999999999999  0.0
90.72  0.0
92.39999999999999  0.4516460585773623
94.08  0.8652823312678762
95.75999999999999  1.0693420849106563
97.44  1.0144008353797784
99.11999999999999  0.7137656795761407
100.8  0.2402522375348493
102.47999999999999  0.0
104.16  0.0
105.83999999999999  0.0
107.52  0.0
109.2  0.0
110.88  0.0
112.56  0.12398893884417936
114.24  0.6210783274531975
115.92  0.9677388569256864
117.6  1.080007288405676
119.28  0.9306915410909974
120.96  0.555956775681706
122.64  0.04656597769441603
124.32  0.0
126.0  0.0
127.67999999999999  0.0
129.35999999999999  0.0
131.04  0.0
132.72  0.0
134.4  0.31530486843640937
136.07999999999998  0.7702006211242928
137.76  1.038549209596877
139.44  1.0553550121579962
141.12  0.8165475636273359
142.79999999999998  0.37996744617927614
144.48  0.0
146.16  0.0
147.84  0.0
149.51999999999998  0.0
151.2  0.0
152.88  0.0
154.56  0.0
156.23999999999998  0.49630996640432357
157.92  0.8941364691793338
159.6  1.075397809356307
161.28  0.996191413937414
162.96  0.6757015422543908
164.64  0.19155274443409792
166.32  0.0
168.0  0.0
