0.0  60.40234117140523
1.68  45.10771905886155
3.36  26.961270802282584
5.04  10.35817393074268
6.72  0.0
8.4  0.0
10.08  2.636084800558109
11.76  16.187524752365206
13.44  0.5584480282562119
15.12  18.127445208734898
16.8  31.305867511175265
18.48  36.90182279484729
20.16  33.55993745888211
21.84  22.08963597718759
23.52  5.269093484160841
25.2  0.0
26.88  0.0
28.56  0.0
30.24  0.0
31.919999999999998  0.0
33.6  0.0
35.28  7.207958279977106
36.96  23.635336521318127
38.64  34.338095900511036
40.32  36.72396453837612
42.0  30.21507088251935
43.68  16.387907628969195
45.36  0.0
47.04  0.0
48.72  0.0
50.4  0.0
52.08  0.0
53.76  0.0
55.44  0.0
57.12  13.62176001077194
58.8  28.370325162072334
60.48  36.247429084056634
62.16  35.34519042922552
63.839999999999996  25.882136757656095
65.52  10.150275864241777
67.2  0.0
68.88  0.0
70.56  0.0
72.24  0.0
73.92  0.0
75.6  0.0
77.28  2.257815429589236
78.96  19.59011453171463
80.64  32.177571559823406
82.32  36.971429672031604
84.0  32.810587965593356
85.67999999999999  20.702827010656506
87.36  3.580718411542776
89.03999999999999  0.0
90.72  0.0
92.39999999999999  0.0
94.08  0.0
95.75999999999999  0.0
97.44  0.0
99.11999999999999  8.867874006334333
100.8  24.91784978965935
102.47999999999999  34.93257438113429
104.16  36.48642201300838
105.83999999999999  29.20304156143323
107.52  14.846511023592493
109.2  0.0
110.88  0.0
112.56  0.0
114.24  0.0
115.92  0.0
117.6  0.0
119.28  0.0
120.96  15.18794290991567
122.64  29.430742717718346
124.32  36.54524186701683
126.0  34.8082664149279
127.67999999999999  24.640522130846815
129.35999999999999  8.504697060770114
131.04  0.0
132.72  0.0
134.4  0.0
136.07999999999998  0.0
137.76  0.0
139.44  0.0
141.12  3.9524073046636587
142.79999999999998  21.011348622597424
144.48  32.98121652981006
146.16  36.962837937005695
147.84  31.99184049479946
149.51999999999998  19.272229303591885
151.2  1.884769728356428
152.88  0.0
154.56  0.0
156.23999999999998  0.0
157.92  0.0
159.6  0.0
161.28  0.0
162.96  10.509033210515234
164.64  26.147659083875066
166.32  35.45316665119533
168.0  36.171706719607464
