0.0  1.0475645872102135  100.0
0.12  1.0543195819197198
0.24  1.060261350160809
0.36  1.0653758320203934
0.48  1.069650122814114
0.6  1.0730724924814443
0.72  1.0756324032604867
0.84  1.0773205256164557
0.96  1.078128752400427
1.08  1.078050211217509
1.2  1.077079274986246
1.3199999999999998  1.0752115706736933
1.44  1.0724439861933082
1.56  1.0687746754554788
1.68  1.064203061563237
1.7999999999999998  1.0587298381484223
1.92  1.0523569688462926
2.04  1.045087684909316
2.16  1.0369264809636023
2.28  1.0278791089141723
2.4  1.0179525700079686
2.52  1.0071551050662286
2.6399999999999997  0.9954961829005167
2.76  0.9829864869293942
2.88  0.969637900015334
3.0  0.9554634875441108
3.12  0.9404774787714714
3.2399999999999998  0.9246952464644412
3.36  0.9081332848671205
3.48  0.8908091860232886
3.5999999999999996  0.8727416144905473
3.7199999999999998  0.8539502804830944
3.84  0.834455911482528
3.96  0.8142802223583301
4.08  0.7934458840418698
4.2  0.7719764907998857
4.32  0.749896526155468
4.4399999999999995  0.7272313275065445
4.56  0.7040070494937898
4.68  0.6802506261717087
4.8  0.6559897320384108
4.92  0.6312527419812568
5.04  0.6060686901971613
5.16  0.5804672281478378
5.279999999999999  0.5544785816116846
5.3999999999999995  0.5281335068953417
5.52  0.5014632462691844
5.64  0.4744994826921524
5.76  0.44727429389236223
5.88  0.4198201058708935
6.0  0.39216964589699
6.12  0.36435589506365795
6.24  0.3364120404732949
6.359999999999999  0.30837142712352317
6.4799999999999995  0.2802675095638385
6.6  0.2521338033940313
6.72  0.22400383667555454
6.84  0.1959111013271559
6.96  0.16788900457610406
7.08  0.13997082053625948
7.199999999999999  0.11218964198405779
7.319999999999999  0.08457833240317714
7.4399999999999995  0.05716947836826913
7.56  0.029995342337636788
7.68  0.00308781592413393
7.8  0.0
7.92  0.0
8.04  0.0
8.16  0.0
8.28  0.0
8.4  0.0
8.52  0.0
8.64  0.0
8.76  0.0
8.879999999999999  0.0
9.0  0.0
9.12  0.0
9.24  0.0
9.36  0.0
9.48  0.0
9.6  0.0
9.719999999999999  0.0
9.84  0.0
9.959999999999999  0.0
10.08  0.0
10.2  0.0
10.32  0.0
10.44  0.0
10.559999999999999  0.0
10.68  0.0
10.799999999999999  0.0
10.92  0.0
11.04  0.0
11.16  0.0
11.28  0.0
11.4  0.0
11.52  0.0
11.639999999999999  0.0
11.76  0.0
11.879999999999999  0.0
12.0  0.0
12.12  0.0
12.24  0.0
12.36  0.0
12.48  0.0
12.6  0.0
12.719999999999999  0.0
12.84  0.0
12.959999999999999  0.0
13.08  0.0
13.2  0.0
13.32  0.0
13.44  0.0
13.559999999999999  0.0
13.68  0.0
13.799999999999999  0.0
13.92  0.0
14.04  0.0
14.16  0.0
14.28  0.0
14.399999999999999  0.0
14.52  0.0
14.639999999999999  0.0
14.76  0.0
14.879999999999999  0.0
15.0  0.0
15.12  0.0
15.24  0.0
15.36  0.0
15.479999999999999  0.0
15.6  0.0
15.719999999999999  0.0
15.84  0.0
15.959999999999999  0.0
16.08  0.0
16.2  0.0
16.32  0.0
16.439999999999998  0.0
16.56  0.0
16.68  0.0
16.8  0.0
16.919999999999998  0.0
17.04  0.0
17.16  0.0
17.28  0.0
17.4  0.0
17.52  0.0
17.64  0.0
17.759999999999998  0.0
17.88  0.0
18.0  0.0013402070833819502
18.12  0.015041867222095717
18.24  0.028304231773869426
18.36  0.041100213190410295
18.48  0.053403443713376186
18.599999999999998  0.06518831472151759
18.72  0.07643001495996493
18.84  0.08710456759546231
18.96  0.09718886604308141
19.08  0.10666070851173809
19.2  0.1154988312177308
19.32  0.12368294021746623
19.439999999999998  0.13119374181257132
19.56  0.13801297148269104
19.68  0.14412342130341627
19.8  0.1495089658090405
19.919999999999998  0.1541545862621016
20.04  0.15804639329402004
20.16  0.1611716478835286
20.279999999999998  0.16351878064204467
20.4  0.16507740937760135
20.52  0.16583835491150484
20.64  0.16579365512443328
20.759999999999998  0.16493657721130806
20.88  0.16326162812688683
21.0  0.16076456320669585
21.119999999999997  0.15744239295059165
21.24  0.1532933879589451
21.36  0.1483170820141534
21.48  0.1425142733029101
21.599999999999998  0.13588702377739298
21.72  0.12843865665626342
21.84  0.12017375206910952
21.96  0.11109814085067876
22.08  0.10121889649397875
22.2  0.0905443252740179
22.32  0.07908395455665351
22.439999999999998  0.06684851930967245
22.56  0.05384994683587452
22.68  0.04010133975054636
22.8  0.02561695722827717
22.919999999999998  0.010412194546626008
23.04  0.0
23.16  0.0
23.279999999999998  0.0
23.4  0.0
23.52  0.0
23.64  0.0
23.759999999999998  0.0
23.88  0.0
24.0  0.0
24.119999999999997  0.0
24.24  0.0
24.36  0.0
24.48  0.0
24.599999999999998  0.0
24.72  0.0
24.84  0.0
24.96  0.0
25.08  0.0
25.2  0.0
25.32  0.0
25.439999999999998  0.0
25.56  0.0
25.68  0.0
25.8  0.0
25.919999999999998  0.0
26.04  0.0
26.16  0.0
26.279999999999998  0.0
26.4  0.0
26.52  0.0
26.64  0.0
26.759999999999998  0.0
26.88  0.0
27.0  0.0
27.119999999999997  0.0
27.24  0.0
27.36  0.0
27.48  0.0
27.599999999999998  0.0
27.72  0.0
27.84  0.0
27.959999999999997  0.0
28.08  0.0
28.2  0.0
28.32  0.0
28.439999999999998  0.0
28.56  0.0
28.68  0.0
28.799999999999997  0.0
28.919999999999998  0.0
29.04  0.0
29.16  0.0
29.279999999999998  0.0
29.4  0.0
29.52  0.0
29.64  0.0
29.759999999999998  0.0
29.88  0.0
30.0  0.0
30.119999999999997  0.0
30.24  0.0
30.36  0.0
30.48  0.0
30.599999999999998  0.0
30.72  0.0
30.84  0.0
30.959999999999997  0.0
31.08  0.0
31.2  0.0
31.32  0.0
31.439999999999998  0.0
31.56  0.0
31.68  0.0
31.799999999999997  0.0
31.919999999999998  0.0
32.04  0.0
32.16  0.0
32.28  0.0
32.4  0.0
32.519999999999996  0.0
32.64  0.0
32.76  0.0
32.879999999999995  0.0
33.0  0.0
33.12  0.0
33.24  0.0
33.36  0.0
33.48  0.0
33.6  0.0
33.72  0.0
33.839999999999996  0.0
33.96  0.0
34.08  0.0
34.199999999999996  0.0
34.32  0.0
34.44  0.0
34.56  0.0
34.68  0.0
34.8  0.0
34.92  0.0
35.04  0.0
35.16  0.0
35.28  0.0
35.4  0.0
35.519999999999996  0.0
35.64  0.0
35.76  0.0
35.879999999999995  0.0
36.0  0.0
36.12  0.0
36.24  0.0
36.36  0.0
36.48  0.0
36.6  0.0
36.72  0.0
36.839999999999996  0.0
36.96  0.0
37.08  0.0
37.199999999999996  0.0
37.32  0.0
37.44  0.0
37.559999999999995  0.0
37.68  0.0
37.8  0.0
37.92  0.0
38.04  0.0
38.16  0.0
38.28  0.0
38.4  0.0
38.519999999999996  0.0
38.64  0.0
38.76  0.0
38.879999999999995  0.0
39.0  0.0
39.12  0.0
39.24  0.0
39.36  0.0
39.48  0.0
39.6  0.0
39.72  0.0
39.839999999999996  0.0
39.96  0.0
40.08  0.0
40.199999999999996  0.0
40.32  0.0032338579468957906
40.44  0.010497146171889127
40.559999999999995  0.016954923720329695
40.68  0.022602350215450207
40.8  0.02743583980968023
40.92  0.03145306606537546
41.04  0.034652964980594336
41.16  0.03703573615552369
41.28  0.03860284209786058
41.4  0.039357005668214096
41.519999999999996  0.03930220566930409
41.64  0.03844367058547382
41.76  0.036787870481742924
41.879999999999995  0.03434250707433506
42.0  0.031116501987294987
42.12  0.027119983212487098
42.239999999999995  0.02236426979288031
42.36  0.01686185475167401
42.48  0.010626386292353796
42.6  0.0036726472973356294
42.72  0.0
42.839999999999996  0.0
42.96  0.0
43.08  0.0
43.199999999999996  0.0
43.32  0.0
43.44  0.0
43.559999999999995  0.0
43.68  0.0
43.8  0.0
43.92  0.0
44.04  0.0
44.16  0.0
44.28  0.0
44.4  0.0
44.519999999999996  0.0
44.64  0.0
44.76  0.0
44.879999999999995  0.0
45.0  0.0
45.12  0.0
45.239999999999995  0.0
45.36  0.0
45.48  0.0
45.6  0.0
45.72  0.0
45.839999999999996  0.0
45.96  0.0
46.08  0.0
46.199999999999996  0.0
46.32  0.0
46.44  0.0
46.559999999999995  0.0
46.68  0.0
46.8  0.0
46.92  0.0
47.04  0.0
47.16  0.0
47.28  0.0
47.4  0.0
47.519999999999996  0.0
47.64  0.0
47.76  0.0
47.879999999999995  0.0
48.0  0.0
48.12  0.0
48.239999999999995  0.0
48.36  0.0
48.48  0.0
48.6  0.0
48.72  0.0
48.839999999999996  0.0
48.96  0.0
49.08  0.0
49.199999999999996  0.0
49.32  0.0
49.44  0.0
49.559999999999995  0.0
49.68  0.0
49.8  0.0
49.92  0.0
50.04  0.0
50.16  0.0
50.28  0.0
50.4  0.0
50.519999999999996  0.0
50.64  0.0
50.76  0.0
50.879999999999995  0.0
51.0  0.0
51.12  0.0
51.239999999999995  0.0
51.36  0.0
51.48  0.0
51.6  0.0
51.72  0.0
51.839999999999996  0.0
51.96  0.0
52.08  0.0
52.199999999999996  0.0
52.32  0.0
52.44  0.0
52.559999999999995  0.0
52.68  0.0
52.8  0.0
52.919999999999995  0.0
53.04  0.0
53.16  0.0
53.28  0.0
53.4  0.0
53.519999999999996  0.0
53.64  0.0
53.76  0.0
53.879999999999995  0.0
54.0  0.0
54.12  0.0
54.239999999999995  0.0
54.36  0.0
54.48  0.0
54.6  0.0
54.72  0.0
54.839999999999996  0.0
54.96  0.0
55.08  0.0
55.199999999999996  0.0
55.32  0.015169681435940663
55.44  0.04366243739625936
55.559999999999995  0.07221616605618003
55.68  0.1007973595816791
55.8  0.1293724588592127
55.919999999999995  0.15790790209438657
56.04  0.18637017341550102
56.16  0.2147258514106714
56.28  0.2429416575272873
56.4  0.2709845042627528
56.519999999999996  0.298821543075829
56.64  0.3264202119482489
56.76  0.353748282526778
56.879999999999995  0.38077390677659795
57.0  0.4074656630775014
57.12  0.4337926016952589
57.239999999999995  0.45972428956144984
57.36  0.4852308542960365
57.48  0.5102830274080521
57.599999999999994  0.5348521866110548
57.72  0.5589103971912289
57.839999999999996  0.5824304523674146
57.96  0.6053859125838938
58.08  0.6277511436782011
58.199999999999996  0.6495013538680562
58.32  0.6706126295030491
58.44  0.6910619695286859
58.559999999999995  0.7108273186122159
58.68  0.7298875988816449
58.8  0.748222740231349
58.919999999999995  0.765813709149871
59.04  0.7826425360275877
59.16  0.7986923409041928
59.28  0.8139473576182519
59.4  0.8283929563233874
59.519999999999996  0.8420156643381094
59.64  0.8548031852986813
59.76  0.8667444165869805
59.879999999999995  0.877829465007789
60.0  0.8880496606925414
60.12  0.8973975692091656
60.239999999999995  0.9058670018602832
60.36  0.9134530241546899
60.48  0.9201519624397221
60.599999999999994  0.9259614086848362
60.72  0.9308802234093995
60.839999999999996  0.9349085367504629
60.96  0.9380477476689887
61.08  0.9403005212957478
61.199999999999996  0.9416707844208387
61.32  0.9421637191334935
61.44  0.9417857546215711
61.559999999999995  0.9405445571428179
61.68  0.9384490181826899
61.8  0.9355092408161545
61.919999999999995  0.9317365242935711
62.04  0.9271433468733259
62.16  0.9217433469264805
62.28  0.9155513023412352
62.4  0.9085831082575075
62.519999999999996  0.9008557531643644
62.64  0.8923872933954569
62.76  0.8831968260599817
62.879999999999995  0.873304460448946
63.0  0.8627312879587878
63.12  0.8514993505765744
63.239999999999995  0.8396316079731034
63.36  0.8271519032522674
63.48  0.8140849274070654
63.599999999999994  0.8004561825344676
63.72  0.7862919438632234
63.839999999999996  0.7716192206504343
63.96  0.7564657160043304
64.08  0.7408597856923578
64.2  0.7248303959950367
64.32  0.7084070806676246
64.44  0.6916198970727503
64.56  0.6744993815485543
64.67999999999999  0.6570765040778793
64.8  0.6393826223251494
64.92  0.621449435108492
65.03999999999999  0.6033089353754516
65.16  0.5849933627514148
65.28  0.566535155730486
65.39999999999999  0.5479669035790444
65.52  0.5293212980226729
65.64  0.5106310847874642
65.75999999999999  0.49192901506689124
65.88  0.47324779698556185
66.0  0.45462004713120374
66.12  0.4360782422260657
66.24  0.4176546710087726
66.36  0.39938138639732657
66.48  0.3812901580035688
66.6  0.3634124250688502
66.72  0.34577924989006936
66.84  0.3284212718045664
66.96  0.311368661801398
67.08  0.2946510778257534
67.2  0.27829762084219045
67.32  0.2623367917212129
67.44  0.2467964490125425
67.56  0.23170376766720102
67.67999999999999  0.21708519876896504
67.8  0.20296643033442446
67.92  0.18937234923923768
68.03999999999999  0.17632700432651277
68.16  0.1638535707515385
68.28  0.15197431561526786
68.39999999999999  0.1407105649370351
68.52  0.13008267201505136
68.64  0.1201099872211821
68.75999999999999  0.11081082927437702
68.88  0.10220245803497885
69.0  0.09430104885989599
69.12  0.08712166855631764
69.24  0.08067825296932118
69.36  0.07498358623630408
69.48  0.0700492817387447
69.6  0.06588576477927455
69.72  0.06250225700953849
69.84  0.059906762631731225
69.96  0.058106056394094496
70.08  0.05710567339802841
70.2  0.05690990073180968
70.32  0.057521770943218864
70.44  0.058943057360685724
70.56  0.06117427126984187
70.67999999999999  0.06421466094964445
70.8  0.06806221256950906
70.92  0.07271365294614152
71.03999999999999  0.07816445415604545
71.16  0.08440883999694537
71.28  0.09143979428864168
71.39999999999999  0.09924907100113622
71.52  0.10782720619515707
71.64  0.11716353175755889
71.75999999999999  0.1272461909114445
71.88  0.13806215547824652
72.0  0.1495972448663987
72.11999999999999  0.16183614675876623
72.24  0.17476243946843262
72.36  0.1883586159300097
72.48  0.20260610929127798
72.6  0.21748532006756116
72.72  0.2329756448189696
72.84  0.24905550630837808
72.96  0.26570238509589084
73.08  0.2828928525233965
73.2  0.30060260504071884
73.32  0.3188064998230336
73.44  0.3374785916272016
73.56  0.35659217083288647
73.67999999999999  0.3761198026126211
73.8  0.3960333671732834
73.92  0.4163041010098656
74.03999999999999  0.43690263911098404
74.16  0.4577990580541295
74.28  0.47896291992734846
74.39999999999999  0.5003633170128836
74.52  0.5219689171671329
74.64  0.5437480098302585
74.75999999999999  0.5656685525979077
74.88  0.5876982182866302
75.0  0.6098044424238429
75.11999999999999  0.6319544710926359
75.24  0.6541154090611239
75.36  0.6762542681256374
75.48  0.6983380155967891
75.6  0.720333622857166
75.72  0.7422081139193519
75.84  0.7639286139129284
75.96  0.7854623974292712
76.08  0.806776936653117
76.2  0.827839949210187
76.32  0.8486194456606203
76.44  0.8690837765684396
76.56  0.8892016790778955
76.67999999999999  0.908942322928306
76.8  0.9282753558397865
76.92  0.9471709482031866
77.03999999999999  0.965599837008618
77.16  0.983533368948034
77.28  1.000943542628526
77.39999999999999  1.0178030498343604
77.52  1.034085315777128
77.64  1.0497645382748604
77.75999999999999  1.0648157258025925
77.88  1.0792147343584633
78.0  1.0929383030911521
78.11999999999999  1.105964088636395
78.24  1.1182706981120683
78.36  1.129837720723374
78.48  1.1406457579317242
78.6  1.1506764521429762
78.72  1.159912513872873
78.84  1.1683377473497607
78.96  1.1759370745169881
79.08  1.1826965573997128
79.2  1.188603418803214
79.32  1.19364606131234
79.44  1.1978140845641378
79.56  1.2010983007682778
79.67999999999999  1.203490748452473
79.8  1.2049847044126702
79.92  1.2055746938504468
80.03999999999999  1.2052564986827035
80.16  1.2040271640114242
80.28  1.201885002743978
80.39999999999999  1.1988295983571577
80.52  1.1948618058008673
80.64  1.1899837505401125
80.75999999999999  1.184198825736672
80.88  1.1775116875745648
81.0  1.1699282487361593
81.11999999999999  1.1614556700384733
81.24  1.152102350241921
81.36  1.1418779140464617
81.48  1.1307931982927348
81.6  1.1188602363884332
81.72  1.1060922409827514
81.84  1.0925035849143387
81.96  1.078109780460696
82.08  1.0629274569194633
82.2  1.0469743365545172
82.32  1.0302692089421461
82.44  1.0128319037549605
82.56  0.9946832620235018
82.67999999999999  0.9758451059176896
82.8  0.9563402070924764
82.92  0.9361922536441829
83.03999999999999  0.9154258157259807
83.16  0.8940663098730064
83.28  0.8721399620894843
83.39999999999999  0.8496737697520105
83.52  0.8266954623849114
83.64  0.8032334613653201
83.75999999999999  0.7793168386170083
83.88  0.7549752743536802
84.0  0.73023901393376
84.11999999999999  0.705138823889957
84.24  0.679705947198152
84.36  0.6539720578513466
84.47999999999999  0.6279692148052405
84.6  0.601729815363111
84.72  0.5752865480684175
84.84  0.5486723451742425
84.96  0.5219203347593747
85.08  0.49506379256129013
85.2  0.46813609359678077
85.32  0.44117066364118795
85.44  0.4142009306374958
85.56  0.387260276106624
85.67999999999999  0.3603819866302018
85.8  0.33359920547705824
85.92  0.3069448844444589
86.03999999999999  0.2804517359847304
86.16  0.25415218568756276
86.28  0.2280783251877633
86.39999999999999  0.20226186556753334
86.52  0.1767340913216879
86.64  0.1515258149534056
86.75999999999999  0.12666733226710758
86.88  0.10218837842410211
87.0  0.07811808482551647
87.11999999999999  0.05448493688574618
87.24  0.03131673275842706
87.36  0.008640543075512264
87.47999999999999  0.0
87.6  0.0
87.72  0.0
87.84  0.0
87.96  0.0
88.08  0.0
88.2  0.0
88.32  0.0
88.44  0.0
88.56  0.0
88.67999999999999  0.0
88.8  0.0
88.92  0.0
89.03999999999999  0.0
89.16  0.0
89.28  0.0
89.39999999999999  0.0
89.52  0.0
89.64  0.0
89.75999999999999  0.0
89.88  0.0
90.0  0.0
90.11999999999999  0.0
90.24  0.0
90.36  0.0
90.47999999999999  0.0
90.6  0.0
90.72  0.0
90.84  0.0
90.96  0.0
91.08  0.0
91.2  0.0
91.32  0.0
91.44  0.0
91.56  0.0
91.67999999999999  0.0
91.8  0.0
91.92  0.0
92.03999999999999  0.0
92.16  0.0
92.28  0.0
92.39999999999999  0.0
92.52  0.0
92.64  0.0
92.75999999999999  0.0
92.88  0.0
93.0  0.0
93.11999999999999  0.0
93.24  0.0
93.36  0.0
93.47999999999999  0.0
93.6  0.0
93.72  0.0
93.84  0.0
93.96  0.0
94.08  0.0
94.2  0.0
94.32  0.0
94.44  0.0
94.56  0.0
94.67999999999999  0.0
94.8  0.0
94.92  0.0
95.03999999999999  0.015286187008849955
95.16  0.03166146358341121
95.28  0.04800136742509889
95.39999999999999  0.0642733901458134
95.52  0.08044512284030089
95.64  0.0964843043826194
95.75999999999999  0.11235886950557367
95.88  0.1280369965923745
96.0  0.1434871551102735
96.11999999999999  0.15867815261648988
96.24  0.17357918126733257
96.36  0.1881598637620884
96.47999999999999  0.20239029865422142
96.6  0.21624110496323778
96.72  0.22968346602163064
96.84  0.24268917249247435
96.96  0.2552306644944116
97.08  0.2672810727721205
97.2  0.2788142588517225
97.32  0.2898048541221121
97.44  0.30022829778475135
97.56  0.31006087361612017
97.67999999999999  0.3192797454887939
97.8  0.32786299159891
97.92  0.33578963734969225
98.03999999999999  0.34303968684269626
98.16  0.34959415293045315
98.28  0.35543508578632244
98.39999999999999  0.3605455999495417
98.52  0.3649098998056918
98.64  0.36851330346509287
98.75999999999999  0.3713422650040181
98.88  0.373384395035994
99.0  0.3746284795829211
99.11999999999999  0.37506449721824275
99.24  0.374683634456933
99.36  0.37347829936963994
99.47999999999999  0.3714421334009364
99.6  0.368570021374266
99.72  0.3648580996688356
99.84  0.360303762556392
99.96  0.35490566668851553
100.08  0.34866373372779225
100.2  0.3415791511189483
100.32  0.3336543709987501
100.44  0.32489310724622533
100.56  0.3153003306774889
100.67999999999999  0.30488226239216076
100.8  0.2936463652811098
100.92  0.28160133370794926
101.03999999999999  0.2687570813793557
101.16  0.25512472742200765
101.28  0.2407165806865328
101.39999999999999  0.2255461223014399
101.52  0.20962798650263897
101.64  0.19297793976664712
101.75999999999999  0.17561285827805018
101.88  0.1575507037642931
102.0  0.13881049773324072
102.11999999999999  0.11941229415125637
102.24  0.09937715060192204
102.36  0.07872709796769967
102.47999999999999  0.05748510867897161
102.6  0.03567506357709971
102.72  0.013321717440106129
102.83999999999999  0.0
102.96  0.0
103.08  0.0
103.2  0.0
103.32  0.0
103.44  0.0
103.56  0.0
103.67999999999999  0.0
103.8  0.0
103.92  0.0
104.03999999999999  0.0
104.16  0.0
104.28  0.0
104.39999999999999  0.0
104.52  0.0
104.64  0.0
104.75999999999999  0.0
104.88  0.0
105.0  0.0
105.11999999999999  0.0
105.24  0.0
105.36  0.0
105.47999999999999  0.0
105.6  0.0
105.72  0.0
105.83999999999999  0.0
105.96  0.0
106.08  0.0
106.2  0.0
106.32  0.0
106.44  0.0
106.56  0.0
106.67999999999999  0.0
106.8  0.0
106.92  0.0
107.03999999999999  0.0
107.16  0.0
107.28  0.0
107.39999999999999  0.0
107.52  0.0
107.64  0.0
107.75999999999999  0.0
107.88  0.0
108.0  0.0
108.11999999999999  0.0
108.24  0.0
108.36  0.0
108.47999999999999  0.0
108.6  0.0
108.72  0.0
108.83999999999999  0.0
108.96  0.0
109.08  0.0
109.2  0.0
109.32  0.0
109.44  0.0
109.56  0.0
109.67999999999999  0.0
109.8  0.0
109.92  0.0
110.03999999999999  0.0
110.16  0.0
110.28  0.0
110.39999999999999  0.0
110.52  0.0
110.64  0.0
110.75999999999999  0.0
110.88  0.0
111.0  0.0
111.11999999999999  0.0
111.24  0.0
111.36  0.0
111.47999999999999  0.0
111.6  0.0
111.72  0.0
111.83999999999999  0.0
111.96  0.0
112.08  0.0
112.2  0.0
112.32  0.0
112.44  0.0
112.56  0.0
112.67999999999999  0.0
112.8  0.0
112.92  0.0
113.03999999999999  0.0
113.16  0.0
113.28  0.0
113.39999999999999  0.0
113.52  0.0
113.64  0.0
113.75999999999999  0.0
113.88  0.0
114.0  0.0
114.11999999999999  0.0
114.24  0.0
114.36  0.0
114.47999999999999  0.0
114.6  0.0
114.72  0.0
114.83999999999999  0.0
114.96  0.0
115.08  0.0
115.19999999999999  0.0
115.32  0.0
115.44  0.0
115.56  0.0
115.67999999999999  0.0
115.8  0.0
115.92  0.0
116.03999999999999  0.0
116.16  0.0
116.28  0.0
116.39999999999999  0.0
116.52  0.0
116.64  0.0
116.75999999999999  0.0
116.88  0.0
117.0  0.0
117.11999999999999  0.0
117.24  0.0
117.36  0.0
117.47999999999999  0.0
117.6  0.0
117.72  0.0
117.83999999999999  0.0
117.96  0.0
118.08  0.0
118.19999999999999  0.0
118.32  0.0
118.44  0.0
118.56  0.0
118.67999999999999  0.0
118.8  0.0
118.92  0.0
119.03999999999999  0.0
119.16  0.0
119.28  0.0
119.39999999999999  0.0
119.52  0.0
119.64  0.0
119.75999999999999  0.0
119.88  0.0
120.0  0.0
