0.0  0.3760996132405492  100.0
0.12  0.382058218922584
0.24  0.38725868484828585
0.36  0.39168701184866084
0.48  0.395330351464528
0.6  0.3981770253370175
0.72  0.40021654287812897
0.84  0.4014396171953498
0.96  0.4018381792469097
1.08  0.40140539020683025
1.2  0.40013565202157625
1.3199999999999998  0.3980246161427539
1.44  0.3950691904229938
1.56  0.39126754416484666
1.68  0.38661911131523496
1.7999999999999998  0.38112459180072844
1.92  0.37478595100163875
2.04  0.36760641736566757
2.16  0.3595904781645698
2.28  0.3507438734000236
2.4  0.34107358786761804
2.52  0.3305878413905726
2.6399999999999997  0.31929607723749154
2.76  0.30720894874112603
2.88  0.29433830413775447
3.0  0.28069716964940944
3.12  0.2662997308337581
3.2399999999999998  0.25116131222898885
3.36  0.23529835532355936
3.48  0.21872839488312423
3.5999999999999996  0.20147003366937183
3.7199999999999998  0.18354291558786118
3.84  0.1649676973042598
3.96  0.1457660183706307
4.08  0.1259604699056065
4.2  0.10557456187441239
4.32  0.0846326890167558
4.4399999999999995  0.06316009547258777
4.56  0.04118283815765372
4.68  0.018727748942585276
4.8  0.0
4.92  0.0
5.04  0.0
5.16  0.0
5.279999999999999  0.0
5.3999999999999995  0.0
5.52  0.0
5.64  0.0
5.76  0.0
5.88  0.0
6.0  0.0
6.12  0.0
6.24  0.0
6.359999999999999  0.0
6.4799999999999995  0.0
6.6  0.0
6.72  0.0
6.84  0.0
6.96  0.0
7.08  0.0
7.199999999999999  0.0
7.319999999999999  0.0
7.4399999999999995  0.0
7.56  0.0
7.68  0.0
7.8  0.0
7.92  0.0
8.04  0.0
8.16  0.0
8.28  0.0
8.4  0.0
8.52  0.0
8.64  0.0
8.76  0.0
8.879999999999999  0.0
9.0  0.0
9.12  0.0
9.24  0.0
9.36  0.0
9.48  0.0
9.6  0.0
9.719999999999999  0.0
9.84  0.0
9.959999999999999  0.0
10.08  0.0
10.2  0.0
10.32  0.0
10.44  0.0
10.559999999999999  0.0
10.68  0.0
10.799999999999999  0.0
10.92  0.0
11.04  0.0
11.16  0.0
11.28  0.0
11.4  0.0
11.52  0.0
11.639999999999999  0.0
11.76  0.0
11.879999999999999  0.0
12.0  0.0
12.12  0.0
12.24  0.0
12.36  0.0
12.48  0.0
12.6  0.0
12.719999999999999  0.0
12.84  0.0
12.959999999999999  0.0
13.08  0.0
13.2  0.0
13.32  0.0
13.44  0.0
13.559999999999999  0.0
13.68  0.0
13.799999999999999  0.0
13.92  0.0
14.04  0.0
14.16  0.0
14.28  0.0
14.399999999999999  0.0
14.52  0.0
14.639999999999999  0.0
14.76  0.0
14.879999999999999  0.0
15.0  0.0
15.12  0.0
15.24  0.0
15.36  0.0
15.479999999999999  0.0
15.6  0.0
15.719999999999999  0.0
15.84  0.0
15.959999999999999  0.0
16.08  0.0
16.2  0.0
16.32  0.0
16.439999999999998  0.0
16.56  0.0
16.68  0.0
16.8  0.0
16.919999999999998  0.0
17.04  0.0
17.16  0.0
17.28  0.0
17.4  0.0
17.52  0.0
17.64  0.0
17.759999999999998  0.0
17.88  0.0
18.0  0.0
18.12  0.0
18.24  0.0
18.36  0.0
18.48  0.0
18.599999999999998  0.0
18.72  0.0
18.84  0.0
18.96  0.0
19.08  0.0
19.2  0.0
19.32  0.0
19.439999999999998  0.0
19.56  0.0
19.68  0.0
19.8  0.006991925015896849
19.919999999999998  0.017639944106065175
20.04  0.027545336113026675
20.16  0.0366948692479061
20.279999999999998  0.04507648047825452
20.4  0.052679293132434246
20.52  0.059493632756791315
20.64  0.06551104120234119
20.759999999999998  0.07072428892028404
20.88  0.07512738544830366
21.0  0.07871558807225809
21.119999999999997  0.0814854086505532
21.24  0.08343461859118706
21.36  0.08456225197416634
21.48  0.08486860681472308
21.599999999999998  0.08435524446548787
21.72  0.08302498715851081
21.84  0.0808819136907547
21.96  0.0779313532594092
22.08  0.07417987745609661
22.2  0.0696352904317406
22.32  0.06430661724655773
22.439999999999998  0.058204090422299404
22.56  0.05133913471650686
22.68  0.04372435014116499
22.8  0.03537349325070144
22.919999999999998  0.026301456726841144
23.04  0.016524247290308547
23.16  0.0060589619718441345
23.279999999999998  0.0
23.4  0.0
23.52  0.0
23.64  0.0
23.759999999999998  0.0
23.88  0.0
24.0  0.0
24.119999999999997  0.0
24.24  0.0
24.36  0.0
24.48  0.0
24.599999999999998  0.0
24.72  0.0
24.84  0.0
24.96  0.0
25.08  0.0
25.2  0.0
25.32  0.0
25.439999999999998  0.0
25.56  0.0
25.68  0.0
25.8  0.0
25.919999999999998  0.0
26.04  0.0
26.16  0.0
26.279999999999998  0.0
26.4  0.0
26.52  0.0
26.64  0.0
26.759999999999998  0.0
26.88  0.0
27.0  0.0
27.119999999999997  0.0
27.24  0.0
27.36  0.0
27.48  0.0
27.599999999999998  0.0
27.72  0.0
27.84  0.0
27.959999999999997  0.0
28.08  0.0
28.2  0.0
28.32  0.0
28.439999999999998  0.0
28.56  0.0
28.68  0.0
28.799999999999997  0.0
28.919999999999998  0.0
29.04  0.0
29.16  0.0
29.279999999999998  0.0
29.4  0.0
29.52  0.0
29.64  0.0
29.759999999999998  0.0
29.88  0.0
30.0  0.0
30.119999999999997  0.0
30.24  0.0
30.36  0.0
30.48  0.0
30.599999999999998  0.0
30.72  0.0
30.84  0.0
30.959999999999997  0.0
31.08  0.0
31.2  0.0
31.32  0.0
31.439999999999998  0.0
31.56  0.0
31.68  0.0
31.799999999999997  0.0
31.919999999999998  0.0
32.04  0.0
32.16  0.0
32.28  0.0
32.4  0.0
32.519999999999996  0.0
32.64  0.0
32.76  0.0
32.879999999999995  0.0
33.0  0.0
33.12  0.0
33.24  0.0
33.36  0.0
33.48  0.0
33.6  0.0
33.72  0.0
33.839999999999996  0.0
33.96  0.0
34.08  0.0
34.199999999999996  0.0
34.32  0.0
34.44  0.0
34.56  0.0
34.68  0.0
34.8  0.0
34.92  0.0
35.04  0.0
35.16  0.0
35.28  0.0
35.4  0.0
35.519999999999996  0.0
35.64  0.0
35.76  0.0
35.879999999999995  0.0
36.0  0.0
36.12  0.0
36.24  0.0
36.36  0.0
36.48  0.02075487235435497
36.6  0.04769036621005618
36.72  0.07447073030280071
36.839999999999996  0.10106320486868295
36.96  0.12743531253192428
37.08  0.15355490546548026
37.199999999999996  0.17939021206716452
37.32  0.20490988308276145
37.44  0.23008303710843633
37.559999999999995  0.2548793054056736
37.68  0.2792688759629416
37.8  0.30322253673943017
37.92  0.3267117180273994
38.04  0.34970853387094025
38.16  0.37218582248039467
38.28  0.39411718558309083
38.4  0.41547702665265873
38.519999999999996  0.4362405879608278
38.64  0.45638398639731953
38.76  0.47588424800527424
38.879999999999995  0.49471934118154626
39.0  0.512868208493134
39.12  0.53031079706306
39.24  0.5470280874811474
39.36  0.5630021211972214
39.48  0.5782160263566085
39.6  0.5926540420399831
39.72  0.6063015408720314
39.839999999999996  0.6191450499657689
39.96  0.6311722701717832
40.08  0.6423720936041853
40.199999999999996  0.652734619417571
40.32  0.6622511678118614
40.44  0.6709142922444968
40.559999999999995  0.6787177898321018
40.68  0.6856567099263741
40.8  0.691727360851653
40.92  0.6969273147943209
41.04  0.7012554108368868
41.16  0.7047117561323525
41.28  0.7072977252171713
41.4  0.7090159574638568
41.519999999999996  0.7098703526770245
41.64  0.7098660648393762
41.76  0.7090094940168588
41.879999999999995  0.7073082764349272
42.0  0.7047712727405289
42.12  0.7014085544670976
42.239999999999995  0.6972313887224655
42.36  0.692252221122245
42.48  0.6864846569937685
42.6  0.6799434408782465
42.72  0.6726444343612891
42.839999999999996  0.66460459226439
42.96  0.6558419372323885
43.08  0.6463755327542702
43.199999999999996  0.6362254546569733
43.32  0.6254127611141118
43.44  0.6139594612137051
43.559999999999995  0.6018884821311133
43.68  0.5892236349554454
43.8  0.5759895792196614
43.92  0.562211786186506
44.04  0.5479165009442435
44.16  0.5331307033678944
44.28  0.5178820680033587
44.4  0.5021989229333843
44.519999999999996  0.48611020768582325
44.64  0.4696454302460523
44.76  0.45283462323672574
44.879999999999995  0.4357082993292521
45.0  0.4182974059525298
45.12  0.4006332793655159
45.239999999999995  0.3827475981610703
45.36  0.36467233626946993
45.48  0.34643971553060515
45.6  0.3280821579045713
45.72  0.3096322373908913
45.839999999999996  0.2911226317270038
45.96  0.2725860739370128
46.08  0.25405530380189234
46.199999999999996  0.23556301932244778
46.32  0.2171418282463751
46.44  0.1988241997306396
46.559999999999995  0.18064241621019675
46.68  0.1626285255437965
46.8  0.1448142935071836
46.92  0.12723115670349722
47.04  0.10991017596008318
47.16  0.09288199028017924
47.28  0.07617677141715845
47.4  0.059824179138075584
47.519999999999996  0.043853317242248724
47.64  0.02829269039951887
47.76  0.01317016187160902
47.879999999999995  0.0
48.0  0.0
48.12  0.0
48.239999999999995  0.0
48.36  0.0
48.48  0.0
48.6  0.0
48.72  0.0
48.839999999999996  0.0
48.96  0.0
49.08  0.0
49.199999999999996  0.0
49.32  0.0
49.44  0.0
49.559999999999995  0.0
49.68  0.0
49.8  0.0
49.92  0.0
50.04  0.0
50.16  0.0
50.28  0.0
50.4  0.0
50.519999999999996  0.0
50.64  0.0
50.76  0.0
50.879999999999995  0.0
51.0  0.0
51.12  0.0
51.239999999999995  0.0
51.36  0.0
51.48  0.0
51.6  0.0
51.72  0.0
51.839999999999996  0.0
51.96  0.0
52.08  0.0
52.199999999999996  0.0
52.32  0.0
52.44  0.0
52.559999999999995  0.0
52.68  0.0
52.8  0.0025276164826247283
52.919999999999995  0.01858666107796564
53.04  0.03527430057886055
53.16  0.0525689139247571
53.28  0.07044793460673421
53.4  0.08888788357882937
53.519999999999996  0.10786440351406534
53.64  0.1273522943548624
53.76  0.14732555010566284
53.879999999999995  0.16775739681374302
54.0  0.1886203316824277
54.12  0.20988616325930848
54.239999999999995  0.2315260526404455
54.36  0.2535105556300332
54.48  0.2758096657936612
54.6  0.2983928583419343
54.72  0.3212291347800005
54.839999999999996  0.34428706825745636
54.96  0.36753484955202503
55.08  0.39094033361945957
55.199999999999996  0.41447108664137305
55.32  0.4380944335018444
55.44  0.46177750562313674
55.559999999999995  0.4854872890902636
55.68  0.5091906729937152
55.8  0.5328544979193935
55.919999999999995  0.5564456045145308
56.04  0.5799308820582563
56.16  0.6032773169655195
56.28  0.6264520411531301
56.4  0.6494223801968634
56.519999999999996  0.6721559012089547
56.64  0.694620460365652
56.76  0.7167842500150143
56.879999999999995  0.7386158452958155
57.0  0.7600842501990677
57.12  0.7811589430045109
57.239999999999995  0.8018099210253726
57.36  0.822007744595673
57.48  0.8417235802354573
57.599999999999994  0.8609292429306046
57.72  0.8795972374650955
57.839999999999996  0.8977007987450307
57.96  0.9152139310552208
58.08  0.9321114461906335
58.199999999999996  0.9483690004067761
58.32  0.9639631301346729
58.44  0.978871286408028
58.559999999999995  0.9930718679520081
58.68  1.0065442528850466
58.8  1.0192688289870961
58.919999999999995  1.0312270224899032
59.04  1.0424013253470021
59.16  1.052775320943378
59.28  1.0623337082070505
59.4  1.0710623240871557
59.519999999999996  1.0789481643655172
59.64  1.0859794027711311
59.76  1.0921454083695055
59.879999999999995  1.0974367612012979
60.0  1.1018452661472855
60.12  1.1053639649993063
60.239999999999995  1.1079871467194349
60.36  1.1097103558723196
60.48  1.1105303992183013
60.599999999999994  1.110445350457618
60.72  1.1094545531187276
60.839999999999996  1.107558621586499
60.96  1.1047594402687604
61.08  1.101060160902418
61.199999999999996  1.096465198003099
61.32  1.0909802224649958
61.44  1.0846121533203035
61.559999999999995  1.0773691476703418
61.68  1.0692605888031532
61.8  1.0602970725150138
61.919999999999995  1.0504903916559276
62.04  1.0398535189218245
62.16  1.0284005879186877
62.28  1.0161468725264384
62.4  1.003108764592872
62.519999999999996  0.9893037499903863
62.64  0.9747503830706625
62.76  0.9594682595548164
62.879999999999995  0.9434779878988064
63.0  0.9268011591761486
63.12  0.9094603155221762
63.239999999999995  0.8914789171861498
63.36  0.8728813082396096
63.48  0.8536926809913332
63.599999999999994  0.8339390391611228
63.72  0.8136471598665062
63.839999999999996  0.7928445544781882
63.96  0.7715594284016796
64.08  0.7498206398442258
64.2  0.7276576576274939
64.32  0.7051005181080572
64.44  0.6821797812688423
64.56  0.6589264860460868
64.67999999999999  0.6353721049573453
64.8  0.6115484980971857
64.92  0.5874878665681457
65.03999999999999  0.5632227054152877
65.16  0.5387857561334761
65.28  0.5142099588171338
65.39999999999999  0.48952840402269543
65.52  0.4647742844144558
65.64  0.4399808462648343
65.75999999999999  0.4151813408802243
65.88  0.3904089760237678
66.0  0.36569686740640295
66.12  0.34107799031736086
66.24  0.31658513146516976
66.36  0.2922508410998492
66.48  0.26810738548662183
66.6  0.24418669980088595
66.72  0.2205203415136132
66.84  0.19713944433567204
66.96  0.17407467278858774
67.08  0.15135617746851726
67.2  0.12901355106911988
67.32  0.10707578522783884
67.44  0.08557122825895702
67.56  0.06452754383554965
67.67999999999999  0.04397167068089236
67.8  0.02392978332855661
67.92  0.004427254008803283
68.03999999999999  0.0
68.16  0.0
68.28  0.0
68.39999999999999  0.0
68.52  0.0
68.64  0.0
68.75999999999999  0.0
68.88  0.0
69.0  0.0
69.12  0.0
69.24  0.0
69.36  0.0
69.48  0.0
69.6  0.0
69.72  0.0
69.84  0.0
69.96  0.0
70.08  0.0
70.2  0.0
70.32  0.0
70.44  0.0
70.56  0.0
70.67999999999999  0.0
70.8  0.0
70.92  0.0
71.03999999999999  0.0
71.16  0.0
71.28  0.0
71.39999999999999  0.0
71.52  0.0
71.64  0.0
71.75999999999999  0.0
71.88  0.0
72.0  0.0
72.11999999999999  0.0
72.24  0.0
72.36  0.0
72.48  0.0
72.6  0.0
72.72  0.0
72.84  0.0
72.96  0.0
73.08  0.0
73.2  0.0
73.32  0.0
73.44  0.0
73.56  0.0
73.67999999999999  0.0
73.8  0.0
73.92  0.0
74.03999999999999  0.0
74.16  0.0
74.28  0.014008070069018608
74.39999999999999  0.03096558455542736
74.52  0.0481667656890985
74.64  0.06558026381887644
74.75999999999999  0.08317439426771936
74.88  0.10091718436880082
75.0  0.1187764209264291
75.11999999999999  0.13671969803206643
75.24  0.15471446516516157
75.36  0.17272807550809868
75.48  0.19072783440428698
75.6  0.20868104788815472
75.72  0.22655507121574858
75.84  0.24431735732459248
75.96  0.2619355051516238
76.08  0.27937730773817915
76.2  0.29661080005132956
76.32  0.31360430645130877
76.44  0.33032648773526435
76.56  0.3467463876881828
76.67999999999999  0.36283347907260133
76.8  0.37855770898950597
76.92  0.39388954354373973
77.03999999999999  0.4088000117482957
77.16  0.42326074860296836
77.28  0.4372440372840265
77.39999999999999  0.4507228503829316
77.52  0.463670890133475
77.64  0.47606262756819806
77.75999999999999  0.4878733405465651
77.88  0.4990791505989879
78.0  0.5096570585325079
78.11999999999999  0.5195849787458683
78.24  0.5288417722034773
78.36  0.537407278019793
78.48  0.5452623436077286
78.6  0.5523888533467348
78.72  0.5587697557284105
78.84  0.5643890889397232
78.96  0.569232004846234
79.08  0.5732847913400647
79.2  0.5765348930197032
79.32  0.5789709301712768
79.44  0.5805827160233401
79.56  0.5813612722498012
79.67999999999999  0.5812988426981753
79.8  0.5803889053229504
79.92  0.5786261823065026
80.03999999999999  0.5760066483526473
80.16  0.5725275371405992
80.28  0.568187345929826
80.39999999999999  0.562985838308978
80.52  0.5569240450848161
80.64  0.5500042633097953
80.75999999999999  0.5422300534496727
80.88  0.533606234695266
81.0  0.5241388784252076
81.11999999999999  0.5138352998292381
81.24  0.5027040477043048
81.36  0.49075489243841514
81.48  0.47799881219983587
81.6  0.4644479773518833
81.72  0.4501157331161496
81.84  0.435016580509594
81.96  0.4191661555834343
82.08  0.40258120699429367
82.2  0.38527957194051643
82.32  0.3672801504989266
82.44  0.3486028783996823
82.56  0.32926869827919414
82.67999999999999  0.30929952945324735
82.8  0.28871823625469534
82.92  0.26754859498220107
83.03999999999999  0.2458152595084928
83.16  0.22354372559861682
83.28  0.20076029399056888
83.39999999999999  0.17749203229245386
83.52  0.15376673575208974
83.64  0.129612886956698
83.75999999999999  0.10505961452172033
83.88  0.0801366508294662
84.0  0.05487428887962703
84.11999999999999  0.0293033383149362
84.24  0.003455080686522838
84.36  0.0
84.47999999999999  0.0
84.6  0.0
84.72  0.0
84.84  0.0
84.96  0.0
85.08  0.0
85.2  0.0
85.32  0.0
85.44  0.0
85.56  0.0
85.67999999999999  0.0
85.8  0.0
85.92  0.0
86.03999999999999  0.0
86.16  0.0
86.28  0.0
86.39999999999999  0.0
86.52  0.0
86.64  0.0
86.75999999999999  0.0
86.88  0.0
87.0  0.0
87.11999999999999  0.0
87.24  0.0
87.36  0.0
87.47999999999999  0.0
87.6  0.0
87.72  0.0
87.84  0.0
87.96  0.0
88.08  0.0
88.2  0.0
88.32  0.0
88.44  0.0
88.56  0.0
88.67999999999999  0.0
88.8  0.0
88.92  0.0
89.03999999999999  0.0
89.16  0.0
89.28  0.0
89.39999999999999  0.0
89.52  0.0
89.64  0.0
89.75999999999999  0.0
89.88  0.0
90.0  0.0
90.11999999999999  0.0
90.24  0.0
90.36  0.0
90.47999999999999  0.0
90.6  0.0
90.72  0.0
90.84  0.0
90.96  0.0
91.08  0.0
91.2  0.0
91.32  0.0
91.44  0.0
91.56  0.0
91.67999999999999  0.0
91.8  0.0
91.92  0.0
92.03999999999999  0.0
92.16  0.0
92.28  0.0
92.39999999999999  0.0
92.52  0.0
92.64  0.0
92.75999999999999  0.0
92.88  0.0
93.0  0.0
93.11999999999999  0.0
93.24  0.0
93.36  0.0
93.47999999999999  0.0
93.6  0.0
93.72  0.0
93.84  0.0
93.96  0.0
94.08  0.0
94.2  0.0
94.32  0.0
94.44  0.0
94.56  0.0
94.67999999999999  0.0
94.8  0.0
94.92  0.0
95.03999999999999  0.0
95.16  0.0
95.28  0.0
95.39999999999999  0.0
95.52  0.0
95.64  0.0
95.75999999999999  0.0
95.88  0.0
96.0  0.0
96.11999999999999  0.0
96.24  0.0
96.36  0.0
96.47999999999999  0.0
96.6  0.0
96.72  0.0
96.84  0.0
96.96  0.0
97.08  0.0
97.2  0.0
97.32  0.0
97.44  0.0
97.56  0.0
97.67999999999999  0.0
97.8  0.0
97.92  0.0
98.03999999999999  0.0
98.16  0.0
98.28  0.0
98.39999999999999  0.0
98.52  0.006799274480069117
98.64  0.01562452721092733
98.75999999999999  0.023704254375919054
98.88  0.03102563632821498
99.0  0.0375770264951214
99.11999999999999  0.0433479685567012
99.24  0.048329211871397826
99.36  0.052512725125997584
99.47999999999999  0.055891708189885425
99.6  0.05846060215617743
99.72  0.06021509755497012
99.84  0.06115214072665143
99.96  0.061269938345900776
100.08  0.06056796008973386
100.2  0.05904693944567052
100.32  0.05670887265883551
100.44  0.053557015819537535
100.56  0.04959588009560445
100.67999999999999  0.04483122511646731
100.8  0.03927005051872068
100.92  0.0329205856655721
101.03999999999999  0.025792277555270138
101.16  0.017895776936284857
101.28  0.009242922649633
101.39999999999999  0.0
101.52  0.0
101.64  0.0
101.75999999999999  0.0
101.88  0.0
102.0  0.0
102.11999999999999  0.0
102.24  0.0
102.36  0.0
102.47999999999999  0.0
102.6  0.0
102.72  0.0
102.83999999999999  0.0
102.96  0.0
103.08  0.0
103.2  0.0
103.32  0.0
103.44  0.0
103.56  0.0
103.67999999999999  0.0
103.8  0.0
103.92  0.0
104.03999999999999  0.0
104.16  0.0
104.28  0.0
104.39999999999999  0.0
104.52  0.0
104.64  0.0
104.75999999999999  0.0
104.88  0.0
105.0  0.0
105.11999999999999  0.0
105.24  0.0
105.36  0.0
105.47999999999999  0.0
105.6  0.0
105.72  0.0
105.83999999999999  0.0
105.96  0.0
106.08  0.0
106.2  0.0
106.32  0.0
106.44  0.0
106.56  0.0
106.67999999999999  0.0
106.8  0.0
106.92  0.0
107.03999999999999  0.0
107.16  0.0
107.28  0.0
107.39999999999999  0.0
107.52  0.0
107.64  0.0
107.75999999999999  0.0
107.88  0.0
108.0  0.0
108.11999999999999  0.0
108.24  0.0
108.36  0.0
108.47999999999999  0.0
108.6  0.0
108.72  0.0
108.83999999999999  0.0
108.96  0.0
109.08  0.0
109.2  0.0
109.32  0.0
109.44  0.0
109.56  0.0
109.67999999999999  0.0
109.8  0.0
109.92  0.0
110.03999999999999  0.0
110.16  0.0
110.28  0.0
110.39999999999999  0.0
110.52  0.0
110.64  0.0
110.75999999999999  0.0
110.88  0.0
111.0  0.0
111.11999999999999  0.0
111.24  0.0
111.36  0.0
111.47999999999999  0.0
111.6  0.0
111.72  0.0
111.83999999999999  0.0
111.96  0.0
112.08  0.0
112.2  0.0
112.32  0.0
112.44  0.0
112.56  0.0
112.67999999999999  0.0
112.8  0.0
112.92  0.0
113.03999999999999  0.0
113.16  0.0
113.28  0.0
113.39999999999999  0.0
113.52  0.0
113.64  0.0
113.75999999999999  0.0
113.88  0.0
114.0  0.0
114.11999999999999  0.0
114.24  0.0
114.36  0.0
114.47999999999999  0.0
114.6  0.0
114.72  0.0
114.83999999999999  0.0
114.96  0.0
115.08  0.0
115.19999999999999  0.0
115.32  0.0
115.44  0.0
115.56  0.0
115.67999999999999  0.0
115.8  0.0
115.92  0.008889615973650927
116.03999999999999  0.033940564196206974
116.16  0.05865220435590984
116.28  0.08299432727412984
116.39999999999999  0.10693728970486957
116.52  0.13045205737148952
116.64  0.153510247107099
116.75999999999999  0.17608416803692536
116.88  0.19814686174208293
117.0  0.2196721413458351
117.11999999999999  0.24063462946503306
117.24  0.26100979497095383
117.36  0.280773988505628
117.47999999999999  0.29990447670156867
117.6  0.3183794750546165
117.72  0.33617817940170014
117.83999999999999  0.35328079595734624
117.96  0.36966856986481594
118.08  0.38532381222000134
118.19999999999999  0.40022992552845255
118.32  0.41437142755815903
118.44  0.427733973553104
118.56  0.44030437677502876
118.67999999999999  0.45207062734324593
118.8  0.4630219093449171
118.92  0.47314861619066517
119.03999999999999  0.48244236419303504
119.16  0.4908960043479146
119.28  0.49850363230162653
119.39999999999999  0.5052605964891118
119.52  0.5111635044313094
119.64  0.5162102271824934
119.75999999999999  0.5203999019211161
119.88  0.523732932680368
120.0  0.5262109892174376
