0.0  13.553449685806719  100.0
0.12  13.602475170033237
0.24  13.640386315411723
0.36  13.667174549967601
0.48  13.682847652481787
0.6  13.687429668086653
0.72  13.680960797188487
0.84  13.663497258033598
0.96  13.635111123281398
1.08  13.59589013099302
1.2  13.54593747048841
1.3199999999999998  13.485371543568098
1.44  13.414325701638122
1.56  13.33294795931743
1.68  13.241400685146992
1.7999999999999998  13.139860270058161
1.92  13.02851677429481
2.04  12.907573553519375
2.16  12.777246864866896
2.28  12.637765453743526
2.4  12.489370122196815
2.52  12.3323132797141
2.6399999999999997  12.166858477332635
2.76  11.993279925970672
2.88  11.811861999912367
3.0  11.62289872640118
3.12  11.42669326231643
3.2399999999999998  11.22355735892553
3.36  11.013810815720577
3.48  10.797780924361883
3.5999999999999996  10.575801903763145
3.7199999999999998  10.348214327362895
3.84  10.115364543634971
3.96  9.877604090896513
4.08  9.635289107476128
4.2  9.388779738306582
4.32  9.138439539006315
4.4399999999999995  8.884634878511918
4.56  8.62773434131951
4.68  8.368108130386863
4.8  8.106127471739981
4.92  7.84216402181778
5.04  7.576589278576671
5.16  7.3097739973628615
5.279999999999999  7.0420876125446945
5.3999999999999995  6.773897665879748
5.52  6.5055692425723635
5.64  6.237464415956189
5.76  5.969941701713886
5.88  5.703355522521907
6.0  5.438055683982569
6.12  5.174386862678422
6.24  4.912688107155283
6.359999999999999  4.653292352610352
6.4799999999999995  4.396525950030464
6.6  4.142708210493152
6.72  3.8921509653093938
6.84  3.645158142652274
6.96  3.402025361280035
7.08  3.163039541925267
7.199999999999999  2.928478536884553
7.319999999999999  2.698610778304501
7.4399999999999995  2.4736949456212143
7.56  2.2539796525705746
7.68  2.039703154146699
7.8  1.831093073845261
7.92  1.628366151487634
8.04  1.4317280118804159
8.16  1.2413729545237655
8.28  1.0574837645403006
8.4  0.8802315449549498
8.52  0.7097755704146909
8.64  0.5462631623957701
8.76  0.3898295859050378
8.879999999999999  0.240597967641212
9.0  0.09867923554157487
9.12  0.0
9.24  0.0
9.36  0.0
9.48  0.0
9.6  0.0
9.719999999999999  0.0
9.84  0.0
9.959999999999999  0.0
10.08  0.0
10.2  0.0
10.32  0.0
10.44  0.0
10.559999999999999  0.0
10.68  0.0
10.799999999999999  0.0
10.92  0.0
11.04  0.0
11.16  0.0
11.28  0.0
11.4  0.0
11.52  0.0
11.639999999999999  0.0
11.76  0.0
11.879999999999999  0.0
12.0  0.0
12.12  0.0
12.24  0.0
12.36  0.0
12.48  0.0
12.6  0.0
12.719999999999999  0.0
12.84  0.0
12.959999999999999  0.0
13.08  0.0
13.2  0.0
13.32  0.0
13.44  0.0
13.559999999999999  0.05341929277593449
13.68  0.1648498772603728
13.799999999999999  0.2796061890067203
13.92  0.3974594608061168
14.04  0.5181797535805788
14.16  0.6415363342036113
14.28  0.7672980480191838
14.399999999999999  0.8952336854240441
14.52  1.025112341899432
14.639999999999999  1.1567037709004706
14.76  1.2897787290347453
14.879999999999999  1.4241093129857632
15.0  1.5594692876621965
15.12  1.6956344050796208
15.24  1.8323827135084942
15.36  1.9694948564493298
15.479999999999999  2.106754361024379
15.6  2.2439479154037834
15.719999999999999  2.380865634913416
15.84  2.5173013165014106
15.959999999999999  2.653052681270341
16.08  2.7879216048125572
16.2  2.921714335116711
16.32  3.054241697844374
16.439999999999998  3.1853192888065394
16.56  3.314767653500704
16.68  3.4424124536001663
16.8  3.5680846203178795
16.919999999999998  3.691620494597901
17.04  3.8128619541176714
17.16  3.931656527114515
17.28  4.047857493079313
17.4  4.161323970389547
17.52  4.271920990982506
17.64  4.379519562197676
17.759999999999998  4.48399671594465
17.88  4.5852355453798594
18.0  4.683125229301239
18.12  4.777561044495361
18.24  4.868444366295798
18.36  4.955682657635072
18.48  5.039189446894837
18.599999999999998  5.118884294880719
18.72  5.194692751268541
18.84  5.266546300888006
18.96  5.334382300228361
19.08  5.398143904567464
19.2  5.457779986141776
19.32  5.5132450437893805
19.439999999999998  5.564499104511764
19.56  5.611507617412065
19.68  5.654241340478735
19.8  5.692676220692876
19.919999999999998  5.726793267946133
20.04  5.756578423262742
20.16  5.7820224218252605
20.279999999999998  5.803120651307635
20.4  5.819873006022448
20.52  5.832283737390679
20.64  5.840361301242868
20.759999999999998  5.844118202459395
20.88  5.843570837455529
21.0  5.83873933501313
21.119999999999997  5.829647395956267
21.24  5.816322132161767
21.36  5.798793905388482
21.48  5.777096166400582
21.599999999999998  5.751265294850391
21.72  5.7213404403756005
21.84  5.687363365353706
21.96  5.649378289743449
22.08  5.607431738429247
22.2  5.561572391469311
22.32  5.511850937632465
22.439999999999998  5.458319931591638
22.56  5.401033655124453
22.68  5.340047982652802
22.8  5.275420251434007
22.919999999999998  5.207209136696386
23.04  5.13547453199131
23.16  5.06027743501288
23.279999999999998  4.981679839114512
23.4  4.899744630729716
23.52  4.8145354928817925
23.64  4.7261168149442305
23.759999999999998  4.634553608790531
23.88  4.539911431448674
24.0  4.4422563143520675
24.119999999999997  4.341654699254978
24.24  4.2381733808568836
24.36  4.131879456156605
24.48  4.022840280533263
24.599999999999998  3.9111234305279936
24.72  3.796796673276887
24.84  3.6799279425229265
24.96  3.5605853211118323
25.08  3.4388370298547812
25.2  3.3147514226189694
25.32  3.1883969874859353
25.439999999999998  3.0598423537966273
25.56  2.929156304882368
25.68  2.796407796261205
25.8  2.6616659790606
25.919999999999998  2.525000228409355
26.04  2.386480176524616
26.16  2.2461757502034
26.279999999999998  2.1041572124128956
26.4  1.9604952076590592
26.52  1.815260810799882
26.64  1.6685255789569253
26.759999999999998  1.5203616061675107
26.88  1.3708415804095273
27.0  1.2200388426215587
27.119999999999997  1.0680274473328906
27.24  0.9148822245110246
27.36  0.7606788422284994
27.48  0.605493869746176
27.599999999999998  0.449404840606623
27.72  0.2924903153292385
27.84  0.1348299432973974
27.959999999999997  0.0
28.08  0.0
28.2  0.0
28.32  0.0
28.439999999999998  0.0
28.56  0.0
28.68  0.0
28.799999999999997  0.0
28.919999999999998  0.0
29.04  0.0
29.16  0.0
29.279999999999998  0.0
29.4  0.0
29.52  0.0
29.64  0.0
29.759999999999998  0.0
29.88  0.0
30.0  0.0
30.119999999999997  0.0
30.24  0.0
30.36  0.0
30.48  0.0
30.599999999999998  0.0
30.72  0.0
30.84  0.0
30.959999999999997  0.0
31.08  0.0
31.2  0.0
31.32  0.0
31.439999999999998  0.0
31.56  0.0
31.68  0.0
31.799999999999997  0.0
31.919999999999998  0.0
32.04  0.0
32.16  0.0
32.28  0.0
32.4  0.0
32.519999999999996  0.0
32.64  0.0
32.76  0.0
32.879999999999995  0.0
33.0  0.0
33.12  0.0
33.24  0.0
33.36  0.0
33.48  0.0
33.6  0.0
33.72  0.0
33.839999999999996  0.0
33.96  0.0
34.08  0.0
34.199999999999996  0.0
34.32  0.0
34.44  0.0
34.56  0.0
34.68  0.0
34.8  0.0
34.92  0.0
35.04  0.0
35.16  0.0
35.28  0.0
35.4  0.0
35.519999999999996  0.0
35.64  0.0
35.76  0.0
35.879999999999995  0.0
36.0  0.0
36.12  0.0
36.24  0.0
36.36  0.0
36.48  0.0
36.6  0.0
36.72  0.0
36.839999999999996  0.0
36.96  0.0
37.08  0.0
37.199999999999996  0.0
37.32  0.0
37.44  0.0
37.559999999999995  0.0
37.68  0.0
37.8  0.0
37.92  0.0
38.04  0.0
38.16  0.0
38.28  0.0
38.4  0.0
38.519999999999996  0.0
38.64  0.0
38.76  0.0
38.879999999999995  0.0
39.0  0.0
39.12  0.0
39.24  0.0
39.36  0.0
39.48  0.0
39.6  0.0
39.72  0.0
39.839999999999996  0.0
39.96  0.0
40.08  0.0
40.199999999999996  0.0
40.32  0.0
40.44  0.0
40.559999999999995  0.0
40.68  0.0
40.8  0.0
40.92  0.0
41.04  0.0
41.16  0.0
41.28  0.0
41.4  0.0
41.519999999999996  0.0
41.64  0.0
41.76  0.110386775027084
41.879999999999995  0.2944432929840014
42.0  0.4761761790587211
42.12  0.6553168283042775
42.239999999999995  0.8315982315811381
42.36  1.0047554192643684
42.48  1.1745259066792113
42.6  1.3406501404514855
42.72  1.5028719449486645
42.839999999999996  1.6609389679798263
42.96  1.8146031249149428
43.08  1.9636210403792322
43.199999999999996  2.1077544866747875
43.32  2.2467708180795176
43.44  2.38044340017354
43.559999999999995  2.508552033344939
43.68  2.630883369629678
43.8  2.74723132204586
43.92  2.8573974655894965
44.04  2.961191429066849
44.16  3.058431276949582
44.28  3.148943880450201
44.4  3.2325652770293236
44.519999999999996  3.3091410175618527
44.64  3.3785265004058482
44.76  3.4405872916368025
44.879999999999995  3.4951994307305263
45.0  3.5422497209994352
45.12  3.581636004110615
45.239999999999995  3.6132674180393223
45.36  3.637064637837552
45.48  3.652960098625469
45.6  3.6608982002427854
45.72  3.6608354930275593
45.839999999999996  3.6527408442219036
45.96  3.6365955845370976
46.08  3.6123936344447665
46.199999999999996  3.5801416097962098
46.32  3.5398589064082526
46.44  3.491577763291255
46.559999999999995  3.435343304233034
46.68  3.371213557491764
46.8  3.299259453390234
46.92  3.2195647996445578
47.04  3.132226234301324
47.16  3.037353156198664
47.28  2.9350676329087033
47.4  2.825504286161184
47.519999999999996  2.7088101547903225
47.64  2.585144535290158
47.76  2.454678800106071
47.879999999999995  2.31759619383312
48.0  2.1740916075347023
48.12  2.0243713314374254
48.239999999999995  1.8686527863006557
48.36  1.7071642338010533
48.48  1.5401444663141644
48.6  1.3678424765158974
48.72  1.1905171072678347
48.839999999999996  1.0084366822894224
48.96  0.821878618159795
49.08  0.6311290182298475
49.199999999999996  0.436482249062655
49.32  0.2382405000566945
49.44  0.03671332694161844
49.559999999999995  0.0
49.68  0.0
49.8  0.0
49.92  0.0
50.04  0.0
50.16  0.0
50.28  0.0
50.4  0.0
50.519999999999996  0.0
50.64  0.0
50.76  0.0
50.879999999999995  0.0
51.0  0.0
51.12  0.0
51.239999999999995  0.0
51.36  0.0
51.48  0.0
51.6  0.0
51.72  0.0
51.839999999999996  0.0
51.96  0.0
52.08  0.0
52.199999999999996  0.0
52.32  0.0
52.44  0.0
52.559999999999995  0.0
52.68  0.0
52.8  0.0
52.919999999999995  0.0
53.04  0.0
53.16  0.0
53.28  0.0
53.4  0.0
53.519999999999996  0.0
53.64  0.0
53.76  0.0
53.879999999999995  0.0
54.0  0.0
54.12  0.0
54.239999999999995  0.0
54.36  0.0
54.48  0.0
54.6  0.0
54.72  0.0
54.839999999999996  0.0
54.96  0.0
55.08  0.0
55.199999999999996  0.0
55.32  0.0
55.44  0.0
55.559999999999995  0.0
55.68  0.0
55.8  0.0
55.919999999999995  0.0
56.04  0.0
56.16  0.0
56.28  0.0
56.4  0.0
56.519999999999996  0.0
56.64  0.0
56.76  0.0
56.879999999999995  0.0
57.0  0.0
57.12  0.0
57.239999999999995  0.0
57.36  0.0
57.48  0.0
57.599999999999994  0.0
57.72  0.0
57.839999999999996  0.0
57.96  0.0
58.08  0.0
58.199999999999996  0.0
58.32  0.0
58.44  0.0
58.559999999999995  0.0
58.68  0.0
58.8  0.0
58.919999999999995  0.0
59.04  0.0
59.16  0.0
59.28  0.0
59.4  0.0
59.519999999999996  0.0
59.64  0.0
59.76  0.0
59.879999999999995  0.0
60.0  0.05225459715259784
60.12  0.31853266066304453
60.239999999999995  0.5843369117956052
60.36  0.8492759297114789
60.48  1.1129597507276954
60.599999999999994  1.3750005265196437
60.72  1.6350131789778517
60.839999999999996  1.8926160505433796
60.96  2.147431548853138
61.08  2.3990867845352533
61.199999999999996  2.647214201007275
61.32  2.8914521951429055
61.44  3.1314457276892425
61.559999999999995  3.3668469223346484
61.68  3.5973156523470817
61.8  3.8225201137252967
61.919999999999995  4.042137383829415
62.04  4.255853964483089
62.16  4.463366308568048
62.28  4.66438132916165
62.4  4.8586168902990305
62.519999999999996  5.045802278476163
62.64  5.225678654044039
62.76  5.397999481681468
62.879999999999995  5.562530939172607
63.0  5.7190523037541645
63.12  5.867356315339251
63.239999999999995  6.007249515966886
63.36  6.138552564869838
63.48  6.261100528598522
63.599999999999994  6.374743145684515
63.72  6.479345065374031
63.839999999999996  6.574786060009682
63.96  6.660961210687397
64.08  6.73778106586444
64.2  6.805171772644776
64.32  6.863075180518085
64.44  6.911448917379789
64.56  6.950266437710532
64.67999999999999  6.979517042844966
64.8  6.999205873311247
64.92  7.009353873274065
65.03999999999999  7.009997727165641
65.16  7.001189768640424
65.28  6.982997862040047
65.39999999999999  6.955505256605997
65.52  6.918810413727628
65.64  6.873026807562523
65.75999999999999  6.818282699415609
65.88  6.754720886311254
66.0  6.6824984242402525
66.12  6.601786326609956
66.24  6.512769238471197
66.36  6.415645087139969
66.48  6.31062470987526
66.6  6.19793145931582
66.72  6.07780078741931
66.84  5.95047980868687
66.96  5.816226843492691
67.08  5.675310942375129
67.2  5.528011392179753
67.32  5.374617204977301
67.44  5.215426590710735
67.56  5.05074641455422
67.67999999999999  4.880891639994351
67.8  4.706184758668673
67.92  4.526955208020409
68.03999999999999  4.343538777849053
68.16  4.1562770068553885
68.28  3.9655165702975683
68.39999999999999  3.7716086598883853
68.52  3.574908357077539
68.64  3.3757740008733785
68.75999999999999  3.174566551366081
68.88  2.9716489501210495
69.0  2.7673854786155614
69.12  2.562141115892281
69.24  2.3562808966037014
69.36  2.15016927061863
69.48  1.9441694653565325
69.6  1.7386428520087098
69.72  1.53394831679566
69.84  1.3304416383988558
69.96  1.1284748726910458
70.08  0.9283957458734624
70.2  0.730547057111125
70.32  0.5352660917363816
70.44  0.34288404606973133
70.56  0.15372546488334926
70.67999999999999  0.0
70.8  0.0
70.92  0.0
71.03999999999999  0.0
71.16  0.0
71.28  0.0
71.39999999999999  0.0
71.52  0.0
71.64  0.0
71.75999999999999  0.0
71.88  0.0
72.0  0.0
72.11999999999999  0.0
72.24  0.0
72.36  0.0
72.48  0.0
72.6  0.0
72.72  0.0
72.84  0.0
72.96  0.0
73.08  0.0
73.2  0.0
73.32  0.0
73.44  0.0
73.56  0.0
73.67999999999999  0.0
73.8  0.0
73.92  0.0
74.03999999999999  0.0
74.16  0.0
74.28  0.0
74.39999999999999  0.0
74.52  0.0
74.64  0.0
74.75999999999999  0.0
74.88  0.0
75.0  0.0
75.11999999999999  0.0
75.24  0.0
75.36  0.0
75.48  0.0
75.6  0.0
75.72  0.0
75.84  0.0
75.96  0.0
76.08  0.0
76.2  0.0
76.32  0.0
76.44  0.0
76.56  0.0
76.67999999999999  0.0
76.8  0.0
76.92  0.0
77.03999999999999  0.0
77.16  0.0
77.28  0.0
77.39999999999999  0.0
77.52  0.011449194502771268
77.64  0.17441708686298407
77.75999999999999  0.33892765543383035
77.88  0.5046750061876145
78.0  0.6713526275992553
78.11999999999999  0.8386539515670206
78.24  1.0062729115309668
78.36  1.1739044967506433
78.48  1.3412453017167838
78.6  1.5079940696843126
78.72  1.6738522293303444
78.84  1.838524423557725
78.96  2.0017190294851517
79.08  2.1631486686848667
79.2  2.3225307067526346
79.32  2.4795877413193335
79.44  2.634048077639279
79.56  2.785646190918972
79.67999999999999  2.9341231745786165
79.8  3.0792271736704597
79.92  3.220713802709464
80.03999999999999  3.358346547205845
80.16  3.4918971482241026
80.28  3.621145969328297
80.39999999999999  3.745882345311621
80.52  3.8659049121457034
80.64  3.981021917624095
80.75999999999999  4.091051512215188
80.88  4.195822019679787
81.0  4.2951721870500705
81.11999999999999  4.388951413609409
81.24  4.477019958554423
81.36  4.559249127063705
81.48  4.635521434541835
81.6  4.705730748849759
81.72  4.769782410377534
81.84  4.827593329858651
81.96  4.87909206386927
82.08  4.924218867999817
82.2  4.962925727729374
82.32  4.9951763670774305
82.44  5.020946235150095
82.56  5.040222470740485
82.67999999999999  5.053003845185416
82.8  5.059300683721691
82.92  5.059134765626003
83.03999999999999  5.052539203462917
83.16  5.039558301804019
83.28  5.020247395820107
83.39999999999999  4.994672670185146
83.52  4.96291095876718
83.64  4.925049525616476
83.75999999999999  4.881185827794838
83.88  4.831427260622897
84.0  4.775890885953499
84.11999999999999  4.714703144108867
84.24  4.647999550148231
84.36  4.575924375159277
84.47999999999999  4.498630313292403
84.6  4.416278135280396
84.72  4.32903632920898
84.84  4.237080729323646
84.96  4.140594133677504
85.08  4.039765911442098
85.2  3.934791600718427
85.32  3.8258724976990353
85.44  3.7132152380441603
85.56  3.5970313713449324
85.67999999999999  3.47753692955456
85.8  3.3549519902753695
85.92  3.2295002357937204
86.03999999999999  3.1014085087577983
86.16  2.9709063653939767
86.28  2.838225627157017
86.39999999999999  2.7035999317058765
86.52  2.567264284093043
86.64  2.429454609048843
86.75999999999999  2.2904073052336638
86.88  2.15035880232175
87.0  2.0095451217686926
87.11999999999999  1.868201442100848
87.24  1.7265616695511086
87.36  1.5848580148481997
87.47999999999999  1.4433205769488806
87.6  1.3021769344832443
87.72  1.1616517456619133
87.84  1.0219663573716176
87.96  0.8833384241621893
88.08  0.7459815378023149
88.2  0.6101048680560174
88.32  0.4759128153032005
88.44  0.3436046755998357
88.56  0.21337431874364404
88.67999999999999  0.08540987987967952
88.8  0.0
88.92  0.0
89.03999999999999  0.0
89.16  0.0
89.28  0.0
89.39999999999999  0.0
89.52  0.0
89.64  0.0
89.75999999999999  0.0
89.88  0.0
90.0  0.0
90.11999999999999  0.0
90.24  0.0
90.36  0.0
90.47999999999999  0.0
90.6  0.0
90.72  0.0
90.84  0.0
90.96  0.0
91.08  0.0
91.2  0.0
91.32  0.0
91.44  0.0
91.56  0.0
91.67999999999999  0.0
91.8  0.0
91.92  0.0
92.03999999999999  0.0
92.16  0.0
92.28  0.0
92.39999999999999  0.0
92.52  0.0
92.64  0.0
92.75999999999999  0.0
92.88  0.0
93.0  0.0
93.11999999999999  0.0
93.24  0.0
93.36  0.0
93.47999999999999  0.0
93.6  0.0
93.72  0.0
93.84  0.0
93.96  0.0
94.08  0.0
94.2  0.0
94.32  0.0
94.44  0.0
94.56  0.0
94.67999999999999  0.0
94.8  0.0
94.92  0.0
95.03999999999999  0.0
95.16  0.0
95.28  0.0
95.39999999999999  0.0
95.52  0.0
95.64  0.0
95.75999999999999  0.0
95.88  0.0
96.0  0.0
96.11999999999999  0.0
96.24  0.0
96.36  0.0
96.47999999999999  0.0
96.6  0.0
96.72  0.0
96.84  0.0
96.96  0.0
97.08  0.0
97.2  0.017325147057421386
97.32  0.0875983056648395
97.44  0.1568807578549325
97.56  0.22506476803129027
97.67999999999999  0.29204688930204226
97.8  0.3577280957417268
97.92  0.4220139025201125
98.03999999999999  0.4848144737751807
98.16  0.5460447181378751
98.28  0.6056243718452478
98.39999999999999  0.6634780694094948
98.52  0.7195354018394635
98.64  0.7737309624407456
98.75999999999999  0.8260043802502062
98.88  0.8763003411893401
99.0  0.924568597049187
99.11999999999999  0.9707639624483915
99.24  1.0148462999325103
99.36  1.0567804934105216
99.47999999999999  1.0965364101502586
99.6  1.1340888515801881
99.72  1.1694174931700192
99.84  1.202506813686425
99.96  1.2333460141432098
100.08  1.26192892678805
100.2  1.2882539144883038
100.32  1.3123237608996856
100.44  1.3341455518198921
100.56  1.3537305481478317
100.67999999999999  1.371094050886147
100.8  1.3862552586402872
100.92  1.399237118081899
101.03999999999999  1.4100661678583688
101.16  1.418772376441257
101.28  1.4253889744185413
101.39999999999999  1.4299522817441555
101.52  1.4325015304667748
101.64  1.433078683467076
101.75999999999999  1.4317282497376795
101.88  1.4284970967444433
102.0  1.4234342604107946
102.11999999999999  1.4165907532676951
102.24  1.4080193713127636
102.36  1.3977745001199868
102.47999999999999  1.3859119207396906
102.6  1.3724886159238625
102.72  1.3575625772070912
102.83999999999999  1.3411926133668013
102.96  1.3234381607786037
103.08  1.3043590961734108
103.2  1.2840155522930645
103.32  1.2624677369292452
103.44  1.2397757558179734
103.56  1.2159994398485563
103.67999999999999  1.1911981770301345
103.8  1.165430749643924
103.92  1.1387551769916573
104.03999999999999  1.111228564132902
104.16  1.0829069569853138
104.28  1.053845204141791
104.39999999999999  1.0240968257380945
104.52  0.9937138896831568
104.64  0.9627468955420513
104.75999999999999  0.9312446663390532
104.88  0.8992542485247108
105.0  0.8668208203270253
105.11999999999999  0.8339876086823967
105.24  0.800795814917147
105.36  0.7672845493253666
105.47999999999999  0.7334907747630854
105.6  0.6994492593532888
105.72  0.6651925383702508
105.83999999999999  0.6307508853455679
105.96  0.5961522924123321
106.08  0.5614224598777715
106.2  0.5265847949885867
106.32  0.4916604198275223
106.44  0.45666818825406574
106.56  0.42162471177657923
106.67999999999999  0.3865443942185689
106.8  0.35143947501667494
106.92  0.3163200809640305
107.03999999999999  0.28119428618926756
107.16  0.24606818013748866
107.28  0.2109459432981955
107.39999999999999  0.17582993040243422
107.52  0.14072076079086182
107.64  0.10561741563421911
107.75999999999999  0.07051734166806112
107.88  0.035416561085096054
108.0  0.0003097872113371203
108.11999999999999  0.0
108.24  0.0
108.36  0.0
108.47999999999999  0.0
108.6  0.0
108.72  0.0
108.83999999999999  0.0
108.96  0.0
109.08  0.0
109.2  0.0
109.32  0.0
109.44  0.0
109.56  0.0
109.67999999999999  0.0
109.8  0.0
109.92  0.0
110.03999999999999  0.0
110.16  0.0
110.28  0.0
110.39999999999999  0.0
110.52  0.0
110.64  0.0
110.75999999999999  0.0
110.88  0.0
111.0  0.0
111.11999999999999  0.0
111.24  0.0
111.36  0.0
111.47999999999999  0.0
111.6  0.0
111.72  0.0
111.83999999999999  0.0
111.96  0.0
112.08  0.0
112.2  0.0
112.32  0.0
112.44  0.0
112.56  0.0
112.67999999999999  0.0
112.8  0.0
112.92  0.0
113.03999999999999  0.0
113.16  0.0
113.28  0.0
113.39999999999999  0.0
113.52  0.0
113.64  0.0
113.75999999999999  0.0
113.88  0.0
114.0  0.0
114.11999999999999  0.0
114.24  0.0
114.36  0.0
114.47999999999999  0.0
114.6  0.0
114.72  0.0
114.83999999999999  0.0
114.96  0.0
115.08  0.0
115.19999999999999  0.0
115.32  0.0
115.44  0.0
115.56  0.0
115.67999999999999  0.0
115.8  0.0
115.92  0.0
116.03999999999999  0.0
116.16  0.0
116.28  0.0
116.39999999999999  0.0
116.52  0.0
116.64  0.0
116.75999999999999  0.0
116.88  0.0
117.0  0.0
117.11999999999999  0.0
117.24  0.0
117.36  0.0
117.47999999999999  0.0
117.6  0.0
117.72  0.0
117.83999999999999  0.0
117.96  0.0
118.08  0.0
118.19999999999999  0.0
118.32  0.0
118.44  0.0
118.56  0.0
118.67999999999999  0.0
118.8  0.0
118.92  0.0
119.03999999999999  0.0
119.16  0.0
119.28  0.0
119.39999999999999  0.0
119.52  0.0
119.64  0.0
119.75999999999999  0.0
119.88  0.0
120.0  0.0
