0.0  22.099009987845584
1.68  42.786564558738846
3.36  29.388019319879866
5.04  30.215336544003264
6.72  42.28540740795766
8.4  22.0764317600829
10.08  42.45716151824636
11.76  29.939540358876307
13.44  0.0
15.12  9.293691163380903
16.8  0.0
18.48  8.769922684013325
20.16  0.0
21.84  0.0
23.52  9.61034961688566
25.2  0.0
26.88  8.392465152213399
28.56  0.0
30.24  0.0
31.919999999999998  9.901199034291235
33.6  0.0
35.28  7.992469269082994
36.96  0.0
38.64  0.0
40.32  10.16545832610423
42.0  0.0
43.68  7.571009241971245
45.36  0.0
47.04  0.0
48.72  10.40241781183717
50.4  0.0
52.08  7.1292169211737395
53.76  0.0
55.44  0.0
57.12  10.611441125887746
58.8  0.0
60.48  6.668278760296263
62.16  0.053405979384702484
63.839999999999996  0.0
65.52  10.791966926528278
67.2  0.0
68.88  6.189432629979099
70.56  0.6365376043202644
72.24  0.0
73.92  10.943510403414535
75.6  0.0
77.28  5.69396449353846
78.96  1.2179597782306046
80.64  0.0
82.32  11.06566457956645
84.0  0.0
85.67999999999999  5.183204953452836
87.36  1.7961110651139487
89.03999999999999  0.0
90.72  11.15810140432313
92.39999999999999  0.0
94.08  4.658525677968816
95.75999999999999  2.369438813087565
97.44  0.0
99.11999999999999  11.22057263433846
100.8  0.0
102.47999999999999  4.1213357174228875
104.16  2.936403324102524
105.83999999999999  0.0
107.52  11.252910500249705
109.2  0.0
110.88  3.5730777201719324
112.56  3.4954819888775743
114.24  0.0
115.92  11.255028157229992
117.6  0.0
119.28  3.015224058294987
120.96  4.045173375933145
122.64  0.0
124.32  11.226919918214058
126.0  0.0
127.67999999999999  2.4492728734687352
129.35999999999999  4.584001263756526
131.04  0.0
132.72  11.168661269171132
134.4  0.0
136.07999999999998  1.876744053642184
137.76  5.110518605260891
139.44  0.0
141.12  11.080408666383942
142.79999999999998  0.0
144.48  1.2991751513045573
146.16  5.623311413899752
147.84  0.0
149.51999999999998  10.96239911627789
151.2  0.0
152.88  0.718117254318883
154.56  6.121002560989973
156.23999999999998  0.0
157.92  10.814949538929953
159.6  0.0
161.28  0.13513082040417468
162.96  6.6022554740554185
164.64  0.0
166.32  10.638455916964672
168.0  0.0
