0.0  53.22933640766333
1.68  91.80129324056142
3.36  72.18526894559717
5.04  81.2938773597841
6.72  93.24664003301044
8.4  27.45834746543759
10.08  0.0
11.76  0.0
13.44  0.0
15.12  0.0
16.8  5.361300771810875
18.48  67.52299562596431
20.16  96.46966995329052
21.84  26.385840018782915
23.52  0.0
25.2  0.0
26.88  0.0
28.56  0.0
30.24  0.0
31.919999999999998  53.49047926733781
33.6  92.60899317130989
35.28  44.10856135518357
36.96  9.271707835577168
38.64  10.435704510268508
40.32  0.0
42.0  0.0
43.68  0.0
45.36  16.796980370193904
47.04  48.854103659205066
48.72  34.689010574791325
50.4  55.05073718680029
52.08  66.96541009762896
53.76  0.0
55.44  0.0
57.12  0.0
58.8  0.0
60.48  0.0
62.16  0.4285508307735526
63.839999999999996  70.70182092939197
65.52  97.66059760611556
67.2  26.578681478083222
68.88  0.0
70.56  0.0
72.24  0.0
73.92  0.0
75.6  0.0
77.28  52.43081700882397
78.96  87.11465656116988
80.64  42.2620602229527
82.32  18.250706920102076
84.0  19.732078412139913
85.67999999999999  0.0
87.36  0.0
89.03999999999999  0.0
90.72  13.063603990126445
92.39999999999999  38.61748262774431
94.08  30.800493705880424
95.75999999999999  61.90350284354307
97.44  72.94574222550818
99.11999999999999  0.0
100.8  0.0
102.47999999999999  0.0
104.16  0.0
105.83999999999999  0.0
107.52  0.0
109.2  73.23026477757156
110.88  97.54657645824065
112.56  26.753009279710323
114.24  0.0
115.92  0.0
117.6  0.0
119.28  0.0
120.96  0.0
122.64  50.59492303398886
124.32  80.54053035230066
126.0  40.52404901792843
127.67999999999999  27.452045067847934
129.35999999999999  28.401613239246814
131.04  0.0
132.72  0.0
134.4  0.0
136.07999999999998  8.685702738600106
137.76  27.92227737681753
139.44  27.243552483713827
141.12  68.3768988297592
142.79999999999998  77.79270202604224
144.48  0.0
146.16  0.0
147.84  0.0
149.51999999999998  0.0
151.2  0.0
152.88  0.0
154.56  75.00013291596375
156.23999999999998  96.15909734680898
157.92  26.992514701650208
159.6  0.0
161.28  0.0
162.96  0.0
164.64  0.0
166.32  0.0
168.0  47.93152028226543
