0.0  0.0
2.4  8.489060111137661
4.8  0.0
7.199999999999999  0.0
9.6  30.91621436635113
12.0  2.789973490973707
14.399999999999999  0.0
16.8  55.03445890119953
19.2  47.92141270883296
21.599999999999998  3.7761329735826754
24.0  41.063274727353786
26.4  48.89570512090847
28.799999999999997  0.0
31.2  0.0
33.6  0.0
36.0  0.0
38.4  0.0
40.8  0.0
43.199999999999996  0.0
45.6  0.0
48.0  27.05893452712031
50.4  0.0
52.8  23.49107571322782
55.199999999999996  69.17007053655529
57.599999999999994  31.766508665178794
60.0  15.9866248468632
62.4  21.388385396271076
64.8  0.0
67.2  0.0
69.6  0.0
72.0  0.0
74.39999999999999  0.0
76.8  0.0
79.2  0.0
81.6  0.0
84.0  34.563034586881415
86.39999999999999  29.107476007656523
88.8  15.653924958730045
91.2  45.199687617632954
93.6  26.502536802634843
96.0  13.641890525304717
98.39999999999999  35.66931239176089
100.8  0.0
103.2  0.0
105.6  0.0
108.0  0.0
110.39999999999999  0.0
112.8  0.0
115.19999999999999  0.0
117.6  0.0
120.0  23.70280678069799
122.39999999999999  37.07393558078963
124.8  21.78350025709844
127.19999999999999  57.10107391776358
129.6  41.287483909004884
132.0  0.0
134.4  2.7291712601652316
136.79999999999998  14.046975402237926
139.2  0.0
141.6  0.0
144.0  0.0
146.4  0.0
148.79999999999998  0.0
151.2  11.8871032622583
153.6  0.0
156.0  27.270066549379976
158.4  59.72459403211036
160.79999999999998  15.29141942858759
163.2  23.697844246209364
165.6  61.68623439640726
168.0  12.23382131250098
170.4  0.0
172.79999999999998  0.0
175.2  0.0
177.6  0.0
180.0  0.0
182.4  0.0
184.79999999999998  0.0
187.2  27.360764135982
189.6  15.235245129976606
192.0  9.419517685748072
194.4  66.29182331532434
196.79999999999998  53.894481693132526
199.2  13.206469298434442
201.6  27.92844585387197
204.0  8.399545976488444
206.4  0.0
208.79999999999998  0.764215589172105
211.2  0.0
213.6  0.0
216.0  0.0
218.4  0.0
220.79999999999998  0.0
223.2  17.873527353881837
225.6  44.03483707382126
228.0  17.02033470063392
230.39999999999998  41.39977150898666
232.79999999999998  51.51987330918321
235.2  19.018998106114353
237.6  31.67883035085109
240.0  13.302168352113577
