0.0  23.740169649202436
1.68  21.083209610524598
3.36  31.58316480665359
5.04  43.96284134055798
6.72  44.926181272215416
8.4  33.43853531073569
10.08  21.83790000069618
11.76  22.583625051350424
13.44  1.5414512365382365
15.12  12.177056597678858
16.8  9.734222500546641
18.48  0.0
20.16  0.0
21.84  0.0
23.52  4.734613136556314
25.2  12.94681414015659
26.88  7.253838342507164
28.56  0.0
30.24  0.0
31.919999999999998  0.0
33.6  7.625358793067145
35.28  12.889613537432897
36.96  4.310126246306821
38.64  0.0
40.32  0.0
42.0  0.0
43.68  10.02904620530676
45.36  12.009108391376216
47.04  1.0911113638268324
48.72  0.0
50.4  0.0
52.08  0.5577134276180944
53.76  11.792143480212443
55.44  10.361539634662407
57.12  0.0
58.8  0.0
60.48  0.0
62.16  3.802246522244979
63.839999999999996  12.80203544956737
65.52  8.052143226377181
67.2  0.0
68.88  0.0
70.56  0.0
72.24  6.803916878780819
73.92  12.994216793314365
75.6  5.228428364509792
77.28  0.0
78.96  0.0
80.64  0.0
82.32  9.370997349243485
84.0  12.356412219180994
85.67999999999999  2.0707555593348133
87.36  0.0
89.03999999999999  0.0
90.72  0.0
92.39999999999999  11.339519556435672
94.08  10.929360528382482
95.75999999999999  0.0
97.44  0.0
99.11999999999999  0.0
100.8  2.8480473057231865
102.47999999999999  12.583747125707603
104.16  8.804212486393169
105.83999999999999  0.0
107.52  0.0
109.2  0.0
110.88  5.943406690036772
112.56  13.024206905459666
114.24  6.11670870584995
115.92  0.0
117.6  0.0
119.28  0.0
120.96  8.659139973336977
122.64  12.632765194338173
124.32  3.0385094205001835
126.0  0.0
127.67999999999999  0.0
129.35999999999999  0.0
131.04  10.82178380514206
132.72  11.434424738801095
134.4  0.0
136.07999999999998  0.0
137.76  0.0
139.44  1.8774945246604746
141.12  12.293202586027913
142.79999999999998  9.505727720554502
144.48  0.0
146.16  0.0
147.84  0.0
149.51999999999998  5.048769299576611
151.2  12.979411669834981
152.88  6.969866740619496
154.56  0.0
156.23999999999998  0.0
157.92  0.0
159.6  7.897561581863474
161.28  12.836580490601525
162.96  3.988816078518065
164.64  0.0
166.32  0.0
168.0  0.0
