0.0  50.98028981940321
1.68  54.285905957010016
3.36  35.08797615511169
5.04  14.005519519372779
6.72  13.681580411986005
8.4  34.46407690084738
10.08  54.03212873537556
11.76  51.3691972158158
13.44  0.0
15.12  0.0
16.8  0.0
18.48  6.801160269354942
20.16  22.428530110116398
21.84  13.967141651181658
23.52  0.0
25.2  0.0
26.88  0.0
28.56  12.037163159374881
30.24  22.725676425504197
31.919999999999998  9.006289400202759
33.6  0.0
35.28  0.0
36.96  0.0
38.64  16.504310482920797
40.32  21.571254577339484
42.0  3.470174053846728
43.68  0.0
45.36  0.0
47.04  0.0
48.72  19.917269970213464
50.4  19.039001512797405
52.08  0.0
53.76  0.0
55.44  0.0
57.12  5.134579263462969
58.8  22.058044002942665
60.48  15.290661061268258
62.16  0.0
63.839999999999996  0.0
65.52  0.0
67.2  10.537263651889894
68.88  22.789893881978593
70.56  10.565652792216945
72.24  0.0
73.92  0.0
75.6  0.0
77.28  15.266896283279713
78.96  22.06607380468731
80.64  5.165779452785723
82.32  0.0
84.0  0.0
85.67999999999999  0.0
87.36  19.021379036349682
89.03999999999999  19.932816682277444
90.72  0.0
92.39999999999999  0.0
94.08  0.0
95.75999999999999  3.4385153647805513
97.44  21.560900011426394
99.11999999999999  16.52638108261648
100.8  0.0
102.47999999999999  0.0
104.16  0.0
105.83999999999999  8.976858891956622
107.52  22.72325115234136
109.2  12.06434792057267
110.88  0.0
112.56  0.0
114.24  0.0
115.92  13.941819152897295
117.6  22.434189040354045
119.28  6.831722806605057
120.96  0.0
122.64  0.0
124.32  0.0
126.0  18.0162668303867
127.67999999999999  20.712177080081855
129.35999999999999  1.162731745036707
131.04  0.0
132.72  0.0
134.4  1.722707418016899
136.07999999999998  20.93995274979215
137.76  17.66720617749345
139.44  0.0
141.12  0.0
142.79999999999998  0.0
144.48  7.3649087658458665
146.16  22.526130900945773
147.84  13.4937692373709
149.51999999999998  0.0
151.2  0.0
152.88  0.0
154.56  12.536687720440103
156.23999999999998  22.673486556715577
157.92  8.458438223578266
159.6  0.0
161.28  0.0
162.96  0.0
164.64  16.90770473375397
166.32  21.372607597759902
168.0  2.882837278592337
