0.0  7.6183493382550935  100.0
0.12  7.7412801113164456
0.24  7.85820491414546
0.36  7.968940880563671
0.48  8.073313650317054
0.6  8.171157670949672
0.72  8.262316486276973
0.84  8.346643010943126
0.96  8.423999790569656
1.08  8.49425924702629
1.2  8.557303908379525
1.3199999999999998  8.613026623099813
1.44  8.66133075813435
1.56  8.70213038047939
1.68  8.735350421913475
1.7999999999999998  8.76092682658117
1.92  8.778806681145642
2.04  8.788948327257684
2.16  8.791321456118515
2.28  8.785907184943891
2.4  8.7726981151676
2.52  8.75169837225326
2.6399999999999997  8.722923627014508
2.76  8.686401098374951
2.88  8.642169537530826
3.0  8.590279193510836
3.12  8.530791760159335
3.2399999999999998  8.463780304600595
3.36  8.389329177273568
3.48  8.307533903657843
3.5999999999999996  8.218501057842936
3.7199999999999998  8.122348118123945
3.84  8.019203304837427
3.96  7.909205400681757
4.08  7.792503553796199
4.2  7.669257063902536
4.32  7.539635151842147
4.4399999999999995  7.403816712869916
4.56  7.261990054094314
4.68  7.114352616480219
4.8  6.961110681857631
4.92  6.802479065405217
5.04  6.638680794102691
5.16  6.4699467716702115
5.279999999999999  6.29651543053626
5.3999999999999995  6.118632371397875
5.52  5.93654999095858
5.64  5.750527098449702
5.76  5.560828521560238
5.88  5.367724702418741
6.0  5.171491284287887
6.12  4.972408689648555
6.24  4.77076169036512
6.359999999999999  4.566838970637412
6.4799999999999995  4.360932683457419
6.6  4.153338001299961
6.72  3.9443526617867732
6.84  3.7342765090720933
6.96  3.5234110317053933
7.08  3.312058897733083
7.199999999999999  3.1005234878058725
7.319999999999999  2.8891084270620278
7.4399999999999995  2.6781171165590187
7.56  2.4678522650269183
7.68  2.2586154217164687
7.8  2.0507065111130043
7.92  1.844423370284276
8.04  1.6400612896258084
8.16  1.437912557761675
8.28  1.238266011351579
8.4  1.041406590546648
8.52  0.8476149008269203
8.64  0.6571667819424127
8.76  0.47033288466770196
8.879999999999999  0.2873782560664515
9.0  0.10856193394787517
9.12  0.0
9.24  0.0
9.36  0.0
9.48  0.0
9.6  0.0
9.719999999999999  0.0
9.84  0.0
9.959999999999999  0.0
10.08  0.0
10.2  0.0
10.32  0.0
10.44  0.0
10.559999999999999  0.0
10.68  0.0
10.799999999999999  0.0
10.92  0.0
11.04  0.0
11.16  0.0
11.28  0.0
11.4  0.0
11.52  0.0
11.639999999999999  0.0
11.76  0.0
11.879999999999999  0.0
12.0  0.0
12.12  0.0
12.24  0.0
12.36  0.0
12.48  0.0
12.6  0.0
12.719999999999999  0.0
12.84  0.0
12.959999999999999  0.0
13.08  0.0
13.2  0.0
13.32  0.0
13.44  0.0
13.559999999999999  0.0
13.68  0.0
13.799999999999999  0.0
13.92  0.0
14.04  0.0
14.16  0.0
14.28  0.0
14.399999999999999  0.0
14.52  0.0
14.639999999999999  0.0
14.76  0.0
14.879999999999999  0.0
15.0  0.0
15.12  0.0
15.24  0.0
15.36  0.0
15.479999999999999  0.16115508609665513
15.6  0.33155874036504956
15.719999999999999  0.5051524453662068
15.84  0.6816740158568162
15.959999999999999  0.8608580668822092
16.08  1.0424364470220766
16.2  1.2261386746966936
16.32  1.4116923767896
16.439999999999998  1.5988237288403018
16.56  1.7872578960594483
16.68  1.9767194744189938
16.8  2.166932931071704
16.919999999999998  2.3576230433567726
17.04  2.548515335652808
17.16  2.7393365133444836
17.28  2.9298148931762134
17.4  3.119680829273818
17.52  3.3086671341245397
17.64  3.496509493816075
17.759999999999998  3.6829468768470086
17.88  3.8677219358338135
18.0  4.050581401453472
18.12  4.231276467976065
18.24  4.409563169757741
18.36  4.5852027480818744
18.48  4.757962007754461
18.599999999999998  4.927613662879325
18.72  5.093936671258863
18.84  5.256716556887405
18.96  5.415745720026469
19.08  5.57082373437415
19.2  5.7217576308647375
19.32  5.868362167659272
19.439999999999998  6.010460085913119
19.56  6.147882350932624
19.68  6.280468378359491
19.8  6.408066245048955
19.919999999999998  6.53053288433536
20.04  6.647734265407191
20.16  6.759545556542116
20.279999999999998  6.865851271981854
20.4  6.966545402255925
20.52  7.061531527793032
20.64  7.150722915688805
20.759999999999998  7.234042599528557
20.88  7.311423442194
21.0  7.38280818161295
21.119999999999997  7.4481494594414706
21.24  7.50740983269789
21.36  7.560561768398339
21.48  7.607587621273331
21.599999999999998  7.648479594674606
21.72  7.683239684810921
21.84  7.7118796084805705
21.96  7.734420714497254
22.08  7.750893879034109
22.2  7.761339385138742
22.32  7.765806786699378
22.439999999999998  7.764354757168948
22.56  7.757050923380301
22.68  7.743971684810972
22.8  7.725202018680994
22.919999999999998  7.700835271291095
23.04  7.670972936031924
23.16  7.635724418517513
23.279999999999998  7.595206789317463
23.4  7.5495445247832595
23.52  7.498869236483641
23.64  7.4433193897827055
23.759999999999998  7.383040012112245
23.88  7.318182391506232
24.0  7.248903765981307
24.119999999999997  7.175367004361259
24.24  7.09774027915717
24.36  7.01619673212698
24.48  6.93091413314927
24.599999999999998  6.84207453305612
24.72  6.749863911078382
24.84  6.654471817564437
24.96  6.556091012639483
25.08  6.454917101477761
25.2  6.351148166863612
25.32  6.2449843997200585
25.439999999999998  6.13662772828476
25.56  6.026281446613323
25.68  5.914149843088793
25.8  5.800437829613665
25.919999999999998  5.685350572157163
26.04  5.569093123325652
26.16  5.45187005761802
26.279999999999998  5.333885110020431
26.4  5.215340818586658
26.52  5.096438171640248
26.64  4.977376260224378
26.759999999999998  4.858351936413002
26.88  4.739559478084176
27.0  4.621190260742279
27.119999999999997  4.503432436960712
27.24  4.386470624000562
27.36  4.270485600143716
27.48  4.155654010260614
27.599999999999998  4.042148081114145
27.72  3.9301353468810807
27.84  3.8197783853519756
27.959999999999997  3.7112345652487857
28.08  3.604655805077297
28.2  3.5001883439085413
28.32  3.3979725244595667
28.439999999999998  3.298142588819852
28.56  3.200826487144641
28.68  3.1061456996112327
28.799999999999997  3.0142150719082235
28.919999999999998  2.925142664501526
29.04  2.8390296158942308
29.16  2.7559700200702975
29.279999999999998  2.6760508182847924
29.4  2.5993517053357924
29.52  2.5259450504253307
29.64  2.455895832688863
29.759999999999998  2.389261591444763
29.88  2.3260923911873954
30.0  2.266430801319296
30.119999999999997  2.2103118905901042
30.24  2.157763236182139
30.36  2.1088049473548987
30.48  2.0634497035333963
30.599999999999998  2.0217028066981992
30.72  1.983562247908188
30.84  1.9490187877608576
30.959999999999997  1.918056050568798
31.08  1.8906506320057632
31.2  1.866772219950613
31.32  1.8463837282331168
31.439999999999998  1.8294414429618517
31.56  1.815895181091285
31.68  1.8056884608627082
31.799999999999997  1.7987586837321334
31.919999999999998  1.7950373273772164
32.04  1.79445014935529
32.16  1.7969174009654623
32.28  1.80235405084915
32.4  1.8106700178463417
32.519999999999996  1.821770412608145
32.64  1.8355557874509065
32.76  1.8519223939226155
32.879999999999995  1.8707624475389346
33.0  1.8919643991338453
33.12  1.9154132122585552
33.24  1.9409906460522788
33.36  1.9685755429992002
33.48  1.9980441209782989
33.6  2.0292702690057167
33.72  2.0621258460638368
33.839999999999996  2.0964809824067663
33.96  2.1322043827286583
34.08  2.1691636305792152
34.199999999999996  2.2072254934098012
34.32  2.2462562276338676
34.44  2.2861218830868655
34.56  2.326688606273456
34.68  2.367822941793589
34.8  2.4093921313440747
34.92  2.451264409698254
35.04  2.4933092970738495
35.16  2.5353978873071723
35.28  2.5774031312616374
35.4  2.61920011490883
35.519999999999996  2.6606663315323438
35.64  2.7016819475169265
35.76  2.7421300611994095
35.879999999999995  2.781896954272618
36.0  2.820872335248865
36.12  2.8589495745065143
36.24  2.896025930460345
36.36  2.9320027664149935
36.48  2.9667857576797756
36.6  3.00028508854322
36.72  3.0324156387264036
36.839999999999996  3.0630971589556193
36.96  3.0922544353168995
37.08  3.1198174420778204
37.199999999999996  3.1457214826852695
37.32  3.1699073186717115
37.44  3.192321286226826
37.559999999999995  3.2129154002163647
37.68  3.23164744545504
37.8  3.2484810550660432
37.92  3.263385775785564
38.04  3.2763371200967812
38.16  3.2873166051042237
38.28  3.2963117780857782
38.4  3.303316228686291
38.519999999999996  3.3083295877433168
38.64  3.3113575127621955
38.76  3.312411660084269
38.879999999999995  3.3115096438185576
39.0  3.3086749816334806
39.12  3.303937027531452
39.24  3.2973308917550117
39.36  3.2888973479988035
39.48  3.278682728126888
39.6  3.2667388046198114
39.72  3.253122661000204
39.839999999999996  3.237896550509654
39.96  3.2211277433329153
40.08  3.202888362688415
40.199999999999996  3.1832552101260796
40.32  3.1623095803951684
40.44  3.140137066265473
40.559999999999995  3.1168273537054
40.68  3.092474007839673
40.8  3.0671742501278967
40.92  3.041028727222818
41.04  3.014141271983791
41.16  2.986618657136786
41.28  2.9585703420871154
41.4  2.930108213404916
41.519999999999996  2.9013463195162044
41.64  2.872400600144274
41.76  2.843388611056822
41.879999999999995  2.8144292446840335
42.0  2.7856424471812637
42.12  2.757148932517647
42.239999999999995  2.72906989417815
42.36  2.7015267150719193
42.48  2.6746406762438193
42.6  2.648532664988864
42.72  2.623322882971297
42.839999999999996  2.599130554950242
42.96  2.576073638713707
43.08  2.5542685368206386
43.199999999999996  2.533829810748017
43.32  2.5148698980358395
43.44  2.4974988330176418
43.559999999999995  2.481823971717856
43.68  2.467949721489801
43.8  2.455977275959455
43.92  2.4460043558305733
44.04  2.438124956095824
44.16  2.4324291001867167
44.28  2.4290026015823507
44.4  2.4279268333830117
44.519999999999996  2.42927850633967
44.64  2.4331294558147034
44.76  2.4395464381323064
44.879999999999995  2.4485909367592598
45.0  2.4603189787383126
45.12  2.47478096177682
45.239999999999995  2.492021492373328
45.36  2.512079235343505
45.48  2.5349867750853696
45.6  2.5607704889013085
45.72  2.589450432671276
45.839999999999996  2.6210402391480834
45.96  2.655547029121382
46.08  2.692971335672417
46.199999999999996  2.733307041716307
46.32  2.7765413310031883
46.44  2.8226546527236187
46.559999999999995  2.871620699837334
46.68  2.9234064012180037
46.8  2.977971927679861
46.92  3.0352707119253197
47.04  3.0952494824254075
47.16  3.1578483112180944
47.28  3.2230006755822904
47.4  3.290633533518248
47.519999999999996  3.3606674129382554
47.64  3.4330165144445672
47.76  3.5075888275448666
47.879999999999995  3.5842862601292906
48.0  3.6630047810067308
48.12  3.7436345752725417
48.239999999999995  3.826060212254313
48.36  3.910160825757345
48.48  3.9958103063071695
48.6  4.082877505062406
48.72  4.171226449047838
48.839999999999996  4.260716567335038
48.96  4.3512029277756294
49.08  4.44253648387089
49.199999999999996  4.534564331341029
49.32  4.62712997393731
49.44  4.720073598021367
49.559999999999995  4.813232355417979
49.68  4.906440654030128
49.8  4.99953045568902
49.92  5.092331580696312
50.04  5.184672018501438
50.16  5.276378243943696
50.28  5.367275538476255
50.4  5.457188315778185
50.519999999999996  5.545940451150607
50.64  5.633355614083653
50.76  5.719257603373489
50.879999999999995  5.803470684161741
51.0  5.885819926264061
51.12  5.9661315431502056
51.239999999999995  6.044233230935046
51.36  6.119954506737505
51.48  6.19312704576396
51.6  6.2635850164729785
51.72  6.331165413179693
51.839999999999996  6.395708385461224
51.96  6.4570575637282746
52.08  6.5150603803334155
52.199999999999996  6.5695683855929605
52.32  6.620437558106752
52.44  6.667528608769135
52.559999999999995  6.710707277873995
52.68  6.749844624728102
52.8  6.784817309198775
52.919999999999995  6.81550786463532
53.04  6.841804961617964
53.16  6.8636036620032455
53.28  6.880805662751347
53.4  6.893319529037953
53.519999999999996  6.90106091617187
53.64  6.903952779858486
53.76  6.901925574369638
53.879999999999995  6.8949174382012135
54.0  6.882874366821683
54.12  6.8657503721374225
54.239999999999995  6.843507628323874
54.36  6.816116603695779
54.48  6.783556178314303
54.6  6.745813747054201
54.72  6.702885307880033
54.839999999999996  6.654775535106863
54.96  6.601497837447676
55.08  6.543074400677071
55.199999999999996  6.479536214768389
55.32  6.410923085389535
55.44  6.337283629670836
55.559999999999995  6.25867525618688
55.68  6.175164129122882
55.8  6.0868251166249046
55.919999999999995  5.993741723361964
56.04  5.896006007357139
56.16  5.793718481173371
56.28  5.686987997568336
56.4  5.5759316197616435
56.519999999999996  5.460674476485474
56.64  5.341349602018395
56.76  5.218097761429481
56.879999999999995  5.091067261287537
57.0  4.960413746117292
57.12  4.82629998091087
57.239999999999995  4.688895620029003
57.36  4.548376962852122
57.48  4.404926696566177
57.599999999999994  4.258733626492431
57.72  4.109992394394141
57.839999999999996  3.958903185215898
57.96  3.8056714227331545
58.08  3.6505074546114162
58.199999999999996  3.4936262273942615
58.32  3.3352469519593573
58.44  3.1755927599999874
58.559999999999995  3.014890352107292
58.68  2.853369638045061
58.8  2.6912633698244126
58.919999999999995  2.528806768200177
59.04  2.3662371432244376
59.16  2.2037935095047154
59.28  2.0417161968254858
59.4  1.8802464568020059
59.519999999999996  1.7196260662437277
59.64  1.560096927912643
59.76  1.401900669368132
59.879999999999995  1.2452782405948417
60.0  1.0904695111144471
60.12  0.9377128672845327
60.239999999999995  0.7872448104892209
60.36  0.6392995569265547
60.48  0.49410863969639873
60.599999999999994  0.35190051389008503
60.72  0.21290016537980805
60.839999999999996  0.07732872400050028
60.96  0.0
61.08  0.0
61.199999999999996  0.0
61.32  0.0
61.44  0.0
61.559999999999995  0.0
61.68  0.0
61.8  0.0
61.919999999999995  0.0
62.04  0.0
62.16  0.0
62.28  0.0
62.4  0.0
62.519999999999996  0.0
62.64  0.0
62.76  0.0
62.879999999999995  0.0
63.0  0.0
63.12  0.0
63.239999999999995  0.0
63.36  0.0
63.48  0.0
63.599999999999994  0.0
63.72  0.0
63.839999999999996  0.0
63.96  0.0
64.08  0.0
64.2  0.0
64.32  0.0
64.44  0.0
64.56  0.0
64.67999999999999  0.0
64.8  0.0
64.92  0.0
65.03999999999999  0.0
65.16  0.0
65.28  0.0
65.39999999999999  0.0
65.52  0.0
65.64  0.0
65.75999999999999  0.0
65.88  0.0
66.0  0.0
66.12  0.0
66.24  0.0
66.36  0.0
66.48  0.034404805169019226
66.6  0.17628420096871433
66.72  0.3224714172445564
66.84  0.4727543231792144
66.96  0.6269140533487425
67.08  0.7847253466120763
67.2  0.9459568961077587
67.32  1.110371709777871
67.44  1.2777274808204482
67.56  1.4477769674531549
67.67999999999999  1.6202683813553072
67.8  1.794945784138898
67.92  1.971549491184712
68.03999999999999  2.149816482167166
68.16  2.329480817578346
68.28  2.5102740605509553
68.39999999999999  2.6919257032707886
68.52  2.8741635972600657
68.64  3.0567143868057363
68.75999999999999  3.239303944801674
68.88  3.4216578102680417
69.0  3.603501626807921
69.12  3.7845615812597595
69.24  3.964564841802559
69.36  4.143239994771679
69.48  4.320317479444682
69.6  4.495530020060018
69.72  4.668613054335391
69.84  4.839305157758383
69.96  5.007348462929001
70.08  5.172489073242037
70.2  5.334477470206041
70.32  5.493068913707277
70.44  5.648023834538365
70.56  5.799108218524133
70.67999999999999  5.946093981592435
70.8  6.088759335152235
70.92  6.226889141157959
71.03999999999999  6.360275256257275
71.16  6.488716864437522
71.28  6.612020797605956
71.39999999999999  6.730001843559902
71.52  6.84248304082435
71.64  6.94929595985697
71.75999999999999  7.050280970144549
71.88  7.145287492738582
72.0  7.234174237803014
72.11999999999999  7.31680942677336
72.24  7.3930709987523535
72.36  7.46284680079496
72.48  7.52603476176329
72.6  7.58254304946024
72.72  7.632290210779736
72.84  7.675205294640538
72.96  7.711227957500806
73.08  7.740308551280142
73.2  7.762408193546712
73.32  7.777498819857444
73.44  7.785563218170311
73.56  7.7865950452785295
73.67999999999999  7.780598825247777
73.8  7.767589929868385
73.92  7.747594541165827
74.03999999999999  7.720649596043506
74.16  7.68680271316294
74.28  7.646112102197007
74.39999999999999  7.598646455622209
74.52  7.544484823246319
74.64  7.483716469697201
74.75999999999999  7.416440715128206
74.88  7.34276675942419
75.0  7.262813490220942
75.11999999999999  7.1767092750782115
75.24  7.084591738174042
75.36  6.986607521914618
75.48  6.882912033879539
75.6  6.7736691795477775
75.72  6.659051081273596
75.84  6.539237784005622
75.96  6.414416948264227
76.08  6.2847835309146385
76.2  6.150539454293751
76.32  6.01189326426808
76.44  5.869059777819229
76.56  5.722259720771144
76.67999999999999  5.571719356289334
76.8  5.417670104798147
76.92  5.260348155976608
77.03999999999999  5.099994073505846
77.16  4.936852393253501
77.28  4.771171215591444
77.39999999999999  4.603201792551807
77.52  4.433198110535206
77.64  4.2614164692921905
77.75999999999999  4.088115057903604
77.88  3.913553528491107
78.0  3.7379925683916864
78.11999999999999  3.56169347153152
78.24  3.3849177097357432
78.36  3.2079265047093637
78.48  3.030980401422685
78.6  2.8543388436311794
78.72  2.6782597522550513
78.84  2.502999107338191
78.96  2.328810534298217
79.08  2.155944895171538
79.2  1.9846498855477652
79.32  1.8151696378761037
79.44  1.6477443318149714
79.56  1.4826098122829445
79.67999999999999  1.3199972158538003
79.8  1.1601326061237982
79.92  1.0032366186624921
80.03999999999999  0.8495241161401448
80.16  0.6992038542067331
80.28  0.552478158677594
80.39999999999999  0.409542614559794
80.52  0.2705857674319796
80.64  0.13578883766812
80.75999999999999  0.0053254479715807435
80.88  0.0
81.0  0.0
81.11999999999999  0.0
81.24  0.0
81.36  0.0
81.48  0.0
81.6  0.0
81.72  0.0
81.84  0.0
81.96  0.0
82.08  0.0
82.2  0.0
82.32  0.0
82.44  0.0
82.56  0.0
82.67999999999999  0.0
82.8  0.0
82.92  0.0
83.03999999999999  0.0
83.16  0.0
83.28  0.0
83.39999999999999  0.0
83.52  0.0
83.64  0.0
83.75999999999999  0.0
83.88  0.0
84.0  0.0
84.11999999999999  0.0
84.24  0.0
84.36  0.0
84.47999999999999  0.0
84.6  0.0
84.72  0.0
84.84  0.0
84.96  0.0
85.08  0.0
85.2  0.0
85.32  0.0
85.44  0.0
85.56  0.0
85.67999999999999  0.0
85.8  0.0
85.92  0.0
86.03999999999999  0.0
86.16  0.0
86.28  0.0
86.39999999999999  0.0
86.52  0.0
86.64  0.09834844060534531
86.75999999999999  0.20756438557959672
86.88  0.3184557569252524
87.0  0.4308097733389687
87.11999999999999  0.5444127779238915
87.24  0.6590506223909389
87.36  0.7745090504721843
87.47999999999999  0.890574079856727
87.6  1.0070323819636837
87.72  1.1236716588718318
87.84  1.2402810167332254
87.96  1.3566513350049327
88.08  1.4725756308430453
88.2  1.5878494180126839
88.32  1.7022710596798805
88.44  1.815642114463425
88.56  1.9277676751382613
88.67999999999999  2.038456699397549
88.8  2.1475223320956873
88.92  2.2547822184115547
89.03999999999999  2.3600588073896445
89.16  2.4631796453349377
89.28  2.5639776585574134
89.39999999999999  2.6622914249829774
89.52  2.757965434168596
89.64  2.8508503352821384
89.75999999999999  2.9408031726303676
89.88  3.0276876083423105
90.0  3.1113741318396806
90.11999999999999  3.1917402557513195
90.24  3.268670697954126
90.36  3.3420575494492564
90.47999999999999  3.4118004278091867
90.6  3.477806615958377
90.72  3.5399911860776494
90.84  3.598277108450663
90.96  3.652595345098792
91.08  3.7028849280791754
91.2  3.749093022349413
91.32  3.7911749731311497
91.44  3.8290943377334323
91.56  3.8628229018258065
91.67999999999999  3.8923406801797586
91.8  3.917635901926043
91.92  3.938704980403749
92.03999999999999  3.9555524677057816
92.16  3.968190994053195
92.28  3.9766411921591356
92.39999999999999  3.980931606770252
92.52  3.9810985896010505
92.64  3.9771861799030317
92.75999999999999  3.969245970936951
92.88  3.9573369626418984
93.0  3.9415254008205727
93.11999999999999  3.9218846031838526
93.24  3.898494772622357
93.36  3.8714427980950745
93.47999999999999  3.840822043548096
93.6  3.806732125297497
93.72  3.7692786783314753
93.84  3.7285731120063783
93.96  3.6847323556305196
94.08  3.6378785944472405
94.2  3.588138996545938
94.32  3.535645431245727
94.44  3.480534179510962
94.56  3.422945636972649
94.67999999999999  3.3630240101411912
94.8  3.3009170064089948
94.92  3.2367755184509144
95.03999999999999  3.1707533036407414
95.16  3.103006659109232
95.28  3.033694093077535
95.39999999999999  2.9629759931041146
95.52  2.8910142918895247
95.64  2.817972131285573
95.75999999999999  2.74401352515849
95.88  2.66930302175608
96.0  2.594005366229439
96.11999999999999  2.518285163957285
96.24  2.442306545319547
96.36  2.3662328325619955
96.47999999999999  2.290226209389359
96.6  2.21444739391764
96.72  2.1390553156094847
96.84  2.0642067968071345
96.96  1.9900562394686905
97.08  1.9167553177018881
97.2  1.8444526766778822
97.32  1.7732936384947016
97.44  1.7034199155454588
97.56  1.6349693319322027
97.67999999999999  1.5680755534489457
97.8  1.5028678266415836
97.92  1.4394707274335123
98.03999999999999  1.3780039197874543
98.16  1.318581924853571
98.28  1.2613139010342742
98.39999999999999  1.206303435373679
98.52  1.1536483466583696
98.64  1.1034405005928685
98.75999999999999  1.0557656373898026
98.88  1.0107032120904873
99.0  0.9683262479073795
99.11999999999999  0.9287012028539304
99.24  0.8918878499023264
99.36  0.8579391708830229
99.47999999999999  0.8269012643136024
99.6  0.798813267317694
99.72  0.7737072917673624
99.84  0.7516083747551895
99.96  0.732534443474596
100.08  0.7164962945592385
100.2  0.7034975879047796
100.32  0.6935348549681595
100.44  0.686597521512108
100.56  0.6826679447347413
100.67999999999999  0.6817214646965724
100.8  0.6837264699299471
100.92  0.6886444770887321
101.03999999999999  0.6964302244691623
101.16  0.7070317792065317
101.28  0.7203906579257207
101.39999999999999  0.7364419605985358
101.52  0.7551145173349998
101.64  0.7763310478114386
101.75999999999999  0.8000083330139081
101.88  0.8260573989520053
102.0  0.8543837119753174
102.11999999999999  0.8848873853027162
102.24  0.9174633963529275
102.36  0.9520018144448052
102.47999999999999  0.9883880384153525
102.6  1.0265030436849965
102.72  1.0662236382815664
102.83999999999999  1.107422727316996
102.96  1.1499695853952006
103.08  1.1937301364138826
103.2  1.2385672402092354
103.32  1.284340985479245
103.44  1.3309089884096927
103.56  1.3781266964151275
103.67999999999999  1.425847696398634
103.8  1.4739240269241105
103.92  1.5222064936884758
104.03999999999999  1.5705449876738458
104.16  1.6187888053555985
104.28  1.666786970336924
104.39999999999999  1.7143885557791556
104.52  1.7614430069941052
104.64  1.807800463565348
104.75999999999999  1.8533120803654741
104.88  1.8978303468385587
105.0  1.9412094039203323
105.11999999999999  1.9833053579728555
105.24  2.0239765911157495
105.36  2.0630840673433104
105.47999999999999  2.1004916338241486
105.6  2.1360663167893543
105.72  2.1696786114251934
105.83999999999999  2.201202765197476
105.96  2.2305170540475148
106.08  2.2575040509121043
106.2  2.282050886035572
106.32  2.3040494985561324
106.44  2.3233968788664363
106.56  2.339995301264233
106.67999999999999  2.3537525464288755
106.8  2.364582113277118
106.92  2.3724034197728203
107.03999999999999  2.3771419922852246
107.16  2.3787296431126994
107.28  2.377104635810661
107.39999999999999  2.372211837985848
107.52  2.3640028612425295
107.64  2.352436187990781
107.75999999999999  2.33747728485147
107.88  2.3190987024183425
108.0  2.29728016116319
108.11999999999999  2.2720086232964114
108.24  2.2432783504218508
108.36  2.211090946851885
108.47999999999999  2.1754553884757293
108.6  2.1363880371015425
108.72  2.0939126402203856
108.83999999999999  2.0480603161679705
108.96  1.9988695246875188
109.08  1.9463860229255134
109.2  1.8906628069191296
109.32  1.8317600386623203
109.44  1.7697449588647518
109.56  1.7046917855454204
109.67999999999999  1.6366815986293513
109.8  1.5658022107430967
109.92  1.4921480244308603
110.03999999999999  1.4158198760392449
110.16  1.3369248665439952
110.28  1.2555761796177016
110.39999999999999  1.1718928872612893
110.52  1.085999743346757
110.64  0.9980269654415217
110.75999999999999  0.9081100053076663
110.88  0.816389308491108
111.0  0.7230100634371315
111.11999999999999  0.6281219405890404
111.24  0.5318788219459567
111.36  0.43443852157518636
111.47999999999999  0.33596249759145524
111.6  0.2366155561329098
111.72  0.136565547879188
111.83999999999999  0.035983057671944985
111.96  0.0
112.08  0.0
112.2  0.0
112.32  0.0
112.44  0.0
112.56  0.0
112.67999999999999  0.0
112.8  0.0
112.92  0.0
113.03999999999999  0.0
113.16  0.0
113.28  0.0
113.39999999999999  0.0
113.52  0.0
113.64  0.0
113.75999999999999  0.0
113.88  0.0
114.0  0.0
114.11999999999999  0.0
114.24  0.0
114.36  0.0
114.47999999999999  0.0
114.6  0.0
114.72  0.0
114.83999999999999  0.0
114.96  0.0
115.08  0.0
115.19999999999999  0.0
115.32  0.0
115.44  0.0
115.56  0.0
115.67999999999999  0.0
115.8  0.0
115.92  0.0
116.03999999999999  0.0
116.16  0.0
116.28  0.0
116.39999999999999  0.0
116.52  0.0
116.64  0.0
116.75999999999999  0.0
116.88  0.0
117.0  0.0
117.11999999999999  0.0
117.24  0.0
117.36  0.0
117.47999999999999  0.0
117.6  0.0
117.72  0.0
117.83999999999999  0.0
117.96  0.0
118.08  0.0
118.19999999999999  0.0
118.32  0.0
118.44  0.0
118.56  0.0
118.67999999999999  0.0
118.8  0.0
118.92  0.0
119.03999999999999  0.0
119.16  0.0
119.28  0.0
119.39999999999999  0.0
119.52  0.0
119.64  0.0
119.75999999999999  0.0
119.88  0.0
120.0  0.0
