0.0  7.165145922438077  100.0
0.12  7.294326655394304
0.24  7.417959166720056
0.36  7.5358537205189
0.48  7.647828625050009
0.6  7.753710542110363
0.72  7.853334783481839
0.84  7.94654559391942
0.96  8.03319642017911
1.08  8.113150165607403
1.2  8.186279429838285
1.3199999999999998  8.25246673316865
1.44  8.3116047252087
1.56  8.363596377430468
1.68  8.408355159264548
1.7999999999999998  8.445805197423027
1.92  8.475881418154929
2.04  8.498529672169337
2.16  8.513706841990855
2.28  8.521380931541739
2.4  8.521531137775415
2.52  8.514147904216511
2.6399999999999997  8.499232956293437
2.76  8.476799318380554
2.88  8.4468713124982
3.0  8.409484538650226
3.12  8.364685836810002
3.2399999999999998  8.312533230597332
3.36  8.25309585272005
3.48  8.186453852285267
3.5999999999999996  8.11269828411641
3.7199999999999998  8.031930980242974
3.84  7.944264403760571
3.96  7.849821485289102
4.08  7.748735442286785
4.2  7.641149581507232
4.32  7.52721708491577
4.4399999999999995  7.407100779409603
4.56  7.280972890714356
4.68  7.1490147818566765
4.8  7.011416676639222
4.92  6.868377368570072
5.04  6.720103915723753
5.16  6.566811322035223
5.279999999999999  6.408722205551569
5.3999999999999995  6.246066454188575
5.52  6.079080869560944
5.64  5.908008799475365
5.76  5.733099759695242
5.88  5.554609045604326
6.0  5.37279733441387
6.12  5.1879302785742265
6.24  5.000278091066904
6.359999999999999  4.810115123267056
6.4799999999999995  4.617719436079172
6.6  4.4233723650602155
6.72  4.227358080254812
6.84  4.029963141476116
6.96  3.8314760497737335
7.08  3.632186795836607
7.199999999999999  3.4323864060839346
7.319999999999999  3.2323664872010385
7.4399999999999995  3.0324187698797473
7.56  2.832834652524034
7.68  2.633904745681579
7.8  2.4359184179606013
7.92  2.239163344188508
8.04  2.04392505656494
8.16  1.8504864995564307
8.28  1.6591275892733304
8.4  1.4701247780616047
8.52  1.2837506250331328
8.64  1.1002733732474828
8.76  0.9199565342466641
8.879999999999999  0.7430584806313209
9.0  0.5698320473528632
9.12  0.40052414238073797
9.24  0.2353753673876534
9.36  0.07461964907815277
9.48  0.0
9.6  0.0
9.719999999999999  0.0
9.84  0.0
9.959999999999999  0.0
10.08  0.0
10.2  0.0
10.32  0.0
10.44  0.0
10.559999999999999  0.0
10.68  0.0
10.799999999999999  0.0
10.92  0.0
11.04  0.0
11.16  0.0
11.28  0.0
11.4  0.0
11.52  0.0
11.639999999999999  0.0
11.76  0.0
11.879999999999999  0.0
12.0  0.0
12.12  0.0
12.24  0.0
12.36  0.0
12.48  0.0
12.6  0.0
12.719999999999999  0.0
12.84  0.0
12.959999999999999  0.0
13.08  0.0
13.2  0.0
13.32  0.0
13.44  0.0
13.559999999999999  0.0
13.68  0.0
13.799999999999999  0.0
13.92  0.0
14.04  0.0
14.16  0.0
14.28  0.0
14.399999999999999  0.0
14.52  0.0
14.639999999999999  0.0
14.76  0.0
14.879999999999999  0.0
15.0  0.0
15.12  0.0
15.24  0.0
15.36  0.10250480473029794
15.479999999999999  0.2540908334151917
15.6  0.4090302885206708
15.719999999999999  0.5670804516614076
15.84  0.727995056554914
15.959999999999999  0.8915247021629376
16.08  1.0574172695672066
16.2  1.225418341855925
16.32  1.3952716262937772
16.439999999999998  1.5667193780458675
16.56  1.7395028247248978
16.68  1.9133625910309846
16.8  2.088039122755293
16.919999999999998  2.2632731094210925
17.04  2.43880590484023
17.16  2.6143799448680323
17.28  2.789739161646568
17.4  2.9646293936337695
17.52  3.1387987907251174
17.64  3.311998213784835
17.759999999999998  3.483981627915028
17.88  3.6545064888038703
18.0  3.8233341215076226
18.12  3.9902300910363495
18.24  4.154964564129049
18.36  4.3173126616210995
18.48  4.477054800824869
18.599999999999998  4.633977027363644
18.72  4.78787133591885
18.84  4.938535979371667
18.96  5.08577576584196
19.08  5.229402343150114
19.2  5.369234470250924
19.32  5.50509827521285
19.439999999999998  5.636827499341086
19.56  5.7642637270683625
19.68  5.887256601263738
19.8  6.005664023636512
19.919999999999998  6.119352339939662
20.04  6.2281965097051195
20.16  6.332080260271319
20.279999999999998  6.430896224892294
20.4  6.524546064746308
20.52  6.6129405746913275
20.64  6.695999772644082
20.759999999999998  6.773652972488952
20.88  6.8458388404527
21.0  6.912505434910664
21.119999999999997  6.973610229619947
21.24  7.029120120404628
21.36  7.079011415347695
21.48  7.1232698085737995
21.599999999999998  7.161890337736028
21.72  7.19487732534896
21.84  7.222244304138678
21.96  7.244013926608853
22.08  7.260217859049602
22.2  7.270896660243321
22.32  7.27609964514843
22.439999999999998  7.275884733868171
22.56  7.27031828623736
22.68  7.259474922384756
22.8  7.2434373296532
22.919999999999998  7.222296056282989
23.04  7.1961492922867505
23.16  7.165102637966068
23.279999999999998  7.129268860540881
23.4  7.088767639383098
23.52  7.043725300364793
23.64  6.994274539849685
23.759999999999998  6.940554138873798
23.88  6.882708668077223
24.0  6.820888183964231
24.119999999999997  6.755247917082726
24.24  6.685947952727153
24.36  6.613152904780597
24.48  6.537031583322425
24.599999999999998  6.457756656637339
24.72  6.3755043082698135
24.84  6.290453889775127
24.96  6.2027875698237835
25.08  6.112689980320988
25.2  6.020347860206025
25.32  5.9259496975986545
25.439999999999998  5.8296853709605365
25.56  5.731745789939347
25.68  5.632322536561796
25.8  5.5316075074388875
25.919999999999998  5.429792557642845
26.04  5.327069146909917
26.16  5.2236279888169275
26.279999999999998  5.119658703571743
26.4  5.015349475049279
26.52  4.9108867126945475
26.64  4.806454718903506
26.759999999999998  4.7022353624800415
26.88  4.598407758754448
27.0  4.495147956934415
27.119999999999997  4.392628635244194
27.24  4.291018804391364
27.36  4.190483519883429
27.48  4.0911836036981075
27.599999999999998  3.993275375792274
27.72  3.896910395914402
27.84  3.80223521616471
27.959999999999997  3.709391144725541
28.08  3.6185140211622344
28.2  3.5297340036718303
28.32  3.443175368633115
28.439999999999998  3.358956322787415
28.56  3.277188828354583
28.68  3.197978441363369
28.799999999999997  3.1214241634494257
28.919999999999998  3.047618307348061
29.04  2.9766463762821744
29.16  2.908586957418867
29.279999999999998  2.8435116295410268
29.4  2.781484885052752
29.52  2.7225640664098667
29.64  2.666799317039075
29.759999999999998  2.6142335467814823
29.88  2.564902411868492
30.0  2.5188343094102477
30.119999999999997  2.4760503863491516
30.24  2.4365645628035053
30.36  2.400383569698923
30.48  2.3675070005581276
30.599999999999998  2.337927377292951
30.72  2.3116302298158367
30.84  2.2885941892622554
30.959999999999997  2.26879109458961
31.08  2.252186112293309
31.2  2.238737868955927
31.32  2.2283985963214734
31.439999999999998  2.2211142885633706
31.56  2.216824871392054
31.68  2.21546438262605
31.799999999999997  2.216961163829271
31.919999999999998  2.221238062596656
32.04  2.2282126450507214
32.16  2.237797418092944
32.28  2.249900060935739
32.4  2.26442366542421
32.519999999999996  2.2812669846405838
32.64  2.3003246892694516
32.76  2.3214876311878614
32.879999999999995  2.3446431137314354
33.0  2.369675168075841
33.12  2.3964648351621003
33.24  2.424890452584724
33.36  2.4548279458528577
33.48  2.486151123427538
33.6  2.5187319749316686
33.72  2.552440971924368
33.839999999999996  2.5871473706273895
33.96  2.6227195159885808
34.08  2.659025146465825
34.199999999999996  2.6959316989145026
34.32  2.7333066129623473
34.44  2.7710176342575625
34.56  2.8089331159792637
34.68  2.8469223180035823
34.8  2.8848557031243853
34.92  2.922605229734043
35.04  2.96004464037773
35.16  2.9970497456033245
35.28  3.033498702539286
35.4  3.0692722876437184
35.519999999999996  3.104254163080272
35.64  3.1383311361894206
35.76  3.1713934115380367
35.879999999999995  3.203334835045435
36.0  3.234053129699944
36.12  3.263450122397422
36.24  3.2914319614508556
36.36  3.317909324339189
36.48  3.3427976152830086
36.6  3.3660171522551834
36.72  3.3874933430557648
36.839999999999996  3.4071568501022886
36.96  3.4249437436090613
37.08  3.4407956428522968
37.199999999999996  3.4546598452416126
37.32  3.4664894429426467
37.44  3.476243426820248
37.559999999999995  3.4838867774970046
37.68  3.489390543347228
37.8  3.4927319052725507
37.92  3.4938942281314582
38.04  3.4928670987214083
38.16  3.4896463502389468
38.28  3.4842340731698487
38.4  3.476638612588257
38.519999999999996  3.466874551870613
38.64  3.4549626828570537
38.76  3.440929962519762
38.879999999999995  3.424809456224448
39.0  3.406640267697636
39.12  3.3864674558387486
39.24  3.3643419385420286
39.36  3.340320383719064
39.48  3.314465087737998
39.6  3.2868438415205037
39.72  3.2575297845620614
39.839999999999996  3.2266012471650503
39.96  3.1941415811976017
40.08  3.160238979714003
40.199999999999996  3.124986285794555
40.32  3.088480790984433
40.44  3.0508240237317215
40.559999999999995  3.0121215282449283
40.68  2.972482634209424
40.8  2.9320202178206967
40.92  2.8908504546097635
41.04  2.849092564552698
41.16  2.806868549971877
41.28  2.76430292675128
41.4  2.7215224494018333
41.519999999999996  2.678655830525422
41.64  2.635833455237935
41.76  2.5931870911221044
41.879999999999995  2.5508495942905154
42.0  2.508954612147347
42.12  2.4676362834448153
42.239999999999995  2.427028936236189
42.36  2.3872667843323394
42.48  2.3484836228724757
42.6  2.3108125236222268
42.72  2.2743855306139698
42.839999999999996  2.239333356744083
42.96  2.205785081941342
43.08  2.173867853518206
43.199999999999996  2.143706589313642
43.32  2.1154236842316134
43.44  2.089138720773739
43.559999999999995  2.0649681841578698
43.68  2.043025182606387
43.8  2.023419173378963
43.92  2.006255695114448
44.04  1.9916361070352528
44.16  1.9796573355551765
44.28  1.9704116288184506
44.4  1.963986319683253
44.519999999999996  1.9604635976475056
44.64  1.9599202901985229
44.76  1.9624276540507215
44.879999999999995  1.9680511767173057
45.0  1.976850388842892
45.12  1.9888786877039237
45.239999999999995  2.0041831722632413
45.36  2.022804490143346
45.48  2.0447766968609327
45.6  2.070127127642259
45.72  2.098876282115281
45.839999999999996  2.131037722150479
45.96  2.166617983097437
46.08  2.2056164986391704
46.199999999999996  2.2480255394603645
46.32  2.2938301658996845
46.44  2.343008194729876
46.559999999999995  2.3955301801825235
46.68  2.4513594093073423
46.8  2.5104519117285875
46.92  2.572756483833889
47.04  2.638214727402973
47.16  2.7067611026565093
47.28  2.7783229956774678
47.4  2.8528208001298294
47.519999999999996  2.930168013172171
47.64  3.0102713454361565
47.76  3.0930308449128714
47.879999999999995  3.1783400345631785
48.0  3.266086063441465
48.12  3.356149871096125
48.239999999999995  3.448406364984184
48.36  3.5427246106120105
48.48  3.6389680340893036
48.6  3.73699463675912
48.72  3.8366572215428056
48.839999999999996  3.937803630615833
48.96  4.040276994007797
49.08  4.143915988698185
49.199999999999996  4.2485551077586825
49.32  4.35402493907233
49.44  4.460152453140662
49.559999999999995  4.566761299471544
49.68  4.673672111022667
49.8  4.780702816159205
49.92  4.88766895756847
50.04  4.994384017559679
50.16  5.100659749163586
50.28  5.206306512433854
50.4  5.311133615340888
50.519999999999996  5.414949658638529
50.64  5.517562884074491
50.76  5.6187815253077416
50.879999999999995  5.718414160889017
51.0  5.816270068654833
51.12  5.912159580880984
51.239999999999995  6.005894439538309
51.36  6.097288150991109
51.48  6.1861563394780115
51.6  6.272317098715346
51.72  6.355591340964513
51.839999999999996  6.4358031429078855
51.96  6.512780087681499
52.08  6.586353602418197
52.199999999999996  6.656359290661301
52.32  6.72263725901633
52.44  6.7850324374173026
52.559999999999995  6.843394892393911
52.68  6.897580132737179
52.8  6.947449406973234
52.919999999999995  6.9928699920683135
53.04  7.033715472802564
53.16  7.069866011265592
53.28  7.101208605943442
53.4  7.1276373398839254
53.519999999999996  7.149053617446161
53.64  7.1653663891591775
53.76  7.176492364235225
53.879999999999995  7.182356210304411
54.0  7.182890739959466
54.12  7.17803708372233
54.239999999999995  7.167744849067837
54.36  7.151972265164153
54.48  7.130686313014661
54.6  7.103862840711582
54.72  7.071486663537855
54.839999999999996  7.033551648680614
54.96  6.990060784346756
55.08  6.94102623309881
55.199999999999996  6.886469369257385
55.32  6.826420800244874
55.44  6.760920371773729
55.559999999999995  6.690017156811567
55.68  6.61376942828447
55.8  6.532244615509063
55.919999999999995  6.445519244373118
56.04  6.353678861313998
56.16  6.256817941173315
56.28  6.155039779035355
56.4  6.048456366186178
56.519999999999996  5.937188250358696
56.64  5.821364380458126
56.76  5.701121935990159
56.879999999999995  5.5766061414423485
57.0  5.4479700658968255
57.12  5.315374408179416
57.239999999999995  5.178987267876923
57.36  5.038983902580544
57.48  4.895546471738644
57.599999999999994  4.74886376752703
57.72  4.599130933169101
57.839999999999996  4.446549169161604
57.96  4.291325427884097
58.08  4.133672097092603
58.199999999999996  3.973806672818277
58.32  3.8119514222123447
58.44  3.648333036897551
58.559999999999995  3.48318227740448
58.68  3.316733609288356
58.8  3.1492248315378926
58.919999999999995  2.980896697902801
59.04  2.811992531780699
59.16  2.642757835316715
59.28  2.4734398933807693
59.4  2.3042873730983375
59.519999999999996  2.1355499196192422
59.64  1.9674777488176227
59.76  1.8003212376228825
59.879999999999995  1.6343305126868772
60.0  1.4697550380973672
60.12  1.3068432028506018
60.239999999999995  1.1458419087977105
60.36  0.9869961597804235
60.48  0.8305486526707815
60.599999999999994  0.6767393710273649
60.72  0.5258051820777853
60.839999999999996  0.3779794377322334
60.96  0.23349158032723283
61.08  0.09256675379204293
61.199999999999996  0.0
61.32  0.0
61.44  0.0
61.559999999999995  0.0
61.68  0.0
61.8  0.0
61.919999999999995  0.0
62.04  0.0
62.16  0.0
62.28  0.0
62.4  0.0
62.519999999999996  0.0
62.64  0.0
62.76  0.0
62.879999999999995  0.0
63.0  0.0
63.12  0.0
63.239999999999995  0.0
63.36  0.0
63.48  0.0
63.599999999999994  0.0
63.72  0.0
63.839999999999996  0.0
63.96  0.0
64.08  0.0
64.2  0.0
64.32  0.0
64.44  0.0
64.56  0.0
64.67999999999999  0.0
64.8  0.0
64.92  0.0
65.03999999999999  0.0
65.16  0.0
65.28  0.0
65.39999999999999  0.0
65.52  0.0
65.64  0.0
65.75999999999999  0.0
65.88  0.0
66.0  0.0
66.12  0.0
66.24  0.0
66.36  0.0
66.48  0.0
66.6  0.0
66.72  0.0
66.84  0.07630773622928022
66.96  0.221418965894161
67.08  0.37059704755348166
67.2  0.5236195160730134
67.32  0.6802577867475288
67.44  0.8402775171427949
67.56  1.003438978702531
67.67999999999999  1.1694974374957345
67.8  1.338203543462929
67.92  1.5093037275048342
68.03999999999999  1.6825406057439747
68.16  1.85765339027613
68.28  2.0343783057172615
68.39999999999999  2.212449010841909
68.52  2.3915970245993057
68.64  2.571552155785674
68.75999999999999  2.7520429356454823
68.88  2.9327970526682483
69.0  3.113541788843791
69.12  3.294004456636711
69.24  3.4739128359387736
69.36  3.6529956102582197
69.48  3.8309828014060936
69.6  4.007606201942473
69.72  4.182599804649028
69.84  4.355700228299463
69.96  4.526647139006052
70.08  4.695183666428051
70.2  4.861056814136233
70.32  5.024017863438784
70.44  5.1838227699846176
70.56  5.340232552472453
70.67999999999999  5.49301367280873
70.8  5.64193840707145
70.92  5.786785206653207
71.03999999999999  5.927339048974362
71.16  6.063391777174857
71.28  6.194742428212605
71.39999999999999  6.3211975488168575
71.52  6.442571498765925
71.64  6.558686740980542
71.75999999999999  6.669374117947812
71.88  6.77447311401392
72.0  6.873832103108552
72.11999999999999  6.967308581489915
72.24  7.054769385124603
72.36  7.136090891343909
72.48  7.2111592044455
72.6  7.279870324937204
72.72  7.342130302148433
72.84  7.397855369963401
72.96  7.446972065460228
73.08  7.4894173302692595
73.2  7.52513859449434
73.32  7.554093843071089
73.44  7.5762516644667475
73.56  7.591591281656806
73.67999999999999  7.600102565344677
73.8  7.601786029421164
73.92  7.596652808691696
74.03999999999999  7.58472461892978
74.16  7.566033699345946
74.28  7.540622737591888
74.39999999999999  7.508544777449664
74.52  7.469863109385985
74.64  7.424651144181014
74.75999999999999  7.372992269870512
74.88  7.314979692268794
75.0  7.25071625936852
75.11999999999999  7.18031426994076
75.24  7.103895266686231
75.36  7.021589814315034
75.48  6.933537262957932
75.6  6.839885497337604
75.72  6.740790672152252
75.84  6.636416934147996
75.96  6.526936131378446
76.08  6.412527510172188
76.2  6.293377400349594
76.32  6.169678889249879
76.44  6.041631485148475
76.56  5.909440770662736
76.67999999999999  5.773318046760105
76.8  5.633479967998977
76.92  5.49014816964704
77.03999999999999  5.3435488873346255
77.16  5.193912569913253
77.28  5.041473486200586
77.39999999999999  4.886469326302088
77.52  4.729140798208748
77.64  4.569731220377623
77.75999999999999  4.40848611100704
77.88  4.2456527747240465
78.0  4.081479887404618
78.11999999999999  3.916217079849112
78.24  3.75011452103685
78.36  3.583422501682868
78.48  3.4163910188183535
78.6  3.2492693621132087
78.72  3.082305702654958
78.84  2.915746684893012
78.96  2.749837022449783
79.08  2.5848190984927992
79.2  2.420932571352758
79.32  2.258413986061306
79.44  2.097496392471334
79.56  1.9384089706099268
79.67999999999999  1.7813766638992767
79.8  1.6266198208666969
79.92  1.4743538459485355
80.03999999999999  1.324788859975071
80.16  1.1781293709058867
80.28  1.034573955365798
80.39999999999999  0.8943149515109672
80.52  0.757538163734025
80.64  0.6244225796952059
80.75999999999999  0.4951401001430614
80.88  0.36985528196538375
81.0  0.2487250948863502
81.11999999999999  0.13189869220051942
81.24  0.019517195909125706
81.36  0.0
81.48  0.0
81.6  0.0
81.72  0.0
81.84  0.0
81.96  0.0
82.08  0.0
82.2  0.0
82.32  0.0
82.44  0.0
82.56  0.0
82.67999999999999  0.0
82.8  0.0
82.92  0.0
83.03999999999999  0.0
83.16  0.0
83.28  0.0
83.39999999999999  0.0
83.52  0.0
83.64  0.0
83.75999999999999  0.0
83.88  0.0
84.0  0.0
84.11999999999999  0.0
84.24  0.0
84.36  0.0
84.47999999999999  0.0
84.6  0.0
84.72  0.0
84.84  0.0
84.96  0.0
85.08  0.0
85.2  0.0
85.32  0.0
85.44  0.0
85.56  0.0
85.67999999999999  0.0
85.8  0.0
85.92  0.0
86.03999999999999  0.0
86.16  0.0
86.28  0.0
86.39999999999999  0.0
86.52  0.03702097125554987
86.64  0.12869476052855794
86.75999999999999  0.22222441832022563
86.88  0.31741448837074754
87.0  0.41406826990736234
87.11999999999999  0.5119881854716235
87.24  0.61097614865287
87.36  0.7108339310518148
87.47999999999999  0.8113635278014191
87.6  0.9123675209765303
87.72  1.0136494402286065
87.84  1.115014119989461
87.96  1.2162680525948526
88.08  1.3172197366885126
88.2  1.4176800202767463
88.32  1.517462437815718
88.44  1.6163835407255602
88.56  1.7142632207388735
88.67999999999999  1.8109250255063842
88.8  1.9061964658976172
88.92  1.999909314451156
89.03999999999999  2.0918998944471983
89.16  2.1820093590930836
89.28  2.270083960332274
89.39999999999999  2.3559753068077876
89.52  2.4395406105318873
89.64  2.5206429218361945
89.75999999999999  2.599151352198986
89.88  2.6749412845699405
90.0  2.74789457083665
90.11999999999999  2.817899716102165
90.24  2.884852049467944
90.36  2.948653881042545
90.47999999999999  3.009214644922758
90.6  3.066451027920651
90.72  3.1202870838369288
90.84  3.1706543331088604
90.96  3.217491847688489
91.08  3.2607463210348793
91.2  3.3003721231323677
91.32  3.336331340475092
91.44  3.3685938009862637
91.56  3.397137083869194
91.67999999999999  3.4219465144152745
91.8  3.4430151438225174
91.92  3.460343714106092
92.03999999999999  3.473940608210582
92.16  3.483821785460938
92.28  3.490010702516907
92.39999999999999  3.492538220022301
92.52  3.4914424951675063
92.64  3.486768860409548
92.75999999999999  3.478569688619905
92.88  3.4669042449551473
93.0  3.4518385257705946
93.11999999999999  3.433445084920353
93.24  3.411802847811184
93.36  3.386996913599472
93.47999999999999  3.3591183459429867
93.6  3.3282639527396167
93.72  3.2945360553057506
93.84  3.2580422474660127
93.96  3.2188951450447667
94.08  3.1772121262668476
94.2  3.133115063591702
94.32  3.086730047520591
94.44  3.0381871029305056
94.56  2.987619898502759
94.67999999999999  2.9351654498251603
94.8  2.880963816759233
94.92  2.825157795672882
95.03999999999999  2.7678926071487515
95.16  2.7093155797852253
95.28  2.649575830714998
95.39999999999999  2.5888239434699143
95.52  2.5272116438265604
95.64  2.4648914742688737
95.75999999999999  2.402016467706689
95.88  2.338739821089064
96.0  2.2752145695514594
96.11999999999999  2.2115932617329133
96.24  2.148027636897576
96.36  2.084668304489734
96.47999999999999  2.0216644267467734
96.6  1.9591634049874787
96.72  1.8973105701858195
96.84  1.8362488784308433
96.96  1.7761186118641001
97.08  1.7170570856742642
97.2  1.65919836171664
97.32  1.6026729693121684
97.44  1.5476076337656952
97.56  1.4941250131288921
97.67999999999999  1.4423434437156297
97.8  1.3923766948616372
97.92  1.3443337334011405
98.03999999999999  1.2983184983147726
98.16  1.2544296859824893
98.28  1.2127605464553388
98.39999999999999  1.173398691137507
98.52  1.1364259122485891
98.64  1.1019180144126899
98.75999999999999  1.0699446586975991
98.88  1.040569219402888
99.0  1.0138486538714728
99.11999999999999  0.9898333855733928
99.24  0.9685672006853644
99.36  0.9500871583632302
99.47999999999999  0.9344235148780794
99.6  0.9215996617600377
99.72  0.9116320780665554
99.84  0.9045302968648713
99.96  0.9002968859908271
100.08  0.898927443118604
100.2  0.9004106051485279
100.32  0.9047280718921942
100.44  0.9118546440068576
100.56  0.9217582751033516
100.67999999999999  0.9344001379245882
100.8  0.9497347044644854
100.92  0.9677098398703108
101.03999999999999  0.9882669099447668
101.16  1.0113409020381519
101.28  1.0368605590945812
101.39999999999999  1.0647485265915353
101.52  1.0949215120864486
101.64  1.1272904570601443
101.75999999999999  1.1617607207229272
101.88  1.198232275426046
102.0  1.236599913298771
102.11999999999999  1.2767534637097182
102.24  1.318578021129663
102.36  1.3619541829534483
102.47999999999999  1.406758296818709
102.6  1.4528627169409631
102.72  1.5001360689670096
102.83999999999999  1.5484435228316438
102.96  1.597647073087541
103.08  1.6476058261629385
103.2  1.6981762939884761
103.32  1.7492126934217176
103.44  1.8005672508868193
103.56  1.8520905116354385
103.67999999999999  1.9036316530270638
103.8  1.9550388012173463
103.92  2.0061593506371995
104.03999999999999  2.056840285638641
104.16  2.1069285036796894
104.28  2.156271139415872
104.39999999999999  2.2047158890651284
104.52  2.2521113344103476
104.64  2.298307265805034
104.75999999999999  2.3431550035482287
104.88  2.3865077169975555
105.0  2.428220740793055
105.11999999999999  2.4681518875693267
105.24  2.506161756539271
105.36  2.542114037340567
105.47999999999999  2.5758758085438336
105.6  2.607317830231345
105.72  2.636314830065695
105.83999999999999  2.662745782279463
105.96  2.6864941790302397
106.08  2.7074482935784046
106.2  2.7255014347611772
106.32  2.7405521922511484
106.44  2.7525046721056587
106.56  2.7612687221299472
106.67999999999999  2.7667601465972163
106.8  2.7689009098870487
106.92  2.767619328625187
107.03999999999999  2.7628502519282163
107.16  2.754535229379394
107.28  2.742622666384103
107.39999999999999  2.7270679665773283
107.52  2.707833660979355
107.64  2.6848895236208987
107.75999999999999  2.6582126733837494
107.88  2.6277876618291534
108.0  2.593606546812171
108.11999999999999  2.555668951706866
108.24  2.513982110094171
108.36  2.468560895791704
108.47999999999999  2.4194278381320666
108.6  2.3666131224241456
108.72  2.3101545755597135
108.83999999999999  2.250097636755702
108.96  2.186495313450303
109.08  2.1194081223996566
109.2  2.0489040160491823
109.32  1.9750582942820265
109.44  1.8979535016744793
109.56  1.8176793104160982
109.67999999999999  1.7343323890789812
109.8  1.6480162574480945
109.92  1.5588411276508856
110.03999999999999  1.4669237318505968
110.16  1.3723871367932503
110.28  1.2753605455239903
110.39999999999999  1.1759790866122661
110.52  1.0743835912502016
110.64  0.970720358611312
110.75999999999999  0.8651409098797225
110.88  0.7578017313817967
111.0  0.6488640072734686
111.11999999999999  0.538493342256831
111.24  0.42685947481882813
111.36  0.31413598150415245
111.47999999999999  0.20049997275130277
111.6  0.08613178083820505
111.72  0.0
111.83999999999999  0.0
111.96  0.0
112.08  0.0
112.2  0.0
112.32  0.0
112.44  0.0
112.56  0.0
112.67999999999999  0.0
112.8  0.0
112.92  0.0
113.03999999999999  0.0
113.16  0.0
113.28  0.0
113.39999999999999  0.0
113.52  0.0
113.64  0.0
113.75999999999999  0.0
113.88  0.0
114.0  0.0
114.11999999999999  0.0
114.24  0.0
114.36  0.0
114.47999999999999  0.0
114.6  0.0
114.72  0.0
114.83999999999999  0.0
114.96  0.0
115.08  0.0
115.19999999999999  0.0
115.32  0.0
115.44  0.0
115.56  0.0
115.67999999999999  0.0
115.8  0.0
115.92  0.0
116.03999999999999  0.0
116.16  0.0
116.28  0.0
116.39999999999999  0.0
116.52  0.0
116.64  0.0
116.75999999999999  0.0
116.88  0.0
117.0  0.0
117.11999999999999  0.0
117.24  0.0
117.36  0.0
117.47999999999999  0.0
117.6  0.0
117.72  0.0
117.83999999999999  0.0
117.96  0.0
118.08  0.0
118.19999999999999  0.0
118.32  0.0
118.44  0.0
118.56  0.0
118.67999999999999  0.0
118.8  0.0
118.92  0.0
119.03999999999999  0.0
119.16  0.0
119.28  0.0
119.39999999999999  0.0
119.52  0.0
119.64  0.0
119.75999999999999  0.0
119.88  0.0
120.0  0.0
