0.0  8.022244133924815  100.0
0.12  8.147147391728632
0.24  8.265629009217044
0.36  8.377504525795597
0.48  8.48259841413687
0.6  8.58074438324935
0.72  8.671785667707121
0.84  8.75557530252392
0.96  8.831976383178475
1.08  8.900862310322221
1.2  8.96211701872545
1.3199999999999998  9.015635190043817
1.44  9.061322449013657
1.56  9.099095542711993
1.68  9.128882502544936
1.7999999999999998  9.150622788656946
1.92  9.164267416482483
2.04  9.169779065191358
2.16  9.167132167809275
2.28  9.156312982825563
2.4  9.137319647131246
2.52  9.110162210161668
2.6399999999999997  9.074862649149638
2.76  9.031454865426651
2.88  8.979984661741732
3.0  8.920509700599403
3.12  8.853099443650349
3.2399999999999998  8.777835072200254
3.36  8.69480938893441
3.48  8.60412670098727
3.5999999999999996  8.505902684518002
3.7199999999999998  8.400264230984213
3.84  8.287349275337329
3.96  8.167306606393685
4.08  8.040295659665826
4.2  7.906486292968275
4.32  7.766058545141521
4.4399999999999995  7.619202378266646
4.56  7.466117403771278
4.68  7.307012592855071
4.8  7.142105971689692
4.92  6.971624301874369
5.04  6.795802746653316
5.16  6.614884523425733
5.279999999999999  6.429120543102603
5.3999999999999995  6.238769036887052
5.52  6.044095171076712
5.64  5.8453706505070215
5.76  5.642873311274028
5.88  5.436886703393668
6.0  5.2276996640718725
6.12  5.01560588227602
6.24  4.800903455313326
6.359999999999999  4.5838944381355144
6.4799999999999995  4.364884386101825
6.6  4.144181891943623
6.72  3.9220981176840795
6.84  3.6989463222751304
6.96  3.475041385721406
7.08  3.2506993304670324
7.199999999999999  3.026236840826058
7.319999999999999  2.8019707812407226
7.4399999999999995  2.5782177141540377
7.56  2.355293418283914
7.68  2.133512408085567
7.8  1.9131874551870902
7.92  1.694629112579841
8.04  1.4781452423407508
8.16  1.2640405476577787
8.28  1.0526161099225844
8.4  0.8441689316458427
8.52  0.6389914859410375
8.64  0.4373712733112549
8.76  0.23959038646137598
8.879999999999999  0.045925083844317705
9.0  0.0
9.12  0.0
9.24  0.0
9.36  0.0
9.48  0.0
9.6  0.0
9.719999999999999  0.0
9.84  0.0
9.959999999999999  0.0
10.08  0.0
10.2  0.0
10.32  0.0
10.44  0.0
10.559999999999999  0.0
10.68  0.0
10.799999999999999  0.0
10.92  0.0
11.04  0.0
11.16  0.0
11.28  0.0
11.4  0.0
11.52  0.0
11.639999999999999  0.0
11.76  0.0
11.879999999999999  0.0
12.0  0.0
12.12  0.0
12.24  0.0
12.36  0.0
12.48  0.0
12.6  0.0
12.719999999999999  0.0
12.84  0.0
12.959999999999999  0.0
13.08  0.0
13.2  0.0
13.32  0.0
13.44  0.0
13.559999999999999  0.0
13.68  0.0
13.799999999999999  0.0
13.92  0.0
14.04  0.0
14.16  0.0
14.28  0.0
14.399999999999999  0.0
14.52  0.0
14.639999999999999  0.0
14.76  0.0
14.879999999999999  0.0
15.0  0.0
15.12  0.0
15.24  0.0
15.36  0.0
15.479999999999999  0.0
15.6  0.06179866588014793
15.719999999999999  0.24539299602505504
15.84  0.43218122500848244
15.959999999999999  0.621887453249443
16.08  0.8142327530111111
16.2  1.0089356157436429
16.32  1.2057124020001568
16.439999999999998  1.4042777931678785
16.56  1.6043452442550863
16.68  1.8056274369743064
16.8  2.007836732363845
16.919999999999998  2.2106856221919076
17.04  2.4138871783918967
17.16  2.617155499782258
17.28  2.8202061553312125
17.4  3.0227566232340872
17.52  3.2245267250802545
17.64  3.4252390543968225
17.759999999999998  3.6246193988678566
17.88  3.822397155540542
18.0  4.018305738343533
18.12  4.212082977257933
18.24  4.403471508497322
18.36  4.592219155070678
18.48  4.778079297120117
18.599999999999998  4.9608112314450175
18.72  5.140180519644132
18.84  5.315959324328702
18.96  5.487926732881814
19.08  5.655869068262203
19.2  5.819580186374665
19.32  5.978861759553835
19.439999999999998  6.1335235457336665
19.56  6.283383642900873
19.68  6.4282687284574145
19.8  6.5680142831445725
19.919999999999998  6.702464799208871
20.04  6.831473972518681
20.16  6.954904878369021
20.279999999999998  7.072630130741482
20.4  7.184532024815665
20.52  7.290502662558385
20.64  7.3904440612471145
20.759999999999998  7.4842682448142686
20.88  7.5718973179294915
21.0  7.653263522767412
21.119999999999997  7.72830927843904
21.24  7.796987203095231
21.36  7.859260118741142
21.48  7.915101038830784
21.599999999999998  7.964493138740743
21.72  8.007429709252015
21.84  8.043914093198199
21.96  8.07395960546759
22.08  8.097589436575175
22.2  8.114836540048962
22.32  8.125743503902665
22.439999999999998  8.130362406493912
22.56  8.128754657093854
22.68  8.120990821519646
22.8  8.10715043320684
22.919999999999998  8.087321790122829
23.04  8.06160173794635
23.16  8.030095439960913
23.279999999999998  7.9929161341317725
23.4  7.95018487785742
23.52  7.902030280906485
23.64  7.84858822707014
23.759999999999998  7.790001585078362
23.88  7.726419909345258
24.0  7.6579991311250435
24.119999999999997  7.58490124067485
24.24  7.507293961034652
24.36  7.425350414047162
24.48  7.339248779252009
24.599999999999998  7.249171946299043
24.72  7.155307161534524
24.84  7.057845669422166
24.96  6.956982349467393
25.08  6.852915349318988
25.2  6.745845714726274
25.32  6.635977017033168
25.439999999999998  6.523514978892062
25.56  6.408667098881081
25.68  6.291642275707498
25.8  6.1726504326780685
25.919999999999998  6.051902143113864
26.04  5.929608257382736
26.16  5.805979532216899
26.279999999999998  5.681226262976137
26.4  5.555557919509307
26.52  5.429182786257291
26.64  5.302307607230515
26.759999999999998  5.17513723648228
26.88  5.047874294686849
27.0  4.920718832417364
27.119999999999997  4.793868000703952
27.24  4.667515729436592
27.36  4.541852414160675
27.48  4.417064611795221
27.599999999999998  4.293334745785304
27.72  4.170840821180545
27.84  4.049756150111224
27.959999999999997  3.9302490881123053
28.08  3.812482781723686
28.2  3.6966149277723943
28.32  3.5827975447188636
28.439999999999998  3.4711767564256064
28.56  3.361892588681794
28.68  3.2550787787922584
28.799999999999997  3.1508625985135583
28.919999999999998  3.049364690593812
29.04  2.9506989191463746
29.16  2.854972234060568
29.279999999999998  2.7622845496255
29.4  2.672728637515606
29.52  2.586390034258871
29.64  2.503346963280951
29.759999999999998  2.423670271590482
29.88  2.347423381143054
30.0  2.2746622548933075
30.119999999999997  2.2054353775168236
30.24  2.1397837507557393
30.36  2.0777409033144565
30.48  2.019332915204405
30.599999999999998  1.9645784564098463
30.72  1.913488839719744
30.84  1.866068087544587
30.959999999999997  1.822313012510746
31.08  1.7822133115996912
31.2  1.7457516735741998
31.32  1.7129038994092656
31.439999999999998  1.683639035421591
31.56  1.6579195187682725
31.68  1.635701334962713
31.799999999999997  1.6169341870341345
31.919999999999998  1.601561675935805
32.04  1.5895214917869904
32.16  1.5807456155142856
32.28  1.575160530439217
32.4  1.5726874433417162
32.519999999999996  1.5732425145120894
32.64  1.5767370962886242
32.76  1.5830779795631194
32.879999999999995  1.5921676477230131
33.0  1.6039045374861667
33.12  1.6181833060727002
33.24  1.6348951041479698
33.36  1.6539278539611808
33.48  1.6751665320961422
33.6  1.6984934562433867
33.72  1.7237885753969937
33.839999999999996  1.7509297628746718
33.96  1.7797931115559935
34.08  1.8102532307312753
34.199999999999996  1.8421835439522525
34.32  1.8754565872756461
34.44  1.9099443072917592
34.56  1.9455183583325095
34.68  1.9820503982566526
34.8  2.019412382214596
34.92  2.057476853800772
35.04  2.0961172330085978
35.16  2.135208100410718
35.28  2.174625476996566
35.4  2.2142470991091585
35.519999999999996  2.2539526879345413
35.64  2.293624213009227
35.76  2.333146149224422
35.879999999999995  2.3724057268201317
36.0  2.411293173877202
36.12  2.449701950831758
36.24  2.487528976553342
36.36  2.524674845546099
36.48  2.5610440358509683
36.6  2.596545107246402
36.72  2.6310908893654466
36.839999999999996  2.664598659368016
36.96  2.6969903088287226
37.08  2.7281924995231046
37.199999999999996  2.758136807817891
37.32  2.7867598573943657
37.44  2.8140034400577987
37.559999999999995  2.8398146244104465
37.68  2.864145852190169
37.8  2.8869550221020734
37.92  2.9082055609959583
38.04  2.927866482267996
38.16  2.945912431391159
38.28  2.9623237185048215
38.4  2.977086338020297
38.519999999999996  2.99019197522527
38.64  3.00163799989633
38.76  3.0114274469550786
38.879999999999995  3.0195689842294686
39.0  3.0260768674078773
39.12  3.0309708822993837
39.24  3.0342762745391916
39.36  3.0360236669034717
39.48  3.0362489644227693
39.6  3.034993247507739
39.72  3.032302653325053
39.839999999999996  3.0282282456850234
39.96  3.022825873725491
40.08  3.016156019699229
40.199999999999996  3.0082836361939
40.32  2.9992779731350305
40.44  2.9892123949429537
40.559999999999995  2.9781641882345906
40.68  2.9662143604799796
40.8  2.953447430041792
40.92  2.9399512080435173
41.04  2.925816572528457
41.16  2.911137235387452
41.28  2.896009502547897
41.4  2.880532027930389
41.519999999999996  2.8648055616920427
41.64  2.848932693287345
41.76  2.833017589887988
41.879999999999995  2.817165730712933
42.0  2.8014836378282615
42.12  2.7860786039841017
42.239999999999995  2.7710584180620654
42.36  2.7565310887119496
42.48  2.742604566760564
42.6  2.7293864669783403
42.72  2.716983789791503
42.839999999999996  2.7055026435278053
42.96  2.695047967783764
43.08  2.685723258499326
43.199999999999996  2.6776302953233166
43.32  2.6708688718489624
43.44  2.6655365292937505
43.559999999999995  2.6617282941916427
43.68  2.6595364206583487
43.8  2.659050137781864
43.92  2.660355402681112
44.04  2.663534659764778
44.16  2.668666606710808
44.28  2.6758259676744527
44.4  2.685083274219023
44.519999999999996  2.6965046544487885
44.64  2.710151630807938
44.76  2.726080926992993
44.879999999999995  2.7443442844085215
45.0  2.7649882885778827
45.12  2.788054205901416
45.239999999999995  2.8135778311348876
45.36  2.8415893459399815
45.48  2.8721131888375826
45.6  2.9051679368724117
45.72  2.940766199274881
45.839999999999996  2.97891452338289
45.96  3.019613313062357
46.08  3.062856759841126
46.199999999999996  3.108632786945968
46.32  3.1569230064073563
46.44  3.2077026893711587
46.559999999999995  3.260940749730506
46.68  3.316599741165043
46.8  3.374635867648422
46.92  3.434999007458571
47.04  3.497632750698401
47.16  3.5624744503083043
47.28  3.6294552865249226
47.4  3.698500344714068
47.519999999999996  3.769528706479286
47.64  3.8424535539210223
47.76  3.9171822868951884
47.879999999999995  3.993616653094082
48.0  4.07165289074675
48.12  4.151181883710775
48.239999999999995  4.232089328702404
48.36  4.314255914387408
48.48  4.397557512031187
48.6  4.481865377383049
48.72  4.567046363446613
48.839999999999996  4.652963143766205
48.96  4.73947444583728
49.08  4.8264352942279976
49.199999999999996  4.913697262979097
49.32  5.001108736829539
49.44  5.088515180796949
49.559999999999995  5.175759417624235
49.68  5.262681912586767
49.8  5.349121065138712
49.92  5.434913506862167
50.04  5.519894405168679
50.16  5.603897772190014
50.28  5.686756778282816
50.4  5.768304069561202
50.519999999999996  5.848372088861639
50.64  5.926793399535436
50.76  6.0034010114571
50.879999999999995  6.07802870863021
51.0  6.1505113777672085
51.12  6.220685337215488
51.239999999999995  6.288388665599456
51.36  6.353461529546195
51.48  6.415746509862153
51.6  6.475088925528868
51.72  6.53133715488751
51.839999999999996  6.584342953385321
51.96  6.633961767261024
52.08  6.6800530425519025
52.199999999999996  6.7224805288118175
52.32  6.761112576937122
52.44  6.795822430506502
52.559999999999995  6.826488510050645
52.68  6.852994689679069
52.8  6.875230565503489
52.919999999999995  6.893091715310546
53.04  6.906479948951267
53.16  6.915303548929813
53.28  6.919477500690867
53.4  6.918923712122043
53.519999999999996  6.913571221806537
53.64  6.903356395580065
53.76  6.8882231109667185
53.879999999999995  6.86812292908909
54.0  6.843015253669998
54.12  6.8128674767657085
54.239999999999995  6.777655110893772
54.36  6.737361907242763
54.48  6.6919799596757095
54.6  6.64150979426431
54.72  6.5859604441167985
54.839999999999996  6.525349509288659
54.96  6.459703201592118
55.08  6.389056374147506
55.199999999999996  6.313452535547087
55.32  6.232943848529903
55.44  6.147591113094105
55.559999999999995  6.057463734001679
55.68  5.962639672658872
55.8  5.863205383384269
55.919999999999995  5.759255734104883
56.04  5.650893911549549
56.16  5.538231311037237
56.28  5.421387410986319
56.4  5.30048963229946
56.519999999999996  5.175673182806415
56.64  5.047080886975307
56.76  4.914863001130094
56.879999999999995  4.779177014439306
57.0  4.640187435967846
57.12  4.49806556810982
57.239999999999995  4.352989266746151
57.36  4.205142688496053
57.48  4.054716025455849
57.599999999999994  3.901905227842577
57.72  3.7469117149832183
57.839999999999996  3.5899420751127704
57.96  3.4312077544658304
58.08  3.2709247361678675
58.199999999999996  3.1093132094516713
58.32  2.9465972297440515
58.44  2.78300437018581
58.559999999999995  2.6187653651652605
58.68  2.454113746461793
58.8  2.289285472611061
58.919999999999995  2.1245185521173897
59.04  1.960052661152239
59.16  1.7961287563891195
59.28  1.6329886836361356
59.4  1.4708747829371753
59.519999999999996  1.3100294908206045
59.64  1.1506949403819595
59.76  0.9931125598928994
59.879999999999995  0.8375226706331849
60.0  0.6841640846463306
60.12  0.5332737031215034
60.239999999999995  0.3850861161051913
60.36  0.23983320424608956
60.48  0.09774374327495772
60.599999999999994  0.0
60.72  0.0
60.839999999999996  0.0
60.96  0.0
61.08  0.0
61.199999999999996  0.0
61.32  0.0
61.44  0.0
61.559999999999995  0.0
61.68  0.0
61.8  0.0
61.919999999999995  0.0
62.04  0.0
62.16  0.0
62.28  0.0
62.4  0.0
62.519999999999996  0.0
62.64  0.0
62.76  0.0
62.879999999999995  0.0
63.0  0.0
63.12  0.0
63.239999999999995  0.0
63.36  0.0
63.48  0.0
63.599999999999994  0.0
63.72  0.0
63.839999999999996  0.0
63.96  0.0
64.08  0.0
64.2  0.0
64.32  0.0
64.44  0.0
64.56  0.0
64.67999999999999  0.0
64.8  0.0
64.92  0.0
65.03999999999999  0.0
65.16  0.0
65.28  0.0
65.39999999999999  0.0
65.52  0.0
65.64  0.0
65.75999999999999  0.0
65.88  0.0
66.0  0.0
66.12  0.0
66.24  0.0
66.36  0.0
66.48  0.14927701157539008
66.6  0.3036779975945345
66.72  0.4622563333852845
66.84  0.624787197731437
66.96  0.7910391814290045
67.08  0.9607746390224672
67.2  1.133750051484923
67.32  1.3097163992491363
67.44  1.4884195449779747
67.56  1.6696006254443418
67.67999999999999  1.8529964518753426
67.8  2.038339918099119
67.92  2.2253604158184674
68.03999999999999  2.4137842563232015
68.16  2.603335097940249
68.28  2.793734378509995
68.39999999999999  2.9847017521686086
68.52  3.1759555297070428
68.64  3.367213121770498
68.75999999999999  3.5581914841572866
68.88  3.748607564470655
69.0  3.9381787493743454
69.12  4.126623311701401
69.24  4.3136608566645105
69.36  4.499012766417449
69.48  4.682402642219091
69.6  4.863556743455279
69.72  5.042204422778195
69.84  5.2180785566290036
69.96  5.390915970417106
70.08  5.560457857637868
70.2  5.726450192220079
70.32  5.888644133406363
70.44  6.046796422481504
70.56  6.200669770676916
70.67999999999999  6.350033237595141
70.8  6.494662599513259
70.92  6.634340706941174
71.03999999999999  6.768857830829425
71.16  6.8980119968396165
71.28  7.021609307110953
71.39999999999999  7.139464248977803
71.52  7.251399990114997
71.64  7.357248659610593
71.75999999999999  7.456851614490166
71.88  7.550059691241034
72.0  7.636733441910362
72.11999999999999  7.716743354377911
72.24  7.789970056430513
72.36  7.856304503293455
72.48  7.915648148302143
72.6  7.967913096426161
72.72  8.013022240387238
72.84  8.050909379142274
72.96  8.08151931853313
73.08  8.104807953934928
73.2  8.12074233476581
73.32  8.129300710752037
73.44  8.13047255987358
73.56  8.12425859794672
73.67999999999999  8.11067076983176
73.8  8.089732222285164
73.92  8.061477258507324
74.03999999999999  8.025951274467996
74.16  7.983210677123131
74.28  7.933322784667549
74.39999999999999  7.876365708998696
74.52  7.812428220597357
74.64  7.7416095960610285
74.75999999999999  7.664019448555527
74.88  7.5797775414793875
75.0  7.48901358566464
75.11999999999999  7.391867020465241
75.24  7.288486779112181
75.36  7.1790310387411465
75.48  7.063666955524472
75.6  6.942570385364733
75.72  6.815925590631612
75.84  6.683924933447745
75.96  6.5467685560514255
76.08  6.404664048786536
76.2  6.257826106290749
76.32  6.106476172472694
76.44  5.950842074887851
76.56  5.791157649141003
76.67999999999999  5.627662353959031
76.8  5.460600877593919
76.92  5.290222736230314
77.03999999999999  5.116781865084578
77.16  4.940536202894686
77.28  4.761747270511385
77.39999999999999  4.580679744309582
77.52  4.397601025147996
77.64  4.212780803612157
77.75999999999999  4.02649062228051
77.88  3.8390034357589
78.0  3.6505931692313274
78.11999999999999  3.46153427627622
78.24  3.2721012966987106
78.36  3.0825684151279495
78.48  2.893209021126503
78.6  2.704295271555417
78.72  2.516097655933597
78.84  2.328884565524622
78.96  2.1429218668757875
79.08  1.9584724805263782
79.2  1.7757959655923439
79.32  1.5951481109226224
79.44  1.416780533510816
79.56  1.2409402848325755
79.67999999999999  1.0678694657634045
79.8  0.8978048507168239
79.92  0.7309775216256766
80.03999999999999  0.5676125123708617
80.16  0.40792846424347395
80.28  0.25213729300603793
80.39999999999999  0.10044386809731409
80.52  0.0
80.64  0.0
80.75999999999999  0.0
80.88  0.0
81.0  0.0
81.11999999999999  0.0
81.24  0.0
81.36  0.0
81.48  0.0
81.6  0.0
81.72  0.0
81.84  0.0
81.96  0.0
82.08  0.0
82.2  0.0
82.32  0.0
82.44  0.0
82.56  0.0
82.67999999999999  0.0
82.8  0.0
82.92  0.0
83.03999999999999  0.0
83.16  0.0
83.28  0.0
83.39999999999999  0.0
83.52  0.0
83.64  0.0
83.75999999999999  0.0
83.88  0.0
84.0  0.0
84.11999999999999  0.0
84.24  0.0
84.36  0.0
84.47999999999999  0.0
84.6  0.0
84.72  0.0
84.84  0.0
84.96  0.0
85.08  0.0
85.2  0.0
85.32  0.0
85.44  0.0
85.56  0.0
85.67999999999999  0.0
85.8  0.0
85.92  0.0
86.03999999999999  0.0
86.16  0.0
86.28  0.0
86.39999999999999  0.0
86.52  0.0
86.64  0.0
86.75999999999999  0.0
86.88  0.10147987918811391
87.0  0.22506140691701287
87.11999999999999  0.35010264056818685
87.24  0.47637771735903917
87.36  0.6036604627183921
87.47999999999999  0.7317247844285268
87.6  0.8603450648005777
87.72  0.989296550190081
87.84  1.1183557371671706
87.96  1.2473007546624408
88.08  1.3759117414194517
88.2  1.5039712180941915
88.32  1.6312644533538827
88.44  1.7575798233396094
88.56  1.8827091638705657
88.67999999999999  2.0064481147832747
88.8  2.1285964558141393
88.92  2.248958433450585
89.03999999999999  2.367343078194515
89.16  2.4835645116998233
89.28  2.5974422432657835
89.39999999999999  2.7088014551890605
89.52  2.8174732764980064
89.64  2.923295044615723
89.75999999999999  3.0261105545213214
89.88  3.12577029500262
90.0  3.222131671618082
90.11999999999999  3.31505921601113
90.24  3.40442478124559
90.36  3.4901077228574264
90.47999999999999  3.571995065344855
90.6  3.6499816538462526
90.72  3.7239702907827215
90.84  3.793871857270667
90.96  3.8596054191378384
91.08  3.9210983174048946
91.2  3.9782862431235033
91.32  4.031113296490961
91.44  4.079532030190174
91.56  4.123503476933166
91.67999999999999  4.162997161215201
91.8  4.197991095315746
91.92  4.2284717596111605
92.03999999999999  4.254434067293045
92.16  4.275881313614281
92.28  4.292825109813411
92.39999999999999  4.305285301895411
92.52  4.313289874474894
92.64  4.3168748399144246
92.75999999999999  4.316084113017546
92.88  4.310969371561773
93.0  4.301589902982876
93.11999999999999  4.288012437545881
93.24  4.270310968363187
93.36  4.248566558642948
93.47999999999999  4.222867136574271
93.6  4.193307278277142
93.72  4.15998797926649
93.84  4.123016414899752
93.96  4.082505690296941
94.08  4.0385745802402715
94.2  3.9913472595780104
94.32  3.9409530246736795
94.44  3.8875260064566812
94.56  3.831204875645665
94.67999999999999  3.7721325407278536
94.8  3.710455839291023
94.92  3.6463252233147574
95.03999999999999  3.579894439038277
95.16  3.511320202029874
95.28  3.4407618680917906
95.39999999999999  3.3683811006390916
95.52  3.2943415351977694
95.64  3.218808441669951
95.75999999999999  3.1419483850176197
95.88  3.0639288850170554
96.0  2.9849180757372507
96.11999999999999  2.9050843653934777
96.24  2.824596097226183
96.36  2.7436212120510115
96.47999999999999  2.662326913121803
96.6  2.580879333942118
96.72  2.4994432096544275
96.84  2.41818155262716
96.96  2.3372553328514365
97.08  2.2568231637481695
97.2  2.1770409939749404
97.32  2.0980618058095613
97.44  2.0200353206730948
97.56  1.9431077123412361
97.67999999999999  1.867421328376004
97.8  1.7931144202941964
97.92  1.7203208829705483
98.03999999999999  1.6491700037555286
98.16  1.579786221767625
98.28  1.5122888978006541
98.39999999999999  1.4467920952644007
98.52  1.383404372555979
98.64  1.3222285872363129
98.75999999999999  1.263361712362956
98.88  1.2068946653065207
99.0  1.152912149353969
99.11999999999999  1.1014925083762739
99.24  1.0527075948132296
99.36  1.0066226512017717
99.47999999999999  0.9632962054479904
99.6  0.9227799800164617
99.72  0.8851188151833252
99.84  0.8503506064725379
99.96  0.818506256367198
100.08  0.7896096403602534
100.2  0.7636775873815389
100.32  0.7407198746099379
100.44  0.7207392366522427
100.56  0.7037313890424817
100.67999999999999  0.6896850659879369
100.8  0.6785820722609348
100.92  0.6703973491082591
101.03999999999999  0.665099054023156
101.16  0.6626486541987229
101.28  0.6630010334547334
101.39999999999999  0.6661046124049197
101.52  0.6719014816058964
101.64  0.6803275474045223
101.75999999999999  0.6913126901761679
101.88  0.7047809346227434
102.0  0.7206506317765051
102.11999999999999  0.7388346523334721
102.24  0.7592405909183775
102.36  0.7817709808630116
102.47999999999999  0.8063235190591835
102.6  0.8327913004289016
102.72  0.8610630615361465
102.83999999999999  0.8910234328469233
102.96  0.9225531991285756
103.08  0.955529567463445
103.2  0.9898264423378542
103.32  1.025314707254011
103.44  1.0618625123004748
103.56  1.0993355671048064
103.67999999999999  1.1375974385832681
103.8  1.1765098528920324
103.92  1.2159330009778258
104.03999999999999  1.2557258471181731
104.16  1.2957464398370153
104.28  1.335852224575835
104.39999999999999  1.3759003574987354
104.52  1.4157480198065404
104.64  1.455252731935358
104.75999999999999  1.4942726670147035
104.88  1.5326669629622043
105.0  1.5702960325947224
105.11999999999999  1.6070218711396584
105.24  1.6427083605350883
105.36  1.6772215699142237
105.47999999999999  1.7104300516766084
105.6  1.7422051325574082
105.72  1.7724211991157344
105.83999999999999  1.8009559770736538
105.96  1.8276908039498785
106.08  1.8525108944442243
106.2  1.8753055980440925
106.32  1.8959686483379807
106.44  1.9143984035382384
106.56  1.9304980777308762
106.67999999999999  1.9441759623895838
106.8  1.9553456377083933
106.92  1.9639261733281461
107.03999999999999  1.9698423180515054
107.16  1.9730246781630447
107.28  1.9734098839923147
107.39999999999999  1.9709407443807876
107.52  1.9655663887365593
107.64  1.9572423963847698
107.75999999999999  1.9459309129457893
107.88  1.9316007534985244
108.0  1.9142274923113147
108.11999999999999  1.8937935389488425
108.24  1.8702882005895798
108.36  1.8437077304149563
108.47999999999999  1.814055361958045
108.6  1.7813413293267202
108.72  1.7455828732433092
108.83999999999999  1.7068042328702708
108.96  1.665036623418381
109.08  1.620318199561984
109.2  1.5726940047125242
109.32  1.5222159062293286
109.44  1.46894251667352
109.56  1.412939101238174
109.67999999999999  1.3542774715140742
109.8  1.293035865777411
109.92  1.2292988160114913
110.03999999999999  1.1631570019004518
110.16  1.0947070920579849
110.28  1.0240515727793573
110.39999999999999  0.9512985646286617
110.52  0.876561627197494
110.64  0.7999595523939473
110.75999999999999  0.7216161466434876
110.88  0.6416600024047207
111.0  0.5602242594242943
111.11999999999999  0.4774463561752645
111.24  0.3934677719422956
111.36  0.308433760036302
111.47999999999999  0.22249307263781223
111.6  0.1357976777857945
111.72  0.04850246904389799
111.83999999999999  0.0
111.96  0.0
112.08  0.0
112.2  0.0
112.32  0.0
112.44  0.0
112.56  0.0
112.67999999999999  0.0
112.8  0.0
112.92  0.0
113.03999999999999  0.0
113.16  0.0
113.28  0.0
113.39999999999999  0.0
113.52  0.0
113.64  0.0
113.75999999999999  0.0
113.88  0.0
114.0  0.0
114.11999999999999  0.0
114.24  0.0
114.36  0.0
114.47999999999999  0.0
114.6  0.0
114.72  0.0
114.83999999999999  0.0
114.96  0.0
115.08  0.0
115.19999999999999  0.0
115.32  0.0
115.44  0.0
115.56  0.0
115.67999999999999  0.0
115.8  0.0
115.92  0.0
116.03999999999999  0.0
116.16  0.0
116.28  0.0
116.39999999999999  0.0
116.52  0.0
116.64  0.0
116.75999999999999  0.0
116.88  0.0
117.0  0.0
117.11999999999999  0.0
117.24  0.0
117.36  0.0
117.47999999999999  0.0
117.6  0.0
117.72  0.0
117.83999999999999  0.0
117.96  0.0
118.08  0.0
118.19999999999999  0.0
118.32  0.0
118.44  0.0
118.56  0.0
118.67999999999999  0.0
118.8  0.0
118.92  0.0
119.03999999999999  0.0
119.16  0.0
119.28  0.0
119.39999999999999  0.0
119.52  0.0
119.64  0.0
119.75999999999999  0.0
119.88  0.0
120.0  0.0
