0.0  6.9110971828689625  100.0
0.12  7.030459921614889
0.24  7.144544678565979
0.36  7.253171496184501
0.48  7.356168174306934
0.6  7.453370569805341
0.72  7.544622883617299
0.84  7.629777934630251
0.96  7.708697419928205
1.08  7.781252160931604
1.2  7.847322334985014
1.3199999999999998  7.906797691971797
1.44  7.9595777555603275
1.56  8.005572008712416
1.68  8.044700063111284
1.7999999999999998  8.076891812193889
1.92  8.102087567500364
2.04  8.120238178081783
2.16  8.131305132736545
2.28  8.13526064487499
2.4  8.132087719841747
2.52  8.121780204555407
2.6399999999999997  8.104342819355491
2.76  8.07979117197738
2.88  8.048151753606591
3.0  8.009461916994743
3.12  7.963769836650496
3.2399999999999998  7.911134451149683
3.36  7.851625387639867
3.48  7.785322868645194
3.5999999999999996  7.712317601308247
3.7199999999999998  7.632710649235877
3.84  7.546613287146232
3.96  7.454146838544007
4.08  7.355442496680412
4.2  7.250641129083336
4.32  7.13989306597181
4.4399999999999995  7.0233578728968
4.56  6.9012041079778585
4.68  6.7736090641319215
4.8  6.640758496716704
4.92  6.502846337036488
5.04  6.360074392182781
5.16  6.212652031706117
5.279999999999999  6.060795861638212
5.3999999999999995  5.9047293864057675
5.52  5.744682659198351
5.64  5.580891921372884
5.76  5.413599231496464
5.88  5.243052084647297
6.0  5.069503022610562
6.12  4.89320923562193
6.24  4.714432156326214
6.359999999999999  4.533437046632264
6.4799999999999995  4.350492578157672
6.6  4.165870406967955
6.72  3.9798447433250352
6.84  3.792691917168438
6.96  3.604689940060172
7.08  3.4161180643304494
7.199999999999999  3.227256340166321
7.319999999999999  3.0383851713888905
7.4399999999999995  2.8497848706671363
7.56  2.6617352149173454
7.68  2.4745150016368616
7.8  2.2884016069192805
7.92  2.103670545895265
8.04  1.9205950363389817
8.16  1.7394455661746062
8.28  1.5604894656106536
8.4  1.3839904846216629
8.52  1.2102083764876594
8.64  1.039398488091063
8.76  0.8718113576590916
8.879999999999999  0.7076923206266121
9.0  0.5472811242803208
9.12  0.39081155182978033
9.24  0.2385110565344044
9.36  0.09060040649801371
9.48  0.0
9.6  0.0
9.719999999999999  0.0
9.84  0.0
9.959999999999999  0.0
10.08  0.0
10.2  0.0
10.32  0.0
10.44  0.0
10.559999999999999  0.0
10.68  0.0
10.799999999999999  0.0
10.92  0.0
11.04  0.0
11.16  0.0
11.28  0.0
11.4  0.0
11.52  0.0
11.639999999999999  0.0
11.76  0.0
11.879999999999999  0.0
12.0  0.0
12.12  0.0
12.24  0.0
12.36  0.0
12.48  0.0
12.6  0.0
12.719999999999999  0.0
12.84  0.0
12.959999999999999  0.0
13.08  0.0
13.2  0.0
13.32  0.0
13.44  0.0
13.559999999999999  0.0
13.68  0.0
13.799999999999999  0.0
13.92  0.0
14.04  0.0
14.16  0.0
14.28  0.0
14.399999999999999  0.0
14.52  0.0
14.639999999999999  0.0
14.76  0.0
14.879999999999999  0.0
15.0  0.07158072873154331
15.12  0.21183056258377275
15.24  0.35572544642394993
15.36  0.503036015268179
15.479999999999999  0.6535285672001201
15.6  0.8069654603073066
15.719999999999999  0.9631055150573833
15.84  1.1217044214105836
15.959999999999999  1.2825151499576362
16.08  1.4452883663665987
16.2  1.6097728484175113
16.32  1.775715904900549
16.439999999999998  1.9428637956514496
16.56  2.1109621519972954
16.68  2.2797563968862566
16.8  2.4489921639770835
16.919999999999998  2.6184157149669964
17.04  2.7877743544413995
17.16  2.956816841534282
17.28  3.1252937976954804
17.4  3.2929581098689225
17.52  3.4595653283955907
17.64  3.624874058965526
17.759999999999998  3.788646347955086
17.88  3.9506480604986702
18.0  4.11064925065818
18.12  4.268424523068905
18.24  4.423753385456693
18.36  4.576420591438796
18.48  4.72621647303905
18.599999999999998  4.872937262367611
18.72  5.016385401935672
18.84  5.1563698430968925
18.96  5.292706332129467
19.08  5.425217683495613
19.2  5.553734039839114
19.32  5.678093118305935
19.439999999999998  5.798140442798316
19.56  5.913729561798385
19.68  6.02472225142394
19.8  6.130988703406062
19.919999999999998  6.232407697705696
20.04  6.32886675951439
20.16  6.4202623004127
20.279999999999998  6.506499743488679
20.4  6.587493632247763
20.52  6.663167723174777
20.64  6.733455061838308
20.759999999999998  6.798298042457293
20.88  6.857648450879476
21.0  6.911467490951123
21.119999999999997  6.959725794287228
21.24  7.002403413481074
21.36  7.039489798821628
21.48  7.070983758616658
21.599999999999998  7.096893403248595
21.72  7.117236073119104
21.84  7.132038250666793
21.96  7.1413354566708245
22.08  7.145172131080684
22.2  7.143601498639834
22.32  7.1366854195975895
22.439999999999998  7.124494225829612
22.56  7.107106542713118
22.68  7.084609097127455
22.8  7.0570965119750815
22.919999999999998  7.024671087641104
23.04  6.98744257083216
23.16  6.945527911257225
23.279999999999998  6.899051006633484
23.4  6.848142436520615
23.52  6.792939185505535
23.64  6.733584356277715
23.759999999999998  6.67022687315219
23.88  6.603021176613035
24.0  6.532126909465267
24.119999999999997  6.457708595196452
24.24  6.379935309162224
24.36  6.2989803432211975
24.48  6.215020864455024
24.599999999999998  6.128237568618609
24.72  6.038814328973185
24.84  5.946937841161908
24.96  5.8527972647928035
25.08  5.756583862398462
25.2  5.658490636444628
25.32  5.55871196506181
25.439999999999998  5.457443237174415
25.56  5.354880487701316
25.68  5.2512200334998145
25.8  5.146658110721704
25.919999999999998  5.041390514245844
26.04  4.935612239846005
26.16  4.829517129745975
26.279999999999998  4.72329752220581
26.4  4.617143905774148
26.52  4.511244578830912
26.64  4.405785315033605
26.759999999999998  4.300949035267494
26.88  4.196915486686597
27.0  4.093860929417592
27.119999999999997  3.9919578314829627
27.24  3.891374572483045
27.36  3.7922751565589783
27.48  3.6948189351397525
27.599999999999998  3.599160339957214
27.72  3.5054486267923433
27.84  3.413827630395012
27.959999999999997  3.3244355309973463
28.08  3.237404632818097
28.2  3.1528611549320784
28.32  3.0709250348544774
28.439999999999998  2.991709745165306
28.56  2.915322123473891
28.68  2.8418622159976286
28.799999999999997  2.771423135002882
28.919999999999998  2.704090930329341
29.04  2.639944475192126
29.16  2.579055366428535
29.279999999999998  2.521487839328796
29.4  2.4672986971623465
29.52  2.416537255483201
29.64  2.3692453012698738
29.759999999999998  2.325457066927183
29.88  2.2851992191491663
30.0  2.2484908626141817
30.119999999999997  2.2153435584552965
30.24  2.1857613574212604
30.36  2.1597408476156588
30.48  2.1372712166745123
30.599999999999998  2.118334328215487
30.72  2.1029048123651273
30.84  2.0909501701443083
30.959999999999997  2.0824308914660827
31.08  2.077300586474909
31.2  2.0755061299312807
31.32  2.0769878183216504
31.439999999999998  2.0816795393499428
31.56  2.089508953444021
31.68  2.100397686888294
31.799999999999997  2.114261536172311
31.919999999999998  2.1310106831244813
32.04  2.150549920380298
32.16  2.172778886715726
32.28  2.1975923117581084
32.4  2.2248802695702627
32.519999999999996  2.2545284405871207
32.64  2.2864183813693484
32.76  2.3204278016243114
32.879999999999995  2.3564308479317786
33.0  2.3942983935999234
33.12  2.4338983340662885
33.24  2.47509588724894
33.36  2.517753898244152
33.48  2.5617331477600094
33.6  2.6068926636687926
33.72  2.6530900350561355
33.839999999999996  2.7001817281410676
33.96  2.7480234034383906
34.08  2.7964702335334106
34.199999999999996  2.845377220838781
34.32  2.8945995147041224
34.44  2.943992727251258
34.56  2.993413247311248
34.68  3.0427185518438034
34.8  3.0917675142255203
34.92  3.140420708799978
35.04  3.1885407110910426
35.16  3.2359923930895023
35.28  3.2826432130337015
35.4  3.3283634991158966
35.519999999999996  3.3730267265587823
35.64  3.41650978751975
35.76  3.458693253295123
35.879999999999995  3.4994616283121442
36.0  3.538703595412661
36.12  3.576312251950129
36.24  3.6121853362396
36.36  3.646225443919669
36.48  3.6783402338052014
36.6  3.708442622830452
36.72  3.7364509697037516
36.839999999999996  3.7622892469171667
36.96  3.7858872007772826
37.08  3.80718049914699
37.199999999999996  3.8261108666121393
37.32  3.8426262068115777
37.44  3.8566807116941835
37.559999999999995  3.8682349574922203
37.68  3.8772559872260848
37.8  3.8837173795820044
37.92  3.8875993040307812
38.04  3.888888562082482
38.16  3.887578614599111
38.28  3.8836695951143847
38.4  3.8771683091370868
38.519999999999996  3.868088219441752
38.64  3.8564494173777284
38.76  3.842278580254935
38.879999999999995  3.8256089148917676
39.0  3.8064800874375058
39.12  3.7849381396084016
39.24  3.761035391503037
39.36  3.7348303311887854
39.48  3.7063874912768977
39.6  3.675777312729227
39.72  3.6430759961644577
39.839999999999996  3.6083653409561416
39.96  3.571732572438688
40.08  3.5332701575607532
40.199999999999996  3.4930756093479713
40.32  3.451251280559081
40.44  3.4079041469405045
40.559999999999995  3.3631455805049955
40.68  3.317091113279516
40.8  3.26986019198635
40.92  3.221575924139286
41.04  3.172364816053741
41.16  3.122356503285678
41.28  3.0716834740293146
41.4  3.020480786017597
41.519999999999996  2.9688857774824493
41.64  2.9170377727438526
41.76  2.8650777830075795
41.879999999999995  2.8131482029613153
42.0  2.761392503767445
42.12  2.7099549230584676
42.239999999999995  2.658980152547215
42.36  2.6086130238694327
42.48  2.5589981932802397
42.6  2.5102798258287695
42.72  2.4626012796372803
42.839999999999996  2.4161047909110565
42.96  2.370931160305169
43.08  2.3272194412719576
43.199999999999996  2.2851066310101396
43.32  2.244727364632195
43.44  2.206213613161183
43.559999999999995  2.1696943859615754
43.68  2.1352954382009215
43.8  2.1031389839302044
43.92  2.073343415360821
44.04  2.0460230289049477
44.16  2.0212877585337097
44.28  1.9992429169944945
44.4  1.9799889454143276
44.519999999999996  1.9636211718007883
44.64  1.9502295789358253
44.76  1.9398985821404344
44.879999999999995  1.9327068173699211
45.0  1.9287269400805087
45.12  1.9280254352879476
45.239999999999995  1.9306624392182354
45.36  1.9366915729287362
45.48  1.9461597882559347
45.6  1.9591072264229987
45.72  1.9755670896166269
45.839999999999996  1.9955655258185074
45.96  2.019121527151798
46.08  2.04624684197782
46.199999999999996  2.076945900952179
46.32  2.1112157572234107
46.44  2.1490460409306156
46.559999999999995  2.1904189281295183
46.68  2.235309124249243
46.8  2.2836838621545557
46.92  2.3355029148608693
47.04  2.3907186229212245
47.16  2.4492759364769894
47.28  2.5111124719359355
47.4  2.5761585832135396
47.519999999999996  2.644337447445741
47.64  2.715565165053662
47.76  2.789750874013365
47.879999999999995  2.866796878156675
48.0  2.9465987893019685
48.12  3.029045682987501
48.239999999999995  3.114020267553531
48.36  3.201399066293733
48.48  3.29105261237128
48.6  3.3828456561701534
48.72  3.4766373847280336
48.839999999999996  3.5722816528738193
48.96  3.6696272256697555
49.08  3.7685180317360656
49.199999999999996  3.8687934270147735
49.32  3.970288468508542
49.44  4.072834197510749
49.559999999999995  4.176257931824214
49.68  4.280383566447792
49.8  4.3850318821932115
49.92  4.490020861678381
50.04  4.595166012128299
50.16  4.700280694400862
50.28  4.805176457641576
50.4  4.909663378959572
50.519999999999996  5.013550407506598
50.64  5.116645712330629
50.76  5.218757033367713
50.879999999999995  5.319692034928127
51.0  5.419258661026716
51.12  5.517265491902422
51.239999999999995  5.613522101068412
51.36  5.707839412231319
51.48  5.800030055417148
51.6  5.88990872164118
51.72  5.977292515460226
51.839999999999996  6.0620013047482
51.96  6.143858067039278
52.08  6.2226892317878715
52.199999999999996  6.298325017900691
52.32  6.370599765903152
52.44  6.439352264111033
52.559999999999995  6.504426068187591
52.68  6.565669813477351
52.8  6.622937519519332
52.919999999999995  6.676088886155644
53.04  6.724989580665416
53.16  6.76951151536908
53.28  6.80953311516437
53.4  6.844939574472317
53.519999999999996  6.875623103090097
53.64  6.901483160466278
53.76  6.922426677934437
53.879999999999995  6.938368268461845
54.0  6.949230423491736
54.12  6.954943696480334
54.239999999999995  6.95544687275306
54.36  6.950687125328516
54.48  6.940620156383545
54.6  6.925210324058095
54.72  6.904430754324567
54.839999999999996  6.878263437672934
54.96  6.8466993103898535
55.08  6.809738320237549
55.199999999999996  6.767389476366078
55.32  6.719670883320861
55.44  6.666609759035807
55.559999999999995  6.608242436731196
55.68  6.544614350664428
55.8  6.475780005710857
55.919999999999995  6.401802930780995
56.04  6.322755616109851
56.16  6.238719434483124
56.28  6.149784546494148
56.4  6.056049789954708
56.519999999999996  5.957622553611283
56.64  5.854618635347317
56.76  5.747162085080039
56.879999999999995  5.63538503258856
57.0  5.519427500537562
57.12  5.399437202987943
57.239999999999995  5.275569329712482
57.36  5.147986316660884
57.48  5.016857602943857
57.599999999999994  4.882359374730967
57.72  4.744674296481261
57.839999999999996  4.603991229949184
57.96  4.460504941430797
58.08  4.314415797737841
58.199999999999996  4.165929451407687
58.32  4.0152565156778275
58.44  3.862612229772702
58.559999999999995  3.708216115069033
58.68  3.5522916227232253
58.8  3.3950657733606526
58.919999999999995  3.2367687894418493
59.04  3.077633720935072
59.16  2.9178960649374597
59.28  2.7577933798990175
59.4  2.597564895114715
59.519999999999996  2.4374511161590613
59.64  2.277693426946394
59.76  2.118533689107102
59.879999999999995  1.9602138393757815
60.0  1.8029754856924152
60.12  1.6470595027208477
60.239999999999995  1.4927056274910055
60.36  1.3401520558724882
60.48  1.1896350405866771
60.599999999999994  1.0413884914627642
60.72  0.895643578640668
60.839999999999996  0.752628339419269
60.96  0.6125672894431363
61.08  0.47568103891461866
61.199999999999996  0.34218591450972846
61.32  0.21229358766776335
61.44  0.086210709913983
61.559999999999995  0.0
61.68  0.0
61.8  0.0
61.919999999999995  0.0
62.04  0.0
62.16  0.0
62.28  0.0
62.4  0.0
62.519999999999996  0.0
62.64  0.0
62.76  0.0
62.879999999999995  0.0
63.0  0.0
63.12  0.0
63.239999999999995  0.0
63.36  0.0
63.48  0.0
63.599999999999994  0.0
63.72  0.0
63.839999999999996  0.0
63.96  0.0
64.08  0.0
64.2  0.0
64.32  0.0
64.44  0.0
64.56  0.0
64.67999999999999  0.0
64.8  0.0
64.92  0.0
65.03999999999999  0.0
65.16  0.0
65.28  0.0
65.39999999999999  0.0
65.52  0.0
65.64  0.0
65.75999999999999  0.0
65.88  0.0
66.0  0.0
66.12  0.0
66.24  0.0
66.36  0.0
66.48  0.0
66.6  0.0
66.72  0.0807983451009393
66.84  0.209576297389784
66.96  0.34250060840697005
67.08  0.47936776532391856
67.2  0.6199679112735774
67.32  0.7640851839062907
67.44  0.9114980642021409
67.56  1.0619797349447906
67.67999999999999  1.215298448245615
67.8  1.3712179014902521
67.92  1.5294976210647122
68.03999999999999  1.689893353205201
68.16  1.8521574613023195
68.28  2.0160393289790757
68.39999999999999  2.1812857682524314
68.52  2.347641432078494
68.64  2.5148492305735894
68.75999999999999  2.682650750197753
68.88  2.850786675181011
69.0  3.0189972104689975
69.12  3.187022505462369
69.24  3.3546030778221927
69.36  3.521480236613834
69.48  3.6873965040627983
69.6  3.8520960351986204
69.72  4.015325034666358
69.84  4.176832169990239
69.96  4.33636898058042
70.08  4.493690281781334
70.2  4.648554563268306
70.32  4.800724381109907
70.44  4.9499667428242065
70.56  5.096053484769045
70.67999999999999  5.238761641221012
70.8  5.377873804511565
70.92  5.513178475604643
71.03999999999999  5.644470404517546
71.16  5.771550920004112
71.28  5.894228247938394
71.39999999999999  6.012317817857179
71.52  6.12564255714034
71.64  6.234033172329689
71.75999999999999  6.337328417110184
71.88  6.435375346500361
72.0  6.528029556823247
72.11999999999999  6.615155411054524
72.24  6.696626249169847
72.36  6.772324583140044
72.48  6.84214227624999
72.6  6.90598070644431
72.72  6.9637509134314834
72.84  7.0153737293061535
72.96  7.060779892478964
73.08  7.099910144732066
73.2  7.132715311248464
73.32  7.159156363493205
73.44  7.179204464854563
73.56  7.192840998983565
73.67999999999999  7.200057580800785
73.8  7.200856050169484
73.92  7.1952484482648345
74.03999999999999  7.183256976699122
74.16  7.164913939493105
74.28  7.140261668013793
74.39999999999999  7.109352429028528
74.52  7.072248316055056
74.64  7.02902112421619
74.75999999999999  6.979752208836632
74.88  6.924532328047732
75.0  6.863461469694088
75.11999999999999  6.7966486628628315
75.24  6.724211774383529
75.36  6.646277290672565
75.48  6.562980085321216
75.6  6.4744631728515705
75.72  6.380877449087961
75.84  6.282381418615249
75.96  6.179140909816831
76.08  6.071328778007192
76.2  5.959124597194082
76.32  5.8427143410245606
76.44  5.722290053487879
76.56  5.598049509965756
76.67999999999999  5.47019586923634
76.8  5.338937317053925
76.92  5.204486701940634
77.03999999999999  5.0670611638387415
77.16  4.9268817562845975
77.28  4.78417306277581
77.39999999999999  4.639162808012154
77.52  4.492081464699398
77.64  4.343161856612335
77.75999999999999  4.192638758618145
77.88  4.04074849436666
78.0  3.887728532356763
78.11999999999999  3.7338170810899145
78.24  3.5792526840229093
78.36  3.4242738150309364
78.48  3.26911847509027
78.6  3.1140237908866175
78.72  2.9592256160507926
78.84  2.8049581357179205
78.96  2.6514534750988026
79.08  2.4989413127444955
79.2  2.347648499175812
79.32  2.1977986815382673
79.44  2.049611934931785
79.56  1.903304401051758
79.67999999999999  1.7590879347632207
79.8  1.6171697592155378
79.92  1.4777521300887062
80.03999999999999  1.341032009544594
80.16  1.2072007504387936
80.28  1.0764437913293903
80.39999999999999  0.9489403627984552
80.52  0.8248632055813364
80.64  0.7043783009769671
80.75999999999999  0.5876446139890775
80.88  0.47481384962530404
81.0  0.3660302227566178
81.11999999999999  0.2614302419142336
81.24  0.16114250737608726
81.36  0.06528752386831016
81.48  0.0
81.6  0.0
81.72  0.0
81.84  0.0
81.96  0.0
82.08  0.0
82.2  0.0
82.32  0.0
82.44  0.0
82.56  0.0
82.67999999999999  0.0
82.8  0.0
82.92  0.0
83.03999999999999  0.0
83.16  0.0
83.28  0.0
83.39999999999999  0.0
83.52  0.0
83.64  0.0
83.75999999999999  0.0
83.88  0.0
84.0  0.0
84.11999999999999  0.0
84.24  0.0
84.36  0.0
84.47999999999999  0.0
84.6  0.0
84.72  0.0
84.84  0.0
84.96  0.0
85.08  0.0
85.2  0.0
85.32  0.0
85.44  0.0
85.56  0.0
85.67999999999999  0.0
85.8  0.0
85.92  0.014402392895878746
86.03999999999999  0.09324250753317781
86.16  0.17447412270165163
86.28  0.2579146064347366
86.39999999999999  0.34337868435579855
86.52  0.4306787962335791
86.64  0.5196254553973381
86.75999999999999  0.6100276103415441
86.88  0.7016930078469681
87.0  0.7944285569438572
87.11999999999999  0.8880406930422142
87.24  0.9823357415554744
87.36  1.0771202803457185
87.47999999999999  1.172201500322198
87.6  1.2673875635297023
87.72  1.3624879580685476
87.84  1.4573138491959536
87.96  1.5516784259659078
88.08  1.6453972427747243
88.2  1.7382885551894796
88.32  1.8301736494488279
88.44  1.9208771650380911
88.56  2.010227409754356
88.67999999999999  2.0980566666927922
88.8  2.184201492600889
88.92  2.268503007064365
89.03999999999999  2.350807172006918
89.16  2.4309650610043
89.28  2.5088331179333396
89.39999999999999  2.584273404497268
89.52  2.6571538361898828
89.64  2.7273484062836633
89.75999999999999  2.7947373974498184
89.88  2.8592075806420323
90.0  2.9206524008999137
90.11999999999999  2.9789721497533925
90.24  3.0340741239345563
90.36  3.0858727701296673
90.47999999999999  3.1342898155305883
90.6  3.1792543839718124
90.72  3.220703097466418
90.84  3.2585801629822297
90.96  3.292837444327077
91.08  3.3234345190402275
91.2  3.3503387202153796
91.32  3.373525163208979
91.44  3.392976757215949
91.56  3.408684201723503
91.67999999999999  3.4206459678819368
91.8  3.4288682648598154
91.92  3.4333649912787294
92.03999999999999  3.434157671851183
92.16  3.431275379372364
92.28  3.424754642244381
92.39999999999999  3.4146393377380724
92.52  3.400980571224493
92.64  3.383836541634076
92.75999999999999  3.3632723934272093
92.88  3.339360055384806
93.0  3.3121780665524945
93.11999999999999  3.2818113896950143
93.24  3.2483512126414613
93.36  3.2118947379236733
93.47999999999999  3.1725449611322802
93.6  3.130410438435316
93.72  3.0856050437245814
93.84  3.038247715873772
93.96  2.988462196610927
94.08  2.9363767595245216
94.2  2.882123930739111
94.32  2.8258402018115394
94.44  2.7676657354125855
94.56  2.707744064372914
94.67999999999999  2.6462217846828517
94.8  2.5832482430477985
94.92  2.5189752196097683
95.03999999999999  2.453556606454973
95.16  2.387148082533886
95.28  2.31990678562778
95.39999999999999  2.2519909819991906
95.52  2.183559734369222
95.64  2.1147725688660053
95.75999999999999  2.0457891415909257
95.88  1.976768905448786
96.0  1.907870777887935
96.11999999999999  1.8392528101930576
96.24  1.771071858971154
96.36  1.7034832604656271
96.47999999999999  1.6366405083282816
96.6  1.5706949354715904
96.72  1.5057954006159322
96.84  1.442087980136531
96.96  1.3797156658052316
97.08  1.3188180690100457
97.2  1.259531132023
97.32  1.2019868468733081
97.44  1.146312982367602
97.56  1.092632819784147
97.67999999999999  1.0410648977499388
97.8  0.9917227667931598
97.92  0.9447147540439116
98.03999999999999  0.900143738537279
98.16  0.8581069375517938
98.28  0.8186957043960281
98.39999999999999  0.7819953380331939
98.52  0.7480849049117099
98.64  0.7170370733459032
98.75999999999999  0.6889179607672482
98.88  0.6637869941416893
99.0  0.6416967838238716
99.11999999999999  0.6226930110929041
99.24  0.6068143295886397
99.36  0.5940922808406238
99.47999999999999  0.5845512240551107
99.6  0.5782082802983457
99.72  0.5750732911867676
99.84  0.5751487921672235
99.96  0.5784300004424159
100.08  0.584904817568816
100.2  0.5945538467264595
100.32  0.6073504246318314
100.44  0.6232606680373504
100.56  0.6422435347329188
100.67999999999999  0.6642508989375284
100.8  0.6892276409412933
100.92  0.717111750831159
101.03999999999999  0.7478344461065637
101.16  0.7813203029650098
101.28  0.8174874010108919
101.39999999999999  0.8562474811159395
101.52  0.8975061161337834
101.64  0.9411628941470301
101.75999999999999  0.9871116139009644
101.88  1.0352404920546987
102.0  1.0854323818578744
102.11999999999999  1.1375650028392132
102.24  1.1915111810716745
102.36  1.2471390995590566
102.47999999999999  1.3043125582689625
102.6  1.3628912433186309
102.72  1.4227310048023831
102.83999999999999  1.4836841427324654
102.96  1.5455997005497057
103.08  1.6083237656450953
103.2  1.671699776320128
103.32  1.7355688346007019
103.44  1.7997700243083892
103.56  1.8641407337813718
103.67999999999999  1.9285169826294557
103.8  1.9927337518979609
103.92  2.0566253170094075
104.03999999999999  2.12002558284523
104.16  2.1827684203260613
104.28  2.244688003844385
104.39999999999999  2.305619148902737
104.52  2.365397649308071
104.64  2.4238606132742495
104.75999999999999  2.4808467977854214
104.88  2.5361969405758225
105.0  2.5897540890854835
105.11999999999999  2.64136392575635
105.24  2.6908750890391917
105.36  2.7381394894897197
105.47999999999999  2.7830126203403394
105.6  2.825353861944013
105.72  2.865026779497508
105.83999999999999  2.90189941346313
105.96  2.935844562121603
106.08  2.966740055702008
106.2  2.9944690215510934
106.32  3.0189201398192047
106.44  3.0399878891585375
106.56  3.0575727819462033
106.67999999999999  3.071581588565214
106.8  3.081927550294973
106.92  3.088530580384842
107.03999999999999  3.0913174529051703
107.16  3.0902219789932
107.28  3.0851851701338724
107.39999999999999  3.0761553881398047
107.52  3.063088481518895
107.64  3.0459479079433622
107.75999999999999  3.0247048425593066
107.88  2.999338271902386
108.0  2.969835073211609
108.11999999999999  2.936190078960262
108.24  2.8984061264504
108.36  2.856494092345111
108.47999999999999  2.81047291204052
108.6  2.760369583807826
108.72  2.7062191576639183
108.83999999999999  2.648064708957593
108.96  2.585957296686614
109.08  2.5199559065899066
109.2  2.4501273790868794
109.32  2.3765463221647574
109.44  2.299295009342608
109.56  2.218463262869066
109.67999999999999  2.134148322337925
109.8  2.0464546989336507
109.92  1.9554940155456508
110.03999999999999  1.8613848330167513
110.16  1.7642524628173346
110.28  1.6642287664627422
110.39999999999999  1.5614519420157775
110.52  1.4560662980414443
110.64  1.348222015404306
110.75999999999999  1.2380748973222546
110.88  1.1257861081126865
111.0  1.0115219010888572
111.11999999999999  0.895453336084876
111.24  0.7777559871075116
111.36  0.6586096406326248
111.47999999999999  0.5381979850813116
111.6  0.41670829202866
111.72  0.2943310897137905
111.83999999999999  0.17125982943510643
111.96  0.04769054542837514
112.08  0.0
112.2  0.0
112.32  0.0
112.44  0.0
112.56  0.0
112.67999999999999  0.0
112.8  0.0
112.92  0.0
113.03999999999999  0.0
113.16  0.0
113.28  0.0
113.39999999999999  0.0
113.52  0.0
113.64  0.0
113.75999999999999  0.0
113.88  0.0
114.0  0.0
114.11999999999999  0.0
114.24  0.0
114.36  0.0
114.47999999999999  0.0
114.6  0.0
114.72  0.0
114.83999999999999  0.0
114.96  0.0
115.08  0.0
115.19999999999999  0.0
115.32  0.0
115.44  0.0
115.56  0.0
115.67999999999999  0.0
115.8  0.0
115.92  0.0
116.03999999999999  0.0
116.16  0.0
116.28  0.0
116.39999999999999  0.0
116.52  0.0
116.64  0.0
116.75999999999999  0.0
116.88  0.0
117.0  0.0
117.11999999999999  0.0
117.24  0.0
117.36  0.0
117.47999999999999  0.0
117.6  0.0
117.72  0.0
117.83999999999999  0.0
117.96  0.0
118.08  0.0
118.19999999999999  0.0
118.32  0.0
118.44  0.0
118.56  0.0
118.67999999999999  0.0
118.8  0.0
118.92  0.0
119.03999999999999  0.0
119.16  0.0
119.28  0.0
119.39999999999999  0.0
119.52  0.0
119.64  0.0
119.75999999999999  0.0
119.88  0.0
120.0  0.0
