0.0  38.56438597062703
1.68  37.82839157000413
3.36  36.651224732314304
5.04  35.148419792214504
6.72  33.46747119425971
8.4  31.77335748833699
10.08  30.232349328342043
11.76  28.995690655885834
13.44  0.0
15.12  0.0
16.8  0.0
18.48  0.0
20.16  0.0
21.84  0.0
23.52  0.0
25.2  1.5818673790503517
26.88  3.119764552072943
28.56  4.351469000097067
30.24  5.1560937346855304
31.919999999999998  5.45466797584113
33.6  5.217887826110121
35.28  4.4689923338442465
36.96  3.281482671227667
38.64  1.7719082808511664
40.32  0.08842800241632687
42.0  0.0
43.68  0.0
45.36  0.0
47.04  0.0
48.72  0.0
50.4  0.0
52.08  0.0
53.76  0.0
55.44  0.0
57.12  0.0
58.8  1.6255667428438922
60.48  3.1571609925807738
62.16  4.378892202513945
63.839999999999996  5.170852218633348
65.52  5.455313253672378
67.2  5.204356566321977
68.88  4.442612576818619
70.56  3.244843487246508
72.24  1.7286056629446123
73.92  0.04271193366965487
75.6  0.0
77.28  0.0
78.96  0.0
80.64  0.0
82.32  0.0
84.0  0.0
85.67999999999999  0.0
87.36  0.0
89.03999999999999  0.0
90.72  0.0
92.39999999999999  1.6691519442245129
94.08  3.194335707885088
95.75999999999999  4.406007878400807
97.44  5.185247557254346
99.11999999999999  5.455575408677701
100.8  5.190459808220154
102.47999999999999  4.415920818225756
104.16  3.207976420181708
105.83999999999999  1.6851816462740272
107.52  0.0
109.2  0.0
110.88  0.0
112.56  0.0
114.24  0.0
115.92  0.0
117.6  0.0
119.28  0.0
120.96  0.0
122.64  0.0
124.32  0.02586679037641537
126.0  1.7126199222341039
127.67999999999999  3.231286087231702
129.35999999999999  4.432814123442732
131.04  5.199278739573966
132.72  5.455454422446138
134.4  5.176198527764231
136.07999999999998  4.388918932609147
137.76  3.170884059181529
139.44  1.6416392804776085
141.12  0.0
142.79999999999998  0.0
144.48  0.0
146.16  0.0
147.84  0.0
149.51999999999998  0.0
151.2  0.0
152.88  0.0
154.56  0.0
156.23999999999998  0.0
157.92  0.07158433790783114
159.6  1.7559676241469921
161.28  3.2680095356213834
162.96  4.459309055055964
164.64  5.212944780192127
166.32  5.454950303474466
168.0  5.16157372651394
