0.0  0.0
2.4  0.0
4.8  8.580668717183528
7.199999999999999  75.60912328644523
9.6  105.45284873833018
12.0  40.38287822009455
14.399999999999999  0.0
16.8  0.0
19.2  0.0
21.599999999999998  0.0
24.0  47.76731828633089
26.4  66.54688734316635
28.799999999999997  40.633226060938945
31.2  0.0
33.6  0.0
36.0  0.0
38.4  0.0
40.8  53.72309851858551
43.199999999999996  71.8496827754819
45.6  24.414076032981985
48.0  0.0
50.4  0.0
52.8  0.0
55.199999999999996  9.791384716722366
57.599999999999994  62.56552332297944
60.0  60.844139995238514
62.4  21.306188800358484
64.8  0.0
67.2  0.0
69.6  0.0
72.0  17.714921095930954
74.39999999999999  61.39238467491828
76.8  64.73132999918292
79.2  7.746432059258332
81.6  0.0
84.0  0.0
86.39999999999999  0.0
88.8  25.94201988617008
91.2  71.71343263689943
93.6  51.862166345752016
96.0  0.0
98.39999999999999  0.0
100.8  0.0
103.2  0.0
105.6  38.28095429191924
108.0  65.45213226504063
110.39999999999999  51.191873032286836
112.8  0.0
115.19999999999999  0.0
117.6  0.0
120.0  0.0
122.39999999999999  40.4695358625503
124.8  73.98050984845642
127.19999999999999  40.06780399252711
129.6  0.0
132.0  0.0
134.4  0.0
136.79999999999998  0.0
139.2  55.03254770874276
141.6  65.84205607918855
144.0  32.862511557228466
146.4  0.0
148.79999999999998  0.0
151.2  0.0
153.6  5.231009289481087
156.0  53.06629317949604
158.4  69.18369899879158
160.79999999999998  25.56925076729494
163.2  0.0
165.6  0.0
168.0  0.0
170.4  8.863022638272957
172.79999999999998  66.13615989090421
175.2  62.31041312585503
177.6  12.07193060282428
180.0  0.0
182.4  0.0
184.79999999999998  0.0
187.2  25.880515400099412
189.6  62.981311348093875
192.0  58.226031866152475
194.4  8.598182053294162
196.79999999999998  0.0
199.2  0.0
201.6  0.0
204.0  26.728524017481323
206.4  70.84020391945597
208.79999999999998  54.32072642505964
211.2  0.0
213.6  0.0
216.0  0.0
218.4  0.0
220.79999999999998  43.112906769005754
223.2  69.10273552502068
225.6  42.907048649711626
228.0  0.0
230.39999999999998  0.0
232.79999999999998  0.0
235.2  0.0
237.6  43.98419319880694
240.0  69.31140536592733
