0.0  17.24437969630018  100.0
0.12  17.29983068258825
0.24  17.338660075125286
0.36  17.360834327999875
0.48  17.36634828377911
0.6  17.355225111927233
0.72  17.32751619176295
0.84  17.283300940348447
0.96  17.222686585818387
1.08  17.145807886770996
1.2  17.05282679845575
1.3199999999999998  16.943932086602352
1.44  16.81933888984413
1.56  16.67928823179492
1.68  16.524046483941692
1.7999999999999998  16.353904780616
1.92  16.169178387404724
2.04  15.970206024455056
2.16  15.757349146219573
2.28  15.530991179274638
2.4  15.29153671992892
2.52  15.03941069341851
2.6399999999999997  14.775057476560466
2.76  14.498939985808024
2.88  14.21153873271735
3.0  13.913350848898052
3.12  13.604889082577174
3.2399999999999998  13.286680768959135
3.36  12.95926677661205
3.48  12.623200432153535
3.5999999999999996  12.279046425547103
3.7199999999999998  11.927379698352777
3.84  11.568784317303002
3.96  11.203852335597217
4.08  10.833182644325289
4.2  10.457379816441687
4.32  10.07705294571857
4.4399999999999995  9.692814483106952
4.56  9.305279072930789
4.68  8.915062391329384
4.8  8.522779989348471
4.92  8.12904614306062
5.04  7.734472713070266
5.16  7.339668015728634
5.279999999999999  6.945235708348607
5.3999999999999995  6.551773690669617
5.52  6.1598730247778155
5.64  5.770116875637285
5.76  5.383079474334183
5.88  4.999325106077142
6.0  4.619407124934751
6.12  4.2438669972241145
6.24  3.8732333753937698
6.359999999999999  3.5080212041698497
6.4799999999999995  3.1487308606562343
6.6  2.795847329998022
6.72  2.449839418132906
6.84  2.1111590030674376
6.96  1.7802403260245057
7.08  1.4574993237154146
7.199999999999999  1.1433330028943158
7.319999999999999  0.83811885825518
7.4399999999999995  0.5422143346318955
7.56  0.25595633436079457
7.68  0.0
7.8  0.0
7.92  0.0
8.04  0.0
8.16  0.0
8.28  0.0
8.4  0.0
8.52  0.0
8.64  0.0
8.76  0.0
8.879999999999999  0.0
9.0  0.0
9.12  0.0
9.24  0.0
9.36  0.0
9.48  0.0
9.6  0.0
9.719999999999999  0.0
9.84  0.0
9.959999999999999  0.0
10.08  0.0
10.2  0.0
10.32  0.0
10.44  0.0
10.559999999999999  0.0
10.68  0.0
10.799999999999999  0.0
10.92  0.0
11.04  0.0
11.16  0.0
11.28  0.0
11.4  0.0
11.52  0.0
11.639999999999999  0.0
11.76  0.0
11.879999999999999  0.0
12.0  0.0
12.12  0.0
12.24  0.0
12.36  0.0
12.48  0.0
12.6  0.0
12.719999999999999  0.0
12.84  0.0
12.959999999999999  0.0
13.08  0.0
13.2  0.0
13.32  0.0
13.44  0.0
13.559999999999999  0.0
13.68  0.0
13.799999999999999  0.0
13.92  0.0
14.04  0.15407365001745066
14.16  0.3318011950741089
14.28  0.5097358239711203
14.399999999999999  0.6875354430727306
14.52  0.8648668724546429
14.639999999999999  1.0414064718295415
14.76  1.2168407362849214
14.879999999999999  1.3908668606925199
15.0  1.563193271729802
15.12  1.7335401265369563
15.24  1.901639777118052
15.36  2.0672371996815038
15.479999999999999  2.2300903882031986
15.6  2.3899707115849416
15.719999999999999  2.5466632338712234
15.84  2.699966997078525
15.959999999999999  2.849695266283009
16.08  2.9956757367046922
16.2  3.137750702618346
16.32  3.275777188013612
16.439999999999998  3.4096270390187096
16.56  3.5391869781936007
16.68  3.66435862088893
16.8  3.7850584539572427
16.919999999999998  3.9012177771911354
17.04  4.0127826079507845
17.16  4.119713549528591
17.28  4.221985623883172
17.4  4.319588069456687
17.52  4.412524104869665
17.64  4.50081065936517
17.759999999999998  4.584478070949351
17.88  4.6635697532481135
18.0  4.738141832169308
18.12  4.80826275352686
18.24  4.874012862846861
18.36  4.9354839586363175
18.48  4.99277882045222
18.599999999999998  5.046010713162438
18.72  5.095302868839793
18.84  5.140787947777244
18.96  5.182607480154321
19.08  5.220911289923945
19.2  5.255856902523076
19.32  5.287608938041506
19.439999999999998  5.3163384915095016
19.56  5.3422225019873935
19.68  5.365443112158415
19.8  5.386187020140067
19.919999999999998  5.404644825239001
20.04  5.421010369379941
20.16  5.435480075940455
20.279999999999998  5.448252287720356
20.4  5.45952660576745
20.52  5.469503230770018
20.64  5.478382308710864
20.759999999999998  5.486363282458356
20.88  5.493644250946388
21.0  5.500421337567473
21.119999999999997  5.506888069372178
21.24  5.513234768632756
21.36  5.519647958290114
21.48  5.526309782760964
21.599999999999998  5.533397445536105
21.72  5.541082664951732
21.84  5.549531149463242
21.96  5.558902093695743
22.08  5.569347696486968
22.2  5.58101270207737
22.32  5.594033965538433
22.439999999999998  5.608540043463955
22.56  5.624650810880902
22.68  5.642477105265595
22.8  5.662120398478767
22.919999999999998  5.683672497358706
23.04  5.7072152736358825
23.16  5.7328204237555305
23.279999999999998  5.760549259116004
23.4  5.790452527151773
23.52  5.822570263609538
23.64  5.856931676285426
23.759999999999998  5.893555060410116
23.88  5.932447745787332
24.0  5.9736060757101335
24.119999999999997  6.01701541759802
24.24  6.062650205217525
24.36  6.11047401226859
24.48  6.160439657039922
24.599999999999998  6.212489337758177
24.72  6.266554798178554
24.84  6.322557522888692
24.96  6.380408961723529
25.08  6.44001078261607
25.2  6.501255152138529
25.32  6.56402504291956
25.439999999999998  6.628194567056932
25.56  6.693629334581002
25.68  6.760186835962781
25.8  6.827716847601572
25.919999999999998  6.896061859171101
26.04  6.965057521649966
26.16  7.034533114812196
26.279999999999998  7.104312032906747
26.4  7.174212287211362
26.52  7.244047024105593
26.64  7.313625057271669
26.759999999999998  7.382751412597938
26.88  7.451227884330729
27.0  7.518853600993988
27.119999999999997  7.585425599574427
27.24  7.650739406451118
27.36  7.714589623534218
27.48  7.77677051806678
27.599999999999998  7.83707661453665
27.72  7.895303287142752
27.84  7.951247351260836
27.959999999999997  8.004707652358679
28.08  8.055485650819403
28.2  8.103386001144054
28.32  8.148217124020801
28.439999999999998  8.189791769768302
28.56  8.22792757168431
28.68  8.262447587857944
28.799999999999997  8.29318083003502
28.919999999999998  8.319962778159969
29.04  8.34263587925567
29.16  8.361050029343476
29.279999999999998  8.375063037149722
29.4  8.384541068392341
29.52  8.389359069491084
29.64  8.389401169598042
29.759999999999998  8.38456105990033
29.88  8.374742349205345
30.0  8.359858894879041
30.119999999999997  8.33983510827071
30.24  8.314606233822307
30.36  8.284118601127158
30.48  8.248329849271228
30.599999999999998  8.207209122860217
30.72  8.160737239206986
30.84  8.108906826226683
30.959999999999997  8.051722430660229
31.08  7.98920059632176
31.2  7.921369912140416
31.32  7.848271029842819
31.439999999999998  7.769956651198437
31.56  7.686491484826167
31.68  7.597952172636438
31.799999999999997  7.504427186059094
31.919999999999998  7.406016692282341
32.04  7.30283239080305
32.16  7.194997320662511
32.28  7.0826456388144345
32.4  6.9659223701442405
32.519999999999996  6.844983129728447
32.64  6.719993817992469
32.76  6.591130289492002
32.879999999999995  6.458577996108571
33.0  6.322531605513479
33.12  6.183194595815291
33.24  6.040778827365142
33.36  5.89550409275064
33.48  5.747597646062926
33.6  5.5972937125729345
33.72  5.444832980001058
33.839999999999996  5.290462072609883
33.96  5.134433009392352
34.08  4.977002647666628
34.199999999999996  4.818432113425042
34.32  4.658986219817409
34.44  4.4989328751780056
34.56  4.338542482031301
34.68  4.17808732853421
34.8  4.017840973830711
34.92  3.858077628810223
35.04  3.6990715337725266
35.16  3.5410963345091564
35.28  3.384424458316141
35.4  3.2293264914523894
35.519999999999996  3.076070559555236
35.64  2.9249217125172677
35.76  2.7761413153179184
35.879999999999995  2.629986446288822
36.0  2.486709304274069
36.12  2.3465566261247774
36.24  2.2097691159422927
36.36  2.07658088745622
36.48  1.9472189208909143
36.6  1.821902535639612
36.72  1.7008428800265607
36.839999999999996  1.5842424393962058
36.96  1.472294563724003
37.08  1.3651830158961524
37.199999999999996  1.2630815417551928
37.32  1.1661534629560038
37.44  1.0745512936210542
37.559999999999995  0.9884163817263633
37.68  0.9078785760896126
37.8  0.83305591976992
37.92  0.7640543706246431
38.04  0.7009675497032353
38.16  0.6438765180903742
38.28  0.5928495827421951
38.4  0.5479421317891202
38.519999999999996  0.5091964997076394
38.64  0.47664186269128717
38.76  0.45029416447809567
38.879999999999995  0.4301560728183669
39.0  0.41621696669258224
39.12  0.4084529543152481
39.24  0.4068269218861986
39.36  0.41128861297686914
39.48  0.4217747383652575
39.6  0.43820911606004276
39.72  0.4605028411817288
39.839999999999996  0.4885544852970054
39.96  0.5222503247316383
40.08  0.5614645973177093
40.199999999999996  0.6060597869629814
40.32  0.6558869353632402
40.44  0.7107859801135975
40.559999999999995  0.7705861184117578
40.68  0.8351061954846489
40.8  0.9041551168112949
40.92  0.9775322831577895
41.04  1.055028047385802
41.16  1.1364241919447022
41.28  1.2214944259076157
41.4  1.3100049003661758
41.519999999999996  1.4017147409545738
41.64  1.496376596233684
41.76  1.5937372006282904
41.879999999999995  1.6935379505765924
42.0  1.7955154925201917
42.12  1.8994023213350508
42.239999999999995  2.0049273877803246
42.36  2.111816713520689
42.48  2.219794012260956
42.6  2.328581315518333
42.72  2.4378996015471808
42.839999999999996  2.5474694259253297
42.96  2.657011552307589
43.08  2.7662475818533907
43.199999999999996  2.8749005798398706
43.32  2.9826956979792634
43.44  3.08936079097195
43.559999999999995  3.1946270258409033
43.68  3.2982294826123977
43.8  3.3999077449298274
43.92  3.499406479213177
44.04  3.5964760010054566
44.16  3.690872827179639
44.28  3.7823602127151106
44.4  3.8707086707908838
44.519999999999996  3.9556964749846415
44.64  4.037110142410728
44.76  4.11474489667761
44.879999999999995  4.1884051095951875
45.0  4.257904720614531
45.12  4.323067633037839
45.239999999999995  4.3837280860932575
45.36  4.439731002028547
45.48  4.49093230743903
45.6  4.537199228108269
45.72  4.578410556704807
45.839999999999996  4.614456892744722
45.96  4.6452408542975805
46.08  4.670677260982265
46.199999999999996  4.690693287869267
46.32  4.705228589976908
46.44  4.714235397120641
46.559999999999995  4.717678578946561
46.68  4.715535680053014
46.8  4.707796925176481
46.92  4.694465194491015
47.04  4.675555969142574
47.16  4.651097247211909
47.28  4.621129430371359
47.4  4.585705181571438
47.519999999999996  4.544889254163443
47.64  4.498758292933039
47.76  4.447400607587548
47.879999999999995  4.390915919306014
48.0  4.329415081025875
48.12  4.2630197722032115
48.239999999999995  4.191862168844699
48.36  4.11608458966856
48.48  4.035839119309195
48.6  3.951287209534299
48.72  3.862599259496538
48.839999999999996  3.7699541760906916
48.96  3.673538915535113
49.08  3.573548007340301
49.199999999999996  3.4701830618687204
49.32  3.3636522627290764
49.44  3.254169845282828
49.559999999999995  3.1419555625736244
49.68  3.0272341400189515
49.8  2.910234720229029
49.92  2.7911902993402316
50.04  2.6703371562692455
50.16  2.547914276309418
50.28  2.4241627705026296
50.4  2.29932529222834
50.519999999999996  2.1736454524563196
50.64  2.047367235110338
50.76  1.9207344139883689
50.879999999999995  1.7939899726780144
51.0  1.667375528897306
51.12  1.5411307646770316
51.239999999999995  1.415492863784877
51.36  1.2906959577714994
51.48  1.1669705819949372
51.6  1.0445431429534613
51.72  0.9236353982266472
51.839999999999996  0.804463950291353
51.96  0.6872397554428264
52.08  0.5721676490119167
52.199999999999996  0.45944588802692926
52.32  0.34926571242353976
52.44  0.24181092585843839
52.559999999999995  0.13725749713162583
52.68  0.035773183169661354
52.8  0.0
52.919999999999995  0.0
53.04  0.0
53.16  0.0
53.28  0.0
53.4  0.0
53.519999999999996  0.0
53.64  0.0
53.76  0.0
53.879999999999995  0.0
54.0  0.0
54.12  0.0
54.239999999999995  0.0
54.36  0.0
54.48  0.0
54.6  0.0
54.72  0.0
54.839999999999996  0.0
54.96  0.0
55.08  0.0
55.199999999999996  0.0
55.32  0.0
55.44  0.0
55.559999999999995  0.0
55.68  0.0
55.8  0.0
55.919999999999995  0.0
56.04  0.0
56.16  0.0
56.28  0.0
56.4  0.0
56.519999999999996  0.0
56.64  0.0
56.76  0.0
56.879999999999995  0.0
57.0  0.0
57.12  0.0
57.239999999999995  0.0
57.36  0.0
57.48  0.0
57.599999999999994  0.0
57.72  0.0
57.839999999999996  0.0
57.96  0.0
58.08  0.0
58.199999999999996  0.0
58.32  0.0
58.44  0.0
58.559999999999995  0.0
58.68  0.0
58.8  0.0
58.919999999999995  0.0
59.04  0.0
59.16  0.0
59.28  0.0
59.4  0.050053405317994015
59.519999999999996  0.1014368276627799
59.64  0.15172234930641298
59.76  0.20078335171885187
59.879999999999995  0.24850033030971458
60.0  0.2947612471390847
60.12  0.3394618620517501
60.239999999999995  0.3825060413060181
60.36  0.42380604282495615
60.48  0.4632827772570571
60.599999999999994  0.5008660440944347
60.72  0.5364947421602235
60.839999999999996  0.5701170538415424
60.96  0.6016906025117144
61.08  0.6311825826534802
61.199999999999996  0.6585698622648725
61.32  0.6838390572002611
61.44  0.7069865771712796
61.559999999999995  0.7280186432050855
61.68  0.7469512764308877
61.8  0.7638102581398751
61.919999999999995  0.7786310611380709
62.04  0.7914587524857696
62.16  0.8023478677922184
62.28  0.8113622573079615
62.4  0.8185749041312832
62.519999999999996  0.8240677149182143
62.64  0.8279312835582717
62.76  0.8302646283491788
62.879999999999995  0.8311749032742903
63.0  0.8307770840554514
63.12  0.8291936297216376
63.239999999999995  0.8265541204989565
63.36  0.8229948728924866
63.48  0.8186585328916401
63.599999999999994  0.8136936482910145
63.72  0.8082542211762012
63.839999999999996  0.8024992416789074
63.96  0.7965922041586927
64.08  0.7907006070177793
64.2  0.7849954374030471
64.32  0.779650642092705
64.44  0.7748425859061424
64.56  0.7707494990134691
64.67999999999999  0.7675509145549733
64.8  0.7654270980121367
64.92  0.7645584697993415
65.03999999999999  0.7651250225687423
65.16  0.7673057347419713
65.28  0.7712779817979877
65.39999999999999  0.77721694685986
65.52  0.785295032132169
65.64  0.7956812727456751
65.75999999999999  0.8085407545679041
65.88  0.8240340375351912
66.0  0.8423165860558699
66.12  0.8635382080238825
66.24  0.887842503968369
66.36  0.915366327846369
66.48  0.9462392609649268
66.6  0.9805831004929002
66.72  1.0185113639938348
66.84  1.0601288113789722
66.96  1.105530985642287
67.08  1.1548037737007197
67.2  1.208022988618798
67.32  1.2652539744504154
67.44  1.3265512348814692
67.56  1.3919580868030519
67.67999999999999  1.4615063398903614
67.8  1.5352160032028261
67.92  1.6130950197597669
68.03999999999999  1.6951390299824713
68.16  1.7813311648262038
68.28  1.8716418693574706
68.39999999999999  1.9660287574609834
68.52  2.0644364982877463
68.64  2.1667967349807946
68.75999999999999  2.273028036139533
68.88  2.3830358804050964
69.0  2.4967126744704675
69.12  2.61393780473916
69.24  2.7345777227749513
69.36  2.858486064603601
69.48  2.985503803845166
69.6  3.1154594385731995
69.72  3.2481692117142043
69.84  3.38343736471821
69.96  3.5210564241490108
70.08  3.6608075207609896
70.2  3.802460740547681
70.32  3.945775507167569
70.44  4.090500995073137
70.56  4.236376572590614
70.67999999999999  4.383132274122371
70.8  4.53048930056802
70.92  4.678160546987382
71.03999999999999  4.825851156457845
71.16  4.973259099008841
71.28  5.1200757744500365
71.39999999999999  5.2659866378457
71.52  5.410671846326002
71.64  5.553806925867301
71.75999999999999  5.695063456618191
71.88  5.834109775295113
72.0  5.970611693121946
72.11999999999999  6.104233227742456
72.24  6.234637347491729
72.36  6.36148672637351
72.48  6.484444508056164
72.6  6.603175077167511
72.72  6.717344836142357
72.84  6.826622985852012
72.96  6.930682308226912
73.08  7.0291999490668475
73.2  7.121858199223041
73.32  7.208345272328986
73.44  7.288356077254155
73.56  7.361592983456221
73.67999999999999  7.4277665774134665
73.8  7.4865964083284515
73.92  7.5378117213090015
74.03999999999999  7.581152176250441
74.16  7.616368550666265
74.28  7.643223424740832
74.39999999999999  7.661491846908896
74.52  7.670961978302152
74.64  7.671435714441194
74.75999999999999  7.662729282595404
74.88  7.644673813279019
75.0  7.617115884402949
75.11999999999999  7.579918036655926
75.24  7.532959258745909
75.36  7.476135441194413
75.48  7.409359797440313
75.6  7.332563251077589
75.72  7.245694788121654
75.84  7.1487217732726425
75.96  7.041630229219741
76.08  6.924425078109381
76.2  6.797130344381161
76.32  6.659789318258008
76.44  6.512464679262523
76.56  6.35523857921819
76.67999999999999  6.188212684282438
76.8  6.011508175648416
76.92  5.825265708643655
77.03999999999999  5.629645330045324
77.16  5.424826353524867
77.28  5.2110071932285615
77.39999999999999  4.98840515559344
77.52  4.75725618959247
77.64  4.517814595697301
77.75999999999999  4.270352693938838
77.88  4.015160451540639
78.0  3.752545070691831
78.11999999999999  3.4828305371172483
78.24  3.206357130193649
78.36  2.923480895449499
78.48  2.634573080372899
78.6  2.3400195345386656
78.72  2.040220075148378
78.84  1.7355878191602119
78.96  1.4265484832628257
79.08  1.1135396530255766
79.2  0.7970100226317209
79.32  0.47741860667058544
79.44  0.15523392553462134
79.56  0.0
79.67999999999999  0.0
79.8  0.0
79.92  0.0
80.03999999999999  0.0
80.16  0.0
80.28  0.0
80.39999999999999  0.0
80.52  0.0
80.64  0.0
80.75999999999999  0.0
80.88  0.0
81.0  0.0
81.11999999999999  0.0
81.24  0.0
81.36  0.0
81.48  0.0
81.6  0.0
81.72  0.0
81.84  0.0
81.96  0.0
82.08  0.0
82.2  0.0
82.32  0.0
82.44  0.0
82.56  0.0
82.67999999999999  0.0
82.8  0.0
82.92  0.0
83.03999999999999  0.0
83.16  0.0
83.28  0.0
83.39999999999999  0.0
83.52  0.0
83.64  0.0
83.75999999999999  0.0
83.88  0.0
84.0  0.0
84.11999999999999  0.0
84.24  0.0
84.36  0.0
84.47999999999999  0.0
84.6  0.0
84.72  0.0
84.84  0.0
84.96  0.0
85.08  0.0
85.2  0.0
85.32  0.0
85.44  0.0
85.56  0.0
85.67999999999999  0.0
85.8  0.0
85.92  0.0
86.03999999999999  0.0
86.16  0.0
86.28  0.0
86.39999999999999  0.0
86.52  0.0
86.64  0.0
86.75999999999999  0.0
86.88  0.0
87.0  0.0
87.11999999999999  0.0
87.24  0.0
87.36  0.0
87.47999999999999  0.0
87.6  0.0
87.72  0.0
87.84  0.0
87.96  0.0
88.08  0.0
88.2  0.0
88.32  0.0
88.44  0.0
88.56  0.0
88.67999999999999  0.0
88.8  0.0
88.92  0.0
89.03999999999999  0.0
89.16  0.0
89.28  0.0
89.39999999999999  0.0
89.52  0.0
89.64  0.0
89.75999999999999  0.22546367518784172
89.88  0.545331463247443
90.0  0.8619635405174252
90.11999999999999  1.1748483907593923
90.24  1.4834839805354538
90.36  1.7873787355909494
90.47999999999999  2.0860524949757453
90.6  2.379037440879924
90.72  2.665879002210723
90.84  2.9461367299935555
90.96  3.219385142739095
91.08  3.485214539982312
91.2  3.7432317822664483
91.32  3.993061035917903
91.44  4.234344481031574
91.56  4.466742981165767
91.67999999999999  4.689936713328207
91.8  4.9036257569190544
91.92  5.107530640385514
92.03999999999999  5.301392844433907
92.16  5.484975260738102
92.28  5.658062605179612
92.39999999999999  5.820461784752591
92.52  5.972002217367359
92.64  6.1125361038873285
92.75999999999999  6.241938651838539
92.88  6.360108250334672
93.0  6.46696659586663
93.11999999999999  6.562458768712419
93.24  6.646553259829781
93.36  6.719241948201611
93.47999999999999  6.7805400287122
93.6  6.8304858907390305
93.72  6.869140947752563
93.84  6.896589418322669
93.96  6.91293805903611
94.08  6.9183158499338955
94.2  6.912873633180822
94.32  6.896783705781169
94.44  6.8702393672541895
94.56  6.833454423282015
94.67999999999999  6.786662646436773
94.8  6.730117195189006
94.92  6.664089992488624
95.03999999999999  6.588871065298706
95.16  6.504767846546606
95.28  6.412104441039342
95.39999999999999  6.311220856967624
95.52  6.2024722046987835
95.64  6.086227864628853
95.75999999999999  5.962870625931966
95.88  5.832795798107804
96.0  5.696410297287538
96.11999999999999  5.55413170931225
96.24  5.406387331649059
96.36  5.253613196255166
96.47999999999999  5.096253075541277
96.6  4.934757473622217
96.72  4.7695826050738095
96.84  4.601189363441534
96.96  4.430042281768417
97.08  4.256608487426096
97.2  4.081356653544291
97.32  3.9047559493406205
97.44  3.727274991654021
97.56  3.549380799981783
97.67999999999999  3.3715377573103953
97.8  3.194206579017906
97.92  3.0178432921055593
98.03999999999999  2.842898226993495
98.16  2.6698150240854717
98.28  2.4990296572755195
98.39999999999999  2.330969476529291
98.52  2.166052271630647
98.64  2.00468535913663
98.75999999999999  1.8472646945304338
98.88  1.694174011506584
99.0  1.5457839902610215
99.11999999999999  1.4024514565935595
99.24  1.2645186135615112
99.36  1.1323123073502885
99.47999999999999  1.0061433289500172
99.6  0.8863057531472391
99.72  0.773076316257679
99.84  0.6667138339389366
99.96  0.5674586603329379
100.08  0.475532189695676
100.2  0.39113640157692764
100.32  0.31445345051539675
100.44  0.2456453011157828
100.56  0.1848534092731905
100.67999999999999  0.13219845020700172
100.8  0.0877800938628448
100.92  0.05167682813534269
101.03999999999999  0.023945830257909806
101.16  0.004622886599356502
101.28  0.0
101.39999999999999  0.0
101.52  0.0
101.64  0.01137828695564555
101.75999999999999  0.033884229331061194
101.88  0.0645653543272578
102.0  0.10330953318929903
102.11999999999999  0.14998434048912557
102.24  0.20443740261364812
102.36  0.26649679116856023
102.47999999999999  0.3359714603782147
102.6  0.4126517274644328
102.72  0.49630979489226756
102.83999999999999  0.5867003132777242
102.96  0.6835609836627908
103.08  0.7866131977760031
103.2  0.89556271481289
103.32  1.0101003731899645
103.44  1.1299028356490672
103.56  1.2546333660146116
103.67999999999999  1.3839426358379372
103.8  1.5174695590956633
103.92  1.6548421530486417
104.03999999999999  1.7956784233095684
104.16  1.9395872711158293
104.28  2.0861694207534787
104.39999999999999  2.235018365036689
104.52  2.385721326705813
104.64  2.5378602335738796
104.75999999999999  2.691012705221189
104.88  2.8447530490133377
105.0  2.9986532631977556
105.11999999999999  3.1522840448199467
105.24  3.3052158001897016
105.36  3.4570196556242783
105.47999999999999  3.6072684661950074
105.6  3.7555378202098666
105.72  3.901407037174713
105.83999999999999  4.044460156991671
105.96  4.184286918174301
106.08  4.320483722883108
106.2  4.452654586617769
106.32  4.580412070435003
106.44  4.703378193603692
106.56  4.821185324650792
106.67999999999999  4.933477048803236
106.8  5.039909009882717
106.92  5.14014972476915
107.03999999999999  5.233881368610297
107.16  5.3208005290216205
107.28  5.400618927589487
107.39999999999999  5.473064107065886
107.52  5.5378800827188845
107.64  5.594827956384709
107.75999999999999  5.643686491850516
107.88  5.684252650284507
108.0  5.71634208451912
108.11999999999999  5.739789591086069
108.24  5.754449518996316
108.36  5.760196134355215
108.47999999999999  5.756923940002254
108.6  5.744547949465293
108.72  5.723003914621464
108.83999999999999  5.692248506561146
108.96  5.652259449254785
109.08  5.60303560572968
109.2  5.544597016568181
109.32  5.476984890646529
109.44  5.400261548139617
109.56  5.314510315923774
109.67999999999999  5.219835375615468
109.8  5.1163615645899885
109.92  5.004234130428619
110.03999999999999  4.883618439346638
110.16  4.754699639256796
110.28  4.617682278224574
110.39999999999999  4.4727898791696505
110.52  4.3202644717663405
110.64  4.160366082590336
110.75999999999999  3.9933721846519274
110.88  3.8195771075459657
111.0  3.6392914095366327
111.11999999999999  3.452841212978858
111.24  3.260567504559515
111.36  3.0628254019205263
111.47999999999999  2.859983388298316
111.6  2.6524225168869497
111.72  2.440535586697651
111.83999999999999  2.2247262917506925
111.96  2.005408345494615
112.08  1.7830045824022536
112.2  1.557946038742676
112.32  1.3306710145745866
112.44  1.1016241190466114
112.56  0.8712553011284345
112.67999999999999  0.640018867925725
112.8  0.40837249276078047
112.92  0.17677621522211417
113.03999999999999  0.0
113.16  0.0
113.28  0.0
113.39999999999999  0.0
113.52  0.0
113.64  0.0
113.75999999999999  0.0
113.88  0.0
114.0  0.0
114.11999999999999  0.0
114.24  0.0
114.36  0.0
114.47999999999999  0.0
114.6  0.0
114.72  0.0
114.83999999999999  0.0
114.96  0.0
115.08  0.0
115.19999999999999  0.0
115.32  0.0
115.44  0.0
115.56  0.0
115.67999999999999  0.0
115.8  0.0
115.92  0.0
116.03999999999999  0.0
116.16  0.0
116.28  0.0
116.39999999999999  0.0
116.52  0.0
116.64  0.0
116.75999999999999  0.0
116.88  0.0
117.0  0.0
117.11999999999999  0.0
117.24  0.0
117.36  0.0
117.47999999999999  0.0
117.6  0.0
117.72  0.0
117.83999999999999  0.0
117.96  0.0
118.08  0.0
118.19999999999999  0.0
118.32  0.0
118.44  0.0
118.56  0.0
118.67999999999999  0.0
118.8  0.0
118.92  0.0
119.03999999999999  0.0
119.16  0.0
119.28  0.0
119.39999999999999  0.0
119.52  0.0
119.64  0.0
119.75999999999999  0.0
119.88  0.0
120.0  0.0
