0.0  16.90135865357774  100.0
0.12  16.964824041806242
0.24  17.01237982228049
0.36  17.043973902991
0.48  17.05958110664647
0.6  17.0592031516404
0.72  17.042868580598142
0.84  17.0106326368005
0.96  16.96257708888899
1.08  16.898810004365725
1.2  16.81946547250738
1.3199999999999998  16.72470327741746
1.44  16.614708522043987
1.56  16.489691204090942
1.68  16.349885744849885
1.7999999999999998  16.195550472074842
1.92  16.026967058116497
2.04  15.844439914622527
2.16  15.648295545198144
2.28  15.43888185750517
2.4  15.21656743635852
2.52  14.98174077945615
2.6399999999999997  14.73480949745166
2.76  14.47619948014824
2.88  14.20635403065775
3.0  13.925732969429946
3.12  13.634811710113478
3.2399999999999998  13.334080309262605
3.36  13.024042491951423
3.48  12.705214655400347
3.5999999999999996  12.378124852758148
3.7199999999999998  12.043311759216394
3.84  11.70132362266189
3.96  11.352717201096649
4.08  10.998056689073824
4.2  10.63791263541207
4.32  10.272860854459752
4.4399999999999995  9.90348133318451
4.56  9.530357136362703
4.68  9.154073312137477
4.8  8.775215800203211
4.92  8.394370344858602
5.04  8.012121415149961
5.16  7.6290511343011245
5.279999999999999  7.245738220596292
5.3999999999999995  6.862756941847568
5.52  6.480676085539809
5.64  6.100057946701809
5.76  5.721457335505086
5.88  5.345420606539348
6.0  4.97248471165772
6.12  4.603176278224758
6.24  4.238010714536431
6.359999999999999  3.8774913441139387
6.4799999999999995  3.5221085705022825
6.6  3.1723390741304365
6.72  2.8286450427126457
6.84  2.4914734365903275
6.96  2.1612552903310136
7.08  1.838405051815498
7.199999999999999  1.5233199599564622
7.319999999999999  1.2163794621020438
7.4399999999999995  0.9179446720859818
7.56  0.6283578697924546
7.68  0.3479420430086857
7.8  0.07700047224221923
7.92  0.0
8.04  0.0
8.16  0.0
8.28  0.0
8.4  0.0
8.52  0.0
8.64  0.0
8.76  0.0
8.879999999999999  0.0
9.0  0.0
9.12  0.0
9.24  0.0
9.36  0.0
9.48  0.0
9.6  0.0
9.719999999999999  0.0
9.84  0.0
9.959999999999999  0.0
10.08  0.0
10.2  0.0
10.32  0.0
10.44  0.0
10.559999999999999  0.0
10.68  0.0
10.799999999999999  0.0
10.92  0.0
11.04  0.0
11.16  0.0
11.28  0.0
11.4  0.0
11.52  0.0
11.639999999999999  0.0
11.76  0.0
11.879999999999999  0.0
12.0  0.0
12.12  0.0
12.24  0.0
12.36  0.0
12.48  0.0
12.6  0.0
12.719999999999999  0.0
12.84  0.0
12.959999999999999  0.0
13.08  0.0
13.2  0.0
13.32  0.0
13.44  0.0
13.559999999999999  0.0
13.68  0.0
13.799999999999999  0.0
13.92  0.0
14.04  0.0
14.16  0.0
14.28  0.15125353777838657
14.399999999999999  0.3234774213970235
14.52  0.49600684387890615
14.639999999999999  0.668528370590139
14.76  0.8407370361846689
14.879999999999999  1.0123368908646668
15.0  1.1830415178324547
15.12  1.3525745209883946
15.24  1.5206699820066834
15.36  1.6870728859997686
15.479999999999999  1.8515395150625504
15.6  2.0138378090690723
15.719999999999999  2.1737476931769613
15.84  2.331061371578354
15.959999999999999  2.485583587119945
16.08  2.637131846499357
16.2  2.7855366108296034
16.32  2.9306414514480883
16.439999999999998  3.072303170931097
16.56  3.2103918893588563
16.68  3.344791095959544
16.8  3.475397666343762
16.919999999999998  3.602121845622247
17.04  3.7248871977806868
17.16  3.843630521764277
17.28  3.958301734802843
17.4  4.068863723582962
17.52  4.175292163947905
17.64  4.277575309878158
17.759999999999998  4.375713752575211
17.88  4.4697201505387785
18.0  4.559618931592534
18.12  4.645445967875834
18.24  4.7272482248782906
18.36  4.805083385650743
18.48  4.879019451379549
18.599999999999998  4.949134319561566
18.72  5.0155153410641224
18.84  5.0782588573981355
18.96  5.137469719572468
19.08  5.193260789934586
19.2  5.245752428435311
19.32  5.295071964785023
19.439999999999998  5.341353157994135
19.56  5.384735644812533
19.68  5.425364378600604
19.8  5.463389060178671
19.919999999999998  5.4989635622118325
20.04  5.532245348693616
20.16  5.563394891094378
20.279999999999998  5.5925750827389
20.4  5.619950652972534
20.52  5.645687582666123
20.64  5.669952522597065
20.759999999999998  5.692912216227353
20.88  5.71473292837923
21.0  5.73557988128498
21.119999999999997  5.755616699460256
21.24  5.775004864819259
21.36  5.793903183415796
21.48  5.81246726515684
21.599999999999998  5.830849017794316
21.72  5.84919615645717
21.84  5.867651729938932
21.96  5.886353664906565
22.08  5.905434329143931
22.2  5.925020114888623
22.32  5.9452310432635755
22.439999999999998  5.966180390745368
22.56  5.987974338549745
22.68  6.010711645751107
22.8  6.0344833468876695
22.919999999999998  6.05937247473693
23.04  6.085453808877724
23.16  6.112793650585662
23.279999999999998  6.141449624537792
23.4  6.171470507730948
23.52  6.202896085945607
23.64  6.2357570380143335
23.759999999999998  6.270074848080538
23.88  6.305861745959598
24.0  6.343120675641213
24.119999999999997  6.381845291898114
24.24  6.42201998489364
24.36  6.463619932607887
24.48  6.506611180830617
24.599999999999998  6.55095075039817
24.72  6.596586771281732
24.84  6.643458643065785
24.96  6.691497221288407
25.08  6.740625029049319
25.2  6.790756493227763
25.32  6.84179820459014
25.439999999999998  6.893649201007315
25.56  6.946201272943613
25.68  6.99933929032389
25.8  7.052941549831917
25.919999999999998  7.106880141642653
26.04  7.161021334543069
26.16  7.215225978351018
26.279999999999998  7.269349922499243
26.4  7.323244449612601
26.52  7.376756722869837
26.64  7.4297302459089245
26.759999999999998  7.482005334004315
26.88  7.533419595218648
27.0  7.583808420207676
27.119999999999997  7.63300547933789
27.24  7.680843225759586
27.36  7.727153403065528
27.48  7.771767556155936
27.599999999999998  7.81451754392459
27.72  7.855236052378691
27.84  7.893757106806233
27.959999999999997  7.929916581609385
28.08  7.963552706430606
28.2  7.9945065672099185
28.32  8.022622600826757
28.439999999999998  8.047749081998523
28.56  8.06973860112956
28.68  8.088448531829469
28.799999999999997  8.10374148684803
28.919999999999998  8.115485761205274
29.04  8.123555761329785
29.16  8.127832419055744
29.279999999999998  8.128203589369374
29.4  8.124564430838547
29.52  8.116817767704818
29.64  8.10487443266552
29.759999999999998  8.088653589423686
29.88  8.06808303413684
30.0  8.04309947495017
30.119999999999997  8.013648788856779
30.24  7.97968625518632
30.36  7.941176765083774
30.48  7.898095006402046
30.599999999999998  7.850425623495503
30.72  7.798163351465958
30.84  7.741313124478454
30.959999999999997  7.67989015783043
31.08  7.613920003525379
31.2  7.543438579169635
31.32  7.468492170079296
31.439999999999998  7.389137404552575
31.56  7.3054412023313775
31.68  7.217480696344128
31.799999999999997  7.1253431278900985
31.919999999999998  7.029125715492734
32.04  6.928935497716731
32.16  6.824889150309606
32.28  6.717112778093554
32.4  6.605741682097826
32.519999999999996  6.490920102484142
32.64  6.372800937879464
32.76  6.2515454417899585
32.879999999999995  6.127322896828011
33.0  6.0003102675405335
33.12  5.870691832680717
33.24  5.738658797817519
33.36  5.604408889226949
33.48  5.468145930056431
33.6  5.330079399798586
33.72  5.190423978152837
33.839999999999996  5.049399074392711
33.96  4.907228343393722
34.08  4.76413918951019
34.199999999999996  4.6203622595202525
34.32  4.476130925886327
34.44  4.331680761602639
34.56  4.18724900792291
34.68  4.043074036279887
34.8  3.8993948057228223
34.92  3.7564503172110575
35.04  3.614479066110213
35.16  3.4737184942419206
35.28  3.3344044428404653
35.4  3.196770607767125
35.519999999999996  3.0610479983284935
35.64  2.927464401036233
35.76  2.796243849634133
35.879999999999995  2.6676061027031395
36.0  2.54176613013687
36.12  2.4189336097584717
36.24  2.299312435324977
36.36  2.1831002371379564
36.48  2.0704879164478522
36.6  1.9616591948063584
36.72  1.85679017948426
36.839999999999996  1.756048946032993
36.96  1.6595951390262187
37.08  1.567579591973282
37.199999999999996  1.4801439673492582
37.32  1.3974204176373877
37.44  1.3195312682278266
37.559999999999995  1.2465887229633992
37.68  1.1786945930674193
37.8  1.115940050131457
37.92  1.0584054037817898
38.04  1.0061599045831593
38.16  0.9592615726762348
38.28  0.9177570525825112
38.4  0.8816814945460767
38.519999999999996  0.8510584627167596
38.64  0.8258998704134738
38.76  0.8062059426402726
38.879999999999995  0.7919652059609791
39.0  0.7831545057712057
39.12  0.7797390509396906
39.24  0.7816724857238652
39.36  0.7888969887979256
39.48  0.8013433991653904
39.6  0.8189313686624363
39.72  0.8415695406933646
39.839999999999996  0.8691557547755677
39.96  0.9015772764082356
40.08  0.9387110517173165
40.199999999999996  0.9804239862689744
40.32  1.026573247384627
40.44  1.0770065892335245
40.559999999999995  1.1315626999235344
40.68  1.1900715697568423
40.8  1.2523548797663204
40.92  1.3182264095987493
41.04  1.3874924637640487
41.16  1.4599523152255325
41.28  1.5353986652635663
41.4  1.6136181185063858
41.519999999999996  1.6943916719844658
41.64  1.777495217031603
41.76  1.8627000528245297
41.879999999999995  1.949773410325216
42.0  2.0384789853650194
42.12  2.128577479587878
42.239999999999995  2.219827147951587
42.36  2.311984351470242
42.48  2.4048041138689604
42.6  2.4980406808132867
42.72  2.591448080369579
42.839999999999996  2.684780683350904
42.96  2.777793762203402
43.08  2.870244047092769
43.199999999999996  2.961890277858028
43.32  3.0524937505101795
43.44  3.1418188569681513
43.559999999999995  3.2296336167410864
43.68  3.315710199286868
43.8  3.3998254358001674
43.92  3.48176131921009
44.04  3.5613054911969924
44.16  3.6382517150705795
44.28  3.7124003333868996
44.4  3.783558709219742
44.519999999999996  3.8515416500429893
44.64  3.916171813223513
44.76  3.9772800921701554
44.879999999999995  4.034705982232382
45.0  4.088297925492359
45.12  4.137913633646829
45.239999999999995  4.183420388229314
45.36  4.224695317479334
45.48  4.261625649223305
45.6  4.294108939191046
45.72  4.3220532742526165
45.839999999999996  4.34537745012222
45.96  4.364011123139076
46.08  4.377894935799116
46.199999999999996  4.386980615776185
46.32  4.3912310482368815
46.44  4.39062032131908
46.559999999999995  4.385133744710185
46.68  4.374767841327728
46.8  4.359530312170857
46.92  4.339439974477641
47.04  4.314526673388543
47.16  4.284831167381662
47.28  4.250404987809998
47.4  4.211310272934241
47.519999999999996  4.167619576907612
47.64  4.119415654230483
47.76  4.066791220252761
47.879999999999995  4.0098486883606785
48.0  3.948699884541756
48.12  3.883465740077037
48.239999999999995  3.8142759631631202
48.36  3.7412686903179346
48.48  3.664590118473741
48.6  3.5843941187073334
48.72  3.5008418326028625
48.839999999999996  3.414101252283998
48.96  3.32434678519243
49.08  3.231758804726221
49.199999999999996  3.136523187885459
49.32  3.0388308411044784
49.44  2.938877215477363
49.559999999999995  2.8368618126093863
49.68  2.7329876823488193
49.8  2.6274609136726794
49.92  2.5204901200157956
50.04  2.412285920345248
50.16  2.3030604172915377
50.28  2.1930266736538924
50.4  2.082398188599937
50.519999999999996  1.9713883748795542
50.64  1.8602100383685327
50.76  1.7490748612511309
50.879999999999995  1.6381928901394684
51.0  1.5277720304149203
51.12  1.4180175480589114
51.239999999999995  1.30913158022112
51.36  1.2013126557497427
51.48  1.0947552268819463
51.6  0.9896492132637923
51.72  0.8861795594364115
51.839999999999996  0.7845258068903409
51.96  0.6848616817519491
52.08  0.5873546991255147
52.199999999999996  0.4921657850713604
52.32  0.3994489171548747
52.44  0.30935078445346054
52.559999999999995  0.22201046785805065
52.68  0.13755914145383397
52.8  0.056119795710488585
52.919999999999995  0.0
53.04  0.0
53.16  0.0
53.28  0.0
53.4  0.0
53.519999999999996  0.0
53.64  0.0
53.76  0.0
53.879999999999995  0.0
54.0  0.0
54.12  0.0
54.239999999999995  0.0
54.36  0.0
54.48  0.0
54.6  0.0
54.72  0.0
54.839999999999996  0.0
54.96  0.0
55.08  0.0
55.199999999999996  0.0
55.32  0.0
55.44  0.0
55.559999999999995  0.0
55.68  0.0
55.8  0.0
55.919999999999995  0.0
56.04  0.0
56.16  0.0
56.28  0.0
56.4  0.0
56.519999999999996  0.0
56.64  0.0
56.76  0.0
56.879999999999995  0.0
57.0  0.0
57.12  0.0
57.239999999999995  0.0
57.36  0.0
57.48  0.0
57.599999999999994  0.0
57.72  0.0
57.839999999999996  0.0
57.96  0.0
58.08  0.0
58.199999999999996  0.0
58.32  0.0
58.44  0.0
58.559999999999995  0.0
58.68  0.0
58.8  0.0
58.919999999999995  0.01015320765946437
59.04  0.048719844782406097
59.16  0.0864225628287918
59.28  0.12314453253955146
59.4  0.15877507330777102
59.519999999999996  0.19321000755337395
59.64  0.22635199654942317
59.76  0.25811085673072565
59.879999999999995  0.28840385556298337
60.0  0.3171559861023416
60.12  0.34430021942805955
60.239999999999995  0.3697777341866866
60.36  0.3935381225436828
60.48  0.4155395718980305
60.599999999999994  0.43574902177655006
60.72  0.45414229538798084
60.839999999999996  0.47070420538095537
60.96  0.48542863341631315
61.08  0.49831858323097145
61.199999999999996  0.5093862069387721
61.32  0.5186528043825842
61.44  0.5261487954217205
61.559999999999995  0.5319136651087959
61.68  0.5359958817805813
61.8  0.5384527881582416
61.919999999999995  0.5393504656230083
62.04  0.5387635719035508
62.16  0.5367751524819317
62.28  0.5334764260942212
62.4  0.5289665447709964
62.519999999999996  0.5233523289307949
62.64  0.5167479781069092
62.76  0.5092747579532838
62.879999999999995  0.501060664239873
63.0  0.4922400646106795
63.12  0.48295331893894977
63.239999999999995  0.4733463791727028
63.36  0.4635703696219284
63.48  0.45378114869308067
63.599999999999994  0.444138853129721
63.72  0.4348074258684609
63.839999999999996  0.42595412866689986
63.96  0.41774904070576246
64.08  0.410364544409063
64.2  0.40397479976613904
64.32  0.3987552084751159
64.44  0.39488186926063273
64.56  0.39253102574890997
64.67999999999999  0.39187850830918747
64.8  0.3930991712942018
64.92  0.3963663271321026
65.03999999999999  0.40185117873785203
65.16  0.409722251725667
65.28  0.4201448279121023
65.39999999999999  0.43328038160536547
65.52  0.4492860201779176
65.64  0.46831393041707864
65.75999999999999  0.49051083214321745
65.88  0.5160174405749596
66.0  0.5449679389081362
66.12  0.5774894625581288
66.24  0.6137015964950302
66.36  0.6537158870763589
66.48  0.6976353697551254
66.6  0.7455541140092629
66.72  0.7975567868038644
66.84  0.8537182358600521
66.96  0.9141030939620711
67.08  0.9787654054906613
67.2  1.0477482763222694
67.32  1.121083548183066
67.44  1.198791498493722
67.56  1.2808805666833039
67.67999999999999  1.3673471078928823
67.8  1.4581751749267984
67.92  1.5533363292457607
68.03999999999999  1.6527894817302549
68.16  1.7564807638734554
68.28  1.8643434299930395
68.39999999999999  1.9762977909792525
68.52  2.0922511800226493
68.64  2.2120979506895395
68.75999999999999  2.335719507637463
68.88  2.462984370184683
69.0  2.593748268869539
69.12  2.7278542750565773
69.24  2.865132963566237
69.36  3.0054026082250327
69.48  3.148469410152757
69.6  3.2941277585233077
69.72  3.4421605234554216
69.84  3.5923393806101034
69.96  3.7444251669925963
70.08  3.8981682673786886
70.2  4.053309030707352
70.32  4.209578215706397
70.44  4.366697464942792
70.56  4.524379806415616
70.67999999999999  4.682330181739272
70.8  4.840245999894029
70.92  4.997817715453689
71.03999999999999  5.154729430135458
71.16  5.310659516453422
71.28  5.465281262197108
71.39999999999999  5.618263534399135
71.52  5.769271461400886
71.64  5.917967131573308
71.75999999999999  6.06401030720176
71.88  6.2070591519980045
72.0  6.346770970660372
72.11999999999999  6.482802958865037
72.24  6.614812962036107
72.36  6.742460241210631
72.48  6.865406244288096
72.6  6.983315380929262
72.72  7.095855799350495
72.84  7.202700163242997
72.96  7.303526427035921
73.08  7.398018607713557
73.2  7.485867551394152
73.32  7.566771692878326
73.44  7.640437806379854
73.56  7.706581745660589
73.67999999999999  7.764929171804835
73.8  7.815216266885109
73.92  7.857190431793477
74.03999999999999  7.890610966537488
74.16  7.915249731329934
74.28  7.930891786834704
74.39999999999999  7.937336011968802
74.52  7.934395697702221
74.64  7.921899115341724
74.75999999999999  7.899690057834572
74.88  7.867628352679536
75.0  7.825590345089337
75.11999999999999  7.773469350107669
75.24  7.711176072446188
75.36  7.638638992873171
75.48  7.555804720053626
75.6  7.4626383068125115
75.72  7.359123529866571
75.84  7.245263132147352
75.96  7.121079026916529
76.08  6.986612462956263
76.2  6.841924150200522
76.32  6.6870943452579565
76.44  6.52222289636397
76.56  6.347429247387681
76.67999999999999  6.162852400608605
76.8  5.968650838068347
76.92  5.765002401394204
77.03999999999999  5.552104130082763
77.16  5.330172058324305
77.28  5.099440970541662
77.39999999999999  4.8601641159087645
77.52  4.612612882207115
77.64  4.357076429470823
77.75999999999999  4.093861283960523
77.88  3.823290893098636
78.0  3.5457051420871926
78.11999999999999  3.261459833017109
78.24  2.97092612736542
78.36  2.6744899528616797
78.48  2.372551375787559
78.6  2.065523939855666
78.72  1.753833972891527
78.84  1.437919862620692
78.96  1.1182313029349222
79.08  0.795228512083918
79.2  0.4693814243075295
79.32  0.14116885648666427
79.44  0.0
79.56  0.0
79.67999999999999  0.0
79.8  0.0
79.92  0.0
80.03999999999999  0.0
80.16  0.0
80.28  0.0
80.39999999999999  0.0
80.52  0.0
80.64  0.0
80.75999999999999  0.0
80.88  0.0
81.0  0.0
81.11999999999999  0.0
81.24  0.0
81.36  0.0
81.48  0.0
81.6  0.0
81.72  0.0
81.84  0.0
81.96  0.0
82.08  0.0
82.2  0.0
82.32  0.0
82.44  0.0
82.56  0.0
82.67999999999999  0.0
82.8  0.0
82.92  0.0
83.03999999999999  0.0
83.16  0.0
83.28  0.0
83.39999999999999  0.0
83.52  0.0
83.64  0.0
83.75999999999999  0.0
83.88  0.0
84.0  0.0
84.11999999999999  0.0
84.24  0.0
84.36  0.0
84.47999999999999  0.0
84.6  0.0
84.72  0.0
84.84  0.0
84.96  0.0
85.08  0.0
85.2  0.0
85.32  0.0
85.44  0.0
85.56  0.0
85.67999999999999  0.0
85.8  0.0
85.92  0.0
86.03999999999999  0.0
86.16  0.0
86.28  0.0
86.39999999999999  0.0
86.52  0.0
86.64  0.0
86.75999999999999  0.0
86.88  0.0
87.0  0.0
87.11999999999999  0.0
87.24  0.0
87.36  0.0
87.47999999999999  0.0
87.6  0.0
87.72  0.0
87.84  0.0
87.96  0.0
88.08  0.0
88.2  0.0
88.32  0.0
88.44  0.0
88.56  0.0
88.67999999999999  0.0
88.8  0.0
88.92  0.0
89.03999999999999  0.0
89.16  0.0
89.28  0.0
89.39999999999999  0.0
89.52  0.0
89.64  0.2629476145783075
89.75999999999999  0.5793984840142667
89.88  0.8923814312972835
90.0  1.2013910862404815
90.11999999999999  1.5059321324573425
90.24  1.8055202695065868
90.36  2.0996831515871524
90.47999999999999  2.387961300793473
90.6  2.669908992993706
90.72  2.945095114451222
90.84  3.2131039873719613
90.96  3.4735361626255954
91.08  3.7260091779582596
91.2  3.9701582800874755
91.32  4.205637109148184
91.44  4.432118344037732
91.56  4.649294307292006
91.67999999999999  4.856877528212012
91.8  5.054601263048913
91.92  5.242219971148248
92.03999999999999  5.419509746049007
92.16  5.586268700629803
92.28  5.742317305493723
92.39999999999999  5.887498679884182
92.52  6.021678834526961
92.64  6.144746865896828
92.75999999999999  6.256615101513196
92.88  6.357219195974444
93.0  6.44651817754756
93.11999999999999  6.524494445237191
93.24  6.591153716365194
93.36  6.6465249247992775
93.47999999999999  6.690660070076874
93.6  6.723634017776414
93.72  6.74554425159465
93.84  6.756510577693397
93.96  6.756674781983122
94.08  6.746200241112829
94.2  6.725271488036869
94.32  6.694093733127974
94.44  6.652892341902307
94.56  6.601912270517853
94.67999999999999  6.541417460297779
94.8  6.471690192621507
94.92  6.39303040561109
95.03999999999999  6.305754974124659
95.16  6.210196954647973
95.28  6.106704796752365
95.39999999999999  5.995641522859086
95.52  5.877383878120336
95.64  5.752321452291182
95.75999999999999  5.620855775528221
95.88  5.48339939010701
96.0  5.340374900103389
96.11999999999999  5.192214001130476
96.24  5.03935649226744
96.36  4.882249272354023
96.47999999999999  4.721345322858674
96.6  4.5571026795572696
96.72  4.389983395283024
96.84  4.220452496027166
96.96  4.0489769326841865
97.08  3.8760245307442704
97.2  3.7020629402390623
97.32  3.5275585882458613
97.44  3.3529756362488845
97.56  3.178774944645219
97.67999999999999  3.0054130466655344
97.8  2.8333411339594448
97.92  2.6630040560678263
98.03999999999999  2.4948393359738468
98.16  2.3292762038872015
98.28  2.1667346513765966
98.39999999999999  2.007624507918154
98.52  1.8523445418781175
98.64  1.7012815878938317
98.75999999999999  1.5548097025567127
98.88  1.4132893502389146
99.0  1.2770666208374493
99.11999999999999  1.1464724811381326
99.24  1.0218220614271083
99.36  0.9034139788989095
99.47999999999999  0.7915296993278321
99.6  0.6864329383842298
99.72  0.5883691038891504
99.84  0.4975647802091565
99.96  0.4142272558995939
100.08  0.3385440956082623
100.2  0.2706827571528244
100.32  0.21079025458463047
100.44  0.15899286794947612
100.56  0.11539590035201322
100.67999999999999  0.08008348282477146
100.8  0.05311842739708664
100.92  0.03454212865157166
101.03999999999999  0.024374513947945375
101.16  0.022614042386380512
101.28  0.0292377524732102
101.39999999999999  0.04420135834464359
101.52  0.06743939429547369
101.64  0.09886540725271305
101.75999999999999  0.13837219672769474
101.88  0.18583210167444542
102.0  0.24109733357815305
102.11999999999999  0.30400035499509204
102.24  0.3743543026639192
102.36  0.45195345420995575
102.47999999999999  0.5365737373670385
102.6  0.6279732805471872
102.72  0.7258930034968898
102.83999999999999  0.8300572466896416
102.96  0.9401744380188068
103.08  1.0559377952720836
103.2  1.177026062789716
103.32  1.3031042806328779
103.44  1.4338245845169744
103.56  1.568827034695909
103.67999999999999  1.7077404719207434
103.8  1.8501833985348104
103.92  1.9957648827132868
104.03999999999999  2.1440854838031003
104.16  2.294738196674132
104.28  2.4473094129488198
104.39999999999999  2.6013798969426754
104.52  2.756525774114079
104.64  2.9123195297957083
104.75999999999999  3.0683310159571398
104.88  3.224128463731291
105.0  3.3792794994247077
105.11999999999999  3.5333521617254453
105.24  3.6859159178190595
105.36  3.8365426761276957
105.47999999999999  3.9848077933944985
105.6  4.130291073849408
105.72  4.272577758210337
105.83999999999999  4.4112595002972785
105.96  4.545935329065681
106.08  4.676212593897104
106.2  4.801707891025412
106.32  4.922047969016964
106.44  5.036870611273156
106.56  5.145825493573011
106.67999999999999  5.248575014732154
106.8  5.344795098513273
106.92  5.434175964988856
107.03999999999999  5.516422869625248
107.16  5.591256808430143
107.28  5.658415187580912
107.39999999999999  5.717652456032136
107.52  5.768740699682576
107.64  5.81147019576908
107.75999999999999  5.845649926243162
107.88  5.871108048978794
108.0  5.887692325753575
108.11999999999999  5.895270506042966
108.24  5.893730665765732
108.36  5.8829815002196595
108.47999999999999  5.862952570549299
108.6  5.833594503191164
108.72  5.7948791418469145
108.83999999999999  5.746799651641749
108.96  5.689370575230854
109.08  5.6226278407258485
109.2  5.5466287214189345
109.32  5.461451747391487
109.44  5.367196569200437
109.56  5.263983773943209
109.67999999999999  5.151954654107686
109.8  5.0312709297195415
109.92  4.90211442440312
110.03999999999999  4.7646866960747785
110.16  4.6192086230885145
110.28  4.465919946753712
110.39999999999999  4.305078771240796
110.52  4.136961021986496
110.64  3.9618598638022937
110.75999999999999  3.780085079979324
110.88  3.5919624137696244
111.0  3.3978328737078103
111.11999999999999  3.198052004316868
111.24  2.9929891238187114
111.36  2.7830265305446087
111.47999999999999  2.568558679807796
111.6  2.3499913330684365
111.72  2.1277406812809394
111.83999999999999  1.9022324443712022
111.96  1.6739009488443999
112.08  1.4431881855723212
112.2  1.2105428498524096
112.32  0.9764193658706238
112.44  0.741276897733292
112.56  0.5055783492647565
112.67999999999999  0.269789354789482
112.8  0.03437726313908751
112.92  0.0
113.03999999999999  0.0
113.16  0.0
113.28  0.0
113.39999999999999  0.0
113.52  0.0
113.64  0.0
113.75999999999999  0.0
113.88  0.0
114.0  0.0
114.11999999999999  0.0
114.24  0.0
114.36  0.0
114.47999999999999  0.0
114.6  0.0
114.72  0.0
114.83999999999999  0.0
114.96  0.0
115.08  0.0
115.19999999999999  0.0
115.32  0.0
115.44  0.0
115.56  0.0
115.67999999999999  0.0
115.8  0.0
115.92  0.0
116.03999999999999  0.0
116.16  0.0
116.28  0.0
116.39999999999999  0.0
116.52  0.0
116.64  0.0
116.75999999999999  0.0
116.88  0.0
117.0  0.0
117.11999999999999  0.0
117.24  0.0
117.36  0.0
117.47999999999999  0.0
117.6  0.0
117.72  0.0
117.83999999999999  0.0
117.96  0.0
118.08  0.0
118.19999999999999  0.0
118.32  0.0
118.44  0.0
118.56  0.0
118.67999999999999  0.0
118.8  0.0
118.92  0.0
119.03999999999999  0.0
119.16  0.0
119.28  0.0
119.39999999999999  0.0
119.52  0.0
119.64  0.0
119.75999999999999  0.0
119.88  0.0
120.0  0.0
