0.0  17.65270527857524  100.0
0.12  17.699325389933325
0.24  17.728474865751966
0.36  17.740140732742244
0.48  17.73434016683032
0.6  17.711120384111233
0.72  17.67055847270016
0.84  17.612761165982825
0.96  17.537864557889378
1.08  17.446033760937354
1.2  17.337462507908473
1.3199999999999998  17.212372698141188
1.44  17.071013889535568
1.56  16.913662737479314
1.68  16.74062238201251
1.7999999999999998  16.55222178465532
1.92  16.34881501642497
2.04  16.130780498668006
2.16  15.898520198428816
2.28  15.652458780167052
2.4  15.393042715723745
2.52  15.120739354518783
2.6399999999999997  14.836035956040808
2.76  14.539438686764349
2.88  14.231471583697752
3.0  13.91267548682955
3.12  13.583606942799475
3.2399999999999998  13.244837082174143
3.36  12.896950472755526
3.48  12.540543951393271
3.5999999999999996  12.176225436809265
3.7199999999999998  11.80461272597463
3.84  11.4263322766055
3.96  11.04201797836448
4.08  10.652309915369514
4.2  10.257853122620944
4.32  9.859296338961064
4.4399999999999995  9.45729075917803
4.56  9.052488787858106
4.68  8.645542797576574
4.8  8.23710389399829
4.92  7.827820690434237
5.04  7.418338094369991
5.16  7.009296108446469
5.279999999999999  6.601328648332264
5.3999999999999995  6.195062379880784
5.52  5.791115577914107
5.64  5.390097008919259
5.76  4.9926048398817215
5.88  4.599225575415119
6.0  4.21053302527604
6.12  3.8270873042783426
6.24  3.449433866542626
6.359999999999999  3.078102575933978
6.4799999999999995  2.7136068144546424
6.6  2.3564426302683197
6.72  2.0070879269394313
6.84  1.6660016953742927
6.96  1.333623289851625
7.08  1.0103717494279112
7.199999999999999  0.6966451658984458
7.319999999999999  0.3928200993882811
7.4399999999999995  0.0992510425385551
7.56  0.0
7.68  0.0
7.8  0.0
7.92  0.0
8.04  0.0
8.16  0.0
8.28  0.0
8.4  0.0
8.52  0.0
8.64  0.0
8.76  0.0
8.879999999999999  0.0
9.0  0.0
9.12  0.0
9.24  0.0
9.36  0.0
9.48  0.0
9.6  0.0
9.719999999999999  0.0
9.84  0.0
9.959999999999999  0.0
10.08  0.0
10.2  0.0
10.32  0.0
10.44  0.0
10.559999999999999  0.0
10.68  0.0
10.799999999999999  0.0
10.92  0.0
11.04  0.0
11.16  0.0
11.28  0.0
11.4  0.0
11.52  0.0
11.639999999999999  0.0
11.76  0.0
11.879999999999999  0.0
12.0  0.0
12.12  0.0
12.24  0.0
12.36  0.0
12.48  0.0
12.6  0.0
12.719999999999999  0.0
12.84  0.0
12.959999999999999  0.0
13.08  0.0
13.2  0.0
13.32  0.0
13.44  0.0
13.559999999999999  0.0
13.68  0.0
13.799999999999999  0.17913956958841104
13.92  0.3659635630060116
14.04  0.5528760563590289
14.16  0.7394984155573721
14.28  0.9254613840950456
14.399999999999999  1.1104058057927348
14.52  1.2939833159543235
14.639999999999999  1.4758569995644495
14.76  1.6557020152389728
14.879999999999999  1.8332061837276845
15.0  2.008070539858515
15.12  2.180009846904345
15.24  2.348753072447694
15.36  2.514043824914059
15.479999999999999  2.675640750041972
15.6  2.833317886656266
15.719999999999999  2.9868649812104833
15.84  3.1360877606647017
15.959999999999999  3.2808081633657973
16.08  3.420864527698397
16.2  3.5561117383759866
16.32  3.686421330342693
16.439999999999998  3.811681550357026
16.56  3.931797376428955
16.68  4.04669049538074
16.8  4.156299238900466
16.919999999999998  4.260578478553604
17.04  4.359499480313702
17.16  4.453049719266424
17.28  4.541232655233217
17.4  4.624067470149939
17.52  4.701588768123119
17.64  4.773846239170876
17.759999999999998  4.840904287737357
17.88  4.902841627148363
18.0  4.9597508412514815
18.12  5.011737914556537
18.24  5.058921732261112
18.36  5.101433551611328
18.48  5.139416446109704
18.599999999999998  5.1730247241397445
18.72  5.202423323630691
18.84  5.22778718443568
18.96  5.2493006001419085
19.08  5.267156551072821
19.2  5.281556020279004
19.32  5.292707294346978
19.439999999999998  5.300825250882904
19.56  5.306130634551543
19.68  5.308849323569511
19.8  5.3092115885659865
19.919999999999998  5.30745134573341
20.04  5.30380540619549
20.16  5.298512723520007
20.279999999999998  5.291813641299253
20.4  5.283949142711952
20.52  5.27516010396675
20.64  5.265686553509011
20.759999999999998  5.255766938850096
20.88  5.245637402851175
21.0  5.235531071261978
21.119999999999997  5.225677353279514
21.24  5.216301256851765
21.36  5.207622720407566
21.48  5.199855962646175
21.599999999999998  5.193208851968431
21.72  5.187882297076265
21.84  5.184069660208526
21.96  5.181956194419218
22.08  5.181718506238699
22.2  5.183524044990383
22.32  5.187530619964181
22.439999999999998  5.193885946574006
22.56  5.202727222550596
22.68  5.214180735141946
22.8  5.228361500213131
22.919999999999998  5.245372934054523
23.04  5.265306558622978
23.16  5.288241740854889
23.279999999999998  5.314245466602534
23.4  5.343372149657222
23.52  5.375663476233328
23.64  5.411148285197772
23.759999999999998  5.449842484239233
23.88  5.491749002080848
24.0  5.53685777675008
24.119999999999997  5.585145779828856
24.24  5.636577076517758
24.36  5.691102921258579
24.48  5.748661888571686
24.599999999999998  5.809180038677313
24.72  5.872571117384103
24.84  5.938736789643835
24.96  6.007566906088739
25.08  6.078939801786828
25.2  6.152722626372119
25.32  6.2287717046300894
25.439999999999998  6.30693292654473
25.56  6.387042165742174
25.68  6.4689257251972165
25.8  6.552400809003403
25.919999999999998  6.637276018944734
26.04  6.723351874547672
26.16  6.8104213552362065
26.279999999999998  6.898270463160083
26.4  6.9866788052176965
26.52  7.075420192749515
26.64  7.164263257337295
26.759999999999998  7.252972081106094
26.88  7.341306839893483
27.0  7.429024457620329
27.119999999999997  7.515879270172935
27.24  7.601623697084817
27.36  7.686008919289951
27.48  7.768785561206707
27.599999999999998  7.849704375403379
27.72  7.928516928092447
27.84  8.004976283700973
27.959999999999997  8.078837686769223
28.08  8.149859239438562
28.2  8.217802572802833
28.32  8.282433510414743
28.439999999999998  8.34352272226046
28.56  8.400846367541094
28.68  8.454186724629427
28.799999999999997  8.503332806603916
28.919999999999998  8.548080960799366
29.04  8.588235450854866
29.16  8.623609019784544
29.279999999999998  8.654023432644976
29.4  8.679309997425008
29.52  8.699310062838743
29.64  8.71387549176089
29.759999999999998  8.722869109104636
29.88  8.726165123006652
30.0  8.723649518250296
30.119999999999997  8.715220420927698
30.24  8.700788433412857
30.36  8.680276938791865
30.48  8.653622373972144
30.599999999999998  8.620774470770305
30.72  8.581696464357359
30.84  8.53636526852098
30.959999999999997  8.484771617286063
31.08  8.426920172518178
31.2  8.36282959721793
31.32  8.292532594298919
31.439999999999998  8.21607591072662
31.56  8.133520306980646
31.68  8.044940491887802
31.799999999999997  7.950425022958312
31.919999999999998  7.850076172441829
32.04  7.7440097594038795
32.16  7.63235494820633
32.28  7.515254013857321
32.4  7.392862074777339
32.519999999999996  7.26534679360692
32.64  7.1328880467598985
32.76  6.9956775635017685
32.879999999999995  6.853918535406885
33.0  6.707825197120432
33.12  6.557622379420431
33.24  6.403545035642454
33.36  6.245837742594248
33.48  6.0847541771491676
33.6  5.920556569766375
33.72  5.753515136241386
33.839999999999996  5.583907489043104
33.96  5.412018029643079
34.08  5.238137323288248
34.199999999999996  5.062561457710776
34.32  4.885591387307569
34.44  4.707532264356649
34.56  4.5286927588687345
34.68  4.349384368700012
34.8  4.1699207215748135
34.92  3.9906168706866603
35.04  3.81178858556149
35.16  3.6337516398774192
35.28  3.456821097943548
35.4  3.2813106015423665
35.519999999999996  3.107531658839852
35.64  2.9357929370618785
35.76  2.76639956062637
35.879999999999995  2.5996524164071855
36.0  2.4358474677885513
36.12  2.2752750791473364
36.24  2.1182193523751334
36.36  1.9649574770234421
36.48  1.8157590956215781
36.6  1.6708856856810657
36.72  1.5305899598595807
36.839999999999996  1.3951152857139009
36.96  1.264695126424197
37.08  1.1395525038216086
37.199999999999996  1.0198994849972216
37.32  0.9059366937143362
37.44  0.7978528477859506
37.559999999999995  0.6958243235174051
37.68  0.6000147482491627
37.8  0.5105746219674618
37.92  0.4276409688807512
38.04  0.3513370197885768
38.16  0.2817719259954181
38.28  0.21904050544708675
38.4  0.16322302169003589
38.519999999999996  0.11438499617568332
38.64  0.07257705435236428
38.76  0.03783480590691557
38.879999999999995  0.01017875943661628
39.0  0.0
39.12  0.0
39.24  0.0
39.36  0.0
39.48  0.0
39.6  0.0
39.72  0.013544209723104439
39.839999999999996  0.041503267837822655
39.96  0.07605663439780996
40.08  0.11707672474200748
40.199999999999996  0.16442218489319282
40.32  0.2179382114269388
40.44  0.27745690200548667
40.559999999999995  0.34279763574313726
40.68  0.41376748249915063
40.8  0.4901616401266766
40.92  0.5717638986404021
41.04  0.6583471302024133
41.16  0.7496738037658683
41.28  0.8454965231578142
41.4  0.9455585873286887
41.519999999999996  1.0495945714437838
41.64  1.1573309274442156
41.76  1.268486602659542
41.879999999999995  1.382773675012884
42.0  1.4998980033212401
42.12  1.619559891159037
42.239999999999995  1.7414547627228045
42.36  1.865273849107138
42.48  1.9907048833793324
42.6  2.1174328028209053
42.72  2.2451404566883357
42.839999999999996  2.373509317834529
42.96  2.5022201965244104
43.08  2.6309539547750873
43.199999999999996  2.7593922195513865
43.32  2.8872180931516422
43.44  3.014116859127914
43.559999999999995  3.139776682096438
43.68  3.263889299810875
43.8  3.386150705891003
43.92  3.5062618216235952
44.04  3.623929155279905
44.16  3.738865447425733
44.28  3.8507903007351905
44.4  3.959430792857681
44.519999999999996  4.064522070930007
44.64  4.165807926370528
44.76  4.263041348641069
44.879999999999995  4.355985056714018
45.0  4.444412007036386
45.12  4.528105876840496
45.239999999999995  4.606861521710844
45.36  4.680485406379386
45.48  4.748796007786839
45.6  4.811624189514706
45.72  4.868813546762201
45.839999999999996  4.920220721113617
45.96  4.965715684414699
46.08  5.00518199115114
46.199999999999996  5.038516998798324
46.32  5.065632055688561
46.44  5.08645265602028
46.559999999999995  5.100918561712461
46.68  5.108983890887422
46.8  5.1106171728447425
46.92  5.10580136946978
47.04  5.094533863100115
47.16  5.076826410953661
47.28  5.052705066301972
47.4  5.022210066651342
47.519999999999996  4.985395689273066
47.64  4.9423300745017364
47.76  4.89309501729694
47.879999999999995  4.837785727639049
48.0  4.776510560403495
48.12  4.709390715430129
48.239999999999995  4.63655990857448
48.36  4.558164014596102
48.48  4.474360682805574
48.6  4.38531892645508
48.72  4.291218686919738
48.839999999999996  4.192250373774762
48.96  4.088614381930404
49.08  3.980520587039413
49.199999999999996  3.868187820441865
49.32  3.751843324959885
49.44  3.631722192897816
49.559999999999995  3.508066787644618
49.68  3.3811261503119985
49.8  3.2511553928754218
49.92  3.118415079315116
50.04  2.9831705962805977
50.16  2.845691514824664
50.28  2.7062509447716803
50.4  2.565124883299964
50.519999999999996  2.4225915593292973
50.64  2.2789307753114576
50.76  2.1344232480257004
50.879999999999995  1.9893499499796512
51.0  1.8439914530126773
51.12  1.698627275689436
51.239999999999995  1.553535236059857
51.36  1.4089908113456224
51.48  1.2652665060930648
51.6  1.1226312303093502
51.72  0.9813496890713117
51.839999999999996  0.8416817850655702
51.96  0.7038820354841686
52.08  0.5681990046622891
52.199999999999996  0.43487475380332247
52.32  0.3041443090922374
52.44  0.17623514945079077
52.559999999999995  0.051366715137249996
52.68  0.0
52.8  0.0
52.919999999999995  0.0
53.04  0.0
53.16  0.0
53.28  0.0
53.4  0.0
53.519999999999996  0.0
53.64  0.0
53.76  0.0
53.879999999999995  0.0
54.0  0.0
54.12  0.0
54.239999999999995  0.0
54.36  0.0
54.48  0.0
54.6  0.0
54.72  0.0
54.839999999999996  0.0
54.96  0.0
55.08  0.0
55.199999999999996  0.0
55.32  0.0
55.44  0.0
55.559999999999995  0.0
55.68  0.0
55.8  0.0
55.919999999999995  0.0
56.04  0.0
56.16  0.0
56.28  0.0
56.4  0.0
56.519999999999996  0.0
56.64  0.0
56.76  0.0
56.879999999999995  0.0
57.0  0.0
57.12  0.0
57.239999999999995  0.0
57.36  0.0
57.48  0.0
57.599999999999994  0.0
57.72  0.0
57.839999999999996  0.0
57.96  0.0
58.08  0.0
58.199999999999996  0.0
58.32  0.0
58.44  0.0
58.559999999999995  0.0
58.68  0.0
58.8  0.0
58.919999999999995  0.0
59.04  0.0
59.16  0.0
59.28  0.0
59.4  0.0
59.519999999999996  0.0
59.64  0.05061220361432156
59.76  0.11985436412060979
59.879999999999995  0.18792449830891944
60.0  0.2546673118974872
60.12  0.3199350347770483
60.239999999999995  0.38358782215339754
60.36  0.4454941326972627
60.48  0.5055310826910389
60.599999999999994  0.5635847752226819
60.72  0.6195506035406084
60.839999999999996  0.6733335277485795
60.96  0.7248483240877773
61.08  0.7740198061225645
61.199999999999996  0.8207830172180715
61.32  0.865083393770674
61.44  0.9068768987271821
61.559999999999995  0.9461301250041748
61.68  0.9828203684957221
61.8  1.0169356704356285
61.919999999999995  1.0484748289588395
62.04  1.0774473797851516
62.16  1.1038735460282685
62.28  1.127784157212122
62.4  1.1492205376559108
62.519999999999996  1.1682343644681692
62.64  1.1848874954690336
62.76  1.1992517674374217
62.879999999999995  1.2114087651570513
63.0  1.2214495618112358
63.12  1.2294744313513344
63.239999999999995  1.2355925335364628
63.36  1.2399215724147243
63.48  1.2425874290854297
63.599999999999994  1.2437237696501908
63.72  1.243471629326625
63.839999999999996  1.241978973761827
63.96  1.2394002386443201
64.08  1.2358958487711642
64.2  1.2316317177834053
64.32  1.2267787298354176
64.44  1.2215122045137123
64.56  1.2160113463679032
64.67999999999999  1.2104586804593231
64.8  1.205039475373344
64.92  1.19994115517804
65.03999999999999  1.1953527018442724
65.16  1.1914640496724866
65.28  1.188465473296158
65.39999999999999  1.1865469708541363
65.52  1.1858976439418547
65.64  1.1867050759649653
65.75999999999999  1.1891547105294749
65.88  1.1934292315077049
66.0  1.1997079464217226
66.12  1.2081661747834358
66.24  1.2189746430246182
66.36  1.2322988876392187
66.48  1.2482986681467865
66.6  1.2671273914668475
66.72  1.2889315492719144
66.84  1.3138501698609826
66.96  1.3420142860643303
67.08  1.3735464206575805
67.2  1.4085600907245361
67.32  1.44715933236701
67.44  1.4894382471156657
67.56  1.5354805713463455
67.67999999999999  1.585359269955883
67.8  1.6391361554954735
67.92  1.696861533901839
68.03999999999999  1.7585738779058415
68.16  1.8242995291334485
68.28  1.894052429847832
68.39999999999999  1.9678338852122068
68.52  2.0456323568813093
68.64  2.127423288655411
68.75999999999999  2.2131689648555897
68.88  2.3028184020005233
69.0  2.3963072742860585
69.12  2.4935578732879087
69.24  2.594479102225499
69.36  2.6989665050416374
69.48  2.8069023304683873
69.6  2.91815563116472
69.72  3.0325823979257303
69.84  3.1500257288775213
69.96  3.270316033485752
70.08  3.3932712711203354
70.2  3.5186972238325596
70.32  3.6463878029164274
70.44  3.776125388741503
70.56  3.907681203260491
70.67999999999999  4.040815714513466
70.8  4.1752790723686735
70.92  4.310811574660588
71.03999999999999  4.4471441628084385
71.16  4.583998945921742
71.28  4.721089752325986
71.39999999999999  4.858122707369898
71.52  4.994796836306416
71.64  5.1308046909727665
71.75999999999999  5.265832998931618
71.88  5.399563333674071
72.0  5.5316728044272665
72.11999999999999  5.661834764055312
72.24  5.7897195334906755
72.36  5.914995141085123
72.48  6.037328075226148
72.6  6.156384048523301
72.72  6.271828771833387
72.84  6.38332873635978
72.96  6.490552002033872
73.08  6.593168990360919
73.2  6.69085327989319
73.32  6.783282402476953
73.44  6.870138638408079
73.56  6.951109808623631
73.67999999999999  7.025890062054083
73.8  7.094180656261543
73.92  7.155690729495749
74.03999999999999  7.210138062309206
74.16  7.257249826887783
74.28  7.296763322271554
74.39999999999999  7.328426693664068
74.52  7.351999634056057
74.64  7.367254066420405
74.75999999999999  7.373974804772384
74.88  7.371960192427976
75.0  7.361022715837944
75.11999999999999  7.3409895924232185
75.24  7.3117033308884585
75.36  7.273022262546923
75.48  7.224821042248466
75.6  7.166991117565436
75.72  7.099441164956963
75.84  7.022097491701711
75.96  6.934904402461099
76.08  6.837824529410383
76.2  6.730839124952985
76.32  6.613948316113592
76.44  6.487171319788809
76.56  6.350546618118989
76.67999999999999  6.2041320933320145
76.8  6.048005121498592
76.92  5.882262624729453
77.03999999999999  5.7070210814363485
77.16  5.522416494372067
77.28  5.32860431625922
77.39999999999999  5.125759332911605
77.52  4.914075503848023
77.64  4.693765760494744
77.75999999999999  4.465061762167267
77.88  4.228213610119509
78.0  3.9834895200434266
78.11999999999999  3.7311754534967347
78.24  3.471574708831482
78.36  3.205007472289201
78.48  2.9318103300201903
78.6  2.6523357418759694
78.72  2.3669514779121377
78.84  2.0760400186276633
78.96  1.7799979200501048
79.08  1.4792351448606693
79.2  1.174174360834032
79.32  0.8652502079441577
79.44  0.5529085355644616
79.56  0.237605611262653
79.67999999999999  0.0
79.8  0.0
79.92  0.0
80.03999999999999  0.0
80.16  0.0
80.28  0.0
80.39999999999999  0.0
80.52  0.0
80.64  0.0
80.75999999999999  0.0
80.88  0.0
81.0  0.0
81.11999999999999  0.0
81.24  0.0
81.36  0.0
81.48  0.0
81.6  0.0
81.72  0.0
81.84  0.0
81.96  0.0
82.08  0.0
82.2  0.0
82.32  0.0
82.44  0.0
82.56  0.0
82.67999999999999  0.0
82.8  0.0
82.92  0.0
83.03999999999999  0.0
83.16  0.0
83.28  0.0
83.39999999999999  0.0
83.52  0.0
83.64  0.0
83.75999999999999  0.0
83.88  0.0
84.0  0.0
84.11999999999999  0.0
84.24  0.0
84.36  0.0
84.47999999999999  0.0
84.6  0.0
84.72  0.0
84.84  0.0
84.96  0.0
85.08  0.0
85.2  0.0
85.32  0.0
85.44  0.0
85.56  0.0
85.67999999999999  0.0
85.8  0.0
85.92  0.0
86.03999999999999  0.0
86.16  0.0
86.28  0.0
86.39999999999999  0.0
86.52  0.0
86.64  0.0
86.75999999999999  0.0
86.88  0.0
87.0  0.0
87.11999999999999  0.0
87.24  0.0
87.36  0.0
87.47999999999999  0.0
87.6  0.0
87.72  0.0
87.84  0.0
87.96  0.0
88.08  0.0
88.2  0.0
88.32  0.0
88.44  0.0
88.56  0.0
88.67999999999999  0.0
88.8  0.0
88.92  0.0
89.03999999999999  0.0
89.16  0.0
89.28  0.0
89.39999999999999  0.0
89.52  0.0
89.64  0.0
89.75999999999999  0.0
89.88  0.13259336971258895
90.0  0.4575895297205981
90.11999999999999  0.779697874419945
90.24  1.0983967677795519
90.36  1.4131732481143011
90.47999999999999  1.723524027660803
90.6  2.0289564715642623
90.72  2.32898955419881
90.84  2.62315479079205
90.96  2.9109971423763294
91.08  3.192075892145975
91.2  3.465965491359936
91.32  3.7322563729957956
91.44  3.9905557314282256
91.56  4.240488266478661
91.67999999999999  4.481696890259727
91.8  4.713843395316926
91.92  4.936609082653877
92.03999999999999  5.149695348314068
92.16  5.3528242272807764
92.28  5.545738893549448
92.39999999999999  5.72820411532122
92.52  5.900006664363573
92.64  6.060955678682632
92.75999999999999  6.210882977753734
92.88  6.349643329658605
93.0  6.4771146695822255
93.11999999999999  6.593198269228173
93.24  6.697818856817126
93.36  6.790924687440753
93.47999999999999  6.872487563651351
93.6  6.942502806274891
93.72  7.000989175543924
93.84  7.047988742754495
93.96  7.083566712758756
94.08  7.107811197711785
94.2  7.120832942597194
94.32  7.122765003160935
94.44  7.113762376985818
94.56  7.094001588542103
94.67999999999999  7.0636802291479635
94.8  7.023016452873567
94.92  6.972248429516462
95.03999999999999  6.911633755870609
95.16  6.841448826600988
95.28  6.761988166124243
95.39999999999999  6.673563722979607
95.52  6.576504128256725
95.64  6.471153919723821
95.75999999999999  6.357872733374887
95.88  6.23703446418434
96.0  6.109026397925009
96.11999999999999  5.974248315966745
96.24  5.833111575032213
96.36  5.68603816393961
96.47999999999999  5.533459739411834
96.6  5.375816643076429
96.72  5.213556901820695
96.84  5.0471352137015515
96.96  4.8770119216406265
97.08  4.7036519771605505
97.2  4.527523896438726
97.32  4.349098710970722
97.44  4.168848915145809
97.56  3.9872474130430753
97.67999999999999  3.804766466755847
97.8  3.621876648548652
97.92  3.43904579914013
98.03999999999999  3.2567379943911714
98.16  3.07541252265659
98.28  2.8955228750353674
98.39999999999999  2.7175157507228724
98.52  2.5418300796347344
98.64  2.3688960644329256
98.75999999999999  2.1991342440391444
98.88  2.0329545806730716
99.0  1.8707555723992508
99.11999999999999  1.7129233931085446
99.24  1.5598310617985622
99.36  1.4118376429514825
99.47999999999999  1.2692874797374785
99.6  1.1325094616983093
99.72  1.001816328488693
99.84  0.8775040111714758
99.96  0.7598510124791095
100.08  0.6491178273666097
100.2  0.5455464050909876
100.32  0.4493596539591899
100.44  0.3607609897916311
100.56  0.2799339290507917
100.67999999999999  0.20704172748420163
100.8  0.14222706503048266
100.92  0.08561177763343136
101.03999999999999  0.037296636504656866
101.16  0.0
101.28  0.0
101.39999999999999  0.0
101.52  0.0
101.64  0.0
101.75999999999999  0.0
101.88  0.0
102.0  0.0
102.11999999999999  0.0
102.24  0.017560818761123365
102.36  0.06109746335705202
102.47999999999999  0.11248592158154636
102.6  0.17155494908536495
102.72  0.23811417731090423
102.83999999999999  0.3119545968525256
102.96  0.39284908249860484
103.08  0.48055295873772397
103.2  0.5748046044221926
103.32  0.6753260951958231
103.44  0.7818238822101369
103.56  0.8939895055726315
103.67999999999999  1.0115003408958418
103.8  1.1340203772418476
103.92  1.2612010246894227
104.03999999999999  1.3926819496851328
104.16  1.5280919362806507
104.28  1.667049771300007
104.39999999999999  1.8091651514309153
104.52  1.9540396101849224
104.64  2.101267462629378
104.75999999999999  2.2504367657555253
104.88  2.4011302923140145
105.0  2.552926515920049
105.11999999999999  2.705400605207592
105.24  2.8581254247921666
105.36  3.0106725407894186
105.47999999999999  3.1626132286270305
105.6  3.313519480884492
105.72  3.4629650128962917
105.83999999999999  3.6105262638607982
105.96  3.7557833912091154
106.08  3.8983212560031646
106.2  4.037730397156084
106.32  4.173607992291742
106.44  4.305558803094106
106.56  4.433196103030507
106.67999999999999  4.5561425853760635
106.8  4.6740312495099205
106.92  4.7865062635046804
107.03999999999999  4.893223801084291
107.16  4.993852851084465
107.28  5.088075997611234
107.39999999999999  5.175590169161272
107.52  5.256107355036489
107.64  5.329355287460535
107.75999999999999  5.395078087881673
107.88  5.4530368760278725
108.0  5.503010340363415
108.11999999999999  5.544795268683932
108.24  5.578207037675908
108.36  5.603080060359294
108.47999999999999  5.619268190426594
108.6  5.626645082588281
108.72  5.625104508133141
108.83999999999999  5.6145606250131594
108.96  5.5949482018630405
109.08  5.566222795469499
109.2  5.5283608813077665
109.32  5.481359936868855
109.44  5.425238477606182
109.56  5.360036045436047
109.67999999999999  5.2858131498320295
109.8  5.2026511616596185
109.92  5.110652160002287
110.03999999999999  5.009938732335023
110.16  4.9006537285050165
110.28  4.782959969082535
110.39999999999999  4.657039908745375
110.52  4.5230952554612145
110.64  4.38134654632962
110.75999999999999  4.232032681041833
110.88  4.075410414010193
111.0  3.9117538063110406
111.11999999999999  3.7413536386731954
111.24  3.56451678683036
111.36  3.381565560639833
111.47999999999999  3.1928370084480058
111.6  2.998682188261751
111.72  2.799465407356356
111.83999999999999  2.595563432020608
111.96  2.3873646692052435
112.08  2.175268321902573
112.2  1.9596835201421698
112.32  1.7410284295413627
112.44  1.5197293393970333
112.56  1.2962197323517302
112.67999999999999  1.0709393377043102
112.8  0.8443331704726332
112.92  0.616850558345709
113.03999999999999  0.38894415868798093
113.16  0.16106896777997637
113.28  0.0
113.39999999999999  0.0
113.52  0.0
113.64  0.0
113.75999999999999  0.0
113.88  0.0
114.0  0.0
114.11999999999999  0.0
114.24  0.0
114.36  0.0
114.47999999999999  0.0
114.6  0.0
114.72  0.0
114.83999999999999  0.0
114.96  0.0
115.08  0.0
115.19999999999999  0.0
115.32  0.0
115.44  0.0
115.56  0.0
115.67999999999999  0.0
115.8  0.0
115.92  0.0
116.03999999999999  0.0
116.16  0.0
116.28  0.0
116.39999999999999  0.0
116.52  0.0
116.64  0.0
116.75999999999999  0.0
116.88  0.0
117.0  0.0
117.11999999999999  0.0
117.24  0.0
117.36  0.0
117.47999999999999  0.0
117.6  0.0
117.72  0.0
117.83999999999999  0.0
117.96  0.0
118.08  0.0
118.19999999999999  0.0
118.32  0.0
118.44  0.0
118.56  0.0
118.67999999999999  0.0
118.8  0.0
118.92  0.0
119.03999999999999  0.0
119.16  0.0
119.28  0.0
119.39999999999999  0.0
119.52  0.0
119.64  0.0
119.75999999999999  0.0
119.88  0.0
120.0  0.0
