0.0  18.240474500488464
1.68  43.66973703957273
3.36  33.030789206022504
5.04  23.447549483434045
6.72  48.3601113694193
8.4  20.837705849742033
10.08  36.917982038809384
11.76  40.489859050021764
13.44  0.0
15.12  14.05873474198653
16.8  0.0
18.48  0.0
20.16  12.781364955379962
21.84  0.0
23.52  9.487412069525972
25.2  0.820270894233083
26.88  0.0
28.56  15.130317023835259
30.24  0.0
31.919999999999998  2.4844483645305884
33.6  8.126048860613151
35.28  0.0
36.96  13.6013412189357
38.64  0.0
40.32  0.0
42.0  13.349105670048987
43.68  0.0
45.36  8.586316830597417
47.04  1.9385810973852364
48.72  0.0
50.4  15.150762327677537
52.08  0.0
53.76  1.370603764396032
55.44  9.050944827567838
57.12  0.0
58.8  13.069250943253891
60.48  0.0
62.16  0.0
63.839999999999996  13.843534876093283
65.52  0.0
67.2  7.63806668437076
68.88  3.0462448716039763
70.56  0.0
72.24  15.088001664729875
73.92  0.0
75.6  0.249231991117576
77.28  9.926134212209703
78.96  0.0
80.64  12.465386083796316
82.32  0.0
84.0  0.0
85.67999999999999  14.261937234230961
87.36  0.0
89.03999999999999  6.647869294227661
90.72  4.137179075115639
92.39999999999999  0.0
94.08  14.942379708185864
95.75999999999999  0.0
97.44  0.0
99.11999999999999  10.746810591119685
100.8  0.0
102.47999999999999  11.793062985863207
104.16  0.0
105.83999999999999  0.0
107.52  14.602014934492916
109.2  0.0
110.88  5.621162692220749
112.56  5.205392442719935
114.24  0.0
115.92  14.714696194416442
117.6  0.0
119.28  0.0
120.96  11.508466919038115
122.64  0.0
124.32  11.055973958274084
126.0  0.0
127.67999999999999  0.0
129.35999999999999  14.86190031548874
131.04  0.0
132.72  4.563585414126981
134.4  6.245018489016148
136.07999999999998  0.0
137.76  14.4062015309241
139.44  0.0
141.12  0.0
142.79999999999998  12.20692028095637
144.48  0.0
146.16  10.258166995698824
147.84  0.0
149.51999999999998  0.0
151.2  15.040166121354291
152.88  0.0
154.56  3.48094553336027
156.23999999999998  7.2503477263627225
157.92  0.0
159.6  14.018589929272181
161.28  0.0
162.96  0.0
164.64  12.838334864129777
166.32  0.0
168.0  9.404023547611526
