0.0  31.84575392310755
1.68  28.466711555156127
3.36  32.94568410828757
5.04  38.050584365152915
6.72  35.53865498451647
8.4  29.46584677855349
10.08  29.637774333817124
11.76  35.77683044017546
13.44  4.637098316481537
15.12  0.0
16.8  0.0
18.48  0.0
20.16  4.417126738642509
21.84  2.929610240198674
23.52  0.0
25.2  0.0
26.88  1.6711987825918948
28.56  4.8406174592149025
30.24  0.19400975130717257
31.919999999999998  0.0
33.6  0.0
35.28  3.9834929788124587
36.96  3.565350158593497
38.64  0.0
40.32  0.0
42.0  0.8483877899631571
43.68  4.897826954639055
45.36  1.0388649645305306
47.04  0.0
48.72  0.0
50.4  3.4294565105057577
52.08  4.093325906687148
53.76  0.0
55.44  0.0
57.12  0.0
58.8  4.806997622299481
60.48  1.852320058276822
62.16  0.0
63.839999999999996  0.0
65.52  2.771763313126374
67.2  4.497579201028754
68.88  0.0
70.56  0.0
72.24  0.0
73.92  4.570874816005257
75.6  2.6097880188290805
77.28  0.0
78.96  0.0
80.64  2.0302924332127144
82.32  4.7658913200570625
84.0  0.0
85.67999999999999  0.0
87.36  0.0
89.03999999999999  4.1965954443846005
90.72  3.288374066525381
92.39999999999999  0.0
94.08  0.0
95.75999999999999  1.2274551321056386
97.44  4.890152419969156
99.11999999999999  0.656840436103322
100.8  0.0
102.47999999999999  0.0
104.16  3.6954722548955212
105.83999999999999  3.86756765986075
107.52  0.0
109.2  0.0
110.88  0.3875174963864825
112.56  4.866606658074411
114.24  1.487705312738894
115.92  0.0
117.6  0.0
119.28  3.0826519013957907
120.96  4.329862435012958
122.64  0.0
124.32  0.0
126.0  0.0
127.67999999999999  4.695965714679598
129.35999999999999  2.273603686352789
131.04  0.0
132.72  0.0
134.4  2.3766571303201163
136.07999999999998  4.6612853428668775
137.76  0.0
139.44  0.0
141.12  0.0
142.79999999999998  4.383387282259888
144.48  2.9907814563919186
146.16  0.0
147.84  0.0
149.51999999999998  1.5988269230749457
151.2  4.851818990152565
152.88  0.2706978352053324
154.56  0.0
156.23999999999998  0.0
157.92  3.93831917208922
159.6  3.617561630721413
161.28  0.0
162.96  0.0
164.64  0.7726715165769474
166.32  4.895704419263934
168.0  1.1137633730206729
