0.0  5.631926360695021  100.0
0.12  5.755312949362683
0.24  5.874662981062077
0.36  5.989789878595248
0.48  6.100513618511263
0.6  6.206661039861871
0.72  6.308066141491485
0.84  6.40457036733592
0.96  6.4960228792251975
1.08  6.582280816707584
1.2  6.663209543434656
1.3199999999999998  6.738682879670722
1.44  6.808583320514193
1.56  6.872802239443546
1.68  6.931240076826241
1.7999999999999998  6.983806513055319
1.92  7.030420626005418
2.04  7.071011032527457
2.16  7.1055160137293125
2.28  7.133883623818257
2.4  7.156071782309917
2.52  7.1720483494377
2.6399999999999997  7.1817911846262215
2.76  7.185288187922097
2.88  7.182537324305436
3.0  7.173546630835514
3.12  7.158334206614407
3.2399999999999998  7.136928185582496
3.36  7.109366692190157
3.48  7.07569778001997
3.5999999999999996  7.035979353463951
3.7199999999999998  6.990279072590039
3.84  6.938674241361796
3.96  6.881251679404528
4.08  6.818107577540061
4.2  6.749347337340973
4.32  6.675085394983246
4.4399999999999995  6.595445029703918
4.56  6.510558157197439
4.68  6.420565108310944
4.8  6.325614393424499
4.92  6.225862452927555
5.04  6.121473394227296
5.16  6.012618715748233
5.279999999999999  5.899477018405227
5.3999999999999995  5.782233705054094
5.52  5.661080668445088
5.64  5.536215968224616
5.76  5.407843497549798
5.88  5.276172639898572
6.0  5.141417916675225
6.12  5.003798626227276
6.24  4.863538474904534
6.359999999999999  4.720865200805056
6.4799999999999995  4.576010190865386
6.6  4.4292080919638925
6.72  4.280696416716452
6.84  4.130715144652705
6.96  3.9795063194690568
7.08  3.8273136430611885
7.199999999999999  3.6743820670442426
7.319999999999999  3.520957382472904
7.4399999999999995  3.367285808476523
7.56  3.21361358052592
7.68  3.060186539048819
7.8  2.9072497191099034
7.92  2.75504694186918
8.04  2.603820408528821
8.16  2.453810297473853
8.28  2.305254365306041
8.4  2.158387552462922
8.52  2.013441594105566
8.64  1.8706446369487297
8.76  1.7302208626962998
8.879999999999999  1.5923901187326421
9.0  1.45736755670735
9.12  1.3253632796363877
9.24  1.1965819981271417
9.36  1.0712226963183746
9.48  0.9494783081083348
9.6  0.8315354042257693
9.719999999999999  0.7175738906788555
9.84  0.607766719096586
9.959999999999999  0.502279609455642
10.08  0.4012707856634288
10.2  0.30489072444487064
10.32  0.21328191795648954
10.44  0.12657865052675188
10.559999999999999  0.04490678989613217
10.68  0.0
10.799999999999999  0.0
10.92  0.0
11.04  0.0
11.16  0.0
11.28  0.0
11.4  0.0
11.52  0.0
11.639999999999999  0.0
11.76  0.0
11.879999999999999  0.0
12.0  0.0
12.12  0.0
12.24  0.0
12.36  0.0
12.48  0.0
12.6  0.0
12.719999999999999  0.0
12.84  0.0
12.959999999999999  0.0
13.08  0.0
13.2  0.0
13.32  0.0
13.44  0.0
13.559999999999999  0.0
13.68  0.0
13.799999999999999  0.0
13.92  0.022424402100358343
14.04  0.09983417500446401
14.16  0.18175436016529267
14.28  0.268033709006382
14.399999999999999  0.3585142907019392
14.52  0.4530317860866453
14.639999999999999  0.5514157920174765
14.76  0.6534901356275074
14.879999999999999  0.7590731978947098
15.0  0.8679782459329322
15.12  0.9800137733973338
15.24  1.0949838483830172
15.36  1.2126884681828922
15.479999999999999  1.3329239202595273
15.6  1.455483148775464
15.719999999999999  1.5801561260174526
15.84  1.706730228042293
15.959999999999999  1.834990613865284
16.08  1.9647206075070422
16.2  2.095702082210232
16.32  2.227715846134918
16.439999999999998  2.3605420288396797
16.56  2.4939604678552194
16.68  2.627751094658037
16.8  2.7616943193540795
16.919999999999998  2.8955714133854276
17.04  3.0291648895779426
17.16  3.1622588788534416
17.28  3.29463950293729
17.4  3.4260952424004048
17.52  3.5564172993842074
17.64  3.6853999543677514
17.759999999999998  3.8128409163479775
17.88  3.938541665817082
18.0  4.0623077899348665
18.12  4.183949309309217
18.24  4.303280995813896
18.36  4.420122680890076
18.48  4.534299553796137
18.599999999999998  4.645642449289498
18.72  4.753988124244127
18.84  4.859179522728391
18.96  4.961066029089662
19.08  5.059503708614576
19.2  5.154355535357258
19.32  5.245491606751731
19.439999999999998  5.332789344649578
19.56  5.416133682449113
19.68  5.495417238008279
19.8  5.57054047205996
19.919999999999998  5.641411831875244
20.04  5.707947879947575
20.16  5.770073407498406
20.279999999999998  5.8277215326331175
20.4  5.880833783004211
20.52  5.929360162867404
20.64  5.973259204445025
20.759999999999998  6.012498003539884
20.88  6.047052239371863
21.0  6.076906178638247
21.119999999999997  6.102052663827929
21.24  6.122493085848297
21.36  6.138237341052339
21.48  6.1493037727820425
21.599999999999998  6.1557190975723115
21.72  6.1575183161876765
21.84  6.154744609691534
21.96  6.1474492207750115
22.08  6.13569132059913
22.2  6.119537861430291
22.32  6.099063415374824
22.439999999999998  6.074349999543321
22.56  6.04548688800012
22.68  6.01257041087694
22.8  5.975703741052841
22.919999999999998  5.934996668824915
23.04  5.890565365015599
23.16  5.842532132983219
23.279999999999998  5.7910251500220165
23.4  5.736178198656827
23.52  5.678130388355473
23.64  5.617025868198725
23.759999999999998  5.553013531063765
23.88  5.486246709891638
24.0  5.4168828666233
24.119999999999997  5.345083274401189
24.24  5.271012693645064
24.36  5.194839042621166
24.48  5.116733063132971
24.599999999999998  5.0368679819700075
24.72  4.955419168757999
24.84  4.8725637908594175
24.96  4.78848046597784
25.08  4.703348913123036
25.2  4.617349602595493
25.32  4.530663405650175
25.439999999999998  4.443471244498713
25.56  4.355953743307747
25.68  4.2682908808482924
25.8  4.1806616454468495
25.919999999999998  4.0932436928839
26.04  4.006213007878823
26.16  3.919743569792814
26.279999999999998  3.834007023172384
26.4  3.7491723537463493
26.52  3.665405570477852
26.64  3.5828693942610816
26.759999999999998  3.501722953838848
26.88  3.4221214895029846
27.0  3.344216065124197
27.119999999999997  3.2681532890415315
27.24  3.194075044324378
27.36  3.1221182289016864
27.48  3.052414506033763
27.599999999999998  2.985090065582125
27.72  2.9202653965119088
27.84  2.8580550710397072
27.959999999999997  2.7985675408172916
28.08  2.7419049455184785
28.2  2.688162934172729
28.32  2.6374304995645064
28.439999999999998  2.589789825992537
28.56  2.5453161506575204
28.68  2.504077638920883
28.799999999999997  2.466135273650676
28.919999999999998  2.431542758843925
29.04  2.400346437687605
29.16  2.372585225192897
29.279999999999998  2.3482905555097977
29.4  2.3274863440012226
29.52  2.3101889641278293
29.64  2.2964072391666623
29.759999999999998  2.28614244875868
29.88  2.279388350252154
30.0  2.2761312147809596
30.119999999999997  2.2763498779889
30.24  2.280015805283618
30.36  2.287093171476116
30.48  2.297538954634879
30.599999999999998  2.3113030439567046
30.72  2.328328361429948
30.84  2.3485509970399607
30.959999999999997  2.371900357240892
31.08  2.39829932639319
31.2  2.4276644408416006
31.32  2.4599060752848216
31.439999999999998  2.494928641064784
31.56  2.532630795981174
31.68  2.572905665215122
31.799999999999997  2.615641072925218
31.919999999999998  2.660719784058891
32.04  2.708019755903042
32.16  2.757414398879708
32.28  2.80877284607495
32.4  2.86196023097306
32.519999999999996  2.9168379728526936
32.64  2.9732640692872
32.76  3.0310933951782033
32.879999999999995  3.0901780077392687
33.0  3.1503674568353603
33.12  3.21150910007381
33.24  3.2734484220338254
33.36  3.3360293570135613
33.48  3.3990946146676544
33.6  3.4624860079024544
33.72  3.5260447823922503
33.839999999999996  3.589611947076744
33.96  3.653028604998301
34.08  3.7161362838369887
34.199999999999996  3.7787772655021126
34.32  3.8407949141407363
34.44  3.9020340019268676
34.56  3.9623410319992614
34.68  4.021564557921138
34.8  4.079555499041961
34.92  4.136167451148997
35.04  4.191256991805647
35.16  4.244683979783293
35.28  4.296311848004934
35.4  4.346007889430951
35.519999999999996  4.393643535330979
35.64  4.439094625400029
35.76  4.482241669192634
35.879999999999995  4.522970098365262
36.0  4.56117050923447
36.12  4.596738895176813
36.24  4.62957686841559
36.36  4.659591870759764
36.48  4.686697372881133
36.6  4.710813061737657
36.72  4.731865015773211
36.839999999999996  4.749785867547267
36.96  4.764514953471631
37.08  4.7759984503559885
37.199999999999996  4.784189498488837
37.32  4.7890483110059385
37.44  4.790542269324378
37.559999999999995  4.78864600444681
37.68  4.78334146396708
37.8  4.774617964635674
37.92  4.76247223037076
38.04  4.746908415628197
38.16  4.727938114071668
38.28  4.705580352512015
38.4  4.679861570112819
38.519999999999996  4.65081558288726
38.64  4.6184835335392425
38.76  4.58291382672968
38.879999999999995  4.544162049876514
39.0  4.50229087962465
39.12  4.45736997414926
39.24  4.409475851482891
39.36  4.3586917540835985
39.48  4.305107499887442
39.6  4.2488193201146665
39.72  4.189929684124175
39.839999999999996  4.128547111635672
39.96  4.064785972663187
40.08  3.9987662755272364
40.199999999999996  3.9306134433357056
40.32  3.860458079346009
40.44  3.7884357216422413
40.559999999999995  3.7146865875819053
40.68  3.6393553084864996
40.8  3.562590655069302
40.92  3.4845452541115884
41.04  3.405375296915791
41.16  3.325240240080019
41.28  3.2443024991536884
41.4  3.1627271357479385
41.519999999999996  3.0806815386875326
41.64  2.9983350998030125
41.76  2.915858884972526
41.879999999999995  2.8334253010325376
42.0  2.7512077591851387
42.12  2.6693803355371237
42.239999999999995  2.588117429412054
42.36  2.50759342008171
42.48  2.427982322567054
42.6  2.349457443161303
42.72  2.2721910353294694
42.839999999999996  2.1963539566383528
42.96  2.1221153273704383
43.08  2.049642191472538
43.199999999999996  1.9790991804866156
43.32  1.9106481811056377
43.44  1.8444480069912634
43.559999999999995  1.780654075483149
43.68  1.7194180898214235
43.8  1.6608877274943414
43.92  1.6052063353126604
44.04  1.552512631800577
44.16  1.5029404174800551
44.28  1.456618293611766
44.4  1.4136693899407067
44.519999999999996  1.3742111019785324
44.64  1.3383548383378323
44.76  1.3062057786154502
44.879999999999995  1.2778626423030284
45.0  1.253417469183269
45.12  1.2329554116495243
45.239999999999995  1.216554539365014
45.36  1.2042856566554243
45.48  1.196212133005749
45.6  1.192389747008341
45.72  1.1928665440847317
45.839999999999996  1.1976827082786632
45.96  1.2068704483921482
46.08  1.2204538987101963
46.199999999999996  1.2384490345330907
46.32  1.2608636027080844
46.44  1.2876970673248587
46.559999999999995  1.3189405707112205
46.68  1.3545769098374572
46.8  1.3945805282093557
46.92  1.4389175233015
47.04  1.4875456695535747
47.16  1.540414456923933
47.28  1.597465144965762
47.4  1.658630832362464
47.519999999999996  1.7238365418303627
47.64  1.7929993202681822
47.76  1.8660283540044844
47.879999999999995  1.9428250989662714
48.0  2.023283425563972
48.12  2.1072897780607915
48.239999999999995  2.1947233481672725
48.36  2.28545626257523
48.48  2.379353784119264
48.6  2.4762745262284422
48.72  2.576070680305598
48.839999999999996  2.6785882556476532
48.96  2.7836673314964155
49.08  2.8911423207864844
49.199999999999996  3.00084224513483
49.32  3.1125910205950023
49.44  3.2262077536785636
49.559999999999995  3.3415070471267994
49.68  3.4582993148967587
49.8  3.5763911058082103
49.92  3.695585435281211
50.04  3.815682124578178
50.16  3.936478146949937
50.28  4.057767980071196
50.4  4.179343964138745
50.519999999999996  4.300996664994269
50.64  4.422515241623172
50.76  4.543687817372062
50.879999999999995  4.664301854219633
51.0  4.784144529428828
51.12  4.903003113902915
51.239999999999995  5.020665351563948
51.36  5.1369198390688355
51.48  5.251556405176763
51.6  5.3643664890812275
51.72  5.475143517020403
51.839999999999996  5.58368327648207
51.96  5.689784287322071
52.08  5.793248169120125
52.199999999999996  5.893880004102497
52.32  5.99148869496778
52.44  6.08588731696052
52.559999999999995  6.176893463546484
52.68  6.264329585054265
52.8  6.348023319659253
52.919999999999995  6.427807816099184
53.04  6.503522047524303
53.16  6.57501111590028
53.28  6.6421265463982815
53.4  6.704726571223539
53.519999999999996  6.762676402352342
53.64  6.815848492666188
53.76  6.864122784992224
53.879999999999995  6.907386948580077
54.0  6.945536602567028
54.12  6.978475526006303
54.239999999999995  7.006115854056843
54.36  7.028378259957055
54.48  7.045192122430198
54.6  7.056495678194676
54.72  7.062236159278739
54.839999999999996  7.062369914866018
54.96  7.056862517425646
55.08  7.045688852908567
55.199999999999996  7.028833194819912
55.32  7.006289262005952
55.44  6.978060260023076
55.559999999999995  6.944158905985481
55.68  6.904607436817704
55.8  6.859437600867731
55.919999999999995  6.80869063286603
56.04  6.752417212245796
56.16  6.690677404869316
56.28  6.623540588235022
56.4  6.551085360269675
56.519999999999996  6.4733994318391535
56.64  6.390579503140963
56.76  6.302731124170236
56.879999999999995  6.209968539479747
57.0  6.11241451748282
57.12  6.010200164575697
57.239999999999995  5.9034647243833644
57.36  5.792355362459803
57.48  5.677026936799745
57.599999999999994  5.557641754544713
57.72  5.434369315291235
57.839999999999996  5.307386041433347
57.96  5.176874995994807
58.08  5.043025588429679
58.199999999999996  4.906033268891289
58.32  4.766099211490939
58.44  4.623429987087689
58.559999999999995  4.478237226169717
58.68  4.330737272405916
58.8  4.181150827463509
58.919999999999995  4.029702587703441
59.04  3.8766208733805385
59.16  3.72213725098908
59.28  3.566486149407127
59.4  3.409904470504934
59.519999999999996  3.2526311948925613
59.64  3.0949069834915646
59.76  2.936973775623345
59.879999999999995  2.779074384313386
60.0  2.621452089516459
60.12  2.4643502299718403
60.239999999999995  2.308011794400555
60.36  2.1526790127586137
60.48  1.99859294826049
60.599999999999994  1.8459930908860813
60.72  1.6951169530827364
60.839999999999996  1.5461996683701307
60.96  1.3994735935512144
61.08  1.2551679152268493
61.199999999999996  1.113508261304127
61.32  0.9747163181803868
61.44  0.8390094542751569
61.559999999999995  0.7066003505713419
61.68  0.5776966388152844
61.8  0.4525005480119215
61.919999999999995  0.3312085598369574
62.04  0.2140110735727745
62.16  0.10109208115816481
62.28  0.0
62.4  0.0
62.519999999999996  0.0
62.64  0.0
62.76  0.0
62.879999999999995  0.0
63.0  0.0
63.12  0.0
63.239999999999995  0.0
63.36  0.0
63.48  0.0
63.599999999999994  0.0
63.72  0.0
63.839999999999996  0.0
63.96  0.0
64.08  0.0
64.2  0.0
64.32  0.0
64.44  0.0
64.56  0.0
64.67999999999999  0.0
64.8  0.0
64.92  0.0
65.03999999999999  0.0
65.16  0.0
65.28  0.0
65.39999999999999  0.0
65.52  0.0
65.64  0.0
65.75999999999999  0.0
65.88  0.0
66.0  0.0
66.12  0.0
66.24  0.0
66.36  0.0
66.48  0.0
66.6  0.0
66.72  0.0
66.84  0.058477023876765344
66.96  0.16853817866737075
67.08  0.282779423802451
67.2  0.4010125627631518
67.32  0.5230430749770083
67.44  0.648670444225492
67.56  0.7776884971084632
67.67999999999999  0.9098857509733573
67.8  1.0450457706998957
67.92  1.182947533715644
68.03999999999999  1.3233658026041328
68.16  1.4660715046533965
68.28  1.6108321176809484
68.39999999999999  1.7574120614609168
68.52  1.9055730940689395
68.64  2.055074712451982
68.75999999999999  2.205674556523844
68.88  2.3571288160804595
69.0  2.50919263982463
69.12  2.6616205457870183
69.24  2.814166832427452
69.36  2.9665859897001523
69.48  3.118633109366875
69.6  3.270064293843803
69.72  3.420637062870947
69.84  3.5701107572970043
69.96  3.718246939278406
70.08  3.8648097881980448
70.2  4.009566491616766
70.32  4.152287630580698
70.44  4.292747558617438
70.56  4.430724773765567
70.67999999999999  4.566002282995509
70.8  4.6983679583930265
70.92  4.827614884491724
71.03999999999999  4.953541696157618
71.16  5.075952906445455
71.28  5.1946592238647975
71.39999999999999  5.309477858513418
71.52  5.420232816555417
71.64  5.526755182542452
71.75999999999999  5.6288833890989505
71.88  5.726463473514524
72.0  5.819349320810398
72.11999999999999  5.907402892871603
72.24  5.990494443261037
72.36  6.068502717357725
72.48  6.141315137487919
72.6  6.208827972744457
72.72  6.270946493217518
72.84  6.3275851083875665
72.96  6.378667489460024
73.08  6.424126675449634
73.2  6.463905162851666
73.32  6.49795497876655
73.44  6.526237737373963
73.56  6.548724679682065
73.67999999999999  6.5653966965076425
73.8  6.576244334672498
73.92  6.581267786431534
74.03999999999999  6.580476862177716
74.16  6.573890946498817
74.28  6.5615389376904645
74.39999999999999  6.54345917085928
74.52  6.51969932477907
74.64  6.490316312691757
74.75999999999999  6.45537615727308
74.88  6.414953850011157
75.0  6.369133195273505
75.11999999999999  6.318006639364947
75.24  6.261675084905468
75.36  6.20024769088273
75.48  6.133841658759041
75.6  6.062582005037287
75.72  5.986601320713503
75.84  5.906039518067322
75.96  5.82104356526285
76.08  5.731767209254202
76.2  5.638370687510173
76.32  5.541020429091432
76.44  5.439888745632326
76.56  5.335153512796792
76.67999999999999  5.226997842793628
76.8  5.115609748552053
76.92  5.001181800172604
77.03999999999999  4.883910774280877
77.16  4.763997296923985
77.28  4.641645480660217
77.39999999999999  4.5170625565013784
77.52  4.390458501376061
77.64  4.2620456617891875
77.75999999999999  4.1320383743583395
77.88  4.000652583912817
78.0  3.868105459844178
78.11999999999999  3.734615011399135
78.24  3.60039970260682
78.36  3.4656780675316923
78.48  3.3306683265418973
78.6  3.1955880042798066
78.72  3.0606535500174132
78.84  2.92607996107407
78.96  2.792080409966861
79.08  2.6588658759566197
79.2  2.5266447816435935
79.32  2.3956226352560153
79.44  2.266001679263998
79.56  2.1379805459387677
79.67999999999999  2.011753920463014
79.8  1.8875122121840573
79.92  1.7654412345857513
80.03999999999999  1.6457218945377476
80.16  1.5285298913635499
80.28  1.414035426249903
80.39999999999999  1.3024029225001177
80.52  1.1937907571136706
80.64  1.0883510041531048
80.75999999999999  0.9862291903365099
80.88  0.8875640632714605
81.0  0.7924873727222855
81.11999999999999  0.7011236652779469
81.24  0.613590092763161
81.36  0.5299962347094453
81.48  0.45044393517660164
81.6  0.3750271541885546
81.72  0.303831834020184
81.84  0.23693578054447767
81.96  0.1744085598209773
82.08  0.11631141007880197
82.2  0.06269716921882085
82.32  0.013610217930823287
82.44  0.0
82.56  0.0
82.67999999999999  0.0
82.8  0.0
82.92  0.0
83.03999999999999  0.0
83.16  0.0
83.28  0.0
83.39999999999999  0.0
83.52  0.0
83.64  0.0
83.75999999999999  0.0
83.88  0.0
84.0  0.0
84.11999999999999  0.0
84.24  0.0
84.36  0.0
84.47999999999999  0.0
84.6  0.0
84.72  0.0
84.84  0.01788873085160203
84.96  0.062815079085907
85.08  0.11105486030117206
85.2  0.1624719007898836
85.32  0.21692492484256798
85.44  0.2742678465415461
85.56  0.33435006964261205
85.67999999999999  0.39701679496630815
85.8  0.4621093347071059
85.92  0.5294654330569037
86.03999999999999  0.5989195925286706
86.16  0.6703034053562476
86.28  0.7434458893376459
86.39999999999999  0.8181738274823946
86.52  0.8943121108167493
86.64  0.971684083696118
86.75999999999999  1.0501118909702447
86.88  1.129416826343972
87.0  1.2094196812755866
87.11999999999999  1.2899410937542417
87.24  1.3708018962995598
87.36  1.4518234625285809
87.47999999999999  1.5328280516389867
87.6  1.6136391501625438
87.72  1.6940818103481747
87.84  1.773982984542025
87.96  1.8531718549395935
88.08  1.9314801580950058
88.2  2.0087425035827264
88.32  2.08479668621933
88.44  2.1594839912653807
88.56  2.2326494920414524
88.67999999999999  2.304142339407665
88.8  2.373816042571713
88.92  2.441528740707393
89.03999999999999  2.507143464883918
89.16  2.5705283898246516
89.28  2.631557075033981
89.39999999999999  2.6901086948515482
89.52  2.746068257014284
89.64  2.799326809329045
89.75999999999999  2.8497816340813737
89.88  2.897336429829565
90.0  2.941901480257238
90.11999999999999  2.983393809782656
90.24  3.0217373256480657
90.36  3.056862946238371
90.47999999999999  3.088708715404623
90.6  3.1172199025945764
90.72  3.1423490886193584
90.84  3.1640562369129848
90.96  3.1823087501687075
91.08  3.197081512264102
91.2  3.20835691541471
91.32  3.2161248725240776
91.44  3.2203828147260216
91.56  3.2211356741431136
91.67999999999999  3.218395851913213
91.8  3.212183171563964
91.92  3.202524817842594
92.03999999999999  3.1894552611361804
92.16  3.1730161676443753
92.28  3.153256295493981
92.39999999999999  3.1302313770107304
92.52  3.1040039873902434
92.64  3.0746434000354967
92.75999999999999  3.042225428853405
92.88  3.0068322578274533
93.0  2.9685522582078603
93.11999999999999  2.927479793683201
93.24  2.883715013920956
93.36  2.837363636885595
93.47999999999999  2.788536720364458
93.6  2.7373504231516015
93.72  2.6839257563595074
93.84  2.6283883253468083
93.96  2.57086806276821
94.08  2.511498953269061
94.2  2.450418750362919
94.32  2.3877686860452125
94.44  2.3236931737092466
94.56  2.258339504944334
94.67999999999999  2.191857540805919
94.8  2.124399398159319
94.92  2.056119131706819
95.03999999999999  1.9871724123167755
95.16  1.9177162022793366
95.28  1.8479084281204485
95.39999999999999  1.7779076516087169
95.52  1.7078727395946156
95.64  1.6379625333224865
95.75999999999999  1.568335517857503
95.88  1.4991494922687765
96.0  1.4305612412093116
96.11999999999999  1.3627262085294674
96.24  1.2957981735581297
96.36  1.2299289306796002
96.47999999999999  1.1652679728286248
96.6  1.1019621795181989
96.72  1.0401555100064754
96.84  0.9799887021989423
96.96  0.9215989778718161
97.08  0.865119754790052
97.2  0.8106803662806017
97.32  0.7584057888076059
97.44  0.7084163780805189
97.56  0.660827614211065
97.67999999999999  0.6157498564164466
97.8  0.5732881077495722
97.92  0.5335417903170803
98.03999999999999  0.4966045314268077
98.16  0.4625639610851151
98.28  0.43150152124373786
98.39999999999999  0.4034922871728259
98.52  0.3786048013146306
98.64  0.3569009199481814
98.75999999999999  0.3384356729714668
98.88  0.32325713708242687
99.0  0.3114063226151953
99.11999999999999  0.3029170742617029
99.24  0.29781598588287106
99.36  0.2961223295867079
99.47999999999999  0.29784799922372285
99.6  0.30299746842272524
99.72  0.31156776326251956
99.84  0.32354844964725715
99.96  0.338921635425373
100.08  0.3576619872639595
100.2  0.3797367622625256
100.32  0.40510585426200985
100.44  0.43372185477708913
100.56  0.46553012845182984
100.67999999999999  0.5004689029113791
100.8  0.5384693728546848
100.92  0.5794558182063014
101.03999999999999  0.6233457361183921
101.16  0.6700499865878107
101.28  0.7194729514266993
101.39999999999999  0.7715127063001455
101.52  0.8260612055187422
101.64  0.883004479249951
101.75999999999999  0.9422228427880601
101.88  1.0035911174994534
102.0  1.066978863037347
102.11999999999999  1.1322506203986116
102.24  1.1992661653739876
102.36  1.2678807719232716
102.47999999999999  1.3379454849874985
102.6  1.4093074022319083
102.72  1.4818099641960483
102.83999999999999  1.5552932523107315
102.96  1.6295942942264738
103.08  1.7045473758830425
103.2  1.7799843597368634
103.32  1.8557350085502822
103.44  1.9316273141360891
103.56  2.0074878304395023
103.67999999999999  2.08314201033239
103.8  2.158414545485196
103.92  2.2331297086765756
104.03999999999999  2.3071116978944946
104.16  2.380184981579204
104.28  2.45217464435421
104.39999999999999  2.522906732591169
104.52  2.592208599152474
104.64  2.6599092466570964
104.75999999999999  2.7258396686164748
104.88  2.7898331877905034
105.0  2.8517257911179814
105.11999999999999  2.9113564605814446
105.24  2.968567499372612
105.36  3.0232048527331195
105.47999999999999  3.075118422853752
105.6  3.12416237722588
105.72  3.1701954498500378
105.83999999999999  3.21308123471891
105.96  3.2526884710059987
106.08  3.2888913194049456
106.2  3.3215696290814085
106.32  3.3506091947147105
106.44  3.375902003125422
106.56  3.3973464690023727
106.67999999999999  3.414847659263464
106.8  3.4283175056038204
106.92  3.4376750048070592
107.03999999999999  3.44284640641682
107.16  3.4437653873891847
107.28  3.440373213369516
107.39999999999999  3.432618886262167
107.52  3.4204592777858487
107.64  3.4038592487334083
107.75999999999999  3.3827917536804217
107.88  3.3572379309138114
108.0  3.3271871773786668
108.11999999999999  3.2926372084686966
108.24  3.2535941025136452
108.36  3.210072329845106
108.47999999999999  3.162094766350262
108.6  3.109692691451804
108.72  3.0529057704808995
108.83999999999999  2.9917820214387443
108.96  2.9263777661710115
109.08  2.8567575660086155
109.2  2.782994141956377
109.32  2.7051682795403402
109.44  2.6233687184524532
109.56  2.5376920271600403
109.67999999999999  2.4482424626748465
109.8  2.3551318157045458
109.92  2.2584792414366666
110.03999999999999  2.158411076231636
110.16  2.0550606405279144
110.28  1.9485680282885347
110.39999999999999  1.8390798833426647
110.52  1.7267491630013994
110.64  1.6117348893503127
110.75999999999999  1.494201888644801
110.88  1.3743205192566907
111.0  1.2522663886423282
111.11999999999999  1.1282200598232308
111.24  1.0023667478901601
111.36  0.8748960070611069
111.47999999999999  0.746001408841132
111.6  0.6158802118496811
111.72  0.48473302389692674
111.83999999999999  0.35276345690589994
111.96  0.22017777529078364
112.08  0.0871845384157599
112.2  0.0
112.32  0.0
112.44  0.0
112.56  0.0
112.67999999999999  0.0
112.8  0.0
112.92  0.0
113.03999999999999  0.0
113.16  0.0
113.28  0.0
113.39999999999999  0.0
113.52  0.0
113.64  0.0
113.75999999999999  0.0
113.88  0.0
114.0  0.0
114.11999999999999  0.0
114.24  0.0
114.36  0.0
114.47999999999999  0.0
114.6  0.0
114.72  0.0
114.83999999999999  0.0
114.96  0.0
115.08  0.0
115.19999999999999  0.0
115.32  0.0
115.44  0.0
115.56  0.0
115.67999999999999  0.0
115.8  0.0
115.92  0.0
116.03999999999999  0.0
116.16  0.0
116.28  0.0
116.39999999999999  0.0
116.52  0.0
116.64  0.0
116.75999999999999  0.0
116.88  0.0
117.0  0.0
117.11999999999999  0.0
117.24  0.0
117.36  0.0
117.47999999999999  0.0
117.6  0.0
117.72  0.0
117.83999999999999  0.0
117.96  0.0
118.08  0.0
118.19999999999999  0.0
118.32  0.0
118.44  0.0
118.56  0.0
118.67999999999999  0.0
118.8  0.0
118.92  0.0
119.03999999999999  0.0
119.16  0.0
119.28  0.0
119.39999999999999  0.0
119.52  0.0
119.64  0.0
119.75999999999999  0.0
119.88  0.0
120.0  0.0
