0.0  6.288324262892421  100.0
0.12  6.425071448855993
0.24  6.5571606632815405
0.36  6.684393509317065
0.48  6.806578731384257
0.6  6.923532534355522
0.72  7.035078890710562
0.84  7.141049835137755
0.96  7.241285746067051
1.08  7.3356356136434
1.2  7.423957293672995
1.3199999999999998  7.506117747098617
1.44  7.581993264585204
1.56  7.651469675822416
1.68  7.7144425431771735
1.7999999999999998  7.770817339356164
1.92  7.820509608765824
2.04  7.863445112285446
2.16  7.8995599551976765
2.28  7.928800698049724
2.4  7.951124450248169
2.52  7.966498946220017
2.6399999999999997  7.97490260400286
2.76  7.976324566157376
2.88  7.970764722925981
3.0  7.958233717592231
3.12  7.938752934026327
3.2399999999999998  7.912354466432967
3.36  7.879081071348621
3.48  7.838986101966006
3.5999999999999996  7.792133424894235
3.7199999999999998  7.738597319493454
3.84  7.6784623599530315
3.96  7.611823280312226
4.08  7.538784822651828
4.2  7.459461568714364
4.32  7.373977755239217
4.4399999999999995  7.282467073327128
4.56  7.185072452176236
4.68  7.081945827558806
4.8  6.973247895434212
4.92  6.859147851119378
5.04  6.7398231144628635
5.16  6.615459041492926
5.279999999999999  6.486248623033195
5.3999999999999995  6.352392170802048
5.52  6.214096991533374
5.64  6.0715770496769
5.76  5.925052619255973
5.88  5.774749925479188
6.0  5.620900776719855
6.12  5.463742187493687
6.24  5.303515993080479
6.359999999999999  5.140468456449695
6.4799999999999995  4.974849868162982
6.6  4.806914139938375
6.72  4.636918392571683
6.84  4.465122538919926
6.96  4.291788862659802
7.08  4.117181593541172
7.199999999999999  3.9415664798611107
7.319999999999999  3.765210358888436
7.4399999999999995  3.5883807259717564
7.56  3.411345303065798
7.68  3.2343716074112745
7.8  3.0577265211027855
7.92  2.8816758622770937
8.04  2.706483958650759
8.16  2.5324132241314268
8.28  2.3597237392211787
8.4  2.188672835923027
8.52  2.01951468785336
8.64  1.8524999062532752
8.76  1.6878751425810068
8.879999999999999  1.5258826983554183
9.0  1.3667601429073784
9.12  1.2107399396813565
9.24  1.0580490817140482
9.36  0.9089087369002704
9.48  0.763533903638563
9.6  0.6221330774303425
9.719999999999999  0.4849079289866166
9.84  0.35205299437566684
9.959999999999999  0.22375537772347165
10.08  0.1001944669561251
10.2  0.0
10.32  0.0
10.44  0.0
10.559999999999999  0.0
10.68  0.0
10.799999999999999  0.0
10.92  0.0
11.04  0.0
11.16  0.0
11.28  0.0
11.4  0.0
11.52  0.0
11.639999999999999  0.0
11.76  0.0
11.879999999999999  0.0
12.0  0.0
12.12  0.0
12.24  0.0
12.36  0.0
12.48  0.0
12.6  0.0
12.719999999999999  0.0
12.84  0.0
12.959999999999999  0.0
13.08  0.0
13.2  0.0
13.32  0.0
13.44  0.0
13.559999999999999  0.0
13.68  0.0
13.799999999999999  0.0
13.92  0.0
14.04  0.0
14.16  0.0
14.28  0.0
14.399999999999999  0.0
14.52  0.0
14.639999999999999  0.0
14.76  0.0
14.879999999999999  0.0
15.0  0.07464479108195032
15.12  0.18865691688669362
15.24  0.306337826031879
15.36  0.4274850006473465
15.479999999999999  0.5518915341283699
15.6  0.6793465006294817
15.719999999999999  0.8096353300793799
15.84  0.9425401880412512
15.959999999999999  1.077840359735617
16.08  1.215312637536968
16.2  1.3547317112506794
16.32  1.4958705604732914
16.439999999999998  1.6385008483371135
16.56  1.7823933159391445
16.68  1.927318176754584
16.8  2.073045510337033
16.919999999999998  2.2193456546100587
17.04  2.365989596059168
17.16  2.512749357138336
17.28  2.6593983802120658
17.4  2.8057119073615397
17.52  2.9514673553924973
17.64  3.096444685392651
17.759999999999998  3.2404267661977464
17.88  3.383199731137913
18.0  3.524553327449398
18.12  3.664281257751627
18.24  3.8021815130051313
18.36  3.9380566963827315
18.48  4.071714337504048
18.599999999999998  4.202967196502273
18.72  4.33163355741167
18.84  4.4575375103848565
18.96  4.5805092222704396
19.08  4.700385195103632
19.2  4.8170085120856285
19.32  4.930229070651122
19.439999999999998  5.039903802247911
19.56  5.145896878477448
19.68  5.24807990327093
19.8  5.346332090801721
19.919999999999998  5.44054042886158
20.04  5.530599827455324
20.16  5.616413252396059
20.279999999999998  5.697891843711133
20.4  5.774955018697001
20.52  5.847530559489729
20.64  5.915554685046483
20.759999999999998  5.978972107462077
20.88  6.037736072573585
21.0  6.091808384834787
21.119999999999997  6.141159416471273
21.24  6.185768100955656
21.36  6.225621910871113
21.48  6.260716820259982
21.599999999999998  6.291057251582337
21.72  6.316656007437558
21.84  6.3375341872294495
21.96  6.353721088982889
22.08  6.365254096546653
22.2  6.372178552443598
22.32  6.37454761665513
22.439999999999998  6.372422111652104
22.56  6.365870354009111
22.68  6.35496797296285
22.8  6.33979771629878
22.919999999999998  6.3204492439725986
23.04  6.297018909894851
23.16  6.269609532328003
23.279999999999998  6.238330153365081
23.4  6.203295787978375
23.52  6.1646271631447
23.64  6.122450447570994
23.759999999999998  6.076896972560302
23.88  6.0281029445731935
24.0  5.976209150054081
24.119999999999997  5.9213606531046254
24.24  5.863706486598638
24.36  5.803399337343551
24.48  5.740595225903198
24.599999999999998  5.675453181705292
24.72  5.608134914064132
24.84  5.5388044797554565
24.96  5.467627947785058
25.08  5.394773061996771
25.2  5.320408902167805
25.32  5.244705544240823
25.439999999999998  5.167833720342243
25.56  5.0899644792351255
25.68  5.011268847852778
25.8  4.931917494555558
25.919999999999998  4.852080394748779
26.04  4.771926499493636
26.16  4.6916234077360714
26.279999999999998  4.611337042770156
26.4  4.531231333543358
26.52  4.45146790140034
26.64  4.372205752850604
26.759999999999998  4.29360097893233
26.88  4.215806461731224
27.0  4.138971588598354
27.119999999999997  4.063241974595126
27.24  3.98875919367687
27.36  3.9156605191088527
27.48  3.8440786735898356
27.599999999999998  3.774141589538959
27.72  3.7059721799813734
27.84  3.6396881204469897
27.959999999999997  3.575401642274887
28.08  3.5132193376933136
28.2  3.4532419770221234
28.32  3.3955643383205047
28.439999999999998  3.340275049778551
28.56  3.2874564451262103
28.68  3.237184432307744
28.799999999999997  3.1895283756439086
28.919999999999998  3.1445509916778387
29.04  3.102308258874009
29.16  3.0628493413127016
29.279999999999998  3.0262165264953302
29.4  2.992445177348607
29.52  2.9615636984880935
29.64  2.933593516774119
29.759999999999998  2.9085490761654578
29.88  2.886437846848633
30.0  2.867260348593173
30.119999999999997  2.851010188255786
30.24  2.8376741113292576
30.36  2.8272320674048217
30.48  2.8196572893901464
30.599999999999998  2.8149163862986155
30.72  2.8129694493996116
30.84  2.8137701714939753
30.959999999999997  2.8172659790535786
31.08  2.8233981769395156
31.2  2.8321021053892155
31.32  2.843307308939483
31.439999999999998  2.8569377169296537
31.56  2.872911835206938
31.68  2.8911429486347253
31.799999999999997  2.911539333984063
31.919999999999998  2.934004482768718
32.04  2.9584373335653056
32.16  2.9847325133421245
32.28  3.0127805873029234
32.4  3.0424683167360005
32.519999999999996  3.0736789243436315
32.64  3.1062923665127844
32.76  3.1401856119749034
32.879999999999995  3.1752329262904895
33.0  3.211306161583243
33.12  3.248275050938577
33.24  3.286007506872733
33.36  3.3243699232707904
33.48  3.363227480185767
33.6  3.4024444508853993
33.72  3.441884510529218
33.839999999999996  3.481411045855519
33.96  3.520887465256071
34.08  3.5601775086158423
34.199999999999996  3.599145556295614
34.32  3.6376569366371516
34.44  3.6755782313736023
34.56  3.712777578331962
34.68  3.7491249708197354
34.8  3.7844925530945073
34.92  3.8187549113226362
35.04  3.8517893594423134
35.16  3.88347621935581
35.28  3.913699094887037
35.4  3.9423451389523647
35.519999999999996  3.9693053134060525
35.64  3.9944746410355316
35.76  4.017752449197108
35.879999999999995  4.039042604598871
36.0  4.058253738754453
36.12  4.0752994636495465
36.24  4.090098577181772
36.36  4.1025752579544
36.48  4.112659249024819
36.6  4.120286030230023
36.72  4.125396978733445
36.839999999999996  4.127939517460188
36.96  4.127867251110994
37.08  4.125140089469393
37.199999999999996  4.11972435774092
37.32  4.111592893688364
37.44  4.100725131352455
37.559999999999995  4.087107171173452
37.68  4.070731836355213
37.8  4.0515987153400435
37.92  4.029714190289473
38.04  4.005091451493158
38.16  3.9777504976553977
38.28  3.9477181220361217
38.4  3.9150278844506055
38.519999999999996  3.8797200691596556
38.64  3.8418416287093753
38.76  3.801446113806966
38.879999999999995  3.758593589346149
39.0  3.7133505367228157
39.12  3.6657897426082053
39.24  3.615990174373344
39.36  3.5640368423846276
39.48  3.510020649416023
39.6  3.4540382274487165
39.72  3.3961917621537516
39.839999999999996  3.336588805377384
39.96  3.275342075972617
40.08  3.2125692493433373
40.199999999999996  3.148392736089728
40.32  3.0829394501654863
40.44  3.0163405669779815
40.559999999999995  2.948731271882753
40.68  2.880250499542891
40.8  2.8110406646422796
40.92  2.7412473844590677
41.04  2.671019193822368
41.16  2.600507252990605
41.28  2.5298650490046417
41.4  2.4592480910822334
41.519999999999996  2.3888136006328238
41.64  2.3187201964832176
41.76  2.2491275759148
41.879999999999995  2.1801961921222497
42.0  2.1120869287116655
42.12  2.044960771862978
42.239999999999995  1.9789784807870938
42.36  1.9143002571129093
42.48  1.8510854138425477
42.6  1.7894920445152493
42.72  1.7296766932215886
42.839999999999996  1.6717940261089228
42.96  1.6159965050179963
43.08  1.5624340638875875
43.199999999999996  1.511253788560337
43.32  1.4625996006178223
43.44  1.41661194586661
43.559999999999995  1.3734274880896165
43.68  1.3331788086684788
43.8  1.2959941126728287
43.92  1.2619969420015495
44.04  1.2313058961490801
44.16  1.2040343611565656
44.28  1.180290247293729
44.4  1.1601757360019838
44.519999999999996  1.1437870366130043
44.64  1.131214153339929
44.76  1.1225406630200907
44.879999999999995  1.1178435040690131
45.0  1.117192777085561
45.12  1.1206515575271117
45.239999999999995  1.1282757208521845
45.36  1.140113780505237
45.48  1.1562067390953934
45.6  1.176587953096927
45.72  1.2012830113747244
45.839999999999996  1.2303096278129493
45.96  1.2636775482993285
46.08  1.3013884722914002
46.199999999999996  1.3434359891642487
46.32  1.389805529512278
46.44  1.4404743315501123
46.559999999999995  1.4954114227298863
46.68  1.5545776166641925
46.8  1.6179255254156684
46.92  1.685399587185935
47.04  1.7569361094077678
47.16  1.8324633272161637
47.28  1.9119014772451361
47.4  1.9951628866685516
47.519999999999996  2.082152077375035
47.64  2.1727658851385083
47.76  2.2668935936178847
47.879999999999995  2.3644170829917472
48.0  2.4652109930060817
48.12  2.5691429001862005
48.239999999999995  2.6760735089371486
48.36  2.7858568562305046
48.48  2.898340529549881
48.6  3.0133658977421325
48.72  3.1307683543964955
48.839999999999996  3.250377573350245
48.96  3.3720177758958414
49.08  3.495508009242135
49.199999999999996  3.620662435760557
49.32  3.7472906325260205
49.44  3.8751979006423243
49.559999999999995  4.004185583822781
49.68  4.134051395678238
49.8  4.264589755147648
49.92  4.3955921294899785
50.04  4.526847384240872
50.16  4.65814213952364
50.28  4.789261132090557
50.4  4.919987582458862
50.519999999999996  5.050103566495
50.64  5.179390390790594
50.76  5.30762897116553
50.879999999999995  5.434600213626121
51.0  5.560085397100027
51.12  5.683866557264905
51.239999999999995  5.805726870784231
51.36  5.925451039260942
51.48  6.0428256722187665
51.6  6.157639668421128
51.72  6.269684594838572
51.839999999999996  6.378755062578753
51.96  6.484649099096362
52.08  6.587168516005798
52.199999999999996  6.686119271825666
52.32  6.781311828991517
52.44  6.872561504482318
52.559999999999995  6.959688813415804
52.68  7.042519804979307
52.8  7.120886390074649
52.919999999999995  7.1946266600693685
53.04  7.2635851960610225
53.16  7.327613368076937
53.28  7.386569623648663
53.4  7.440319765217835
53.519999999999996  7.488737215849369
53.64  7.531703272747198
53.76  7.569107348088798
53.879999999999995  7.6008471967161615
54.0  7.626829130243372
54.12  7.646968217164231
54.239999999999995  7.661188468567447
54.36  7.669423009091686
54.48  7.671614232778318
54.6  7.6677139435058494
54.72  7.657683479716747
54.839999999999996  7.64149382317479
54.96  7.619125691518803
55.08  7.590569614406983
55.199999999999996  7.555825993074759
55.32  7.514905143158128
55.44  7.467827320663818
55.559999999999995  7.414622730997249
55.68  7.355331520989099
55.8  7.290003753891266
55.919999999999995  7.218699367342984
56.04  7.141488114338156
56.16  7.058449487254917
56.28  6.969672625038392
56.4  6.8752562036578375
56.519999999999996  6.7753083099886435
56.64  6.669946299299603
56.76  6.559296636554739
56.879999999999995  6.4434947217680225
57.0  6.322684699677841
57.12  6.19701925403601
57.239999999999995  6.066659386833721
57.36  5.931774182813975
57.48  5.792540559646295
57.599999999999994  5.649143004165383
57.72  5.501773295100597
57.839999999999996  5.350630212747468
57.96  5.1959192360558095
58.08  5.037852227632395
58.199999999999996  4.876647107177453
58.32  4.7125275138957115
58.44  4.545722458442646
58.559999999999995  4.376465964985763
58.68  4.20499670397893
58.8  4.0315576162647755
58.919999999999995  3.8563955291361465
59.04  3.679760765002784
59.16  3.5019067433228726
59.28  3.3230895764717774
59.4  3.1435676602321005
59.519999999999996  2.9636012595988372
59.64  2.7834520906030047
59.76  2.603382898864673
59.879999999999995  2.423657035592721
60.0  2.2445380317543258
60.12  2.066289171140917
60.239999999999995  1.889173063060014
60.36  1.7134512153841193
60.48  1.539383608687782
60.599999999999994  1.3672282722026674
60.72  1.1972408623185296
60.839999999999996  1.029674244353784
60.96  0.8647780783145591
61.08  0.7027984093551054
61.199999999999996  0.5439772636444153
61.32  0.38855225033563223
61.44  0.2367561703245593
61.559999999999995  0.08881663247230254
61.68  0.0
61.8  0.0
61.919999999999995  0.0
62.04  0.0
62.16  0.0
62.28  0.0
62.4  0.0
62.519999999999996  0.0
62.64  0.0
62.76  0.0
62.879999999999995  0.0
63.0  0.0
63.12  0.0
63.239999999999995  0.0
63.36  0.0
63.48  0.0
63.599999999999994  0.0
63.72  0.0
63.839999999999996  0.0
63.96  0.0
64.08  0.0
64.2  0.0
64.32  0.0
64.44  0.0
64.56  0.0
64.67999999999999  0.0
64.8  0.0
64.92  0.0
65.03999999999999  0.0
65.16  0.0
65.28  0.0
65.39999999999999  0.0
65.52  0.0
65.64  0.0
65.75999999999999  0.0
65.88  0.0
66.0  0.0
66.12  0.0
66.24  0.0
66.36  0.0
66.48  0.0
66.6  0.0
66.72  0.0
66.84  0.0
66.96  0.0
67.08  0.0
67.2  0.0
67.32  0.0
67.44  0.10143232949956427
67.56  0.24827159965694556
67.67999999999999  0.39878127378031136
67.8  0.5527279261404396
67.92  0.7098731035727517
68.03999999999999  0.8699737142578852
68.16  1.0327824238358851
68.28  1.198048058174666
68.39999999999999  1.3655160121027858
68.52  1.5349286634060555
68.64  1.70602579137873
68.75999999999999  1.8785449992134458
68.88  2.05222213950697
69.0  2.2267917421541537
69.12  2.401987443899458
69.24  2.5775424188123024
69.36  2.7531898089519142
69.48  2.928663154487424
69.6  3.103696822540755
69.72  3.2780264340224368
69.84  3.4513892877346013
69.96  3.6235247810210587
70.08  3.7941748262509707
70.2  3.963084262430079
70.32  4.130001261243444
70.44  4.294677726843489
70.56  4.456869688708432
70.67999999999999  4.61633768690992
70.8  4.772847149141737
70.92  4.926168758876625
71.03999999999999  5.076078814034994
71.16  5.2223595755658705
71.28  5.364799605358915
71.39999999999999  5.503194092925854
71.52  5.63734517030974
71.64  5.767062214701368
71.75999999999999  5.89216213826501
71.88  6.012469664697921
72.0  6.127817592071896
72.11999999999999  6.23804704153036
72.24  6.343007691438855
72.36  6.442557996613341
72.48  6.536565392277282
72.6  6.624906482425402
72.72  6.707467212300109
72.84  6.784143024714368
72.96  6.854838999984024
73.08  6.919469979261152
73.2  6.977960671089561
73.32  7.030245741033437
73.44  7.076269884259796
73.56  7.115987880985479
73.67999999999999  7.149364634729947
73.8  7.176375193344986
73.92  7.197004752823013
74.03999999999999  7.2112486439158685
74.16  7.21911230162604
74.28  7.220611217662396
74.39999999999999  7.2157708759822095
74.52  7.204626671570894
74.64  7.187223812640054
74.75999999999999  7.163617206453347
74.88  7.133871329018122
75.0  7.09806007890891
75.11999999999999  7.056266615516108
75.24  7.008583182040412
75.36  6.9551109135796985
75.48  6.895959630680723
75.6  6.831247618753187
75.72  6.761101393767561
75.84  6.6856554546820455
75.96  6.605052023066032
76.08  6.519440770409619
76.2  6.428978533629576
76.32  6.33382901930163
76.44  6.234162497168247
76.56  6.130155483489051
76.67999999999999  6.021990414817366
76.8  5.9098553128026765
76.92  5.79394344063342
77.03999999999999  5.674452951747677
77.16  5.551586531452195
77.28  5.425551032101421
77.39999999999999  5.296557102497818
77.52  5.164818812184034
77.64  5.030553271305249
77.75999999999999  4.893980246725707
77.88  4.755321775089486
78.0  4.614801773518938
78.11999999999999  4.472645648646921
78.24  4.3290799046806185
78.36  4.184331751194622
78.48  4.038628711349999
78.6  3.892198231233507
78.72  3.7452672910077007
78.84  3.5980620185579024
78.96  3.4508073063154328
79.08  3.303726431929661
79.2  3.157040683453001
79.32  3.0109689896926777
79.44  2.8657275563727356
79.56  2.7215295087379237
79.67999999999999  2.5785845412171815
79.8  2.43709857475094
79.92  2.2972734223710853
80.03999999999999  2.1593064636055375
80.16  2.023390328262657
80.28  1.8897125901322176
80.39999999999999  1.758455471120098
80.52  1.6297955563139979
80.64  1.5039035204565436
80.75999999999999  1.3809438662796985
80.88  1.2610746751323887
81.0  1.144447370309587
81.11999999999999  1.031206493466697
81.24  0.9214894944788754
81.36  0.8154265350791793
81.48  0.713140306583483
81.6  0.6147458619838453
81.72  0.520350462664874
81.84  0.43005343997063294
81.96  0.3439460718213274
82.08  0.2621114745516544
82.2  0.18462451011407122
82.32  0.11155170876162634
82.44  0.042951207296628824
82.56  0.0
82.67999999999999  0.0
82.8  0.0
82.92  0.0
83.03999999999999  0.0
83.16  0.0
83.28  0.0
83.39999999999999  0.0
83.52  0.0
83.64  0.0
83.75999999999999  0.0
83.88  0.0
84.0  0.0
84.11999999999999  0.0
84.24  0.0
84.36  0.0
84.47999999999999  0.0
84.6  0.0
84.72  0.0
84.84  0.0
84.96  0.0
85.08  0.0
85.2  0.0
85.32  0.0
85.44  0.0
85.56  0.0
85.67999999999999  0.0
85.8  0.0
85.92  0.0
86.03999999999999  0.017157500455626806
86.16  0.07230495742031162
86.28  0.129765919779103
86.39999999999999  0.18938172015310029
86.52  0.25099127089504636
86.64  0.31443139639250894
86.75999999999999  0.3795371677260406
86.88  0.4461422390367238
87.0  0.5140791849562869
87.11999999999999  0.5831798384518709
87.24  0.6532756284387133
87.36  0.724197916515573
87.47999999999999  0.795778332180908
87.6  0.867849105892379
87.72  0.9402433993371417
87.84  1.0127956322878235
87.96  1.0853418054262356
88.08  1.1577198185263229
88.2  1.2297697833975292
88.32  1.301334331001489
88.44  1.372258912166839
88.56  1.4423920913403476
88.67999999999999  1.5115858328273184
88.8  1.5796957789892478
88.92  1.646581519883179
89.03999999999999  1.7121068538448512
89.16  1.776140038535556
89.28  1.8385540319920572
89.39999999999999  1.899226723238872
89.52  1.9580411520428487
89.64  2.0148857174117225
89.75999999999999  2.0696543744604794
89.88  2.122246819292437
90.0  2.172568661565366
90.11999999999999  2.2205315844374622
90.24  2.2660534916124107
90.36  2.309058641228246
90.47999999999999  2.3494777663603568
90.6  2.3872481819351092
90.72  2.422313877876876
90.84  2.454625598338333
90.96  2.4841409068906364
91.08  2.5108242375774332
91.2  2.53464693176405
91.32  2.5555872607407246
91.44  2.573630434066182
91.56  2.588768593665521
91.67999999999999  2.601000793723731
91.8  2.6103329664437593
91.92  2.616777873764925
92.03999999999999  2.6203550451649456
92.16  2.6210907016951257
92.28  2.619017666425222
92.39999999999999  2.6141752615000735
92.52  2.6066091920362386
92.64  2.5963714171118353
92.75999999999999  2.5835200081276826
92.88  2.5681189948417704
93.0  2.550238199403243
93.11999999999999  2.529953058734236
93.24  2.507344435631044
93.36  2.482498418976904
93.47999999999999  2.455506113480129
93.6  2.426463419370798
93.72  2.3954708025087266
93.84  2.3626330553734762
93.96  2.32805904942486
94.08  2.2918614793384786
94.2  2.254156599636529
94.32  2.2150639542486292
94.44  2.1747060995504346
94.56  2.133208321441102
94.67999999999999  2.0906983470307194
94.8  2.047306051520349
94.92  2.0031631608653315
95.03999999999999  1.9584029508214447
95.16  1.9131599429792305
95.28  1.8675695983988927
95.39999999999999  1.821768009461047
95.52  1.7758915905534636
95.64  1.7300767682148674
95.75999999999999  1.68445967135869
95.88  1.6391758221986563
96.0  1.594359828497601
96.11999999999999  1.5501450777570773
96.24  1.5066634339628346
96.36  1.4640449374951587
96.47999999999999  1.422417508807687
96.6  1.3819066564705658
96.72  1.3426351901657227
96.84  1.30472293921202
96.96  1.2682864771880262
97.08  1.233438853207822
97.2  1.2002893303926656
97.32  1.1689431320677062
97.44  1.1395011961974446
97.56  1.1120599385588368
97.67999999999999  1.0867110251327523
97.8  1.0635411541781445
97.92  1.0426318484335986
98.03999999999999  1.0240592578721741
98.16  1.0078939734145427
98.28  0.9942008519850014
98.39999999999999  0.9830388532724332
98.52  0.9744608885363308
98.64  0.9685136817743729
98.75999999999999  0.9652376435446222
98.88  0.9646667577106289
99.0  0.96682848135325
99.11999999999999  0.9717436580672343
99.24  0.9794264448350756
99.36  0.9898842526442713
99.47999999999999  1.0031177009877144
99.6  1.0191205863600583
99.72  1.037879864835848
99.84  1.0593756487880168
99.96  1.0835812177779895
100.08  1.1104630436211067
100.2  1.1399808296037202
100.32  1.1720875638007757
100.44  1.2067295864154264
100.56  1.243846671034762
100.67999999999999  1.2833721196689918
100.8  1.3252328714142463
100.92  1.369349624552805
101.03999999999999  1.4156369718782171
101.16  1.4640035490071055
101.28  1.5143521954135784
101.39999999999999  1.5665801278979046
101.52  1.6205791261759392
101.64  1.6762357302524822
101.75999999999999  1.7334314492181984
101.88  1.79204298108726
102.0  1.8519424432708937
102.11999999999999  1.9129976132610678
102.24  1.9750721790778232
102.36  2.038025999014625
102.47999999999999  2.1017153701971094
102.6  2.1659933054529734
102.72  2.230709817973882
102.83999999999999  2.2957122132341943
102.96  2.3608453876167927
103.08  2.4259521331818794
103.2  2.490873448002242
103.32  2.55544885147632
103.44  2.6195167040203273
103.56  2.6829145305300663
103.67999999999999  2.7454793469960856
103.8  2.807047989647123
103.92  2.8674574459918025
104.03999999999999  2.9265451871227577
104.16  2.984149500644567
104.28  3.040109823583053
104.39999999999999  3.094267074633743
104.52  3.1464639851056253
104.64  3.196545427918588
104.75999999999999  3.244358744014548
104.88  3.2897540655459636
105.0  3.3325846352102335
105.11999999999999  3.3727071211043045
105.24  3.409981926480598
105.36  3.444273493794179
105.47999999999999  3.475450602439917
105.6  3.5033866595893004
105.72  3.5279599835480733
105.83999999999999  3.5490540790685388
105.96  3.566557904064637
106.08  3.5803661271919536
106.2  3.5903793757719127
106.32  3.5965044735550618
106.44  3.598654667837489
106.56  3.596749845461961
106.67999999999999  3.590716737256469
106.8  3.580489110482187
106.92  3.566007948885305
107.03999999999999  3.547221619968636
107.16  3.5240860291225586
107.28  3.4965647602779297
107.39999999999999  3.464629202768437
107.52  3.4282586641144936
107.64  3.38744046846667
107.75999999999999  3.342170040472349
107.88  3.2924509743561794
108.0  3.2382950880318697
108.11999999999999  3.1797224620900444
108.24  3.1167614635347825
108.36  3.0494487541696076
108.47999999999999  2.97782928356155
108.6  2.901956266540684
108.72  2.8218911452210182
108.83999999999999  2.7377035355571464
108.96  2.6494711584796833
109.08  2.557279755681575
109.2  2.461222990155219
109.32  2.36140233160941
109.44  2.257926926922837
109.56  2.1509134558193947
109.67999999999999  2.04048597197763
109.8  1.9267757298145027
109.92  1.8099209972105428
110.03999999999999  1.690066854469765
110.16  1.5673649798338138
110.28  1.441973421895801
110.39999999999999  1.3140563592832102
110.52  1.1837838480045815
110.64  1.0513315568775632
110.75999999999999  0.9168804914791082
110.88  0.7806167070805934
111.0  0.6427310110520428
111.11999999999999  0.5034186552400033
111.24  0.36287901884304485
111.36  0.22131528232803555
111.47999999999999  0.07893409294727505
111.6  0.0
111.72  0.0
111.83999999999999  0.0
111.96  0.0
112.08  0.0
112.2  0.0
112.32  0.0
112.44  0.0
112.56  0.0
112.67999999999999  0.0
112.8  0.0
112.92  0.0
113.03999999999999  0.0
113.16  0.0
113.28  0.0
113.39999999999999  0.0
113.52  0.0
113.64  0.0
113.75999999999999  0.0
113.88  0.0
114.0  0.0
114.11999999999999  0.0
114.24  0.0
114.36  0.0
114.47999999999999  0.0
114.6  0.0
114.72  0.0
114.83999999999999  0.0
114.96  0.0
115.08  0.0
115.19999999999999  0.0
115.32  0.0
115.44  0.0
115.56  0.0
115.67999999999999  0.0
115.8  0.0
115.92  0.0
116.03999999999999  0.0
116.16  0.0
116.28  0.0
116.39999999999999  0.0
116.52  0.0
116.64  0.0
116.75999999999999  0.0
116.88  0.0
117.0  0.0
117.11999999999999  0.0
117.24  0.0
117.36  0.0
117.47999999999999  0.0
117.6  0.0
117.72  0.0
117.83999999999999  0.0
117.96  0.0
118.08  0.0
118.19999999999999  0.0
118.32  0.0
118.44  0.0
118.56  0.0
118.67999999999999  0.0
118.8  0.0
118.92  0.0
119.03999999999999  0.0
119.16  0.0
119.28  0.0
119.39999999999999  0.0
119.52  0.0
119.64  0.0
119.75999999999999  0.0
119.88  0.0
120.0  0.0
