0.0  4.761134468479578  100.0
0.12  4.874621459559258
0.24  4.984889015847756
0.36  5.091758987039127
0.48  5.195059010614456
0.6  5.2946228134895446
0.72  5.390290502914222
0.84  5.481908846103568
0.96  5.569331538101701
1.08  5.652419457399796
1.2  5.7310409088520995
1.3199999999999998  5.805071853456442
1.44  5.8743961245894
1.56  5.938905630310576
1.68  5.998500541375523
1.7999999999999998  6.053089464622492
1.92  6.102589601424517
2.04  6.146926890925147
2.16  6.1860361378035496
2.28  6.219861124342452
2.4  6.248354706600666
2.52  6.271478894520485
2.6399999999999997  6.289204915829126
2.76  6.301513263622534
2.88  6.308393727549178
3.0  6.309845408540964
3.12  6.30587671706796
3.2399999999999998  6.296505354923207
3.36  6.281758280573554
3.48  6.261671658141869
3.5999999999999996  6.236290790115538
3.7199999999999998  6.205670033905244
3.84  6.169872702407114
3.96  6.128970948750018
4.08  6.083045635438206
4.2  6.032186188127431
4.32  5.976490434300363
4.4399999999999995  5.916064427134098
4.56  5.851022254879182
4.68  5.781485836095518
4.8  5.707584701115881
4.92  5.629455760132415
5.04  5.547243058325475
5.16  5.461097518477324
5.279999999999999  5.371176671535627
5.3999999999999995  5.277644375613176
5.52  5.180670523930983
5.64  5.080430742231579
5.76  4.977106076208169
5.88  4.870882669513048
6.0  4.761951432925482
6.12  4.6505077052749675
6.24  4.536750906730392
6.359999999999999  4.420884185079161
6.4799999999999995  4.3031140556327925
6.6  4.1836500354066235
6.72  4.062704272231442
6.84  3.940491169463683
6.96  3.817227006968476
7.08  3.6931295590563287
7.199999999999999  3.5684177100594123
7.319999999999999  3.4433110682373638
7.4399999999999995  3.3180295787052945
7.56  3.1927931360781248
7.68  3.0678211975255616
7.8  2.9433323969310328
7.92  2.819544160845571
8.04  2.69667232692407
8.16  2.57493076552657
8.28  2.45453100516122
8.4  2.33568186243824
8.52  2.2185890771958516
8.64  2.1034549534493916
8.76  1.9904780068040906
8.879999999999999  1.8798526189599223
9.0  1.7717686999238853
9.12  1.6664113585308233
9.24  1.56396058185855
9.36  1.4645909241067558
9.48  1.368471205491681
9.6  1.275764221690253
9.719999999999999  1.1866264643479618
9.84  1.1012078531445342
9.959999999999999  1.019651479890279
10.08  0.9420933651039676
10.2  0.8686622275003473
10.32  0.7994792667917168
10.44  0.7346579601837979
10.559999999999999  0.6743038729210478
10.68  0.6185144832110212
10.799999999999999  0.5673790218311481
10.92  0.5209783266945432
11.04  0.47938471262426685
11.16  0.44266185655774054
11.28  0.41086469837498074
11.4  0.38403935751593066
11.52  0.36222306552340866
11.639999999999999  0.34544411461936786
11.76  0.33372182239295484
11.879999999999999  0.32706651264970776
12.0  0.3254795124418356
12.12  0.3289531652702716
12.24  0.3374708604198121
12.36  0.3510070783594934
12.48  0.3695274521112315
12.6  0.39298884446089377
12.719999999999999  0.421339440857281
12.84  0.4545188578161925
12.959999999999999  0.49245826661869074
13.08  0.535080532065105
13.2  0.5823003660191227
13.32  0.6340244954496822
13.44  0.6901518446522149
13.559999999999999  0.7505737313053018
13.68  0.8151740759938764
13.799999999999999  0.8838296248059208
13.92  0.9564101845861406
14.04  1.0327788704073315
14.16  1.1127923647983318
14.28  1.1963011882463412
14.399999999999999  1.2831499804712894
14.52  1.3731777919506358
14.639999999999999  1.4662183851547743
14.76  1.5621005449359024
14.879999999999999  1.6606483974969546
15.0  1.7616817373520524
15.12  1.8650163616756945
15.24  1.9704644114250467
15.36  2.07783471860765
15.479999999999999  2.186933159056261
15.6  2.2975630100628903
15.719999999999999  2.409525312215771
15.84  2.5226192347758167
15.959999999999999  2.6366424439231166
16.08  2.751391473199368
16.2  2.866662095468566
16.32  2.9822496957160234
16.439999999999998  3.097949644004834
16.56  3.2135576679090487
16.68  3.328870223744274
16.8  3.443684865919259
16.919999999999998  3.5578006137357807
17.04  3.6710183149694813
17.16  3.7831410055705423
17.28  3.8939742648308315
17.4  4.003326565372803
17.52  4.111009617325458
17.64  4.216838706063766
17.759999999999998  4.320633022900184
17.88  4.422215988130331
18.0  4.521415565849167
18.12  4.618064569969739
18.24  4.712000960892904
18.36  4.803068132294115
18.48  4.891115187511739
18.599999999999998  4.975997205040941
18.72  5.057575492657408
18.84  5.135717829716402
18.96  5.210298697194724
19.08  5.281199495065844
19.2  5.348308746622122
19.32  5.4115222893821615
19.439999999999998  5.470743452246326
19.56  5.525883218588865
19.68  5.576860375001153
19.8  5.623601645427158
19.919999999999998  5.666041810459204
20.04  5.704123811589559
20.16  5.737798840241172
20.279999999999998  5.767026411428977
20.4  5.791774421931532
20.52  5.812019192881354
20.64  5.827745496711007
20.759999999999998  5.838946568420821
20.88  5.845624101163027
21.0  5.847788226165892
21.119999999999997  5.845457477050305
21.24  5.838658738619956
21.36  5.827427180234724
21.48  5.811806173905298
21.599999999999998  5.791847197275034
21.72  5.767609721682825
21.84  5.739161085528096
21.96  5.706576353186029
22.08  5.6699381597475185
22.2  5.629336541884382
22.32  5.58486875516576
22.439999999999998  5.536639078176311
22.56  5.484758603811068
22.68  5.429345018145165
22.8  5.3705223672993405
22.919999999999998  5.3084208127440435
23.04  5.243176375505984
23.16  5.174930669761293
23.279999999999998  5.103830626318597
23.4  5.030028206513839
23.52  4.953680107056023
23.64  4.874947456379408
23.759999999999998  4.793995503073195
23.88  4.7109932969738555
24.0  4.626113363518732
24.119999999999997  4.539531371971425
24.24  4.451425798140637
24.36  4.361977582223928
24.48  4.271369782416486
24.599999999999998  4.179787224932561
24.72  4.087416151093436
24.84  3.9944438621410243
24.96  3.9010583624398185
25.08  3.8074480017328565
25.2  3.7138011171184906
25.32  3.620305675415181
25.439999999999998  3.5271489165802907
25.56  3.4345169988467057
25.68  3.3425946462375804
25.8  3.2515647991147283
25.919999999999998  3.1616082684103315
26.04  3.0729033941844563
26.16  2.985625709142637
26.279999999999998  2.899947607738157
26.4  2.816038021473258
26.52  2.7340621010014763
26.64  2.6541809056207155
26.759999999999998  2.5765511007324853
26.88  2.5013246638278335
27.0  2.428648599544488
27.119999999999997  2.358664664322554
27.24  2.291509101168205
27.36  2.227312385015849
27.48  2.1661989791593097
27.599999999999998  2.1082871032019375
27.72  2.0536885129539773
27.84  2.002508292683193
27.959999999999997  1.9548446601016831
28.08  1.9107887844479963
28.2  1.8704246179992992
28.32  1.833828741323209
28.439999999999998  1.801070222553338
28.56  1.772210490946432
28.68  1.7473032249523957
28.799999999999997  1.726394255001415
28.919999999999998  1.7095214811850332
29.04  1.6967148059802788
29.16  1.6879960821379263
29.279999999999998  1.6833790758277942
29.4  1.6828694451055344
29.52  1.6864647337369252
29.64  1.6941543803870658
29.759999999999998  1.7059197431533089
29.88  1.7217341393922494
30.0  1.7415629007626166
30.119999999999997  1.765363443377647
30.24  1.7930853529324344
30.36  1.8246704846438626
30.48  1.8600530778132685
30.599999999999998  1.8991598847947255
30.72  1.941910314125099
30.84  1.9882165875456925
30.959999999999997  2.0379839106194693
31.08  2.091110656622592
31.2  2.147488563364266
31.32  2.207002942564947
31.439999999999998  2.269532901399521
31.56  2.334951575789517
31.68  2.4031263750064706
31.799999999999997  2.473919237127644
31.919999999999998  2.5471868948650034
32.04  2.622781151269053
32.16  2.7005491647908872
32.28  2.7803337431681596
32.4  2.861973645584433
32.519999999999996  2.9453038925359003
32.64  3.0301560828249974
32.76  3.11635871708725
32.879999999999995  3.2037375272455026
33.0  3.2921158112744657
33.12  3.381314772648681
33.24  3.471153863838332
33.36  3.561451133209397
33.48  3.652023574678643
33.6  3.7426874794683953
33.72  3.833258789302267
33.839999999999996  3.9235534503801213
33.96  4.013387767469002
34.08  4.102578757446466
34.199999999999996  4.190944501633729
34.32  4.278304496257932
34.44  4.364480000386427
34.56  4.4492943806805085
34.68  4.532573452321564
34.8  4.614145815469969
34.92  4.693843186624811
35.04  4.771500724262223
35.16  4.846957348140284
35.28  4.920056051670249
35.4  4.9906442067664845
35.519999999999996  5.058573860601467
35.64  5.1237020237068345
35.76  5.1858909488775735
35.879999999999995  5.24500840035342
36.0  5.30092791276916
36.12  5.353529039384684
36.24  5.4026975891252045
36.36  5.448325851982752
36.48  5.490312812351503
36.6  5.528564349891741
36.72  5.562993427540283
36.839999999999996  5.593520266308969
36.96  5.620072506537086
37.08  5.642585355288728
37.199999999999996  5.66100171961168
37.32  5.675272325400457
37.44  5.68535582163281
37.559999999999995  5.691218869776088
37.68  5.692836218187148
37.8  5.690190761357394
37.92  5.683273583882508
38.04  5.672083989064731
38.16  5.6566295120839865
38.28  5.636925917702754
38.4  5.612997182498242
38.519999999999996  5.584875461644074
38.64  5.552601040292383
38.76  5.516222269635738
38.879999999999995  5.475795487756781
39.0  5.4313849254016775
39.12  5.3830625968414925
39.24  5.330908176013274
39.36  5.275008858160077
39.48  5.215459207215988
39.6  5.152360989208881
39.72  5.085822991979596
39.839999999999996  5.015960831541667
39.96  4.9428967454307795
40.08  4.8667593734172865
40.199999999999996  4.7876835259786805
40.32  4.705809940951968
40.44  4.621285028807767
40.559999999999995  4.534260607009432
40.68  4.444893623940839
40.8  4.353345872906177
40.92  4.259783696723547
41.04  4.164377683452139
41.16  4.067302353809155
41.28  3.968735840848669
41.4  3.8688595624890576
41.519999999999996  3.767857887489194
41.64  3.665917795486307
41.76  3.5632285317195116
41.879999999999995  3.459981257073365
42.0  3.3563686940848085
42.12  3.2525847695648373
42.239999999999995  3.1488242544926965
42.36  3.0452824018461278
42.48  2.9421545830353173
42.6  2.8396359236111075
42.72  2.737920938920217
42.839999999999996  2.637203170380237
42.96  2.537674823047027
43.08  2.4395264051448757
43.199999999999996  2.342946370226711
43.32  2.248120762627448
43.44  2.155232866867772
43.559999999999995  2.0644628616588996
43.68  1.9759874791509993
43.8  1.8899796700585483
43.92  1.8066082752857322
44.04  1.7260377046634807
44.16  1.648427623396912
44.28  1.5739326468085415
44.4  1.5027020439475578
44.519999999999996  1.4348794506196105
44.64  1.370602592374856
44.76  1.3100030179739228
44.879999999999995  1.2532058438326443
45.0  1.2003295099267572
45.12  1.1514855476169066
45.239999999999995  1.1067783598329388
45.36  1.0663050140340116
45.48  1.0301550483380117
45.6  0.9984102911898354
45.72  0.9711446949136817
45.839999999999996  0.9484241834691585
45.96  0.9303065147053728
46.08  0.9168411573807658
46.199999999999996  0.9080691831895809
46.32  0.9040231740086626
46.44  0.9047271445505011
46.559999999999995  0.9101964805803964
46.68  0.9204378928272945
46.8  0.935449386689182
46.92  0.9552202478051954
47.04  0.9797310435375256
47.16  1.008953640377274
47.28  1.0428512372592476
47.4  1.0813784147415741
47.519999999999996  1.124481199977117
47.64  1.1720971473746367
47.76  1.224155434818984
47.879999999999995  1.2805769752911476
48.0  1.3412745437006284
48.12  1.406152918714837
48.239999999999995  1.4751090393426387
48.36  1.548032176002025
48.48  1.6248041157753448
48.6  1.705299361529478
48.72  1.7893853445526182
48.839999999999996  1.876922650334738
48.96  1.9677652570943214
49.08  2.0617607866305376
49.199999999999996  2.158750767057386
49.32  2.2585709069541378
49.44  2.361051380445447
49.559999999999995  2.466017122704317
49.68  2.573288135351515
49.8  2.682679801206918
49.92  2.7940032078307206
50.04  2.9070654792760355
50.16  3.021670115459263
50.28  3.137617338540006
50.4  3.254704445689433
50.519999999999996  3.372726167613906
50.64  3.4914750321895753
50.76  3.6107417325541378
50.879999999999995  3.730315498993421
51.0  3.8499844739528757
51.12  3.9695360894981375
51.239999999999995  4.08875744654396
51.36  4.207435695166876
51.48  4.325358415314787
51.6  4.44231399722548
51.72  4.5580920208658835
51.839999999999996  4.67248363370563
51.96  4.7852819261406125
52.08  4.89628230388635
52.199999999999996  5.005282856666005
52.32  5.112084722523937
52.44  5.216492447103517
52.559999999999995  5.318314337236326
52.68  5.417362808200075
52.8  5.513454724013279
52.919999999999995  5.606411730147275
53.04  5.696060578049337
53.16  5.782233440885114
53.28  5.864768219924286
53.4  5.943508841009644
53.519999999999996  6.018305540567803
53.64  6.089015140637944
53.76  6.155501312414842
53.879999999999995  6.217634827822832
54.0  6.275293798658637
54.12  6.3283639028632965
54.239999999999995  6.376738597506495
54.36  6.420319318090198
54.48  6.459015663803157
54.6  6.492745568383057
54.72  6.521435456268671
54.839999999999996  6.545020383751102
54.96  6.563444164859828
55.08  6.576659481746908
55.199999999999996  6.584627979360472
55.32  6.587320344226859
55.44  6.584716367189427
55.559999999999995  6.576804989980854
55.68  6.5635843355349195
55.8  6.545061721973015
55.919999999999995  6.5212536602300215
56.04  6.4921858353137525
56.16  6.457893071221602
56.28  6.418419279567506
56.4  6.373817392001824
56.519999999999996  6.324149276535805
56.64  6.2694856379115755
56.76  6.209905902187211
56.879999999999995  6.145498085735042
57.0  6.076358648879553
57.12  6.0025923344288925
57.239999999999995  5.924311991381343
57.36  5.841638384114995
57.48  5.75469998739501
57.599999999999994  5.66363276755853
57.72  5.568579950262381
57.839999999999996  5.469691775203023
57.96  5.367125238241583
58.08  5.261043821390031
58.199999999999996  5.151617211136105
58.32  5.039021005606056
58.44  4.923436411084291
58.559999999999995  4.805049928428475
58.68  4.684053029936872
58.8  4.560641827242086
58.919999999999995  4.435016730821551
59.04  4.307382101730588
59.16  4.177945896177779
59.28  4.046919303575365
59.4  3.914516378709666
59.519999999999996  3.7809536686866516
59.64  3.646449835317865
59.76  3.511225273619951
59.879999999999995  3.3755017271081136
60.0  3.23950190057001
60.12  3.103449071010993
60.239999999999995  2.967566697465007
60.36  2.832078030367848
60.48  2.697205721190185
60.599999999999994  2.563171433027294
60.72  2.430195452841199
60.839999999999996  2.2984963060476784
60.96  2.168290374136531
61.08  2.0397915160083993
61.199999999999996  1.913210693704428
61.32  1.7887556031975436
61.44  1.6666303109049727
61.559999999999995  1.5470348965712826
61.68  1.43016510316011
61.8  1.31621199437995
61.919999999999995  1.2053616204557038
62.04  1.0977946927430895
62.16  0.9936862677670084
62.28  0.8932054412479411
62.4  0.7965150526628779
62.519999999999996  0.7037714008678795
62.64  0.6151239712899623
62.76  0.5307151751749143
62.879999999999995  0.450680101355999
63.0  0.37514628098622227
63.12  0.304233465653303
63.239999999999995  0.23805341927244683
63.36  0.17670972412745456
63.48  0.1202976014050201
63.599999999999994  0.06890374654109432
63.72  0.02260617967164702
63.839999999999996  0.0
63.96  0.0
64.08  0.0
64.2  0.0
64.32  0.0
64.44  0.0
64.56  0.0
64.67999999999999  0.0
64.8  0.0
64.92  0.0
65.03999999999999  0.0
65.16  0.0
65.28  0.0
65.39999999999999  0.0
65.52  0.0
65.64  0.0035164490925905234
65.75999999999999  0.04698424052335226
65.88  0.09539398200319349
66.0  0.14865172571873464
66.12  0.20665522819442472
66.24  0.2692941348599923
66.36  0.3364501788954536
66.48  0.40799739399293666
66.6  0.4838023406497085
66.72  0.5637243455824086
66.84  0.647615753829186
66.96  0.735322193083597
67.08  0.8266828497824278
67.2  0.9215307564483809
67.32  1.019693089768643
67.44  1.1209914788712925
67.56  1.2252423232428995
67.67999999999999  1.332257119714153
67.8  1.4418427979237627
67.92  1.5538020636557817
68.03999999999999  1.667933749432084
68.16  1.784033171728365
68.28  1.9018924941703803
68.39999999999999  2.021301096057117
68.52  2.1420459455477556
68.64  2.2639119768411313
68.75999999999999  2.3866824706700456
68.88  2.510139437426539
69.0  2.6340640022298003
69.12  2.75823679124574
69.24  2.88243831856468
69.36  3.006449372943209
69.48  3.1300514037168314
69.6  3.2530269051917764
69.72  3.375159798827508
69.84  3.4962358125255895
69.96  3.6160428563463105
70.08  3.7343713939813283
70.2  3.8510148093180923
70.32  3.9657697674417354
70.44  4.078436569429966
70.56  4.188819500307991
70.67999999999999  4.296727169543704
70.8  4.401972843476698
70.92  4.504374769089513
71.03999999999999  4.603756488546007
71.16  4.699947143938207
71.28  4.792781771701119
71.39999999999999  4.882101586174207
71.52  4.967754251807923
71.64  5.0495941435343354
71.75999999999999  5.127482594843092
71.88  5.201288133125957
72.0  5.270886701876535
72.11999999999999  5.33616186935617
72.24  5.397005023361204
72.36  5.453315551752508
72.48  5.505001008434096
72.6  5.551977264494021
72.72  5.5941686442480245
72.84  5.6315080459536295
72.96  5.66393704699056
73.08  5.691405993331418
73.2  5.713874073155177
73.32  5.7313093744849555
73.44  5.743688926760464
73.56  5.750998726284689
73.67999999999999  5.7532337455137865
73.8  5.750397926188255
73.92  5.742504156332976
74.03999999999999  5.729574231182794
74.16  5.711638798119491
74.28  5.688737285735017
74.39999999999999  5.660917817164413
74.52  5.628237107860482
74.64  5.5907603480103205
74.75999999999999  5.548561069821524
74.88  5.501720999933242
75.0  5.450329897234219
75.11999999999999  5.394485376395976
75.24  5.334292717455356
75.36  5.269864661805591
75.48  5.201321194979451
75.6  5.128789316632056
75.72  5.05240279815345
75.84  4.972301928363848
75.96  4.888633247765157
76.08  4.801549271843303
76.2  4.711208203935483
76.32  4.617773638194656
76.44  4.521414253201643
76.56  4.422303496791841
76.67999999999999  4.32061926267872
76.8  4.216543559471216
76.92  4.110262172695517
77.03999999999999  4.001964320443697
77.16  3.8918423032831018
77.28  3.7800911490705484
77.39999999999999  3.6669082533236255
77.52  3.5524930158095236
77.64  3.4370464740182616
77.75999999999999  3.3207709341917346
77.88  3.2038696005847935
78.0  3.0865462036367113
78.11999999999999  2.9690046277330064
78.24  2.85144853923802
78.36  2.7340810154773694
78.48  2.617104175347362
78.6  2.500718812224788
78.72  2.385124029845906
78.84  2.27051688181768
78.96  2.157092015416675
79.08  2.0450413203231506
79.2  1.9345535829283858
79.32  1.8258141468420912
79.44  1.7190045802154423
79.56  1.6143023504823089
79.67999999999999  1.5118805071067505
79.8  1.4119073729102212
79.92  1.3145462445357503
80.03999999999999  1.2199551025887678
80.16  1.128286331976575
80.28  1.0396864529492915
80.39999999999999  0.9542958633247929
80.52  0.8722485923596252
80.64  0.7936720667061794
80.75999999999999  0.7186868888735144
80.88  0.6474066285864589
81.0  0.5799376274133639
81.11999999999999  0.5163788170082129
81.24  0.45682155128776014
81.36  0.4013494528383481
81.48  0.35003827382074504
81.6  0.30295577161453474
81.72  0.26016159941627165
81.84  0.2217072119781045
81.96  0.18763578664531866
82.08  0.15798215982330316
82.2  0.13277277897581619
82.32  0.11202567022771204
82.44  0.09575042161667269
82.56  0.0839481820095545
82.67999999999999  0.07661167567010427
82.8  0.0737252324360107
82.92  0.07526483343454443
83.03999999999999  0.08119817223740972
83.16  0.09148473132711493
83.28  0.10607587371892802
83.39999999999999  0.12491494955480448
83.52  0.14793741745801137
83.64  0.1750709804102067
83.75999999999999  0.20623573588610694
83.88  0.24134433995460558
84.0  0.2803021850298174
84.11999999999999  0.3230075909303242
84.24  0.36935200888075753
84.36  0.41922023806597414
84.47999999999999  0.4724906543252643
84.6  0.5290354505519461
84.72  0.5887208883420025
84.84  0.6514075604153863
84.96  0.7169506633135491
85.08  0.7852002798583974
85.2  0.856001670839745
85.32  0.929195575382074
85.44  1.0046185194252744
85.56  1.0821031317393563
85.67999999999999  1.16147846687988
85.8  1.2425703344779535
85.92  1.3252016342472808
86.03999999999999  1.409192696080812
86.16  1.4943616246001654
86.28  1.5805246475129766
86.39999999999999  1.6674964671271413
86.52  1.7550906143647296
86.64  1.8431198046145223
86.75999999999999  1.9313962947589522
86.88  2.0197322407091196
87.0  2.1079400547813405
87.11999999999999  2.1958327622489042
87.24  2.2832243564048946
87.36  2.369930151474703
87.47999999999999  2.455767132721269
87.6  2.540554303091778
87.72  2.624113025760692
87.84  2.706267361932605
87.96  2.78684440327683
88.08  2.8656745983763026
88.2  2.942592072584297
88.32  3.017434940695467
88.44  3.090045611850842
88.56  3.1602710861110928
88.67999999999999  3.2279632421484004
88.8  3.2929791155235666
88.92  3.35518116703273
89.03999999999999  3.4144375406269916
89.16  3.470622310427327
89.28  3.523615716377882
89.39999999999999  3.5733043881019677
89.52  3.6195815565469402
89.64  3.6623472530271917
89.75999999999999  3.7015084952978397
89.88  3.736979460316037
90.0  3.768681643371501
90.11999999999999  3.79654400329348
90.24  3.820503093467124
90.36  3.8405031784188335
90.47999999999999  3.856496335756948
90.6  3.8684425432815046
90.72  3.8763097511042384
90.84  3.8800739386481626
90.96  3.8797191564239797
91.08  3.875237552509004
91.2  3.866629383682766
91.32  3.8539030112019677
91.44  3.837074881226007
91.56  3.816169489932977
91.67999999999999  3.7912193333943023
91.8  3.7622648423047536
91.92  3.7293543016925543
92.03999999999999  3.692543755762397
92.16  3.6518968980515663
92.28  3.6074849471071513
92.39999999999999  3.559386507918611
92.52  3.5076874193670484
92.64  3.452480587978192
92.75999999999999  3.393865808291722
92.88  3.3319495701842095
93.0  3.266844853507829
93.11999999999999  3.1986709104296507
93.24  3.1275530358801737
93.36  3.053622326541193
93.47999999999999  2.977015428824801
93.6  2.8978742763156253
93.72  2.816345817168219
93.84  2.732581731969895
93.96  2.6467381425975645
94.08  2.5589753126134487
94.2  2.469457339760574
94.32  2.3783518411337625
94.44  2.2858296316150315
94.56  2.1920643961759434
94.67999999999999  2.097232356659447
94.8  2.001511933665563
94.92  1.9050834041734164
95.03999999999999  1.8081285555407844
95.16  1.7108303365284483
95.28  1.6133725060034796
95.39999999999999  1.5159392799783582
95.52  1.4187149776476795
95.64  1.3218836670850058
95.75999999999999  1.2256288112639049
95.88  1.1301329150660528
96.0  1.035577173938702
96.11999999999999  0.9421411248593354
96.24  0.8500023002627708
96.36  0.7593358855794885
96.47999999999999  0.6703143810279943
96.6  0.5831072682960348
96.72  0.49788068273678304
96.84  0.41479709169561535
96.96  0.3340149795725239
97.08  0.2556885402122521
97.2  0.17996737720113096
97.32  0.10699621263513018
97.44  0.03691460490761786
97.56  0.0
97.67999999999999  0.0
97.8  0.0
97.92  0.0
98.03999999999999  0.0
98.16  0.0
98.28  0.0
98.39999999999999  0.0
98.52  0.0
98.64  0.0
98.75999999999999  0.0
98.88  0.0
99.0  0.0
99.11999999999999  0.0
99.24  0.0
99.36  0.0
99.47999999999999  0.0
99.6  0.0
99.72  0.0
99.84  0.0
99.96  0.0
100.08  0.0
100.2  0.0
100.32  0.0
100.44  0.0
100.56  0.0
100.67999999999999  0.0
100.8  0.0
100.92  0.0
101.03999999999999  0.0
101.16  0.0
101.28  0.0
101.39999999999999  0.0
101.52  0.0
101.64  0.0
101.75999999999999  0.05779260544253717
101.88  0.12873404628972973
102.0  0.20250666685687924
102.11999999999999  0.2789653728579089
102.24  0.3579595606215912
102.36  0.4393333900969816
102.47999999999999  0.5229260679774012
102.6  0.6085721404271531
102.72  0.6961017948771362
102.83999999999999  0.7853411703382907
102.96  0.8761126756660824
103.08  0.9682353151936365
103.2  1.061525021137705
103.32  1.1557949921683153
103.44  1.2508560375217712
103.56  1.346516926024944
103.67999999999999  1.4425847393908713
103.8  1.5388652291357956
103.92  1.635163176461813
104.03999999999999  1.731282754442645
104.16  1.8270278918461025
104.28  1.9222026379221402
104.39999999999999  2.016611527484776
104.52  2.110059945613512
104.64  2.20235449130129
104.75999999999999  2.2933033393768807
104.88  2.3827166000325035
105.0  2.470406675291305
105.11999999999999  2.556188611754732
105.24  2.639880448975685
105.36  2.7213035628114945
105.47999999999999  2.8002830031191066
105.6  2.8766478251649774
105.72  2.950231414133249
105.83999999999999  3.0208718021278416
105.96  3.088411977077937
106.08  3.152700182969773
106.2  3.2135902108445387
106.32  3.270941680017243
106.44  3.3246203089902946
106.56  3.374498175552752
106.67999999999999  3.420453965577005
106.8  3.462373210043776
106.92  3.5001485098484424
107.03999999999999  3.533679747963187
107.16  3.5628742885528286
107.28  3.587647162665134
107.39999999999999  3.60792124014151
107.52  3.6236273874181903
107.64  3.6347046109141883
107.75999999999999  3.641100185728075
107.88  3.6427697693925087
108.0  3.6396775004625668
108.11999999999999  3.6317960817414026
108.24  3.6191068479748445
108.36  3.6015998178747424
108.47999999999999  3.579273730359395
108.6  3.5521360649282108
108.72  3.5202030461166807
108.83999999999999  3.4834996320067377
108.96  3.4420594867966647
109.08  3.3959249374640152
109.2  3.345146914583752
109.32  3.2897848773931253
109.44  3.2299067232233
109.56  3.1655886814467493
109.67999999999999  3.096915192117293
109.8  3.0239787695081755
109.92  2.9468798507810057
110.03999999999999  2.865726630045749
110.16  2.7806348780985903
110.28  2.6917277481513517
110.39999999999999  2.599135567891006
110.52  2.502995618233899
110.64  2.4034518991631497
110.75999999999999  2.3006548830617866
110.88  2.194761255977152
111.0  2.0859336472744254
111.11999999999999  1.9743403481585955
111.24  1.8601550195645633
111.36  1.7435563899352748
111.47999999999999  1.6247279434259354
111.6  1.5038575990905536
111.72  1.381137381623704
111.83999999999999  1.2567630842462387
111.96  1.130933924337922
112.08  1.0038521924346453
112.2  0.8757228952187419
112.32  0.7467533931439535
112.44  0.6171530333452524
112.56  0.4871327784942867
112.67999999999999  0.35690483226723635
112.8  0.22668226210018072
112.92  0.0966786199112758
113.03999999999999  0.0
113.16  0.0
113.28  0.0
113.39999999999999  0.0
113.52  0.0
113.64  0.0
113.75999999999999  0.0
113.88  0.0
114.0  0.0
114.11999999999999  0.0
114.24  0.0
114.36  0.0
114.47999999999999  0.0
114.6  0.0
114.72  0.0
114.83999999999999  0.0
114.96  0.0
115.08  0.0
115.19999999999999  0.0
115.32  0.0
115.44  0.0
115.56  0.0
115.67999999999999  0.0
115.8  0.0
115.92  0.0
116.03999999999999  0.0
116.16  0.0
116.28  0.0
116.39999999999999  0.0
116.52  0.0
116.64  0.0
116.75999999999999  0.0
116.88  0.0
117.0  0.0
117.11999999999999  0.0
117.24  0.0
117.36  0.0
117.47999999999999  0.0
117.6  0.0
117.72  0.0
117.83999999999999  0.0
117.96  0.0
118.08  0.0
118.19999999999999  0.0
118.32  0.0
118.44  0.0
118.56  0.0
118.67999999999999  0.0
118.8  0.0
118.92  0.0
119.03999999999999  0.0
119.16  0.0
119.28  0.0
119.39999999999999  0.0
119.52  0.0
119.64  0.0
119.75999999999999  0.0
119.88  0.0
120.0  0.0
