0.0  28.119938942280836
1.68  50.79093131395766
3.36  23.589351027693198
5.04  24.224215712557175
6.72  50.88185460130081
8.4  27.407172712152576
10.08  20.862246937819975
11.76  49.944511288612475
13.44  0.0
15.12  0.0
16.8  14.700492261328693
18.48  2.507169217894771
20.16  0.0
21.84  11.928422011635712
23.52  6.628521126058441
25.2  0.0
26.88  8.457398399528484
28.56  10.361470685246392
30.24  0.0
31.919999999999998  4.490808228586985
33.6  13.487283376879983
35.28  0.0
36.96  0.26107633544068864
38.64  15.822800247581966
40.32  0.0
42.0  0.0
43.68  17.231170222821156
45.36  0.0
47.04  0.0
48.72  17.629868981379158
50.4  0.0
52.08  0.0
53.76  16.995534519663874
55.44  0.0
57.12  0.0
58.8  15.36533606294896
60.48  1.240833944334133
62.16  0.0
63.839999999999996  12.834796111328252
65.52  5.431824033894404
67.2  0.0
68.88  9.55219323896545
70.56  9.304532990473676
72.24  0.0
73.92  5.70987361812632
75.6  12.632037006027412
77.28  0.0
78.96  1.5329803746856303
80.64  15.219358897667785
82.32  0.0
84.0  0.0
85.67999999999999  16.9148929178749
87.36  0.0
89.03999999999999  0.0
90.72  17.619288188271213
92.39999999999999  0.0
94.08  0.0
95.75999999999999  17.291270226596588
97.44  0.0
99.11999999999999  0.0
100.8  15.950059450859463
102.47999999999999  0.0
104.16  0.0
105.83999999999999  13.674244946899655
107.52  4.20680344870553
109.2  0.0
110.88  10.597179491658274
112.56  8.199078098971903
114.24  0.0
115.92  6.899165663649952
117.6  11.710922630285463
119.28  0.0
120.96  2.7968909003932207
122.64  14.536558311724942
124.32  0.0
126.0  0.0
127.67999999999999  16.510415249924048
129.35999999999999  0.0
131.04  0.0
132.72  17.516834060721713
134.4  0.0
136.07999999999998  0.0
137.76  17.496843003252476
139.44  0.0
141.12  0.0
142.79999999999998  16.451613466055456
144.48  0.0
146.16  0.0
147.84  14.44239132882977
149.51999999999998  2.959847070422992
151.2  0.0
152.88  11.586908221733239
154.56  7.050870251945132
156.23999999999998  0.0
157.92  8.052482966742957
159.6  10.72874327280638
161.28  0.0
162.96  4.046217426433043
164.64  13.777958858703528
166.32  0.0
168.0  0.0
