0.0  38.02721505167112
1.68  18.61161504715782
3.36  44.54521707816808
5.04  35.94141177264649
6.72  19.30360705416431
8.4  45.883372402526234
10.08  33.803638483265956
11.76  20.27516312988453
13.44  13.638115388808863
15.12  0.0
16.8  0.0
18.48  14.454431094438815
20.16  0.0
21.84  0.0
23.52  14.982719828815371
25.2  0.0
26.88  0.0
28.56  15.212454619059695
30.24  0.0
31.919999999999998  0.0
33.6  15.139057642952904
35.28  0.0
36.96  0.0
38.64  14.763991449147998
40.32  0.0
42.0  0.0
43.68  14.094729813618304
45.36  0.0
47.04  0.0
48.72  13.14460881307258
50.4  0.0
52.08  1.5080060684845646
53.76  11.932561082930627
55.44  0.0
57.12  3.6259200936084692
58.8  10.482738555181252
60.48  0.0
62.16  5.671582033835669
63.839999999999996  8.824031193655614
65.52  0.0
67.2  7.604228900363462
68.88  6.989491316664728
70.56  0.0
72.24  9.385349705119475
73.92  5.015674978262949
75.6  0.0
77.28  10.979452851964696
78.96  2.941913532140086
80.64  0.0
82.32  12.354773361823804
84.0  0.8095298933611765
85.67999999999999  0.0
87.36  13.483905839191237
89.03999999999999  0.0
90.72  0.0
92.39999999999999  14.344350567165073
94.08  0.0
95.75999999999999  0.0
97.44  14.918961849224504
99.11999999999999  0.0
100.8  0.0
102.47999999999999  15.196289663840368
104.16  0.0
105.83999999999999  0.0
107.52  15.170807823924148
109.2  0.0
110.88  0.0
112.56  14.843024094681123
114.24  0.0
115.92  0.0
117.6  14.219470075601158
119.28  0.0
120.96  0.0
122.64  13.312571048201619
124.32  0.0
126.0  1.1697971698903187
127.67999999999999  12.1403983830123
129.35999999999999  0.0
131.04  3.295286102381792
132.72  10.726309439470295
134.4  0.0
136.07999999999998  5.355111345359154
137.76  9.098482134287323
139.44  0.0
141.12  7.308227684233709
142.79999999999998  7.28935345272916
144.48  0.0
146.16  9.115716244929164
147.84  5.33497309134577
149.51999999999998  0.0
151.2  10.741560012849126
152.88  3.2742851118223597
154.56  0.0
156.23999999999998  12.153361527786668
157.92  1.148351920113381
159.6  0.0
161.28  13.322988453594935
162.96  0.0
164.64  0.0
166.32  14.227134158643455
168.0  0.0
