0.0  37.87312249384312
1.68  60.484881566740704
3.36  0.0
5.04  42.78141018412483
6.72  57.000459277641
8.4  0.0
10.08  47.50143028077223
11.76  53.04443277530908
13.44  0.0
15.12  18.6057957250711
16.8  15.362298693791194
18.48  0.0
20.16  22.672745148720615
21.84  10.707380303524936
23.52  0.0
25.2  26.28790493966026
26.88  5.839100744027262
28.56  0.0
30.24  29.379237428722682
31.919999999999998  0.8544680405591407
33.6  0.0
35.28  31.88514301865357
36.96  0.0
38.64  0.0
40.32  33.75568765168189
42.0  0.0
43.68  0.0
45.36  34.953597823113746
47.04  0.0
48.72  0.0
50.4  35.45500331375787
52.08  0.0
53.76  0.0
55.44  35.24991284108661
57.12  0.0
58.8  0.0
60.48  34.34241315104592
62.16  0.0
63.839999999999996  0.0
65.52  32.75058758330016
67.2  0.0
68.88  0.0
70.56  30.506155732625906
72.24  0.0
73.92  3.754077577164345
75.6  27.653841386760995
77.28  0.0
78.96  8.683218268436244
80.64  24.250481335525865
82.32  0.0
84.0  13.439332360304151
85.67999999999999  20.363892809585433
87.36  0.0
89.03999999999999  17.92764689851809
90.72  16.071522116878427
92.39999999999999  0.0
94.08  22.058725250531996
95.75999999999999  11.458901404747426
97.44  0.0
99.11999999999999  25.750249269198406
100.8  6.617944299164181
102.47999999999999  0.0
104.16  28.928659609604892
105.83999999999999  1.6451143830955752
107.52  0.0
109.2  31.53062151317312
110.88  0.0
112.56  0.0
114.24  33.504286851014086
115.92  0.0
117.6  0.0
119.28  34.8103272783585
120.96  0.0
122.64  0.0
124.32  35.42271791285956
126.0  0.0
127.67999999999999  0.0
129.35999999999999  35.329255920761625
131.04  0.0
132.72  0.0
134.4  34.53180367729977
136.07999999999998  0.0
137.76  0.0
139.44  33.04625165598393
141.12  0.0
142.79999999999998  0.0
144.48  30.902201786253546
146.16  0.0
147.84  2.9664984535869046
149.51999999999998  28.14237758909312
151.2  0.0
152.88  7.914040047201272
154.56  24.821772844576138
156.23999999999998  0.0
157.92  12.70388211115026
159.6  21.006555755454762
161.28  0.0
162.96  17.24057960899848
164.64  16.772750443027387
166.32  0.0
168.0  21.433731802642804
