0.0  1.0748241350837013  100.0
0.12  1.0527101746886052
0.24  1.0299123379523776
0.36  1.0064526094154864
0.48  0.9823535678331468
0.6  0.9576383616657309
0.72  0.9323306839679601
0.84  0.9064547467052094
0.96  0.8800352545258864
1.08  0.853097378019464
1.2  0.8256667264903104
1.3199999999999998  0.7977693202780062
1.44  0.7694315626553373
1.56  0.7406802113356241
1.68  0.7115423496214791
1.7999999999999998  0.68204535722748
1.92  0.6522168808096037
2.04  0.6220848042345921
2.16  0.5916772186226968
2.28  0.5610223921975038
2.4  0.5301487399767353
2.52  0.49908479333810885
2.6399999999999997  0.4678591694944492
2.76  0.4365005409123445
2.88  0.4050376047086944
3.0  0.3734990520595008
3.12  0.34191353765523425
3.2399999999999998  0.31030964923703414
3.36  0.2787158772479035
3.48  0.24716058463291254
3.5999999999999996  0.21567197682223896
3.7199999999999998  0.18427807193065676
3.84  0.1530066712068265
3.96  0.12188532976543415
4.08  0.09094132763490398
4.2  0.06020164115302362
4.32  0.029692914742425636
4.4399999999999995  0.0
4.56  0.0
4.68  0.0
4.8  0.0
4.92  0.0
5.04  0.0
5.16  0.0
5.279999999999999  0.0
5.3999999999999995  0.0
5.52  0.0
5.64  0.0
5.76  0.0
5.88  0.0
6.0  0.0
6.12  0.0
6.24  0.0
6.359999999999999  0.0
6.4799999999999995  0.0
6.6  0.0
6.72  0.0
6.84  0.0
6.96  0.0
7.08  0.0
7.199999999999999  0.0
7.319999999999999  0.0
7.4399999999999995  0.0
7.56  0.0
7.68  0.0
7.8  0.0
7.92  0.0
8.04  0.0
8.16  0.0
8.28  0.0
8.4  0.0
8.52  0.0
8.64  0.0
8.76  0.0
8.879999999999999  0.0
9.0  0.0
9.12  0.0
9.24  0.0
9.36  0.0
9.48  0.0
9.6  0.0
9.719999999999999  0.0
9.84  0.0
9.959999999999999  0.0
10.08  0.0
10.2  0.0
10.32  0.0
10.44  0.0
10.559999999999999  0.0
10.68  0.0
10.799999999999999  0.0
10.92  0.0
11.04  0.0
11.16  0.0
11.28  0.0
11.4  0.0
11.52  0.0
11.639999999999999  0.0
11.76  0.0
11.879999999999999  0.0
12.0  0.0
12.12  0.0
12.24  0.0
12.36  0.0
12.48  0.0
12.6  0.0
12.719999999999999  0.0
12.84  0.0
12.959999999999999  0.0
13.08  0.0
13.2  0.0
13.32  0.0
13.44  0.0
13.559999999999999  0.0
13.68  0.0
13.799999999999999  0.0
13.92  0.0
14.04  0.0
14.16  0.0
14.28  0.0
14.399999999999999  0.0
14.52  0.0
14.639999999999999  0.0
14.76  0.0
14.879999999999999  0.0
15.0  0.0
15.12  0.0
15.24  0.0
15.36  0.0
15.479999999999999  0.0
15.6  0.0
15.719999999999999  0.0
15.84  0.0
15.959999999999999  0.0
16.08  0.0
16.2  0.0
16.32  0.0
16.439999999999998  0.0
16.56  0.0
16.68  0.0
16.8  0.0
16.919999999999998  0.0
17.04  0.0
17.16  0.0
17.28  0.0
17.4  0.0
17.52  0.0
17.64  0.0
17.759999999999998  0.0
17.88  0.0
18.0  0.0
18.12  0.0
18.24  0.0
18.36  0.0
18.48  0.0
18.599999999999998  0.0
18.72  0.0
18.84  0.0
18.96  0.0
19.08  0.0
19.2  0.0
19.32  0.0
19.439999999999998  0.0
19.56  0.0
19.68  0.0
19.8  0.0
19.919999999999998  0.0
20.04  0.0
20.16  0.0
20.279999999999998  0.0
20.4  0.0
20.52  0.0
20.64  0.0
20.759999999999998  0.0
20.88  0.0
21.0  0.0
21.119999999999997  0.0
21.24  0.0
21.36  0.0
21.48  0.0
21.599999999999998  0.0
21.72  0.0
21.84  0.0
21.96  0.0
22.08  0.0
22.2  0.0
22.32  0.0
22.439999999999998  0.0
22.56  0.0
22.68  0.0
22.8  0.0
22.919999999999998  0.0
23.04  0.0
23.16  0.0
23.279999999999998  0.0
23.4  0.0
23.52  0.0
23.64  0.0
23.759999999999998  0.0
23.88  0.0
24.0  0.0
24.119999999999997  0.0
24.24  0.0
24.36  0.0
24.48  0.0
24.599999999999998  0.0
24.72  0.0
24.84  0.0
24.96  0.0
25.08  0.0
25.2  0.0
25.32  0.0
25.439999999999998  0.0
25.56  0.0
25.68  0.0
25.8  0.0
25.919999999999998  0.0
26.04  0.0
26.16  0.0
26.279999999999998  0.0
26.4  0.0
26.52  0.0
26.64  0.0
26.759999999999998  0.0
26.88  0.0
27.0  0.0
27.119999999999997  0.0
27.24  0.0
27.36  0.0
27.48  0.0
27.599999999999998  0.0
27.72  0.0
27.84  0.0
27.959999999999997  0.0
28.08  0.0
28.2  0.0
28.32  0.0
28.439999999999998  0.0
28.56  0.0
28.68  0.0
28.799999999999997  0.0
28.919999999999998  0.0
29.04  0.0
29.16  0.0
29.279999999999998  0.0
29.4  0.0
29.52  0.0
29.64  0.0
29.759999999999998  0.0
29.88  0.0
30.0  0.0
30.119999999999997  0.0
30.24  0.0
30.36  0.0
30.48  0.0
30.599999999999998  0.0
30.72  0.0
30.84  0.0
30.959999999999997  0.0
31.08  0.0
31.2  0.0
31.32  0.0
31.439999999999998  0.0
31.56  0.0
31.68  0.0
31.799999999999997  0.0
31.919999999999998  0.0
32.04  0.0
32.16  0.0
32.28  0.0
32.4  0.0
32.519999999999996  0.0
32.64  0.0
32.76  0.0
32.879999999999995  0.0
33.0  0.0
33.12  0.0
33.24  0.0
33.36  0.0
33.48  0.0
33.6  0.01293646148351213
33.72  0.0405781526339693
33.839999999999996  0.06853342905018639
33.96  0.09677806496360764
34.08  0.1252873864207128
34.199999999999996  0.15403629711982614
34.32  0.1829993047696215
34.44  0.21215054793988325
34.56  0.24146382337454497
34.68  0.2709126137363713
34.8  0.3004701157522883
34.92  0.33010926872775553
35.04  0.35980278339824334
35.16  0.389523171085424
35.28  0.41924277312533537
35.4  0.4489337905354372
35.519999999999996  0.4785683138872464
35.64  0.5081183533509037
35.76  0.5375558688778688
35.879999999999995  0.5668528004877867
36.0  0.5959810986253526
36.12  0.624912754552996
36.24  0.6536198307451017
36.36  0.6820744912494594
36.48  0.710249031981712
36.6  0.7381159109185458
36.72  0.7656477781555566
36.839999999999996  0.7928175057958053
36.96  0.8195982176352796
37.08  0.8459633186116664
37.199999999999996  0.8718865239831686
37.32  0.8973418882042717
37.44  0.9223038334658187
37.559999999999995  0.9467471778670427
37.68  0.9706471631876418
37.8  0.9939794822283978
37.92  1.0167203056893712
38.04  1.0388463085551387
38.16  1.0603346959571611
38.28  1.0811632284839066
38.4  1.1013102469099723
38.519999999999996  1.1207546963161414
38.64  1.1394761495729089
38.76  1.1574548301608054
38.879999999999995  1.1746716343015509
39.0  1.1911081523748213
39.12  1.2067466895962666
39.24  1.2215702859332005
39.36  1.2355627352352545
39.48  1.2487086035581776
39.6  1.260993246659858
39.72  1.2724028266485692
39.839999999999996  1.2829243277644293
39.96  1.2925455712759808
40.08  1.3012552294748496
40.199999999999996  1.3090428387524322
40.32  1.3158988117435784
40.44  1.3218144485233259
40.559999999999995  1.3267819468437776
40.68  1.3307944113993095
40.8  1.3338458621093858
40.92  1.335931241409377
41.04  1.3370464205408745
41.16  1.3371882048341512
41.28  1.3363543379765286
41.4  1.33454350526157
41.519999999999996  1.3317553358151704
41.64  1.3279904037957575
41.76  1.3232502285669874
41.879999999999995  1.317537273842472
42.0  1.3108549458032357
42.12  1.3032075901897686
42.239999999999995  1.2946004883716775
42.36  1.2850398523991247
42.48  1.2745328190413623
42.6  1.2630874428188275
42.72  1.2507126880364128
42.839999999999996  1.2374184198266192
42.96  1.2232153942124595
43.08  1.2081152472010563
43.199999999999996  1.1921304829199784
43.32  1.17527446080945
43.44  1.1575613818846402
43.559999999999995  1.1390062740832454
43.68  1.11962497671467
43.8  1.0994341240280967
43.92  1.0784511279176963
44.04  1.056694159784294
44.16  1.0341821315736395
44.28  1.0109346760124696
44.4  0.9869721260643838
44.519999999999996  0.9623154936284519
44.64  0.9369864475043448
44.76  0.9110072906485891
44.879999999999995  0.8844009367473304
45.0  0.8571908861317912
45.12  0.8294012010633489
45.239999999999995  0.801056480415802
45.36  0.7721818337831898
45.48  0.7428028550420558
45.6  0.7129455953977275
45.72  0.6826365359447688
45.839999999999996  0.6519025597722311
45.96  0.6207709236449602
46.08  0.5892692292925649
46.199999999999996  0.5574253943381758
46.32  0.5252676228994879
46.44  0.49282437589498024
46.559999999999995  0.4601243410884479
46.68  0.42719640290540367
46.8  0.39406961205503543
46.92  0.36077315499167695
47.04  0.3273363232499424
47.16  0.29378848268772817
47.28  0.26015904267150836
47.4  0.22647742523827552
47.519999999999996  0.19277303426858616
47.64  0.1590752247051172
47.76  0.12541327185109508
47.879999999999995  0.09181634078281015
48.0  0.058313455910382006
48.12  0.024933470720676226
48.239999999999995  0.0
48.36  0.0
48.48  0.0
48.6  0.0
48.72  0.0
48.839999999999996  0.0
48.96  0.0
49.08  0.0
49.199999999999996  0.0
49.32  0.0
49.44  0.0
49.559999999999995  0.0
49.68  0.0
49.8  0.0
49.92  0.0
50.04  0.0
50.16  0.0
50.28  0.0
50.4  0.0
50.519999999999996  0.0
50.64  0.0
50.76  0.0
50.879999999999995  0.0
51.0  0.0
51.12  0.0
51.239999999999995  0.0
51.36  0.0
51.48  0.0
51.6  0.0
51.72  0.0
51.839999999999996  0.0
51.96  0.0
52.08  0.0
52.199999999999996  0.0
52.32  0.0
52.44  0.0
52.559999999999995  0.0
52.68  0.0
52.8  0.0
52.919999999999995  0.0
53.04  0.0
53.16  0.0
53.28  0.0
53.4  0.0
53.519999999999996  0.0
53.64  0.0
53.76  0.0
53.879999999999995  0.0
54.0  0.0
54.12  0.0
54.239999999999995  0.0
54.36  0.0
54.48  0.0
54.6  0.0
54.72  0.0
54.839999999999996  0.0
54.96  0.0
55.08  0.0
55.199999999999996  0.0
55.32  0.0
55.44  0.0
55.559999999999995  0.0
55.68  0.0
55.8  0.0
55.919999999999995  0.0
56.04  0.0
56.16  0.0
56.28  0.0
56.4  0.0
56.519999999999996  0.0
56.64  0.0
56.76  0.0
56.879999999999995  0.0
57.0  0.0
57.12  0.0
57.239999999999995  0.0
57.36  0.0
57.48  0.0
57.599999999999994  0.0
57.72  0.0
57.839999999999996  0.0
57.96  0.0
58.08  0.0
58.199999999999996  0.0
58.32  0.0
58.44  0.0
58.559999999999995  0.0
58.68  0.0
58.8  0.0
58.919999999999995  0.0
59.04  0.0
59.16  0.0
59.28  0.0
59.4  0.0
59.519999999999996  0.0
59.64  0.0
59.76  0.0
59.879999999999995  0.0
60.0  0.0
60.12  0.0
60.239999999999995  0.0
60.36  0.0
60.48  0.0
60.599999999999994  0.0
60.72  0.0
60.839999999999996  0.0
60.96  0.0
61.08  0.0
61.199999999999996  0.0
61.32  0.0
61.44  0.0
61.559999999999995  0.0
61.68  0.0
61.8  0.0
61.919999999999995  0.0
62.04  0.0
62.16  0.0
62.28  0.0
62.4  0.0
62.519999999999996  0.0
62.64  0.0
62.76  0.0
62.879999999999995  0.0
63.0  0.0
63.12  0.007357086825422576
63.239999999999995  0.01534314200899245
63.36  0.0227763196737093
63.48  0.02965167423931314
63.599999999999994  0.03596506787532705
63.72  0.04171317405714836
63.839999999999996  0.046893480139404975
63.96  0.05150428894401693
64.08  0.055544719361546147
64.2  0.05901470596558367
64.32  0.06191499764104447
64.44  0.06424715522841373
64.56  0.06601354818710403
64.67999999999999  0.0672173502822534
64.8  0.06786253430040301
64.92  0.06795386580063201
65.03999999999999  0.06749689590885366
65.16  0.06649795316407725
65.28  0.06496413442655968
65.39999999999999  0.06290329485882173
65.52  0.060324036991640684
65.64  0.057235698888139064
65.75999999999999  0.05364834142017316
65.88  0.04957273467222545
66.0  0.045020343489054704
66.12  0.04000331218433173
66.24  0.03453444842844605
66.36  0.028627206334673527
66.48  0.02229566876376965
66.6  0.015554528868012174
66.72  0.008419070896542924
66.84  0.0009051502847947646
66.96  0.0
67.08  0.0
67.2  0.0
67.32  0.0
67.44  0.0
67.56  0.0
67.67999999999999  0.0
67.8  0.0
67.92  0.0
68.03999999999999  0.0
68.16  0.0
68.28  0.0
68.39999999999999  0.0
68.52  0.0
68.64  0.0
68.75999999999999  0.0
68.88  0.0
69.0  0.0
69.12  0.0
69.24  0.0
69.36  0.0
69.48  0.0
69.6  0.0
69.72  0.0
69.84  0.0
69.96  0.0
70.08  0.0
70.2  0.0
70.32  0.0
70.44  0.0
70.56  0.0
70.67999999999999  0.0
70.8  0.0
70.92  0.0
71.03999999999999  0.0
71.16  0.0
71.28  0.0
71.39999999999999  0.0
71.52  0.0
71.64  0.0
71.75999999999999  0.0
71.88  0.0
72.0  0.0
72.11999999999999  0.0
72.24  0.0
72.36  0.0
72.48  0.0
72.6  0.0
72.72  0.0
72.84  0.0
72.96  0.0
73.08  0.0
73.2  0.0
73.32  0.0
73.44  0.0
73.56  0.0
73.67999999999999  0.0
73.8  0.0
73.92  0.0
74.03999999999999  0.0
74.16  0.0
74.28  0.0
74.39999999999999  0.0
74.52  0.0
74.64  0.0
74.75999999999999  0.0
74.88  0.0
75.0  0.0
75.11999999999999  0.0
75.24  0.0
75.36  0.0
75.48  0.0
75.6  0.0
75.72  0.0
75.84  0.0
75.96  0.0
76.08  0.0
76.2  0.0
76.32  0.0
76.44  0.0
76.56  0.0
76.67999999999999  0.0
76.8  0.0
76.92  0.0
77.03999999999999  0.0
77.16  0.0
77.28  0.0
77.39999999999999  0.017593758150740713
77.52  0.04014675384316052
77.64  0.06309975020026676
77.75999999999999  0.08643269284777055
77.88  0.11012494868329542
78.0  0.13415532758577292
78.11999999999999  0.1585021048091968
78.24  0.18314304403567117
78.36  0.20805542106187885
78.48  0.23321604809246743
78.6  0.25860129861299774
78.72  0.2841871328145471
78.84  0.3099491235412889
78.96  0.3358624827319062
79.08  0.3619020883249696
79.2  0.38804251159790926
79.32  0.41425804490878826
79.44  0.4405227298094647
79.56  0.46681038549835296
79.67999999999999  0.4930946375806239
79.8  0.5193489471032862
79.92  0.545546639832184
80.03999999999999  0.5716609357377931
80.16  0.5976649786563655
80.28  0.623531866092687
80.39999999999999  0.6492346791306934
80.52  0.674746512417908
80.64  0.7000405041896205
80.75999999999999  0.7250898662986701
80.88  0.7498679142166614
81.0  0.7743480969724088
81.11999999999999  0.7985040269935888
81.24  0.8223095098175166
81.36  0.8457385736371708
81.48  0.8687654986488247
81.6  0.8913648461676994
81.72  0.9135114874784549
81.84  0.935180632387488
81.96  0.9563478574444783
82.08  0.9769891338008299
82.2  0.9970808546731356
82.32  1.0165998623802688
82.44  1.0355234749230637
82.56  1.0538295120761285
82.67999999999999  1.071496320961876
82.8  1.0885028010774207
82.92  1.1048284287455494
83.03999999999999  1.1204532809617151
83.16  1.1353580586095917
83.28  1.1495241090184716
83.39999999999999  1.1629334478365152
83.52  1.175568780194641
83.64  1.1874135211365924
83.75999999999999  1.1984518152916328
83.88  1.208668555767063
84.0  1.2180494022386943
84.11999999999999  1.2265807982183285
84.24  1.234249987478156
84.36  1.2410450296129811
84.47999999999999  1.2469548147221508
84.6  1.2519690771940462
84.72  1.256078408576983
84.84  1.2592742695214483
84.96  1.2615490007796124
85.08  1.2628958332491158
85.2  1.263308897049236
85.32  1.2627832296186015
85.44  1.2613147828247486
85.56  1.2589004290769232
85.67999999999999  1.2555379664346418
85.8  1.2512261227056944
85.92  1.2459645585283807
86.03999999999999  1.2397538694339358
86.16  1.2325955868862493
86.28  1.224492178297152
86.39999999999999  1.215447046016678
86.52  1.2054645252988798
86.64  1.1945498812449649
86.75999999999999  1.1827093047266128
86.88  1.1699499072935464
87.0  1.1562797150705677
87.11999999999999  1.1417076616503694
87.24  1.1262435799896373
87.36  1.1098981933170453
87.47999999999999  1.0926831050628611
87.6  1.0746107878209967
87.72  1.055694571355478
87.84  1.0359486296642846
87.96  1.0153879671147006
88.08  0.9940284036652605
88.2  0.9718865591905108
88.32  0.9489798369257385
88.44  0.9253264060498344
88.56  0.9009451834255093
88.67999999999999  0.8758558145169113
88.8  0.8500786535057187
88.92  0.8236347426276747
89.03999999999999  0.7965457907523688
89.16  0.7688341512299659
89.28  0.7405227990294425
89.39999999999999  0.7116353071935932
89.52  0.6821958226369438
89.64  0.6522290413134418
89.75999999999999  0.6217601827814045
89.88  0.5908149641940204
90.0  0.5594195737443088
90.11999999999999  0.5276006435939875
90.24  0.4953852223163537
90.36  0.46280074688387185
90.47999999999999  0.42987501423156704
90.6  0.3966361524278418
90.72  0.36311259148488484
90.84  0.3293330338410515
90.96  0.2953264245481526
91.08  0.26112192119675615
91.2  0.22674886361310054
91.32  0.19223674336125174
91.44  0.15761517308448164
91.56  0.122913855720095
91.67999999999999  0.08816255362186048
91.8  0.05339105762450633
91.92  0.018629156084712217
92.03999999999999  0.0
92.16  0.0
92.28  0.0
92.39999999999999  0.0
92.52  0.0
92.64  0.0
92.75999999999999  0.0
92.88  0.0
93.0  0.0
93.11999999999999  0.0
93.24  0.0
93.36  0.0
93.47999999999999  0.0
93.6  0.0
93.72  0.0
93.84  0.0
93.96  0.0
94.08  0.0
94.2  0.0
94.32  0.0
94.44  0.0
94.56  0.0
94.67999999999999  0.0
94.8  0.0
94.92  0.0
95.03999999999999  0.0
95.16  0.0
95.28  0.0
95.39999999999999  0.0
95.52  0.0
95.64  0.0
95.75999999999999  0.0
95.88  0.0
96.0  0.0
96.11999999999999  0.0
96.24  0.0
96.36  0.0
96.47999999999999  0.0
96.6  0.0
96.72  0.0
96.84  0.0
96.96  0.0
97.08  0.0
97.2  0.0
97.32  0.0
97.44  0.0
97.56  0.0
97.67999999999999  0.0
97.8  0.0
97.92  0.0
98.03999999999999  0.0
98.16  0.0
98.28  0.0
98.39999999999999  0.0
98.52  0.0
98.64  0.0
98.75999999999999  0.0
98.88  0.0
99.0  0.0
99.11999999999999  0.0
99.24  0.0
99.36  0.0
99.47999999999999  0.0
99.6  0.0
99.72  0.0
99.84  0.0
99.96  0.0
100.08  0.0
100.2  0.0
100.32  0.0
100.44  0.0
100.56  0.0
100.67999999999999  0.0
100.8  0.0
100.92  0.0
101.03999999999999  0.0
101.16  0.0
101.28  0.0
101.39999999999999  0.0
101.52  0.0
101.64  0.0
101.75999999999999  0.0
101.88  0.0
102.0  0.0
102.11999999999999  0.0
102.24  0.0
102.36  0.0
102.47999999999999  0.0
102.6  0.0
102.72  0.0
102.83999999999999  0.0
102.96  0.0
103.08  0.0
103.2  0.0
103.32  0.0
103.44  0.0
103.56  0.0
103.67999999999999  0.0
103.8  0.0
103.92  0.0
104.03999999999999  0.0
104.16  0.0
104.28  0.0
104.39999999999999  0.0
104.52  0.0
104.64  0.0
104.75999999999999  0.0
104.88  0.0
105.0  0.0
105.11999999999999  0.0
105.24  0.0
105.36  0.0
105.47999999999999  0.0
105.6  0.0
105.72  0.0
105.83999999999999  0.0
105.96  0.0
106.08  0.0
106.2  0.0
106.32  0.0
106.44  0.0
106.56  0.0
106.67999999999999  0.0
106.8  0.014139366799368669
106.92  0.029574472425674236
107.03999999999999  0.04448909687742897
107.16  0.05887151143305913
107.28  0.07271074976633107
107.39999999999999  0.08599661876520881
107.52  0.0987197084168745
107.64  0.1108714007481415
107.75999999999999  0.12244387781161659
107.88  0.1334301287090569
108.0  0.14382395564446016
108.11999999999999  0.15361997900062163
108.24  0.1628136414339577
108.36  0.1714012109835471
108.47999999999999  0.17937978319152964
108.6  0.186747282233099
108.72  0.19350246105547536
108.83999999999999  0.1996449005264428
108.96  0.20517500759412
109.08  0.2100940124608247
109.2  0.21440396477502133
109.32  0.21810772884644747
109.44  0.2212089778907147
109.56  0.22371218731073733
109.67999999999999  0.225622627023489
109.8  0.2269463528416873
109.92  0.22769019692109582
110.03999999999999  0.227861757285228
110.16  0.22746938644029602
110.28  0.22652217909427397
110.39999999999999  0.22502995899504719
110.52  0.2230032649035708
110.64  0.22045333571900022
110.75999999999999  0.2173920947737134
110.88  0.21383213331714201
111.0  0.20978669320821952
111.11999999999999  0.20526964883719523
111.24  0.2002954882984569
111.36  0.19487929383688227
111.47999999999999  0.1890367215910159
111.6  0.18278398065725868
111.72  0.17613781150002553
111.83999999999999  0.16911546373353342
111.96  0.1617346733016492
112.08  0.15401363908293603
112.2  0.14597099894865953
112.32  0.1376258053021867
112.44  0.12899750012876054
112.56  0.12010588958526541
112.67999999999999  0.11097111816008318
112.8  0.10161364243362028
112.92  0.09205420447061852
113.03999999999999  0.08231380487571016
113.16  0.07241367554412625
113.28  0.06237525213975431
113.39999999999999  0.05222014633314542
113.52  0.041970117832257736
113.64  0.03164704623903172
113.75999999999999  0.02127290276502769
113.88  0.010869721839601526
114.0  0.00045957264413742926
114.11999999999999  0.0
114.24  0.0
114.36  0.0
114.47999999999999  0.0
114.6  0.0
114.72  0.0
114.83999999999999  0.0
114.96  0.0
115.08  0.0
115.19999999999999  0.0
115.32  0.0
115.44  0.0
115.56  0.0
115.67999999999999  0.0
115.8  0.0
115.92  0.0
116.03999999999999  0.0
116.16  0.0
116.28  0.0
116.39999999999999  0.0
116.52  0.0
116.64  0.0
116.75999999999999  0.0
116.88  0.0
117.0  0.0
117.11999999999999  0.0
117.24  0.0
117.36  0.0
117.47999999999999  0.0
117.6  0.0
117.72  0.0
117.83999999999999  0.0
117.96  0.0
118.08  0.0
118.19999999999999  0.0
118.32  0.0
118.44  0.0
118.56  0.0
118.67999999999999  0.0
118.8  0.0
118.92  0.0
119.03999999999999  0.0
119.16  0.0
119.28  0.0
119.39999999999999  0.0
119.52  0.0
119.64  0.0
119.75999999999999  0.0
119.88  0.0
120.0  0.0
