0.0  1.5427090546540672  100.0
0.12  1.5382511411005355
0.24  1.5332759049979956
0.36  1.527784922519564
0.48  1.5217799437183528
0.6  1.5152628919693962
0.72  1.5082358633530075
0.84  1.5007011259797536
0.96  1.4926611192572699
1.08  1.4841184530991547
1.2  1.4750759070761967
1.3199999999999998  1.4655364295102111
1.44  1.455503136510787
1.56  1.4449793109552531
1.68  1.4339684014122016
1.7999999999999998  1.4224740210089242
1.92  1.410499946243129
2.04  1.3980501157393332
2.16  1.3851286289503435
2.28  1.3717397448042488
2.4  1.3578878802973753
2.52  1.3435776090336704
2.6399999999999997  1.3288136597110016
2.76  1.3136009145548648
2.88  1.2979444077000315
3.0  1.2818493235206663
3.12  1.2653209949094744
3.2399999999999998  1.2483649015064453
3.36  1.2309866678777917
3.48  1.2131920616456804
3.5999999999999996  1.1949869915693867
3.7199999999999998  1.176377505578506
3.84  1.1573697887588845
3.96  1.137970161291936
4.08  1.1181850763480385
4.2  1.098021117934707
4.32  1.0774849987002713
4.4399999999999995  1.0565835576937848
4.56  1.0353237580819181
4.68  1.0137126848236022
4.8  0.9917575423031935
4.92  0.9694656519229623
5.04  0.9468444496557036
5.16  0.923901483558295
5.279999999999999  0.9006444112470322
5.3999999999999995  0.8770809973355892
5.52  0.8532191108364651
5.64  0.8290667225267854
5.76  0.8046319022793434
5.88  0.7799228163597791
6.0  0.7549477246907982
6.12  0.7297149780843571
6.24  0.7042330154427371
6.359999999999999  0.678510360929451
6.4799999999999995  0.6525556211109316
6.6  0.6263774820699662
6.72  0.5999847064918427
6.84  0.5733861307241886
6.96  0.5465906618114962
7.08  0.5196072745053217
7.199999999999999  0.49244500825117765
7.319999999999999  0.4651129641531175
7.4399999999999995  0.4376203019170488
7.56  0.409976236773792
7.68  0.38219003638292764
7.8  0.3542710177184723
7.92  0.3262285439374343
8.04  0.29807202123230003
8.16  0.26981089566851524
8.28  0.2414546500080265
8.4  0.2130128005199504
8.52  0.18449489377945127
8.64  0.15591050345589885
8.76  0.127269227091398
8.879999999999999  0.09858068287076904
9.0  0.06985450638407276
9.12  0.04110034738277324
9.24  0.012327866530625231
9.36  0.0
9.48  0.0
9.6  0.0
9.719999999999999  0.0
9.84  0.0
9.959999999999999  0.0
10.08  0.0
10.2  0.0
10.32  0.0
10.44  0.0
10.559999999999999  0.0
10.68  0.0
10.799999999999999  0.0
10.92  0.0
11.04  0.0
11.16  0.0
11.28  0.0
11.4  0.0
11.52  0.0
11.639999999999999  0.0
11.76  0.0
11.879999999999999  0.0
12.0  0.0
12.12  0.0
12.24  0.0
12.36  0.0
12.48  0.0
12.6  0.0
12.719999999999999  0.0
12.84  0.0
12.959999999999999  0.0
13.08  0.0
13.2  0.0
13.32  0.0
13.44  0.0
13.559999999999999  0.0
13.68  0.0
13.799999999999999  0.0
13.92  0.0
14.04  0.0
14.16  0.0
14.28  0.0
14.399999999999999  0.0
14.52  0.0
14.639999999999999  0.0
14.76  0.0
14.879999999999999  0.0
15.0  0.0
15.12  0.0
15.24  0.0
15.36  0.0
15.479999999999999  0.0
15.6  0.0
15.719999999999999  0.0
15.84  0.0
15.959999999999999  0.0
16.08  0.0
16.2  0.0
16.32  0.0
16.439999999999998  0.0
16.56  0.0
16.68  0.0
16.8  0.0
16.919999999999998  0.0
17.04  0.0
17.16  0.0
17.28  0.0
17.4  0.0
17.52  0.0
17.64  0.0
17.759999999999998  0.0
17.88  0.0
18.0  0.0
18.12  0.0
18.24  0.0
18.36  0.0
18.48  0.0
18.599999999999998  0.0
18.72  0.0
18.84  0.0
18.96  0.0
19.08  0.0
19.2  0.0
19.32  0.0
19.439999999999998  0.0
19.56  0.0
19.68  0.0
19.8  0.0
19.919999999999998  0.0
20.04  0.0
20.16  0.0
20.279999999999998  0.0
20.4  0.0
20.52  0.0
20.64  0.0
20.759999999999998  0.0
20.88  0.0
21.0  0.0
21.119999999999997  0.0
21.24  0.0
21.36  0.0
21.48  0.0
21.599999999999998  0.0
21.72  0.0
21.84  0.0
21.96  0.0
22.08  0.0
22.2  0.0
22.32  0.0
22.439999999999998  0.0
22.56  0.0
22.68  0.0
22.8  0.0
22.919999999999998  0.0
23.04  0.0
23.16  0.0
23.279999999999998  0.0
23.4  0.0
23.52  0.0
23.64  0.0
23.759999999999998  0.0
23.88  0.0
24.0  0.0
24.119999999999997  0.0
24.24  0.0
24.36  0.0
24.48  0.0
24.599999999999998  0.0
24.72  0.0
24.84  0.0
24.96  0.0
25.08  0.0
25.2  0.0
25.32  0.0
25.439999999999998  0.0
25.56  0.0
25.68  0.0
25.8  0.0
25.919999999999998  0.0
26.04  0.0
26.16  0.0
26.279999999999998  0.0
26.4  0.0
26.52  0.0
26.64  0.0
26.759999999999998  0.0
26.88  0.0
27.0  0.0
27.119999999999997  0.0
27.24  0.0
27.36  0.0
27.48  0.0
27.599999999999998  0.0
27.72  0.0
27.84  0.0
27.959999999999997  0.0
28.08  0.0
28.2  0.0
28.32  0.0
28.439999999999998  0.0
28.56  0.0
28.68  0.0
28.799999999999997  0.0
28.919999999999998  0.0
29.04  0.0
29.16  0.0
29.279999999999998  0.0
29.4  0.0
29.52  0.0
29.64  0.0
29.759999999999998  0.0
29.88  0.0013692228255449412
30.0  0.030451877081925663
30.119999999999997  0.05952684824398115
30.24  0.08858436505002315
30.36  0.11761466127649602
30.48  0.14660797902801168
30.599999999999998  0.17555457202484362
30.72  0.20444470888678226
30.84  0.23326867641222654
30.959999999999997  0.2620167828514195
31.08  0.29067936117272186
31.2  0.319246772320804
31.32  0.34770940846568
31.439999999999998  0.37605769624146057
31.56  0.4042820999737564
31.68  0.43237312489461477
31.799999999999997  0.460321320343929
31.919999999999998  0.4881172829562214
32.04  0.5157516598317226
32.16  0.54321515169069
32.28  0.5704985160098885
32.4  0.5975925701401644
32.519999999999996  0.624488194404087
32.64  0.6511763351725751
32.76  0.6776480079194935
32.879999999999995  0.7038943002531811
33.0  0.7299063749238813
33.12  0.7556754728060473
33.24  0.7811929158545536
33.36  0.8064501100337522
33.48  0.8314385482184441
33.6  0.856149813065743
33.72  0.8805755798568694
33.839999999999996  0.9047076193079362
33.96  0.9285378003487369
34.08  0.9520580928686191
34.199999999999996  0.9752605704285251
34.32  0.9981374129382488
34.44  1.0206809092980231
34.56  1.0428834600035548
34.68  1.0647375797135918
34.8  1.08623589977919
34.92  1.1073711707337934
35.04  1.128136264743301
35.16  1.1485241780152924
35.28  1.16852803316658
35.4  1.1881410815482987
35.519999999999996  1.2073567055277503
35.64  1.2261684207262107
35.76  1.244569878211954
35.879999999999995  1.2625548666477595
36.0  1.2801173143921485
36.12  1.2972512915536583
36.24  1.3139510119974571
36.36  1.3302108353036013
36.48  1.3460252686762963
36.6  1.3613889688034932
36.72  1.376296743666192
36.839999999999996  1.3907435542968587
36.96  1.404724516486329
37.08  1.4182349024386367
37.199999999999996  1.431270142373211
37.32  1.443825826073878
37.44  1.4558977043841566
37.559999999999995  1.46748169064834
37.68  1.478573862097865
37.8  1.4891704611824967
37.92  1.4992678968458977
38.04  1.5088627457451103
38.16  1.5179517534135774
38.28  1.5265318353672717
38.4  1.5346000781535796
38.519999999999996  1.5421537403425742
38.64  1.5491902534603366
38.76  1.5557072228640092
38.879999999999995  1.5617024285582897
39.0  1.5671738259530743
39.12  1.5721195465619984
39.24  1.5765378986416385
39.36  1.5804273677711458
39.48  1.5837866173721262
39.6  1.5866144891685758
39.72  1.5889100035867214
39.839999999999996  1.5906723600946227
39.96  1.591900937481423
40.08  1.5925952940761485
40.199999999999996  1.5927551679059762
40.32  1.5923804767939203
40.44  1.591471318395898
40.559999999999995  1.5900279701771556
40.68  1.5880508893280656
40.8  1.5855407126193168
40.92  1.5824982561965437
41.04  1.5789245153144624
41.16  1.574820664010599
41.28  1.5701880547187175
41.4  1.5650282178220771
41.519999999999996  1.5593428611466618
41.64  1.5531338693945556
41.76  1.5464033035176508
41.879999999999995  1.5391534000318945
42.0  1.5313865702723064
42.12  1.5231053995890145
42.239999999999995  1.5143126464845769
42.36  1.5050112416928796
42.48  1.4952042871999205
42.6  1.484895055206798
42.72  1.474086987035269
42.839999999999996  1.4627836919762238
42.96  1.4509889460814787
43.08  1.4387066908992867
43.199999999999996  1.4259410321539863
43.32  1.4126962383702382
43.44  1.3989767394423156
43.559999999999995  1.3847871251489097
43.68  1.3701321436139746
43.8  1.3550166997141149
43.92  1.3394458534330442
44.04  1.3234248181636943
44.16  1.3069589589585113
44.28  1.2900537907285567
44.4  1.2727149763920087
44.519999999999996  1.2549483249726716
44.64  1.2367597896491662
44.76  1.2181554657554268
44.879999999999995  1.1991415887331953
45.0  1.1797245320371919
45.12  1.159910804993684
45.239999999999995  1.1397070506131464
45.36  1.11912004335778
45.48  1.0981566868646269
45.6  1.0768240116250338
45.72  1.055129172621286
45.839999999999996  1.0330794469211577
45.96  1.010682231231233
46.08  0.9879450394098007
46.199999999999996  0.9648754999401542
46.32  0.9414813533651669
46.44  0.9177704496840069
46.559999999999995  0.89375074571184
46.68  0.8694303024034469
46.8  0.8448172821416458
46.92  0.8199199459914117
47.04  0.7947466509206624
47.16  0.769305846988598
47.28  0.7436060745025858
47.4  0.7176559611445292
47.519999999999996  0.6914642190676745
47.64  0.665039641964873
47.76  0.6383911021092565
47.879999999999995  0.6115275473683306
48.0  0.584457998192499
48.12  0.5571915445790401
48.239999999999995  0.5297373430125355
48.36  0.5021046133828095
48.48  0.4743026358814138
48.6  0.44634074787767913
48.72  0.41822834077543686
48.839999999999996  0.38997485685141264
48.96  0.3615897860764098
49.08  0.33308266292033284
49.199999999999996  0.3044630631421094
49.32  0.27574060056563865
49.44  0.24692492384282494
49.559999999999995  0.21802571320478084
49.68  0.1890526772023214
49.8  0.16001554943684337
49.92  0.1309240852826632
50.04  0.10178805860197838
50.16  0.07261725845348804
50.28  0.04342148579585215
50.4  0.014210550187062763
50.519999999999996  0.0
50.64  0.0
50.76  0.0
50.879999999999995  0.0
51.0  0.0
51.12  0.0
51.239999999999995  0.0
51.36  0.0
51.48  0.0
51.6  0.0
51.72  0.0
51.839999999999996  0.0
51.96  0.0
52.08  0.0
52.199999999999996  0.0
52.32  0.0
52.44  0.0
52.559999999999995  0.0
52.68  0.0
52.8  0.0
52.919999999999995  0.0
53.04  0.0
53.16  0.0
53.28  0.0
53.4  0.0
53.519999999999996  0.0
53.64  0.0
53.76  0.0
53.879999999999995  0.0
54.0  0.0
54.12  0.0
54.239999999999995  0.0
54.36  0.0
54.48  0.0
54.6  0.0
54.72  0.0
54.839999999999996  0.0
54.96  0.0
55.08  0.0
55.199999999999996  0.0
55.32  0.0
55.44  0.0
55.559999999999995  0.0
55.68  0.0
55.8  0.0
55.919999999999995  0.0
56.04  0.0
56.16  0.0
56.28  0.0
56.4  0.0
56.519999999999996  0.0
56.64  0.0
56.76  0.0
56.879999999999995  0.0
57.0  0.0
57.12  0.0
57.239999999999995  0.0
57.36  0.0
57.48  0.0
57.599999999999994  0.0
57.72  0.0
57.839999999999996  0.0
57.96  0.0
58.08  0.0
58.199999999999996  0.0
58.32  0.0
58.44  0.0
58.559999999999995  0.0
58.68  0.0
58.8  0.0
58.919999999999995  0.0
59.04  0.0
59.16  0.0
59.28  0.0
59.4  0.0
59.519999999999996  0.0
59.64  0.0
59.76  0.0
59.879999999999995  0.0
60.0  0.0
60.12  0.0
60.239999999999995  0.0
60.36  0.0
60.48  0.0
60.599999999999994  0.0
60.72  0.0
60.839999999999996  0.0
60.96  0.0
61.08  0.0
61.199999999999996  0.0
61.32  0.0
61.44  0.0
61.559999999999995  0.0
61.68  0.0
61.8  0.0
61.919999999999995  0.0
62.04  0.0
62.16  0.0
62.28  0.0
62.4  0.0
62.519999999999996  0.0
62.64  0.0
62.76  0.0
62.879999999999995  0.0
63.0  0.0
63.12  0.0
63.239999999999995  0.0
63.36  0.0
63.48  0.0
63.599999999999994  0.0
63.72  0.0
63.839999999999996  0.0
63.96  0.0
64.08  0.0
64.2  0.0
64.32  0.0
64.44  0.0
64.56  0.0
64.67999999999999  0.0
64.8  0.0
64.92  0.0
65.03999999999999  0.0
65.16  0.0
65.28  0.0
65.39999999999999  0.0
65.52  0.0
65.64  0.0
65.75999999999999  0.0
65.88  0.0
66.0  0.0
66.12  0.0
66.24  0.0
66.36  0.0
66.48  0.0
66.6  0.0
66.72  0.0
66.84  0.0
66.96  0.0
67.08  0.0
67.2  0.0
67.32  0.0
67.44  0.0
67.56  0.0
67.67999999999999  0.0
67.8  0.0
67.92  0.0
68.03999999999999  0.0
68.16  0.0
68.28  0.0
68.39999999999999  0.0
68.52  0.0
68.64  0.0
68.75999999999999  0.0
68.88  0.0
69.0  0.0
69.12  0.0
69.24  0.0
69.36  0.0
69.48  0.0
69.6  0.0
69.72  0.0
69.84  0.0
69.96  0.0
70.08  0.0
70.2  0.0
70.32  0.0
70.44  0.0
70.56  0.0
70.67999999999999  0.0
70.8  0.0
70.92  0.0
71.03999999999999  0.0
71.16  0.028541506672663558
71.28  0.05770933950608803
71.39999999999999  0.08685637521166191
71.52  0.11597282123023452
71.64  0.14504889576847932
71.75999999999999  0.17407483109279223
71.88  0.20304087681827304
72.0  0.23193730319168557
72.11999999999999  0.26075440436731456
72.24  0.28948250167461836
72.36  0.3181119468765159
72.48  0.3466331254172819
72.6  0.37503645965891774
72.72  0.40331241210490576
72.84  0.4314514886102617
72.96  0.4594442415768047
73.08  0.48728127313259667
73.2  0.5149532382943924
73.32  0.5424508481121395
73.44  0.5697648727944192
73.56  0.5968861448137259
73.67999999999999  0.6238055619906419
73.8  0.650514090555784
73.92  0.6770027681885181
74.03999999999999  0.703262707031415
74.16  0.7292850966794617
74.28  0.7550612071429359
74.39999999999999  0.780582391783048
74.52  0.8058400902193127
74.64  0.830825831207627
74.75999999999999  0.8555312354881816
74.88  0.8799480186021666
75.0  0.9040679936763495
75.11999999999999  0.9278830741745943
75.24  0.9513852766153947
75.36  0.974566723254474
75.48  0.9974196447316004
75.6  1.0199363826806875
75.72  1.0421093923023186
75.84  1.063931244897809
75.96  1.085394630363979
76.08  1.1064923596477956
76.2  1.1272173671600216
76.32  1.1475627131471016
76.44  1.1675215860204822
76.56  1.1870873046425365
76.67999999999999  1.2062533205683952
76.8  1.225013220242877
76.92  1.2433607271517892
77.03999999999999  1.2612897039268938
77.16  1.278794154403826
77.28  1.2958682256322445
77.39999999999999  1.3125062098375786
77.52  1.3287025463337017
77.64  1.3444518233858558
77.75999999999999  1.3597487800232542
77.88  1.3745883078007206
78.0  1.3889654525087693
78.11999999999999  1.4028754158315744
78.24  1.4163135569522667
78.36  1.429275394104997
78.48  1.4417566060732776
78.6  1.4537530336340794
78.72  1.4652606809472104
78.84  1.4762757168895
78.96  1.4867944763333525
79.08  1.4968134613692474
79.2  1.506329342471751
79.32  1.5153389596086804
79.44  1.523839323293044
79.56  1.5318276155773756
79.67999999999999  1.5393011909901806
79.8  1.5462575774141456
79.92  1.5526944769058293
80.03999999999999  1.5586097664565668
80.16  1.5640014986943354
80.28  1.568867902526335
80.39999999999999  1.5732073837220895
80.52  1.577018525436869
80.64  1.5803000886752512
80.75999999999999  1.5830510126946877
80.88  1.5852704153489308
81.0  1.5869575933712117
81.11999999999999  1.588112022597082
81.24  1.5887333581268486
81.36  1.5888214344275435
81.48  1.5883762653744122
81.6  1.587398044231897
81.72  1.5858871435741388
81.84  1.5838441151450198
81.96  1.5812696896578065
82.08  1.5781647765344573
82.2  1.5745304635846944
82.32  1.570368016624953
82.44  1.5656788790373315
82.56  1.560464671268715
82.67999999999999  1.5547271902702238
82.8  1.5484684088771976
82.92  1.541690475129927
83.03999999999999  1.5343957115353555
83.16  1.5265866142700206
83.28  1.5182658523244994
83.39999999999999  1.5094362665896557
83.52  1.5001008688849948
83.64  1.4902628409294763
83.75999999999999  1.479925533255117
83.88  1.4690924640637582
84.0  1.4577673180274142
84.11999999999999  1.4459539450325711
84.24  1.4336563588688969
84.36  1.4208787358627926
84.47999999999999  1.407625413456267
84.6  1.3939008887315882
84.72  1.3797098168822641
84.84  1.3650570096308197
84.96  1.3499474335939468
85.08  1.3343862085955642
85.2  1.318378605928379
85.32  1.3019300465645232
85.44  1.2850460993158688
85.56  1.2677324789446918
85.67999999999999  1.2499950442252659
85.8  1.231839795957075
85.92  1.2132728749303465
86.03999999999999  1.1943005598445349
86.16  1.174929265180512
86.28  1.1551655390271756
86.39999999999999  1.1350160608632054
86.52  1.1144876392947047
86.64  1.0935872097495558
86.75999999999999  1.0723218321291945
86.88  1.0506986884186373
87.0  1.0287250802556054
87.11999999999999  1.006408426459492
87.24  0.9837562605210821
87.36  0.9607762280538414
87.47999999999999  0.9374760842076505
87.6  0.913863691045829
87.72  0.8899470148864164
87.84  0.8657341236085143
87.96  0.841233183924666
88.08  0.8164524586201809
88.2  0.7914003037603364
88.32  0.7660851658664141
88.44  0.7405155790614875
88.56  0.7147001621870037
88.67999999999999  0.6886476158910577
88.8  0.6623667196893654
88.92  0.6358663289999957
89.03999999999999  0.6091553721527528
89.16  0.582242847374312
89.28  0.5551378197500881
89.39999999999999  0.5278494181638866
89.52  0.500386832216324
89.64  0.47275930912314723
89.75999999999999  0.4449761505944133
89.88  0.41704670969561153
90.0  0.38898038769185495
90.11999999999999  0.3607866308760909
90.24  0.3324749273824983
90.36  0.30405480398610824
90.47999999999999  0.27553582288974976
90.6  0.24692757849935704
90.72  0.2182396941888204
90.84  0.18948181905537456
90.96  0.16066362466668319
91.08  0.1317948018006947
91.2  0.10288505717939236
91.32  0.07394411019751713
91.44  0.044981689647352135
91.56  0.016007530440760018
91.67999999999999  0.0
91.8  0.0
91.92  0.0
92.03999999999999  0.0
92.16  0.0
92.28  0.0
92.39999999999999  0.0
92.52  0.0
92.64  0.0
92.75999999999999  0.0
92.88  0.0
93.0  0.0
93.11999999999999  0.0
93.24  0.0
93.36  0.0
93.47999999999999  0.0
93.6  0.0
93.72  0.0
93.84  0.0
93.96  0.0
94.08  0.0
94.2  0.0
94.32  0.0
94.44  0.0
94.56  0.0
94.67999999999999  0.0
94.8  0.0
94.92  0.0
95.03999999999999  0.0
95.16  0.0
95.28  0.0
95.39999999999999  0.0
95.52  0.0
95.64  0.0
95.75999999999999  0.0
95.88  0.0
96.0  0.0
96.11999999999999  0.0
96.24  0.0
96.36  0.0
96.47999999999999  0.0
96.6  0.0
96.72  0.0
96.84  0.0
96.96  0.0
97.08  0.0
97.2  0.0
97.32  0.0
97.44  0.0
97.56  0.0
97.67999999999999  0.0
97.8  0.0
97.92  0.0
98.03999999999999  0.0
98.16  0.0
98.28  0.0
98.39999999999999  0.0
98.52  0.0
98.64  0.0
98.75999999999999  0.0
98.88  0.0
99.0  0.0
99.11999999999999  0.0
99.24  0.0
99.36  0.0
99.47999999999999  0.0
99.6  0.0
99.72  0.0
99.84  0.0
99.96  0.0
100.08  0.0
100.2  0.0
100.32  0.0
100.44  0.0
100.56  0.0
100.67999999999999  0.0
100.8  0.0
100.92  0.0
101.03999999999999  0.0
101.16  0.0
101.28  0.0
101.39999999999999  0.0
101.52  0.0
101.64  0.0
101.75999999999999  0.0
101.88  0.0
102.0  0.0
102.11999999999999  0.0
102.24  0.0
102.36  0.0
102.47999999999999  0.0
102.6  0.0
102.72  0.0
102.83999999999999  0.0
102.96  0.0
103.08  0.0
103.2  0.0
103.32  0.0
103.44  0.0
103.56  0.0
103.67999999999999  0.0
103.8  0.0
103.92  0.0
104.03999999999999  0.0
104.16  0.0
104.28  0.0
104.39999999999999  0.0
104.52  0.0
104.64  0.0
104.75999999999999  0.0
104.88  0.0
105.0  0.0
105.11999999999999  0.0
105.24  0.0
105.36  0.0
105.47999999999999  0.0
105.6  0.0
105.72  0.0
105.83999999999999  0.0
105.96  0.0
106.08  0.0
106.2  0.0
106.32  0.0
106.44  0.0
106.56  0.0
106.67999999999999  0.0
106.8  0.0
106.92  0.0
107.03999999999999  0.0
107.16  0.0
107.28  0.0
107.39999999999999  0.0
107.52  0.0
107.64  0.0
107.75999999999999  0.0
107.88  0.0
108.0  0.0
108.11999999999999  0.0
108.24  0.0
108.36  0.0
108.47999999999999  0.0
108.6  0.0
108.72  0.0
108.83999999999999  0.0
108.96  0.0
109.08  0.0
109.2  0.0
109.32  0.0
109.44  0.0
109.56  0.0
109.67999999999999  0.0
109.8  0.0
109.92  0.0
110.03999999999999  0.0
110.16  0.0
110.28  0.0
110.39999999999999  0.0
110.52  0.0
110.64  0.0
110.75999999999999  0.0
110.88  0.0
111.0  0.0
111.11999999999999  0.0
111.24  0.0
111.36  0.0
111.47999999999999  0.0
111.6  0.0
111.72  0.0
111.83999999999999  0.0
111.96  0.0
112.08  0.0
112.2  0.0
112.32  0.026567230212544785
112.44  0.055153544295205775
112.56  0.08371599581859548
112.67999999999999  0.11224498912805744
112.8  0.14073094159528046
112.92  0.1691642868445044
113.03999999999999  0.19753547797267884
113.16  0.22583499076247138
113.28  0.2540533268870232
113.39999999999999  0.2821810171053949
113.52  0.31020862444765057
113.64  0.33812674738842274
113.75999999999999  0.3659260230079798
113.88  0.3935971301396778
114.0  0.4211307925027515
114.11999999999999  0.44851778181938556
114.24  0.47574892091503396
114.36  0.5028150868008889
114.47999999999999  0.5297072137375509
114.6  0.5564162962787905
114.72  0.582933392294397
114.83999999999999  0.6092496259711253
114.96  0.6353561907907106
115.08  0.6612443524839313
115.19999999999999  0.6869054519597533
115.32  0.712330908208603
115.44  0.7375122211786699
115.56  0.7624409746244426
115.67999999999999  0.787108838926382
115.8  0.8115075738808653
115.92  0.835629031459415
116.03999999999999  0.8594651585363167
116.16  0.8830079995837259
116.28  0.9062496993332918
116.39999999999999  0.9291825054034848
116.52  0.9517987708916977
116.64  0.974090956930268
116.75999999999999  0.9960516352055608
116.88  1.017673490439282
117.0  1.038949322831158
117.11999999999999  1.0598720504621952
117.24  1.0804347116577373
117.36  1.1006304673094274
117.47999999999999  1.1204526031554414
117.6  1.1398945320181244
117.72  1.158949795998312
117.83999999999999  1.1776120686256237
117.96  1.195875156963998
118.08  1.2137330036717442
118.19999999999999  1.2311796890154594
118.32  1.2482094328371316
118.44  1.2648165964737461
118.56  1.2809956846287902
118.67999999999999  1.296741347195016
118.8  1.3120483810278598
118.92  1.3269117316689285
119.03999999999999  1.3413264950189698
119.16  1.355287918959814
119.28  1.3687914049246641
119.39999999999999  1.3818325094163173
119.52  1.3944069454727435
119.64  1.4065105840795518
119.75999999999999  1.4181394555288973
119.88  1.4292897507243691
120.0  1.4399578224314125
