0.0  1.1116442914064304  100.0
0.12  1.0972509988665395
0.24  1.0824946252074725
0.36  1.0673801675913603
0.48  1.0519127419173153
0.6  1.036097581086143
0.72  1.0199400332261765
0.84  1.0034455598808376
0.96  0.9866197341585364
1.08  0.9694682388455419
1.2  0.9519968644824603
1.3199999999999998  0.934211507404975
1.44  0.9161181677495136
1.56  0.8977229474245151
1.68  0.8790320480479884
1.7999999999999998  0.8600517688520568
1.92  0.8407885045552013
2.04  0.8212487432029216
2.16  0.801439063977545
2.28  0.7813661349779262
2.4  0.7610367109697849
2.52  0.7404576311074484
2.6399999999999997  0.7196358166277623
2.76  0.6985782685169534
2.88  0.6772920651512306
3.0  0.6557843599119231
3.12  0.634062378775958
3.2399999999999998  0.6121334178824935
3.36  0.5900048410765281
3.48  0.5676840774303138
3.5999999999999996  0.5451786187434116
3.7199999999999998  0.5224960170222293
3.84  0.499643881939895
3.96  0.47662987827732084
4.08  0.45346172334631857
4.2  0.4301471843956365
4.32  0.4066940760007927
4.4399999999999995  0.38311025743858196
4.56  0.35940363004713993
4.68  0.33558213457245734
4.8  0.31165374850223143
4.92  0.28762648338795804
5.04  0.26350838215615996
5.16  0.23930751640966064
5.279999999999999  0.2150319837198073
5.3999999999999995  0.19068990491055626
5.52  0.16628942133533284
5.64  0.1418386921475807
5.76  0.1173458915659181
5.88  0.09281920613482095
6.0  0.06826683198175013
6.12  0.043696972071648355
6.24  0.019117833459724565
6.359999999999999  0.0
6.4799999999999995  0.0
6.6  0.0
6.72  0.0
6.84  0.0
6.96  0.0
7.08  0.0
7.199999999999999  0.0
7.319999999999999  0.0
7.4399999999999995  0.0
7.56  0.0
7.68  0.0
7.8  0.0
7.92  0.0
8.04  0.0
8.16  0.0
8.28  0.0
8.4  0.0
8.52  0.0
8.64  0.0
8.76  0.0
8.879999999999999  0.0
9.0  0.0
9.12  0.0
9.24  0.0
9.36  0.0
9.48  0.0
9.6  0.0
9.719999999999999  0.0
9.84  0.0
9.959999999999999  0.0
10.08  0.0
10.2  0.0
10.32  0.0
10.44  0.0
10.559999999999999  0.0
10.68  0.0
10.799999999999999  0.0
10.92  0.0
11.04  0.0
11.16  0.0
11.28  0.0
11.4  0.0
11.52  0.0
11.639999999999999  0.0
11.76  0.0
11.879999999999999  0.0
12.0  0.0
12.12  0.0
12.24  0.0
12.36  0.0
12.48  0.0
12.6  0.0
12.719999999999999  0.0
12.84  0.0
12.959999999999999  0.0
13.08  0.0
13.2  0.0
13.32  0.0
13.44  0.0
13.559999999999999  0.0
13.68  0.0
13.799999999999999  0.0
13.92  0.0
14.04  0.0
14.16  0.0
14.28  0.0
14.399999999999999  0.0
14.52  0.0
14.639999999999999  0.0
14.76  0.0
14.879999999999999  0.0
15.0  0.0
15.12  0.0
15.24  0.0
15.36  0.0
15.479999999999999  0.0
15.6  0.0
15.719999999999999  0.0
15.84  0.0
15.959999999999999  0.0
16.08  0.0
16.2  0.0
16.32  0.0
16.439999999999998  0.0
16.56  0.0
16.68  0.0
16.8  0.0
16.919999999999998  0.0
17.04  0.0
17.16  0.0
17.28  0.0
17.4  0.0
17.52  0.0
17.64  0.0
17.759999999999998  0.0
17.88  0.0
18.0  0.0
18.12  0.0
18.24  0.0
18.36  0.0
18.48  0.0
18.599999999999998  0.0
18.72  0.0
18.84  0.0
18.96  0.0
19.08  0.0
19.2  0.0
19.32  0.0
19.439999999999998  0.0
19.56  0.0
19.68  0.0
19.8  0.0
19.919999999999998  0.0
20.04  0.0
20.16  0.0
20.279999999999998  0.0
20.4  0.0
20.52  0.0
20.64  0.0
20.759999999999998  0.0
20.88  0.0
21.0  0.0
21.119999999999997  0.0
21.24  0.0
21.36  0.0
21.48  0.0
21.599999999999998  0.0
21.72  0.0
21.84  0.0
21.96  0.0
22.08  0.0
22.2  0.0
22.32  0.0
22.439999999999998  0.0
22.56  0.0
22.68  0.0
22.8  0.0
22.919999999999998  0.0
23.04  0.0
23.16  0.0
23.279999999999998  0.0
23.4  0.0
23.52  0.0
23.64  0.0
23.759999999999998  0.0
23.88  0.0
24.0  0.0
24.119999999999997  0.0
24.24  0.0
24.36  0.0
24.48  0.0
24.599999999999998  0.0
24.72  0.0
24.84  0.0
24.96  0.0
25.08  0.0
25.2  0.0
25.32  0.0
25.439999999999998  0.0
25.56  0.0
25.68  0.0
25.8  0.0
25.919999999999998  0.0
26.04  0.0
26.16  0.0
26.279999999999998  0.0
26.4  0.0
26.52  0.0
26.64  0.0
26.759999999999998  0.0
26.88  0.0
27.0  0.0032277747392102096
27.119999999999997  0.027270630995740563
27.24  0.05129737884640706
27.36  0.0753000002615791
27.48  0.09927048761014629
27.599999999999998  0.1232008463374438
27.72  0.1470830976380265
27.84  0.17090928112238468
27.959999999999997  0.19467145747672313
28.08  0.2183617111149013
28.2  0.2419721528216481
28.32  0.26549492238616834
28.439999999999998  0.28892219122526075
28.56  0.31224616499506985
28.68  0.3354590861905916
28.799999999999997  0.35855323673207584
28.919999999999998  0.381520940537452
29.04  0.4043545660799162
29.16  0.42704652892983835
29.279999999999998  0.4495892942801263
29.4  0.47197537945421797
29.52  0.4941973563958453
29.64  0.5162478541397616
29.759999999999998  0.5381195612625955
29.88  0.5598052283130153
30.0  0.5812976702203962
30.119999999999997  0.6025897686811903
30.24  0.6236744745222044
30.36  0.6445448100399874
30.48  0.6651938713155717
30.599999999999998  0.6856148305037766
30.72  0.7058009380963306
30.84  0.7257455251580418
30.959999999999997  0.7454420055352928
31.08  0.7648838780361166
31.2  0.7840647285811277
31.32  0.8029782323246062
31.439999999999998  0.821618155745018
31.56  0.8399783587042913
31.68  0.8580527964751562
31.799999999999997  0.8758355217358862
31.919999999999998  0.8933206865317762
32.04  0.9105025442027062
32.16  0.9273754512761616
32.28  0.9439338693250818
32.4  0.9601723667899147
32.519999999999996  0.9760856207642986
32.64  0.9916684187437557
32.76  1.0069156603368408
32.879999999999995  1.0218223589381779
33.0  1.036383643362832
33.12  1.050594759441473
33.24  1.0644510715758322
33.36  1.0779480642539028
33.48  1.0910813435244302
33.6  1.1038466384301784
33.72  1.1162398023995126
33.839999999999996  1.1282568145958582
33.96  1.1398937812245715
34.08  1.1511469367968132
34.199999999999996  1.1620126453500152
34.32  1.172487401624532
34.44  1.1825678321961006
34.56  1.1922506965637534
34.68  1.2015328881928138
34.8  1.2104114355126525
34.92  1.218883502868879
35.04  1.2269463914296586
35.16  1.2345975400458782
35.28  1.2418345260648669
35.4  1.2486550660974305
35.519999999999996  1.2550570167379511
35.64  1.2610383752373169
35.76  1.2665972801284857
35.879999999999995  1.2717320118044753
36.0  1.2764409930486076
36.12  1.28072278951684
36.24  1.284576110172043
36.36  1.2879998076700854
36.48  1.2909928786976197
36.6  1.2935544642614674
36.72  1.2956838499295213
36.839999999999996  1.2973804660231
36.96  1.298643887760707
37.08  1.2994738353531585
37.199999999999996  1.2998701740500704
37.32  1.2998329141376943
37.44  1.2993622108881264
37.559999999999995  1.298458364459922
37.68  1.2971218197501586
37.8  1.2953531661980229
37.92  1.2931531375399907
38.04  1.2905226115167077
38.16  1.287462609531684
38.28  1.2839742962619254
38.4  1.2800589792206578
38.519999999999996  1.2757181082722984
38.64  1.270953275099858
38.76  1.2657662126249682
38.879999999999995  1.2601587943807373
39.0  1.2541330338376706
39.12  1.2476910836828905
39.24  1.2408352350529148
39.36  1.2335679167202676
39.48  1.2258916942342077
39.6  1.2178092690158842
39.72  1.2093234774082342
39.839999999999996  1.200437289680951
39.96  1.191153808990884
40.08  1.1814762702982287
40.199999999999996  1.1714080392388762
40.32  1.1609526109533324
40.44  1.1501136088726032
40.559999999999995  1.1388947834614664
40.68  1.1273000109195759
40.8  1.1153332918408414
40.92  1.1029987498315443
41.04  1.0903006300876827
41.16  1.077243297932016
41.28  1.0638312373113301
41.4  1.0500690492544396
41.519999999999996  1.0359614502914436
41.64  1.0215132708347971
41.76  1.006729453522748
41.879999999999995  0.9916150515256996
42.0  0.9761752268160954
42.12  0.9604152484024101
42.239999999999995  0.9443404905278491
42.36  0.927956430834383
42.48  0.9112686484927427
42.6  0.8942828222989996
42.72  0.877004728738412
42.839999999999996  0.8594402400171648
42.96  0.8415953220627009
43.08  0.8234760324933155
43.199999999999996  0.8050885185576991
43.32  0.7864390150451452
43.44  0.7675338421671332
43.559999999999995  0.748379403410986
43.68  0.7289821833663647
43.8  0.7093487455253219
43.92  0.6894857300566521
44.04  0.669399851555326
44.16  0.6490978967677352
44.28  0.62858672229355
44.4  0.6078732522649621
44.519999999999996  0.586964476004078
44.64  0.5658674456592956
44.76  0.5445892738214344
44.879999999999995  0.5231371311204376
45.0  0.5015182438034596
45.12  0.47973989129516614
45.239999999999995  0.45780940374105006
45.36  0.4357341595346222
45.48  0.4135215828292999
45.6  0.3911791410358162
45.72  0.36871434230604094
45.839999999999996  0.3461347330040086
45.96  0.32344789516505196
46.08  0.3006614439438768
46.199999999999996  0.2777830250524334
46.32  0.2548203121884669
46.44  0.23178100445561017
46.559999999999995  0.20867282377586344
46.68  0.18550351229536666
46.8  0.16228082978432634
46.92  0.13901255103195
47.04  0.11570646323730888
47.16  0.0923703633969565
47.28  0.06901205569022448
47.4  0.04563934886305471
47.519999999999996  0.022260053611232122
47.64  0.0
47.76  0.0
47.879999999999995  0.0
48.0  0.0
48.12  0.0
48.239999999999995  0.0
48.36  0.0
48.48  0.0
48.6  0.0
48.72  0.0
48.839999999999996  0.0
48.96  0.0
49.08  0.0
49.199999999999996  0.0
49.32  0.0
49.44  0.0
49.559999999999995  0.0
49.68  0.0
49.8  0.0
49.92  0.0
50.04  0.0
50.16  0.0
50.28  0.0
50.4  0.0
50.519999999999996  0.0
50.64  0.0
50.76  0.0
50.879999999999995  0.0
51.0  0.0
51.12  0.0
51.239999999999995  0.0
51.36  0.0
51.48  0.0
51.6  0.0
51.72  0.0
51.839999999999996  0.0
51.96  0.0
52.08  0.0
52.199999999999996  0.0
52.32  0.0
52.44  0.0
52.559999999999995  0.0
52.68  0.0
52.8  0.0
52.919999999999995  0.0
53.04  0.0
53.16  0.0
53.28  0.0
53.4  0.0
53.519999999999996  0.0
53.64  0.0
53.76  0.0
53.879999999999995  0.0
54.0  0.0
54.12  0.0
54.239999999999995  0.0
54.36  0.0
54.48  0.0
54.6  0.0
54.72  0.0
54.839999999999996  0.0
54.96  0.0
55.08  0.0
55.199999999999996  0.0
55.32  0.0
55.44  0.0
55.559999999999995  0.0
55.68  0.0
55.8  0.0
55.919999999999995  0.0
56.04  0.0
56.16  0.0
56.28  0.0
56.4  0.0
56.519999999999996  0.0
56.64  0.0
56.76  0.0
56.879999999999995  0.0
57.0  0.0
57.12  0.0
57.239999999999995  0.0
57.36  0.0
57.48  0.0
57.599999999999994  0.0
57.72  0.0
57.839999999999996  0.0
57.96  0.0
58.08  0.0
58.199999999999996  0.0
58.32  0.0
58.44  0.0
58.559999999999995  0.0
58.68  0.0
58.8  0.0
58.919999999999995  0.0
59.04  0.0
59.16  0.0
59.28  0.0
59.4  0.0
59.519999999999996  0.0
59.64  0.0
59.76  0.0
59.879999999999995  0.0
60.0  0.0
60.12  0.0
60.239999999999995  0.0
60.36  0.0
60.48  0.0
60.599999999999994  0.0
60.72  0.0
60.839999999999996  0.0
60.96  0.0
61.08  0.0
61.199999999999996  0.0
61.32  0.0
61.44  0.0
61.559999999999995  0.0
61.68  0.0
61.8  0.0
61.919999999999995  0.0
62.04  0.0
62.16  0.0
62.28  0.0
62.4  0.0
62.519999999999996  0.0
62.64  0.0
62.76  0.0
62.879999999999995  0.0
63.0  0.0
63.12  0.0
63.239999999999995  0.0
63.36  0.0
63.48  0.0
63.599999999999994  0.0
63.72  0.0
63.839999999999996  0.0
63.96  0.0
64.08  0.0
64.2  0.0
64.32  0.0
64.44  0.0
64.56  0.0
64.67999999999999  0.0
64.8  0.0
64.92  0.0
65.03999999999999  0.0
65.16  0.0
65.28  0.0
65.39999999999999  0.0
65.52  0.0
65.64  0.0
65.75999999999999  0.0
65.88  0.0
66.0  0.0
66.12  0.0
66.24  0.0
66.36  0.0
66.48  0.0
66.6  0.0
66.72  0.0
66.84  0.0
66.96  0.0
67.08  0.0
67.2  0.0
67.32  0.0
67.44  0.0
67.56  0.0
67.67999999999999  0.0
67.8  0.0
67.92  0.0
68.03999999999999  0.0
68.16  0.0
68.28  0.0
68.39999999999999  0.021735321849419953
68.52  0.04427347724166847
68.64  0.06678660349902033
68.75999999999999  0.08926719216628287
68.88  0.11170774907742603
69.0  0.13410079685989548
69.12  0.15643887743217672
69.24  0.1787145544937727
69.36  0.20092041600673943
69.48  0.2230490766679677
69.6  0.24509318037137987
69.72  0.2670454026592342
69.84  0.288898453161671
69.96  0.3106450780237417
70.08  0.3322780623190916
70.2  0.35379023244946106
70.32  0.3751744585292518
70.44  0.39642365675434166
70.56  0.41753079175434277
70.67999999999999  0.4384888789275579
70.8  0.459290986757833
70.92  0.4799302391125224
71.03999999999999  0.50039981752084
71.16  0.5206929634318228
71.28  0.5408029804511343
71.39999999999999  0.5607232365559993
71.52  0.5804471662875343
71.64  0.599968272919705
71.75999999999999  0.6192801306042496
71.88  0.6383763864908288
72.0  0.6572507628216843
72.11999999999999  0.6758970590001503
72.24  0.694309153632324
72.36  0.7124810065411935
72.48  0.7304066607525936
72.6  0.7480802444523236
72.72  0.7654959729137787
72.84  0.7826481503954552
72.96  0.79953117200772
73.08  0.8161395255482375
73.2  0.8324677933054054
73.32  0.8485106538292706
73.44  0.8642628836693167
73.56  0.8797193590785233
73.67999999999999  0.894875057683203
73.8  0.9097250601180262
73.92  0.9242645516257046
74.03999999999999  0.9384888236208282
74.16  0.952393275217347
74.28  0.9659734147191663
74.39999999999999  0.9792248610734235
74.52  0.992143345285947
74.64  1.0047247117984224
74.75999999999999  1.0169649198268622
74.88  1.0288600446609217
75.0  1.0404062789236348
75.11999999999999  1.0515999337911948
75.24  1.0624374401723577
75.36  1.0729153498471093
75.48  1.0830303365642286
75.6  1.0927791970973941
75.72  1.10215885225951
75.84  1.1111663478749008
75.96  1.1197988557091105
76.08  1.1280536743559801
76.2  1.1359282300817424
76.32  1.1434200776258556
76.44  1.150526900958353
76.56  1.1572465139934445
76.67999999999999  1.1635768612591713
76.8  1.1695160185229105
76.92  1.1750621933725178
77.03999999999999  1.1802137257529632
77.16  1.1849690884582844
77.28  1.189326887578715
77.39999999999999  1.193285862902861
77.52  1.1968448882748128
77.64  1.200002971906093
77.75999999999999  1.2027592566423544
77.88  1.2051130201847724
78.0  1.2070636752660528
78.11999999999999  1.2086107697810529
78.24  1.2097539868719618
78.36  1.2104931449680585
78.48  1.2108281977800348
78.6  1.2107592342489224
78.72  1.2102864784496612
78.84  1.2094102894493517
78.96  1.2081311611202787
79.08  1.2064497219077759
79.2  1.2043667345530404
79.32  1.2018830957710085
79.44  1.1989998358834242
79.56  1.1957181184072467
79.67999999999999  1.192039239598552
79.8  1.1879646279521139
79.92  1.1834958436568392
80.03999999999999  1.178634578007282
80.16  1.1733826527714306
80.28  1.1677420195150305
80.39999999999999  1.1617147588826673
80.52  1.15530307983588
80.64  1.148509318848598
80.75999999999999  1.1413359390601618
80.88  1.1337855293862633
81.0  1.1258608035881077
81.11999999999999  1.1175645993001386
81.24  1.1088998770166656
81.36  1.0998697190377649
81.48  1.0904773283748268
81.6  1.0807260276161226
81.72  1.0706192577528175
81.84  1.060160576965821
81.96  1.0493536593739201
82.08  1.0382022937436162
82.2  1.026710382161137
82.32  1.014881938667087
82.44  1.002721087854185
82.56  0.9902320634286368
82.67999999999999  0.977419206735578
82.8  0.9642869652491499
82.92  0.9508398910277187
83.03999999999999  0.9370826391347592
83.16  0.9230199660259792
83.28  0.9086567279032212
83.39999999999999  0.8939978790357294
83.52  0.8790484700493342
83.64  0.8638136461841934
83.75999999999999  0.8482986455216426
83.88  0.8325087971807819
84.0  0.8164495194854566
84.11999999999999  0.8001263181021996
84.24  0.7835447841498266
84.36  0.7667105922813132
84.47999999999999  0.749629498738623
84.6  0.7323073393811261
84.72  0.714750027688342
84.84  0.6969635527376243
84.96  0.678953977157525
85.08  0.6607274350575234
85.2  0.6422901299348336
85.32  0.6236483325590034
85.44  0.6048083788350056
85.56  0.5857766676456118
85.67999999999999  0.5665596586737094
85.8  0.5471638702053466
85.92  0.527595876914271
86.03999999999999  0.5078623076286617
86.16  0.48796984308086133
86.28  0.4679252136408601
86.39999999999999  0.44773519703430115
86.52  0.42740661604575797
86.64  0.4069463362081311
86.75999999999999  0.3863612634788687
86.88  0.3656583419038379
87.0  0.34484455126966623
87.11999999999999  0.32392690474527874
87.24  0.3029124465134964
87.36  0.28180824939346094
87.47999999999999  0.2606214124547058
87.6  0.23935905862364953
87.72  0.21802833228338836
87.84  0.19663639686751594
87.96  0.17519043244883592
88.08  0.1536976333237665
88.2  0.13216520559325073
88.32  0.11060036474099566
88.44  0.08901033320982354
88.56  0.06740233797701428
88.67999999999999  0.045783608129390196
88.8  0.024161372438977757
88.92  0.002542856940110416
89.03999999999999  0.0
89.16  0.0
89.28  0.0
89.39999999999999  0.0
89.52  0.0
89.64  0.0
89.75999999999999  0.0
89.88  0.0
90.0  0.0
90.11999999999999  0.0
90.24  0.0
90.36  0.0
90.47999999999999  0.0
90.6  0.0
90.72  0.0
90.84  0.0
90.96  0.0
91.08  0.0
91.2  0.0
91.32  0.0
91.44  0.0
91.56  0.0
91.67999999999999  0.0
91.8  0.0
91.92  0.0
92.03999999999999  0.0
92.16  0.0
92.28  0.0
92.39999999999999  0.0
92.52  0.0
92.64  0.0
92.75999999999999  0.0
92.88  0.0
93.0  0.0
93.11999999999999  0.0
93.24  0.0
93.36  0.0
93.47999999999999  0.0
93.6  0.0
93.72  0.0
93.84  0.0
93.96  0.0
94.08  0.0
94.2  0.0
94.32  0.0
94.44  0.0
94.56  0.0
94.67999999999999  0.0
94.8  0.0
94.92  0.0
95.03999999999999  0.0
95.16  0.0
95.28  0.0
95.39999999999999  0.0
95.52  0.0
95.64  0.0
95.75999999999999  0.0
95.88  0.0
96.0  0.0
96.11999999999999  0.0
96.24  0.0
96.36  0.0
96.47999999999999  0.0
96.6  0.0
96.72  0.0
96.84  0.0
96.96  0.0
97.08  0.0
97.2  0.0
97.32  0.0
97.44  0.0
97.56  0.0
97.67999999999999  0.0
97.8  0.0
97.92  0.0
98.03999999999999  0.0
98.16  0.0
98.28  0.0
98.39999999999999  0.0
98.52  0.0
98.64  0.0
98.75999999999999  0.0
98.88  0.0
99.0  0.0
99.11999999999999  0.0
99.24  0.0
99.36  0.0
99.47999999999999  0.0
99.6  0.0
99.72  0.0
99.84  0.0
99.96  0.0
100.08  0.0
100.2  0.0
100.32  0.0
100.44  0.0
100.56  0.0
100.67999999999999  0.0
100.8  0.0
100.92  0.0
101.03999999999999  0.0
101.16  0.0
101.28  0.0
101.39999999999999  0.0
101.52  0.0
101.64  0.0
101.75999999999999  0.0
101.88  0.0
102.0  0.0
102.11999999999999  0.0
102.24  0.0
102.36  0.0
102.47999999999999  0.0
102.6  0.0
102.72  0.0
102.83999999999999  0.0
102.96  0.0
103.08  0.0
103.2  0.0
103.32  0.0
103.44  0.0
103.56  0.0
103.67999999999999  0.0
103.8  0.0
103.92  0.0
104.03999999999999  0.0
104.16  0.0
104.28  0.0
104.39999999999999  0.0
104.52  0.0
104.64  0.0
104.75999999999999  0.0
104.88  0.0
105.0  0.0
105.11999999999999  0.0
105.24  0.0
105.36  0.0
105.47999999999999  0.0
105.6  0.0
105.72  0.0
105.83999999999999  0.0
105.96  0.0
106.08  0.0
106.2  0.0
106.32  0.0
106.44  0.0
106.56  0.0
106.67999999999999  0.0
106.8  0.0
106.92  0.0
107.03999999999999  0.0
107.16  0.0
107.28  0.0
107.39999999999999  0.0
107.52  0.0
107.64  0.0
107.75999999999999  0.0
107.88  0.0
108.0  0.0
108.11999999999999  0.0
108.24  0.0
108.36  0.0
108.47999999999999  0.0
108.6  0.0
108.72  0.0
108.83999999999999  0.0
108.96  0.0
109.08  0.0
109.2  0.0
109.32  0.0
109.44  0.0
109.56  0.0
109.67999999999999  0.016522823105968476
109.8  0.03703449482860355
109.92  0.05752055083189461
110.03999999999999  0.077974160628204
110.16  0.09838850898525087
110.28  0.11875679820247459
110.39999999999999  0.1390722503800696
110.52  0.1593281096799541
110.64  0.17951764457782426
110.75999999999999  0.19963415010566682
110.88  0.21967095008389148
111.0  0.23962139934235727
111.11999999999999  0.259478885929579
111.24  0.27923683330934757
111.36  0.2988887025440584
111.47999999999999  0.3184279944639754
111.6  0.33784825182178757
111.72  0.357143061431647
111.83999999999999  0.3763060562920637
111.96  0.39533091769190387
112.08  0.41421137729878904
112.2  0.43294121922924544
112.32  0.4515142820998702
112.44  0.46992446105889385
112.56  0.48816570979737683
112.67999999999999  0.5062320425394854
112.8  0.5241175360111154
112.92  0.5418163313862232
113.03999999999999  0.5593226362102554
113.16  0.5766307263000245
113.28  0.5937349476193874
113.39999999999999  0.6106297181301433
113.52  0.6273095296175425
113.64  0.643768949489763
113.75999999999999  0.6600026225508271
113.88  0.6760052727463354
114.0  0.6917717048814671
114.11999999999999  0.7072968063106746
114.24  0.7225755485985439
114.36  0.7376029891512352
114.47999999999999  0.7523742728180309
114.6  0.7668846334624386
114.72  0.7811293955023213
114.83999999999999  0.7951039754186043
114.96  0.8088038832320446
115.08  0.8222247239475657
115.19999999999999  0.8353621989657354
115.32  0.8482121074609169
115.44  0.8607703477256164
115.56  0.8730329184806586
115.67999999999999  0.8849959201507182
115.8  0.8966555561048402
115.92  0.9080081338615076
116.03999999999999  0.9190500662579291
116.16  0.9297778725831316
116.28  0.9401881796745346
116.39999999999999  0.9502777229776171
116.52  0.9600433475683983
116.64  0.9694820091383691
116.75999999999999  0.978590774941589
116.88  0.9873668247036556
117.0  0.9958074514922395
117.11999999999999  1.0039100625489572
117.24  1.011672180082302
117.36  1.0190914420213852
117.47999999999999  1.0261656027302826
117.6  1.032892533682764
117.72  1.0392702240971832
117.83999999999999  1.0452967815313754
117.96  1.0509704324373732
118.08  1.0562895226757605
118.19999999999999  1.0612525179895638
118.32  1.065858004437494
118.44  1.0701046887864842
118.56  1.0739913988633383
118.67999999999999  1.0775170838654784
118.8  1.0806808146306628
118.92  1.0834817838656292
119.03999999999999  1.0859193063336172
119.16  1.0879928190007166
119.28  1.0897018811410484
119.39999999999999  1.091046174400735
119.52  1.0920255028207109
119.64  1.09263979281834
119.75999999999999  1.0928890931279227
119.88  1.0927735747001162
120.0  1.0922935305603207
