0.0  29.332376672436155
1.68  39.84541220879686
3.36  29.925001402311054
5.04  30.699173533627434
6.72  39.73874968647337
8.4  28.679562624298793
10.08  32.22286670105403
11.76  39.250566587524574
13.44  0.0
15.12  0.47936835115314347
16.8  5.076606829359545
18.48  0.0
20.16  2.040651109458492
21.84  3.93360662301906
23.52  0.0
25.2  3.4803882343421906
26.88  2.556312221845201
28.56  0.0
30.24  4.712825840687127
31.919999999999998  1.0267582860613387
33.6  0.0
35.28  5.664557255093121
36.96  0.0
38.64  0.0
40.32  6.2788952775409514
42.0  0.0
43.68  0.0
45.36  6.519248594734915
47.04  0.0
48.72  0.0
50.4  6.371301238576452
52.08  0.0
53.76  0.0
55.44  5.843865276466011
57.12  0.0
58.8  0.6484394145444918
60.48  4.968355945337981
62.16  0.0
63.839999999999996  2.2011324990827483
65.52  3.7969204915909582
67.2  0.0
68.88  3.6227213284125135
70.56  2.3993321672904733
72.24  0.0
73.92  4.828532969505213
75.6  0.8588343830091327
77.28  0.0
78.96  5.746746649557134
80.64  0.0
82.32  0.0
84.0  6.322671557953559
85.67999999999999  0.0
87.36  0.0
89.03999999999999  6.522004350301114
90.72  0.0
92.39999999999999  0.0
94.08  6.3328723304808054
95.75999999999999  0.0
97.44  0.0
99.11999999999999  5.766540614338699
100.8  0.0
102.47999999999999  0.8170714414426965
104.16  4.856741154801946
105.83999999999999  0.0
107.52  2.360123576009247
109.2  3.6576635931490538
110.88  0.0
112.56  3.7626015998570335
114.24  2.2407276057164687
115.92  0.0
117.6  4.940970861237581
119.28  0.6903289921151483
120.96  0.0
122.64  5.825045115371135
124.32  0.0
126.0  0.0
127.67999999999999  6.362166970353339
129.35999999999999  0.0
131.04  0.0
132.72  6.52034427633282
134.4  0.0
136.07999999999998  0.0
137.76  6.290155647772794
139.44  0.0
141.12  0.0
142.79999999999998  5.685311621734292
144.48  0.0
146.16  0.9851502567806927
147.84  4.741838028367729
149.51999999999998  0.0
151.2  2.517516692733122
152.88  3.515930213850445
154.56  0.0
156.23999999999998  3.899934340453483
157.92  2.0806059229309835
159.6  0.0
161.28  5.050063387973874
162.96  0.5213562027054972
164.64  0.0
166.32  5.899399639280287
168.0  0.0
