0.0  68.10856367462807
2.4  19.81531965955607
4.8  0.0
7.199999999999999  47.55669461777488
9.6  67.15407509359045
12.0  0.0
14.399999999999999  0.0
16.8  15.857396363826773
19.2  22.987399150447068
21.599999999999998  0.0
24.0  0.0
26.4  25.921693793136757
28.799999999999997  21.237019898816435
31.2  0.0
33.6  0.0
36.0  31.18755415006442
38.4  23.566548792749003
40.8  0.0
43.199999999999996  0.0
45.6  27.145118481809106
48.0  13.5198354152246
50.4  0.0
52.8  0.0
55.199999999999996  30.454659313779192
57.599999999999994  3.6665425931683613
60.0  0.0
62.4  0.0
64.8  38.56811764766523
67.2  4.5954933211267806
69.6  0.0
72.0  0.0
74.39999999999999  34.39952870594689
76.8  0.36679258053288155
79.2  0.0
81.6  3.9382719525432694
84.0  28.36829608403945
86.39999999999999  0.0
88.8  0.0
91.2  15.493515760104826
93.6  33.42729045585064
96.0  0.0
98.39999999999999  0.0
100.8  17.28763650738258
103.2  33.13736217982634
105.6  0.0
108.0  0.0
110.39999999999999  16.74852583519199
112.8  22.173679872469986
115.19999999999999  0.0
117.6  0.0
120.0  26.85066474133067
122.39999999999999  19.05127376311254
124.8  0.0
127.19999999999999  0.0
129.6  33.30177412912378
132.0  21.009839109027745
134.4  0.0
136.79999999999998  0.0
139.2  28.320072728597253
141.6  12.277038692355525
144.0  0.0
146.4  0.0
148.79999999999998  30.27357266922933
151.2  2.050986910197407
153.6  0.0
156.0  0.6975144130179127
158.4  38.589896488867765
160.79999999999998  1.1475931529357997
163.2  0.0
165.6  0.0
168.0  34.908979826830986
170.4  0.0
172.79999999999998  0.0
175.2  4.940514257130777
177.6  27.994689359486177
180.0  0.0
182.4  0.0
184.79999999999998  17.739708697747567
187.2  31.68829462005757
189.6  0.0
192.0  0.0
194.4  20.0658747980219
196.79999999999998  31.850276011859258
199.2  0.0
201.6  0.0
204.0  18.10674851251389
206.4  21.738218270582145
208.79999999999998  0.0
211.2  0.0
213.6  27.59938678219459
216.0  16.96502715889546
218.4  0.0
220.79999999999998  0.0
223.2  34.72045887909597
225.6  17.855712763207467
228.0  0.0
230.39999999999998  0.0
232.79999999999998  29.74672519870645
235.2  11.07561363892006
237.6  0.0
240.0  0.0
