0.0  38.71979582118696
1.68  27.48344500990291
3.36  29.92424116818922
5.04  40.335557787307955
6.72  34.37554427567134
8.4  25.97882232730129
10.08  34.77708297645148
11.76  40.199830288517624
13.44  0.0
15.12  0.0
16.8  5.655607887785213
18.48  3.682241126895023
20.16  0.0
21.84  0.0
23.52  7.356537928598143
25.2  0.0
26.88  0.0
28.56  3.49358063262365
30.24  5.791375458377133
31.919999999999998  0.0
33.6  0.0
35.28  6.785932587799964
36.96  1.6550078646618518
38.64  0.0
40.32  0.8278580988732385
42.0  7.065524489196708
43.68  0.0
45.36  0.0
47.04  5.236949311945996
48.72  4.208225526348328
50.4  0.0
52.08  0.0
53.76  7.3209847590559525
55.44  0.0
57.12  0.0
58.8  2.9329164408418196
60.48  6.154712285915341
62.16  0.0
63.839999999999996  0.0
65.52  6.52092467729581
67.2  2.255923525942064
68.88  0.0
70.56  0.20602338155355282
72.24  7.213828795447417
73.92  0.0
75.6  0.0
77.28  4.780694804887204
78.96  4.7039991775165015
80.64  0.0
82.32  0.0
84.0  7.232874418713276
85.67999999999999  0.10572841584180814
87.36  0.0
89.03999999999999  2.3511969135555137
90.72  6.473864584256366
92.39999999999999  0.0
94.08  0.0
95.75999999999999  6.209103207779933
97.44  2.8406439673210895
99.11999999999999  0.0
100.8  0.0
102.47999999999999  7.310345200943514
104.16  0.0
105.83999999999999  0.0
107.52  4.290119806572706
109.2  5.166002933464968
110.88  0.0
112.56  0.0
114.24  7.092839449551677
115.92  0.7281030636558277
117.6  0.0
119.28  1.752598201045204
120.96  6.746541166844356
122.64  0.0
124.32  0.0
126.0  5.852706737967117
127.67999999999999  3.404971495029791
129.35999999999999  0.0
131.04  0.0
132.72  7.354380816766989
134.4  0.0
136.07999999999998  0.0
137.76  3.7687461429353366
139.44  5.590920080512347
141.12  0.0
142.79999999999998  0.0
144.48  6.901885159195
146.16  1.3452506773568733
147.84  0.0
149.51999999999998  1.1414176288492484
151.2  6.970784495151971
152.88  0.0
154.56  0.0
156.23999999999998  5.454293829410595
157.92  3.9448548155279246
159.6  0.0
161.28  0.0
162.96  7.345619512307229
164.64  0.0
166.32  0.0
168.0  3.220316742773872
