0.0  24.76890126856012
1.68  8.95852783417185
3.36  50.13689995095126
5.04  52.02822289080632
6.72  10.210548680523694
8.4  22.45437215311469
10.08  60.13340784029501
11.76  35.153374232251
13.44  0.0
15.12  7.44683086459855
16.8  24.898115550635396
18.48  0.0
20.16  0.0
21.84  22.466442916344427
23.52  11.942105146730412
25.2  0.0
26.88  0.0
28.56  27.511596646684342
30.24  0.0
31.919999999999998  0.0
33.6  14.893658601448752
35.28  20.342388044300584
36.96  0.0
38.64  0.0
40.32  26.158528006347364
42.0  4.141740755282169
43.68  0.0
45.36  5.173545712421822
47.04  25.809758869524583
48.72  0.0
50.4  0.0
52.08  21.033991511914525
53.76  14.002194716143023
55.44  0.0
57.12  0.0
58.8  27.55594645864455
60.48  0.0
62.16  0.0
63.839999999999996  12.876829373895703
65.52  21.84384902413693
67.2  0.0
68.88  0.0
70.56  25.32919007198938
72.24  6.433707155909726
73.92  0.0
75.6  2.8631198019180246
77.28  26.536114559785986
78.96  0.0
80.64  0.0
82.32  19.45053759608896
84.0  15.961762871634058
85.67999999999999  0.0
87.36  0.0
89.03999999999999  27.402472803918155
90.72  0.0
92.39999999999999  0.0
94.08  10.767557702730926
95.75999999999999  23.188493545274756
97.44  0.0
99.11999999999999  0.0
100.8  24.3180145006653
102.47999999999999  8.679486129981308
104.16  0.0
105.83999999999999  0.5321396242763088
107.52  27.071968131657687
109.2  0.0
110.88  0.0
112.56  17.727448745860016
114.24  17.806741921269982
115.92  0.0
117.6  0.0
119.28  27.052277466124583
120.96  0.635831406735921
122.64  0.0
124.32  8.580985997770938
126.0  24.366668437533875
127.67999999999999  0.0
129.35999999999999  0.0
131.04  23.13226049710767
132.72  10.862955285086315
134.4  0.0
136.07999999999998  0.0
137.76  27.413472705432973
139.44  0.0
141.12  0.0
142.79999999999998  15.877094974003523
144.48  19.523886805509093
146.16  0.0
147.84  0.0
149.51999999999998  26.507874489041452
151.2  2.966253367373061
152.88  0.0
154.56  6.332811603889175
156.23999999999998  25.369915612135046
157.92  0.0
159.6  0.0
161.28  21.780440560351284
162.96  12.96843954948244
164.64  0.0
166.32  0.0
168.0  27.55817662811666
