0.0  34.58404512318084
1.68  46.76155629662921
3.36  13.539428871149603
5.04  47.23874827457228
6.72  33.9250850498429
8.4  18.61076141433082
10.08  53.07215614426549
11.76  20.798330254610114
13.44  0.0
15.12  15.889359692922765
16.8  0.0
18.48  11.055983846841906
20.16  4.245378053851311
21.84  0.0
23.52  19.117547694533485
25.2  0.0
26.88  0.0
28.56  17.801006794007982
30.24  0.0
31.919999999999998  7.82421208078953
33.6  7.7521897142699245
35.28  0.0
36.96  17.835144981786385
38.64  0.0
40.32  0.0
42.0  19.09705523032977
43.68  0.0
45.36  4.321861545485903
47.04  10.990913300102859
48.72  0.0
50.4  15.935963029319947
52.08  0.0
53.76  0.0
55.44  19.73268474559035
57.12  0.0
58.8  0.6700513629002137
60.48  13.84954649945535
62.16  0.0
63.839999999999996  13.485679800611399
65.52  1.1725192115614238
67.2  0.0
68.88  19.68591384821413
70.56  0.0
72.24  0.0
73.92  16.22923137687852
75.6  0.0
77.28  10.569031574982017
78.96  4.811306476999762
80.64  0.0
82.32  18.95835998053492
84.0  0.0
85.67999999999999  0.0
87.36  18.04767310208263
89.03999999999999  0.0
90.72  7.286882577362907
92.39999999999999  8.283707993739847
94.08  0.0
95.75999999999999  17.575183584019406
97.44  0.0
99.11999999999999  0.0
100.8  19.241985889396073
102.47999999999999  0.0
104.16  3.752736867601267
105.83999999999999  11.469640343918117
107.52  0.0
109.2  15.584217994876383
110.88  0.0
112.56  0.0
114.24  19.7708677290121
115.92  0.0
117.6  0.08881311597760555
119.28  14.258926854748946
120.96  0.0
122.64  13.054315260208487
124.32  1.7522755826016314
126.0  0.0
127.67999999999999  19.61602870294698
129.35999999999999  0.0
131.04  0.0
132.72  16.55510775451466
134.4  0.0
136.07999999999998  10.072965080090599
137.76  5.373085861516421
139.44  0.0
141.12  18.782823491349294
142.79999999999998  0.0
144.48  0.0
146.16  18.278775967406773
147.84  0.0
149.51999999999998  6.743269217885146
151.2  8.808082803001735
152.88  0.0
154.56  17.300066195672077
156.23999999999998  0.0
157.92  0.0
159.6  19.37032318797211
161.28  0.0
162.96  3.180376010456648
164.64  11.938476523140729
166.32  0.0
168.0  15.219033882541455
