0.0  61.00274080709977
1.68  60.25956528366832
3.36  58.76421751267195
5.04  56.55846936534301
6.72  53.70393742972094
8.4  50.28036177882164
10.08  46.38337846735918
11.76  42.12184798132772
13.44  4.281480935676683
15.12  0.0
16.8  0.0
18.48  0.0
20.16  0.0
21.84  0.0
23.52  0.0
25.2  0.0
26.88  0.0
28.56  0.0
30.24  0.0
31.919999999999998  0.0
33.6  0.0
35.28  0.0
36.96  0.0
38.64  0.0
40.32  0.0
42.0  0.0
43.68  0.0
45.36  0.0
47.04  1.390988741329465
48.72  5.987922465997663
50.4  10.417586254500936
52.08  14.556239429944727
53.76  18.28827056676425
55.44  21.50942704419398
57.12  24.129727296604674
58.8  26.075974408297707
60.48  27.293800836609872
62.16  27.74918714490345
63.839999999999996  27.429412320314416
65.52  26.343409129557756
67.2  24.521514586084162
68.88  22.01462249917669
70.56  18.892761778149087
72.24  15.243140206082646
73.92  11.16770832940671
75.6  6.780311514978951
77.28  2.2035097306756932
78.96  0.0
80.64  0.0
82.32  0.0
84.0  0.0
85.67999999999999  0.0
87.36  0.0
89.03999999999999  0.0
90.72  0.0
92.39999999999999  0.0
94.08  0.0
95.75999999999999  0.0
97.44  0.0
99.11999999999999  0.0
100.8  0.0
102.47999999999999  0.0
104.16  0.0
105.83999999999999  0.0
107.52  0.0
109.2  0.0
110.88  3.4752422661571485
112.56  8.012490658525975
114.24  12.325913707700382
115.92  16.295017869853694
117.6  19.808927995281532
119.28  22.769484576123382
120.96  25.09398578831554
122.64  26.717497730060444
124.32  27.594668321333522
126.0  27.70099419395641
127.67999999999999  27.03350518222852
129.35999999999999  25.610847293177578
131.04  23.472761838692172
132.72  20.67897527974737
134.4  17.30753079442812
136.07999999999998  13.452608176652248
137.76  9.22189296574605
139.44  4.733568299063001
141.12  0.11301351889519973
142.79999999999998  0.0
144.48  0.0
146.16  0.0
147.84  0.0
149.51999999999998  0.0
151.2  0.0
152.88  0.0
154.56  0.0
156.23999999999998  0.0
157.92  0.0
159.6  0.0
161.28  0.0
162.96  0.0
164.64  0.0
166.32  0.0
168.0  0.0
