0.0  10.863994265451225
1.68  9.11162174631459
3.36  8.035871907911059
5.04  7.666795340878863
6.72  8.014702034059383
8.4  9.069873369569677
10.08  10.802833608046711
11.76  13.165173280244275
13.44  0.0
15.12  0.0
16.8  0.0
18.48  0.0
20.16  0.0
21.84  2.563467875453137
23.52  6.781107420300961
25.2  10.809319762014134
26.88  14.535578590326747
28.56  17.855792531329882
30.24  20.677212893449948
31.919999999999998  22.92102456066865
33.6  24.524547657541202
35.28  25.442988483485152
36.96  25.65069080477349
38.64  25.141852549949796
40.32  23.93068788809958
42.0  22.051030162393747
43.68  19.5553867707781
45.36  16.51347239529407
47.04  13.010261553613828
48.72  9.143614873891348
50.4  5.0215454018803705
52.08  0.7592013048067798
53.76  0.0
55.44  0.0
57.12  0.0
58.8  0.0
60.48  0.0
62.16  0.0
63.839999999999996  0.0
65.52  0.0
67.2  0.0
68.88  0.0
70.56  0.0
72.24  0.0
73.92  0.0
75.6  0.0
77.28  0.0
78.96  0.0
80.64  0.0
82.32  0.0
84.0  0.20845761921844463
85.67999999999999  4.480223621097746
87.36  8.626836579770323
89.03999999999999  12.532462716686721
90.72  16.088000112388976
92.39999999999999  19.194126419837914
94.08  21.764073389758902
95.75999999999999  23.72605070288062
97.44  25.02525140039785
99.11999999999999  25.625382891854834
100.8  25.50968077242895
102.47999999999999  24.68137712908198
104.16  23.163610253656287
105.83999999999999  20.998778285040192
107.52  18.24735483611935
109.2  14.986199690445869
110.88  11.306411758558191
112.56  7.310784270656319
114.24  3.110933293687557
115.92  0.0
117.6  0.0
119.28  0.0
120.96  0.0
122.64  0.0
124.32  0.0
126.0  0.0
127.67999999999999  0.0
129.35999999999999  0.0
131.04  0.0
132.72  0.0
134.4  0.0
136.07999999999998  0.0
137.76  0.0
139.44  0.0
141.12  0.0
142.79999999999998  0.0
144.48  0.0
146.16  0.0
147.84  2.1415113390315383
149.51999999999998  6.371513252185739
151.2  10.423529792112653
152.88  14.184369688914995
154.56  17.548975562000905
156.23999999999998  20.423358651026998
157.92  22.727224349884978
159.6  24.396215200613604
161.28  25.383708690204962
162.96  25.66211962965484
164.64  25.223670733880837
166.32  24.080609876702987
168.0  22.26486795196606
