0.0  77.71565632098262
1.68  77.30887979611956
3.36  75.67366604759225
5.04  72.8556940401644
6.72  68.93368256160812
8.4  64.0171912485723
10.08  58.24356008713001
11.76  51.77407288168887
13.44  11.456118530711127
15.12  4.1514759653243924
16.8  0.0
18.48  0.0
20.16  0.0
21.84  0.0
23.52  0.0
25.2  0.0
26.88  0.0
28.56  0.0
30.24  0.0
31.919999999999998  0.0
33.6  0.0
35.28  0.0
36.96  0.0
38.64  0.0
40.32  0.0
42.0  0.0
43.68  0.0
45.36  0.0
47.04  0.0
48.72  4.936024996699768
50.4  12.21626653870779
52.08  19.15525213832404
53.76  25.55914433608101
55.44  31.24905326738743
57.12  36.06603387089213
58.8  39.875525947689574
60.48  42.571113040298016
62.16  44.07749512880775
63.839999999999996  44.35259210326147
65.52  43.388719252706856
67.2  41.21280193416028
68.88  37.88562342480016
70.56  33.50012696830239
72.24  28.17881944689462
73.92  22.07034920638848
75.6  15.345353631118503
77.28  8.191692464922566
78.96  0.8092000332133831
80.64  0.0
82.32  0.0
84.0  0.0
85.67999999999999  0.0
87.36  0.0
89.03999999999999  0.0
90.72  0.0
92.39999999999999  0.0
94.08  0.0
95.75999999999999  0.0
97.44  0.0
99.11999999999999  0.0
100.8  0.0
102.47999999999999  0.0
104.16  0.0
105.83999999999999  0.0
107.52  0.0
109.2  0.0
110.88  0.8648524353568003
112.56  8.24639278781586
114.24  15.397573845704654
115.92  22.118630564327162
117.6  28.221813230044067
119.28  33.53663216455812
120.96  37.91462027783061
122.64  41.233480429844086
124.32  43.400501746514884
126.0  44.35514945649858
127.67999999999999  44.070755902954986
129.35999999999999  42.55526549261565
131.04  39.85101277233474
132.72  36.033539832455595
134.4  31.20948607230085
136.07999999999998  25.513609276244
137.76  19.105021215268774
139.44  12.162742930805605
141.12  4.880703862000439
142.79999999999998  0.0
144.48  0.0
146.16  0.0
147.84  0.0
149.51999999999998  0.0
151.2  0.0
152.88  0.0
154.56  0.0
156.23999999999998  0.0
157.92  0.0
159.6  0.0
161.28  0.0
162.96  0.0
164.64  0.0
166.32  0.0
168.0  0.0
