0.0  1000.0  
0.12  1000.0
0.24  1000.0
0.36  1000.0
0.48  1000.0
0.6  1000.0
0.72  1000.0
0.84  1000.0
0.96  1000.0
1.08  1000.0
1.2  1000.0
1.3199999999999998  1000.0
1.44  1000.0
1.56  1000.0
1.68  1000.0
1.7999999999999998  1000.0
1.92  1000.0
2.04  1000.0
2.16  1000.0
2.28  1000.0
2.4  1000.0
2.52  1000.0
2.6399999999999997  1000.0
2.76  1000.0
2.88  1000.0
3.0  1000.0
3.12  1000.0
3.2399999999999998  999.2185665943449
3.36  985.1812775204514
3.48  970.8374930398787
3.5999999999999996  956.1916755842196
3.7199999999999998  941.2483815492152
3.84  926.0122598772349
3.96  910.4880506109636
4.08  894.6805834187488
4.2  878.5947760920634
4.32  862.2356330155528
4.4399999999999995  845.6082436101435
4.56  828.7177807496953
4.68  811.569499151692
4.8  794.1687337424685
4.92  776.5208979974859
5.04  758.631482257169
5.16  740.5060520188305
5.279999999999999  722.1502462052138
5.3999999999999995  703.5697754101926
5.52  684.7704201221727
5.64  665.7580289257505
5.76  646.5385166821854
5.88  627.1178626892529
6.0  607.502108821052
6.12  587.6973576483449
6.24  567.7097705400112
6.359999999999999  547.5455657462144
6.4799999999999995  527.2110164638667
6.6  506.71244888500456
6.72  486.05624022867335
6.84  465.24881675693973
6.96  444.29665177564596
7.08  423.20626362052667
7.199999999999999  401.98421362931947
7.319999999999999  380.6371041004959
7.4399999999999995  359.17157623924936
7.56  337.594308091378
7.68  315.9120124657094
7.8  294.1314348457064
7.92  272.2593512909103
8.04  250.30256632887063
8.16  228.26791083821774
8.28  206.16223992354074
8.4  183.9924307827224
8.52  161.76538056740847
8.64  139.48800423726144
8.76  117.16723240868063
8.879999999999999  94.8100091986478
9.0  72.42329006437217
9.12  50.014039639411976
9.24  27.58922956693408
9.36  5.155836330799843
9.48  0.0
9.6  0.0
9.719999999999999  0.0
9.84  0.0
9.959999999999999  0.0
10.08  0.0
10.2  0.0
10.32  0.0
10.44  0.0
10.559999999999999  0.0
10.68  0.0
10.799999999999999  0.0
10.92  0.0
11.04  0.0
11.16  0.0
11.28  0.0
11.4  0.0
11.52  0.0
11.639999999999999  0.0
11.76  0.0
11.879999999999999  0.0
12.0  0.0
12.12  0.0
12.24  0.0
12.36  0.0
12.48  0.0
12.6  0.0
12.719999999999999  0.0
12.84  0.0
12.959999999999999  0.0
13.08  0.0
13.2  0.0
13.32  0.0
13.44  0.0
13.559999999999999  0.0
13.68  0.0
13.799999999999999  0.0
13.92  0.0
14.04  0.0
14.16  0.0
14.28  0.0
14.399999999999999  0.0
14.52  0.0
14.639999999999999  0.0
14.76  0.0
14.879999999999999  0.0
15.0  0.0
15.12  0.0
15.24  0.0
15.36  0.0
15.479999999999999  0.0
15.6  0.0
15.719999999999999  0.0
15.84  0.0
15.959999999999999  0.0
16.08  0.0
16.2  0.0
16.32  0.0
16.439999999999998  0.0
16.56  0.0
16.68  0.0
16.8  0.0
16.919999999999998  0.0
17.04  0.0
17.16  0.0
17.28  0.0
17.4  0.0
17.52  0.0
17.64  0.0
17.759999999999998  0.0
17.88  0.0
18.0  0.0
18.12  0.0
18.24  0.0
18.36  0.0
18.48  0.0
18.599999999999998  0.0
18.72  0.0
18.84  0.0
18.96  0.0
19.08  0.0
19.2  0.0
19.32  0.0
19.439999999999998  0.0
19.56  0.0
19.68  0.0
19.8  0.0
19.919999999999998  0.0
20.04  0.0
20.16  0.0
20.279999999999998  0.0
20.4  0.0
20.52  0.0
20.64  0.0
20.759999999999998  0.0
20.88  0.0
21.0  0.0
21.119999999999997  0.0
21.24  0.0
21.36  0.0
21.48  0.0
21.599999999999998  0.0
21.72  0.0
21.84  0.0
21.96  0.0
22.08  0.0
22.2  0.0
22.32  0.0
22.439999999999998  0.0
22.56  0.0
22.68  0.0
22.8  0.0
22.919999999999998  0.0
23.04  0.0
23.16  0.0
23.279999999999998  0.0
23.4  0.0
23.52  0.0
23.64  0.0
23.759999999999998  0.0
23.88  0.0
24.0  0.0
24.119999999999997  0.0
24.24  0.0
24.36  0.0
24.48  0.0
24.599999999999998  0.0
24.72  0.0
24.84  0.0
24.96  0.0
25.08  0.0
25.2  0.0
25.32  0.0
25.439999999999998  0.0
25.56  0.0
25.68  0.0
25.8  0.0
25.919999999999998  0.0
26.04  0.0
26.16  0.0
26.279999999999998  0.0
26.4  0.0
26.52  0.0
26.64  0.0
26.759999999999998  0.0
26.88  0.0
27.0  0.0
27.119999999999997  0.0
27.24  0.0
27.36  0.0
27.48  0.0
27.599999999999998  0.0
27.72  0.0
27.84  0.0
27.959999999999997  0.0
28.08  0.0
28.2  0.0
28.32  0.0
28.439999999999998  0.0
28.56  0.0
28.68  0.0
28.799999999999997  0.0
28.919999999999998  0.0
29.04  0.0
29.16  0.0
29.279999999999998  0.0
29.4  0.0
29.52  0.0
29.64  0.0
29.759999999999998  0.0
29.88  0.0
30.0  0.0
30.119999999999997  0.0
30.24  0.0
30.36  0.0
30.48  0.0
30.599999999999998  0.0
30.72  0.0
30.84  14.79277987427895
30.959999999999997  37.223341153900066
31.08  59.642322043856666
31.2  82.04274787377682
31.32  104.41764974587582
31.439999999999998  126.76006670301074
31.56  149.06304789428066
31.68  171.31965473747212
31.799999999999997  193.52296307768734
31.919999999999998  215.66606534149548
32.04  237.74207268590845
32.16  259.7441171415462
32.28  281.6653537492982
32.4  303.4989626898209
32.519999999999996  325.23815140523493
32.64  346.8761567123198
32.76  368.40624690657637
32.879999999999995  389.8217238565038
33.0  411.1159250874229
33.12  432.2822258542059
33.24  453.314041202279
33.36  474.2048280162304
33.48  494.9480870554174
33.6  515.5373649759142
33.72  535.9662563381762
33.839999999999996  556.2284055998208
33.96  576.3175090928642
34.08  596.2273169848263
34.199999999999996  615.9516352230951
34.32  635.4843274619266
34.44  654.8193169714949
34.56  673.9505885284029
34.68  692.8721902870452
34.8  711.5782356312635
34.92  730.0629050057091
35.04  748.3204477263317
35.16  766.3451837694566
35.28  784.131505538869
35.4  801.673879610365
35.519999999999996  818.9668484532377
35.64  836.0050321281416
35.76  852.7831299608198
35.879999999999995  869.2959221911781
36.0  885.5382715971804
36.12  901.5051250930615
36.24  917.1915153013802
36.36  932.5925620983894
36.48  947.7034741322757
36.6  962.5195503137734
36.72  977.0361812786978
36.839999999999996  991.2488508219485
36.96  1000.0
37.08  1000.0
37.199999999999996  1000.0
37.32  1000.0
37.44  1000.0
37.559999999999995  1000.0
37.68  1000.0
37.8  1000.0
37.92  1000.0
38.04  1000.0
38.16  1000.0
38.28  1000.0
38.4  1000.0
38.519999999999996  1000.0
38.64  1000.0
38.76  1000.0
38.879999999999995  1000.0
39.0  1000.0
39.12  1000.0
39.24  1000.0
39.36  1000.0
39.48  1000.0
39.6  1000.0
39.72  1000.0
39.839999999999996  1000.0
39.96  1000.0
40.08  1000.0
40.199999999999996  1000.0
40.32  1000.0
40.44  1000.0
40.559999999999995  1000.0
40.68  1000.0
40.8  1000.0
40.92  1000.0
41.04  1000.0
41.16  1000.0
41.28  1000.0
41.4  1000.0
41.519999999999996  1000.0
41.64  1000.0
41.76  1000.0
41.879999999999995  1000.0
42.0  1000.0
42.12  1000.0
42.239999999999995  1000.0
42.36  1000.0
42.48  1000.0
42.6  1000.0
42.72  1000.0
42.839999999999996  1000.0
42.96  1000.0
43.08  1000.0
43.199999999999996  1000.0
43.32  1000.0
43.44  1000.0
43.559999999999995  1000.0
43.68  1000.0
43.8  1000.0
43.92  1000.0
44.04  1000.0
44.16  1000.0
44.28  1000.0
44.4  1000.0
44.519999999999996  1000.0
44.64  1000.0
44.76  1000.0
44.879999999999995  1000.0
45.0  1000.0
45.12  1000.0
45.239999999999995  1000.0
45.36  1000.0
45.48  1000.0
45.6  1000.0
45.72  1000.0
45.839999999999996  1000.0
45.96  1000.0
46.08  988.3194374955315
46.199999999999996  974.0432104721077
46.32  959.4639531569707
46.44  944.5862012386305
46.559999999999995  929.4145832689369
46.68  913.9538192231114
46.8  898.2087190313401
46.92  882.1841810823703
47.04  865.8851906996048
47.16  849.316818590129
47.28  832.484219267191
47.4  815.3926294466057
47.519999999999996  798.0473664175786
47.64  780.4538263884685
47.76  762.6174828080013
47.879999999999995  744.543884662443
48.0  726.238654749281
48.12  707.7074879279469
48.239999999999995  688.9561493481029
48.36  669.9904726560783
48.48  650.8163581799902
48.6  631.439771094113
48.72  611.8667395630861
48.839999999999996  592.1033528665125
48.96  572.1557595045517
49.08  552.0301652850901
49.199999999999996  531.7328313930739
49.32  511.2700724426207
49.44  490.648254512516
49.559999999999995  469.87379316567706
49.68  448.95315145324275
49.8  427.8928379038854
49.92  406.69940449896234
50.04  385.3794446341669
50.16  363.9395910682788
50.28  342.38651385967904
50.4  320.7269182912602
50.519999999999996  298.96754278436936
50.64  277.11515680244963
50.76  255.17655874502958
50.879999999999995  233.15857383269034
51.0  211.0680519837088
51.12  188.9118656830118
51.239999999999995  166.69690784410122
51.36  144.4300896646332
51.48  122.11833847630936
51.6  99.76859558973732
51.72  77.38781413495767
51.839999999999996  54.98295689828339
51.96  32.56099415613457
52.08  10.128901506554087
52.199999999999996  0.0
52.32  0.0
52.44  0.0
52.559999999999995  0.0
52.68  0.0
52.8  0.0
52.919999999999995  0.0
53.04  0.0
53.16  0.0
53.28  0.0
53.4  0.0
53.519999999999996  0.0
53.64  0.0
53.76  0.0
53.879999999999995  0.0
54.0  0.0
54.12  0.0
54.239999999999995  0.0
54.36  0.0
54.48  0.0
54.6  0.0
54.72  0.0
54.839999999999996  0.0
54.96  0.0
55.08  0.0
55.199999999999996  0.0
55.32  0.0
55.44  0.0
55.559999999999995  0.0
55.68  0.0
55.8  0.0
55.919999999999995  0.0
56.04  0.0
56.16  0.0
56.28  0.0
56.4  0.0
56.519999999999996  0.0
56.64  0.0
56.76  0.0
56.879999999999995  0.0
57.0  0.0
57.12  0.0
57.239999999999995  0.0
57.36  0.0
57.48  0.0
57.599999999999994  0.0
57.72  0.0
57.839999999999996  0.0
57.96  0.0
58.08  0.0
58.199999999999996  0.0
58.32  0.0
58.44  0.0
58.559999999999995  0.0
58.68  0.0
58.8  0.0
58.919999999999995  0.0
59.04  0.0
59.16  0.0
59.28  0.0
59.4  0.0
59.519999999999996  0.0
59.64  0.0
59.76  0.0
59.879999999999995  0.0
60.0  0.0
60.12  0.0
60.239999999999995  0.0
60.36  0.0
60.48  0.0
60.599999999999994  0.0
60.72  0.0
60.839999999999996  0.0
60.96  0.0
61.08  0.0
61.199999999999996  0.0
61.32  0.0
61.44  0.0
61.559999999999995  0.0
61.68  0.0
61.8  0.0
61.919999999999995  0.0
62.04  0.0
62.16  0.0
62.28  0.0
62.4  0.0
62.519999999999996  0.0
62.64  0.0
62.76  0.0
62.879999999999995  0.0
63.0  0.0
63.12  0.0
63.239999999999995  0.0
63.36  0.0
63.48  0.0
63.599999999999994  0.0
63.72  0.0
63.839999999999996  0.0
63.96  0.0
64.08  0.0
64.2  0.0
64.32  0.0
64.44  0.0
64.56  0.0
64.67999999999999  0.0
64.8  0.0
64.92  0.0
65.03999999999999  0.0
65.16  0.0
65.28  0.0
65.39999999999999  0.0
65.52  0.0
65.64  0.0
65.75999999999999  0.0
65.88  0.0
66.0  0.0
66.12  0.0
66.24  0.0
66.36  0.0
66.48  0.0
66.6  0.0
66.72  0.0
66.84  0.0
66.96  0.0
67.08  0.0
67.2  0.0
67.32  0.0
67.44  0.0
67.56  0.0
67.67999999999999  0.0
67.8  0.0
67.92  0.0
68.03999999999999  0.0
68.16  0.0
68.28  0.0
68.39999999999999  0.0
68.52  0.0
68.64  0.0
68.75999999999999  0.0
68.88  0.0
69.0  0.0
69.12  0.0
69.24  0.0
69.36  0.0
69.48  0.0
69.6  0.0
69.72  0.0
69.84  0.0
69.96  0.0
70.08  0.0
70.2  0.0
70.32  0.0
70.44  0.0
70.56  0.0
70.67999999999999  0.0
70.8  0.0
70.92  0.0
71.03999999999999  0.0
71.16  0.0
71.28  0.0
71.39999999999999  0.0
71.52  0.0
71.64  0.0
71.75999999999999  0.0
71.88  0.0
72.0  0.0
72.11999999999999  0.0
72.24  0.0
72.36  0.0
72.48  0.0
72.6  0.0
72.72  0.0
72.84  0.0
72.96  0.0
73.08  0.0
73.2  0.0
73.32  0.0
73.44  0.0
73.56  9.819857697149303
73.67999999999999  32.25204116376145
73.8  54.674190839949574
73.92  77.07933106950998
74.03999999999999  99.4604914879821
74.16  121.81070919115626
74.28  144.12303090127705
74.39999999999999  166.39051513023765
74.52  188.6062343391293
74.64  210.7632770934304
74.75999999999999  232.8547502131838
74.88  254.87378091752808
75.0  276.8135189628269
75.11999999999999  298.6671387738425
75.24  320.42784156719955
75.36  342.08885746652874
75.48  363.6434476086068
75.6  385.0849062398569
75.72  406.40656280256076
75.84  427.6017840100791
75.96  448.6639759105273
76.08  469.5865859381803
76.2  490.36310495201644
76.32  510.9870692607376
76.44  531.4520626336823
76.56  551.7517182969239
76.67999999999999  571.8797209140223
76.8  591.8298085507729
76.92  611.5957746233018
77.03999999999999  631.1714698289926
77.16  650.5508040595574
77.28  669.7277482957086
77.39999999999999  688.6963364828097
77.52  707.4506673869704
77.64  725.9849064309265
77.75999999999999  744.2932875092301
77.88  762.3701147821081
78.0  780.2097644474734
78.11999999999999  797.8066864905139
78.24  815.1554064103442
78.36  832.250526923148
78.48  849.0867296412973
78.6  865.6587767279447
78.72  881.9615125265348
78.84  897.9898651647625
78.96  913.7388481324526
79.08  929.203561832908
79.2  944.3791951071814
79.32  959.2610267308637
79.44  973.8444268828918
79.56  988.1248585858923
79.67999999999999  1000.0
79.8  1000.0
79.92  1000.0
80.03999999999999  1000.0
80.16  1000.0
80.28  1000.0
80.39999999999999  1000.0
80.52  1000.0
80.64  1000.0
80.75999999999999  1000.0
80.88  1000.0
81.0  1000.0
81.11999999999999  1000.0
81.24  1000.0
81.36  1000.0
81.48  1000.0
81.6  1000.0
81.72  1000.0
81.84  1000.0
81.96  1000.0
82.08  1000.0
82.2  1000.0
82.32  1000.0
82.44  1000.0
82.56  1000.0
82.67999999999999  1000.0
82.8  1000.0
82.92  1000.0
83.03999999999999  1000.0
83.16  1000.0
83.28  1000.0
83.39999999999999  1000.0
83.52  1000.0
83.64  1000.0
83.75999999999999  1000.0
83.88  1000.0
84.0  1000.0
84.11999999999999  1000.0
84.24  1000.0
84.36  1000.0
84.47999999999999  1000.0
84.6  1000.0
84.72  1000.0
84.84  1000.0
84.96  1000.0
85.08  1000.0
85.2  1000.0
85.32  1000.0
85.44  1000.0
85.56  1000.0
85.67999999999999  1000.0
85.8  1000.0
85.92  1000.0
86.03999999999999  1000.0
86.16  1000.0
86.28  1000.0
86.39999999999999  1000.0
86.52  1000.0
86.64  1000.0
86.75999999999999  1000.0
86.88  1000.0
87.0  1000.0
87.11999999999999  1000.0
87.24  1000.0
87.36  1000.0
87.47999999999999  1000.0
87.6  1000.0
87.72  1000.0
87.84  1000.0
87.96  1000.0
88.08  1000.0
88.2  1000.0
88.32  1000.0
88.44  1000.0
88.56  1000.0
88.67999999999999  1000.0
88.8  991.4424894616967
88.92  977.2340381298884
89.03999999999999  962.7215638220331
89.16  947.9095814500726
89.28  932.8026991045816
89.39999999999999  917.4056166211728
89.52  901.7231241183335
89.64  885.7601005072166
89.75999999999999  869.5215119737652
89.88  853.012410433713
90.0  836.2379319609014
90.11999999999999  819.2032951894274
90.24  801.913799690078
90.36  784.3748243216262
90.47999999999999  766.5918255574281
90.6  748.5703357878731
90.72  730.3159615992482
90.84  711.8343820294776
90.96  693.1313468013595
91.08  674.2126745337736
91.2  655.0842509314994
91.32  635.7520269541305
91.44  616.2220169646862
91.56  596.5002968585331
91.67999999999999  576.5930021731208
91.8  556.50632617919
91.92  536.2465179540079
92.03999999999999  515.819880437256
92.16  495.23276847012687
92.28  474.4915868183267
92.39999999999999  453.6027881794948
92.52  432.57287117574015
92.64  411.4083783318912
92.75999999999999  390.1158940400668
92.88  368.70204251124335
93.0  347.1734857144213
93.11999999999999  325.53692130406046
93.24  303.79908053637826
93.36  281.9667261752483
93.47999999999999  260.04665038824385
93.6  238.04567263356594
93.72  215.9706375384685
93.84  193.82841276986258
93.96  171.62588689774506
94.08  149.36996725210977
94.2  127.06757777406807
94.32  104.72565686174676
94.44  82.3511552117258
94.56  59.95103365663218
94.67999999999999  37.53226099959798
94.8  15.10181184620157
94.92  0.0
95.03999999999999  0.0
95.16  0.0
95.28  0.0
95.39999999999999  0.0
95.52  0.0
95.64  0.0
95.75999999999999  0.0
95.88  0.0
96.0  0.0
96.11999999999999  0.0
96.24  0.0
96.36  0.0
96.47999999999999  0.0
96.6  0.0
96.72  0.0
96.84  0.0
96.96  0.0
97.08  0.0
97.2  0.0
97.32  0.0
97.44  0.0
97.56  0.0
97.67999999999999  0.0
97.8  0.0
97.92  0.0
98.03999999999999  0.0
98.16  0.0
98.28  0.0
98.39999999999999  0.0
98.52  0.0
98.64  0.0
98.75999999999999  0.0
98.88  0.0
99.0  0.0
99.11999999999999  0.0
99.24  0.0
99.36  0.0
99.47999999999999  0.0
99.6  0.0
99.72  0.0
99.84  0.0
99.96  0.0
100.08  0.0
100.2  0.0
100.32  0.0
100.44  0.0
100.56  0.0
100.67999999999999  0.0
100.8  0.0
100.92  0.0
101.03999999999999  0.0
101.16  0.0
101.28  0.0
101.39999999999999  0.0
101.52  0.0
101.64  0.0
101.75999999999999  0.0
101.88  0.0
102.0  0.0
102.11999999999999  0.0
102.24  0.0
102.36  0.0
102.47999999999999  0.0
102.6  0.0
102.72  0.0
102.83999999999999  0.0
102.96  0.0
103.08  0.0
103.2  0.0
103.32  0.0
103.44  0.0
103.56  0.0
103.67999999999999  0.0
103.8  0.0
103.92  0.0
104.03999999999999  0.0
104.16  0.0
104.28  0.0
104.39999999999999  0.0
104.52  0.0
104.64  0.0
104.75999999999999  0.0
104.88  0.0
105.0  0.0
105.11999999999999  0.0
105.24  0.0
105.36  0.0
105.47999999999999  0.0
105.6  0.0
105.72  0.0
105.83999999999999  0.0
105.96  0.0
106.08  0.0
106.2  0.0
106.32  0.0
106.44  0.0
106.56  0.0
106.67999999999999  0.0
106.8  0.0
106.92  0.0
107.03999999999999  0.0
107.16  0.0
107.28  0.0
107.39999999999999  0.0
107.52  0.0
107.64  0.0
107.75999999999999  0.0
107.88  0.0
108.0  0.0
108.11999999999999  0.0
108.24  0.0
108.36  0.0
108.47999999999999  0.0
108.6  0.0
108.72  0.0
108.83999999999999  0.0
108.96  0.0
109.08  0.0
109.2  0.0
109.32  0.0
109.44  0.0
109.56  0.0
109.67999999999999  0.0
109.8  0.0
109.92  0.0
110.03999999999999  0.0
110.16  0.0
110.28  0.0
110.39999999999999  0.0
110.52  0.0
110.64  0.0
110.75999999999999  0.0
110.88  0.0
111.0  0.0
111.11999999999999  0.0
111.24  0.0
111.36  0.0
111.47999999999999  0.0
111.6  0.0
111.72  0.0
111.83999999999999  0.0
111.96  0.0
112.08  0.0
112.2  0.0
112.32  0.0
112.44  0.0
112.56  0.0
112.67999999999999  0.0
112.8  0.0
112.92  0.0
113.03999999999999  0.0
113.16  0.0
113.28  0.0
113.39999999999999  0.0
113.52  0.0
113.64  0.0
113.75999999999999  0.0
113.88  0.0
114.0  0.0
114.11999999999999  0.0
114.24  0.0
114.36  0.0
114.47999999999999  0.0
114.6  0.0
114.72  0.0
114.83999999999999  0.0
114.96  0.0
115.08  0.0
115.19999999999999  0.0
115.32  0.0
115.44  0.0
115.56  0.0
115.67999999999999  0.0
115.8  0.0
115.92  0.0
116.03999999999999  0.0
116.16  0.0
116.28  4.8467854081307
116.39999999999999  27.280248150714755
116.52  49.70522385549404
116.64  72.11473598706934
116.75999999999999  94.50181282086362
116.88  116.85948961203285
117.0  139.18081076225081
117.11999999999999  161.4588319836481
117.24  183.6866224591873
117.36  205.85726699891515
117.47999999999999  227.9638681912806
117.6  249.9995485489942
117.72  271.9574526486215
117.83999999999999  293.8307492633571
117.96  315.6126334882707
118.08  337.2963288573245
118.19999999999999  358.87508945158334
118.32  380.34220199792026
118.44  401.6909879575277
118.56  422.9148056036614
118.67999999999999  444.0070520879311
118.8  464.9611654944539
118.92  485.7706268813374
119.03999999999999  506.42896230872464
119.16  526.9297448529068
119.28  547.266596605746
119.39999999999999  567.4331906588907
119.52  587.4232530721242
119.64  607.2305648251986
119.75999999999999  626.8489637526185
119.88  646.2723464607375
120.0  665.4946702265341
