0.0  8.161383988755086  100.0
0.12  8.181502756018707
0.24  8.192445093671926
0.36  8.194202260600594
0.48  8.186780114050432
0.6  8.17019902916357
0.72  8.144493793572856
0.84  8.109713477365355
0.96  8.065921278770778
1.08  8.013194345974203
1.2  7.951623575495034
1.3199999999999998  7.881313387615808
1.44  7.802381479384942
1.56  7.71495855575681
1.68  7.619188039470726
1.7999999999999998  7.515225760307068
1.92  7.403239624394247
2.04  7.283409264274107
2.16  7.1559256704658525
2.28  7.0209908052993395
2.4  6.878817199817964
2.52  6.729627534578824
2.6399999999999997  6.57365420520375
2.76  6.41113887355891
2.88  6.2423320054629015
3.0  6.067492395843799
3.12  5.886886682284113
3.2399999999999998  5.700788847909348
3.36  5.50947971459057
3.48  5.313246427444241
3.5999999999999996  5.11238193162335
3.7199999999999998  4.9071844424028095
3.84  4.697956909568923
3.96  4.48500647712764
4.08  4.268643939349193
4.2  4.049183194167673
4.32  3.826940694952955
4.4399999999999995  3.602234901669429
4.56  3.37538573243094
4.68  3.1467140164544576
4.8  2.9165409494061056
4.92  2.685187552122507
5.04  2.4529741336777877
5.16  2.2202197597521796
5.279999999999999  1.9872417272419864
5.3999999999999995  1.754355046032708
5.52  1.5218719288375513
5.64  1.29010128998219
5.76  1.0593482539937955
5.88  0.8299136748279168
6.0  0.6020936665408521
6.12  0.37617914618780324
6.24  0.15245538969835204
6.359999999999999  0.0
6.4799999999999995  0.0
6.6  0.0
6.72  0.0
6.84  0.0
6.96  0.0
7.08  0.0
7.199999999999999  0.0
7.319999999999999  0.0
7.4399999999999995  0.0
7.56  0.0
7.68  0.0
7.8  0.0
7.92  0.0
8.04  0.0
8.16  0.0
8.28  0.0
8.4  0.0
8.52  0.0
8.64  0.0
8.76  0.0
8.879999999999999  0.0
9.0  0.0
9.12  0.0
9.24  0.0
9.36  0.0
9.48  0.0
9.6  0.0
9.719999999999999  0.0
9.84  0.0
9.959999999999999  0.0
10.08  0.0
10.2  0.0
10.32  0.0
10.44  0.0
10.559999999999999  0.0
10.68  0.0
10.799999999999999  0.0
10.92  0.0
11.04  0.0
11.16  0.0
11.28  0.0
11.4  0.0
11.52  0.0
11.639999999999999  0.0
11.76  0.0
11.879999999999999  0.0
12.0  0.0
12.12  0.0
12.24  0.0
12.36  0.0
12.48  0.0
12.6  0.0
12.719999999999999  0.0
12.84  0.0
12.959999999999999  0.0
13.08  0.0
13.2  0.0
13.32  0.0
13.44  0.0
13.559999999999999  0.0
13.68  0.0
13.799999999999999  0.0
13.92  0.0
14.04  0.0
14.16  0.0
14.28  0.0
14.399999999999999  0.0
14.52  0.0
14.639999999999999  0.0
14.76  0.0
14.879999999999999  0.0
15.0  0.0
15.12  0.0
15.24  0.0
15.36  0.0
15.479999999999999  0.0
15.6  0.0
15.719999999999999  0.0
15.84  0.0
15.959999999999999  0.0
16.08  0.0
16.2  0.0
16.32  0.0
16.439999999999998  0.0
16.56  0.0
16.68  0.0
16.8  0.0
16.919999999999998  0.0
17.04  0.0
17.16  0.0
17.28  0.0
17.4  0.0
17.52  0.0
17.64  0.0
17.759999999999998  0.0
17.88  0.0
18.0  0.0
18.12  0.0
18.24  0.0
18.36  0.0
18.48  0.0
18.599999999999998  0.0
18.72  0.0
18.84  0.0
18.96  0.0
19.08  0.0
19.2  0.0
19.32  0.0
19.439999999999998  0.0034539334441199276
19.56  0.017216341693044535
19.68  0.027723060662172894
19.8  0.03499843723343199
19.919999999999998  0.03907108048422814
20.04  0.03997368122400724
20.16  0.03774282716263255
20.279999999999998  0.03241881426207327
20.4  0.024045454825210255
20.52  0.012669882876183314
20.64  0.0
20.759999999999998  0.0
20.88  0.0
21.0  0.0
21.119999999999997  0.0
21.24  0.0
21.36  0.0
21.48  0.0
21.599999999999998  0.0
21.72  0.0
21.84  0.0
21.96  0.0
22.08  0.0
22.2  0.0
22.32  0.0
22.439999999999998  0.0
22.56  0.0
22.68  0.0
22.8  0.0
22.919999999999998  0.0
23.04  0.0
23.16  0.0
23.279999999999998  0.0
23.4  0.0
23.52  0.0
23.64  0.0
23.759999999999998  0.0
23.88  0.0
24.0  0.0
24.119999999999997  0.0
24.24  0.0
24.36  0.0
24.48  0.0
24.599999999999998  0.0
24.72  0.0
24.84  0.0
24.96  0.0
25.08  0.0
25.2  0.0
25.32  0.0
25.439999999999998  0.0
25.56  0.0
25.68  0.0
25.8  0.0
25.919999999999998  0.0
26.04  0.0
26.16  0.0
26.279999999999998  0.0
26.4  0.0
26.52  0.0
26.64  0.0
26.759999999999998  0.0
26.88  0.0
27.0  0.0
27.119999999999997  0.0
27.24  0.0
27.36  0.0
27.48  0.0
27.599999999999998  0.0
27.72  0.0
27.84  0.0
27.959999999999997  0.0
28.08  0.0
28.2  0.0
28.32  0.0
28.439999999999998  0.0
28.56  0.0
28.68  0.0
28.799999999999997  0.0
28.919999999999998  0.0
29.04  0.0
29.16  0.0
29.279999999999998  0.0
29.4  0.0
29.52  0.0
29.64  0.0
29.759999999999998  0.0
29.88  0.0
30.0  0.0
30.119999999999997  0.0
30.24  0.0
30.36  0.0
30.48  0.0
30.599999999999998  0.0
30.72  0.0
30.84  0.0
30.959999999999997  0.0
31.08  0.0
31.2  0.0
31.32  0.0
31.439999999999998  0.0
31.56  0.0
31.68  0.0
31.799999999999997  0.0
31.919999999999998  0.0
32.04  0.0
32.16  0.0
32.28  0.0
32.4  0.0
32.519999999999996  0.0
32.64  0.0
32.76  0.0
32.879999999999995  0.0
33.0  0.0
33.12  0.0
33.24  0.0
33.36  0.0
33.48  0.0
33.6  0.0
33.72  0.0
33.839999999999996  0.0
33.96  0.0
34.08  0.0
34.199999999999996  0.0
34.32  0.0
34.44  0.0
34.56  0.0
34.68  0.0
34.8  0.0
34.92  0.0
35.04  0.0
35.16  0.0
35.28  0.0
35.4  0.0
35.519999999999996  0.0
35.64  0.0
35.76  0.0
35.879999999999995  0.0
36.0  0.0
36.12  0.0
36.24  0.0
36.36  0.0
36.48  0.0
36.6  0.0
36.72  0.0
36.839999999999996  0.0
36.96  0.0
37.08  0.0
37.199999999999996  0.0
37.32  0.0
37.44  0.0
37.559999999999995  0.0
37.68  0.0
37.8  0.0
37.92  0.0
38.04  0.0
38.16  0.0
38.28  0.0
38.4  0.0
38.519999999999996  0.0
38.64  0.0
38.76  0.0
38.879999999999995  0.0
39.0  0.0
39.12  0.0
39.24  0.0
39.36  0.0
39.48  0.0
39.6  0.0
39.72  0.0
39.839999999999996  0.0
39.96  0.0
40.08  0.0
40.199999999999996  0.0
40.32  0.0
40.44  0.0
40.559999999999995  0.0
40.68  0.0
40.8  0.0
40.92  0.09623615301686794
41.04  0.2695197483358326
41.16  0.44189332956106986
41.28  0.6131409782323798
41.4  0.7830456748684292
41.519999999999996  0.9513896547554147
41.64  1.1179547705186526
41.76  1.2825228608306682
41.879999999999995  1.444876124589228
42.0  1.604797499879636
42.12  1.762071047018444
42.239999999999995  1.9164823349594513
42.36  2.067818830327849
42.48  2.215870288335446
42.6  2.3604291448179318
42.72  2.5012909086244624
42.839999999999996  2.6382545535817754
42.96  2.771122909247162
43.08  2.8997030496593927
43.199999999999996  3.023806679292802
43.32  3.143250515417118
43.44  3.257856666065126
43.559999999999995  3.367453002811491
43.68  3.4718735275683477
43.8  3.5709587326078887
43.92  3.664555953028502
44.04  3.7525197108881123
44.16  3.834712050238687
44.28  3.9110028623062827
44.4  3.9812702000741105
44.519999999999996  4.045400581540679
44.64  4.103289280940758
44.76  4.154840607234814
44.879999999999995  4.1999681691918616
45.0  4.238595126411244
45.12  4.270654425651167
45.239999999999995  4.296089021855892
45.36  4.314852083298212
45.48  4.326907180280725
45.6  4.332228456867298
45.72  4.33080078514523
45.839999999999996  4.322619901549157
45.96  4.307692524809374
46.08  4.286036455119914
46.199999999999996  4.2576806541556635
46.32  4.2226653056025745
46.44  4.181041855900752
46.559999999999995  4.132873034936733
46.68  4.078232856458985
46.8  4.017206598028397
46.92  3.9498907603545623
47.04  3.8763930059079477
47.16  3.796832076737836
47.28  3.7113376914662357
47.4  3.620050421468621
47.519999999999996  3.5231215462928747
47.64  3.420712888409361
47.76  3.312996627425666
47.879999999999995  3.2001550939409023
48.0  3.0823805432554803
48.12  2.9598749091929797
48.239999999999995  2.832849538331595
48.36  2.7015249049826746
48.48  2.5661303072939776
48.6  2.4269035448942904
48.72  2.2840905785353876
48.839999999999996  2.1379451722248026
48.96  1.9887285183807974
49.08  1.8367088465771246
49.199999999999996  1.6821610164810097
49.32  1.5253660956224087
49.44  1.366610922666291
49.559999999999995  1.2061876568919256
49.68  1.0443933146149147
49.8  0.881529293317352
49.92  0.7179008842803256
50.04  0.5538167745403526
50.16  0.3895885390170133
50.28  0.22553012368366532
50.4  0.06195732067555593
50.519999999999996  0.0
50.64  0.0
50.76  0.0
50.879999999999995  0.0
51.0  0.0
51.12  0.0
51.239999999999995  0.0
51.36  0.0
51.48  0.0
51.6  0.0
51.72  0.0
51.839999999999996  0.0
51.96  0.0
52.08  0.0
52.199999999999996  0.0
52.32  0.0
52.44  0.0
52.559999999999995  0.0
52.68  0.0
52.8  0.0
52.919999999999995  0.0
53.04  0.0
53.16  0.0
53.28  0.0
53.4  0.0
53.519999999999996  0.0
53.64  0.0
53.76  0.0
53.879999999999995  0.0
54.0  0.0
54.12  0.0
54.239999999999995  0.0
54.36  0.0
54.48  0.0
54.6  0.0
54.72  0.0
54.839999999999996  0.0
54.96  0.0
55.08  0.0
55.199999999999996  0.0
55.32  0.0
55.44  0.0
55.559999999999995  0.0
55.68  0.0
55.8  0.0
55.919999999999995  0.0
56.04  0.0
56.16  0.0
56.28  0.0
56.4  0.0
56.519999999999996  0.0
56.64  0.0
56.76  0.0
56.879999999999995  0.0
57.0  0.0
57.12  0.0
57.239999999999995  0.0
57.36  0.0
57.48  0.04800187903708797
57.599999999999994  0.26688489801160564
57.72  0.49090847024941475
57.839999999999996  0.7197683909260253
57.96  0.9531508970002275
58.08  1.1907331609107028
58.199999999999996  1.4321838019091702
58.32  1.6771634141690774
58.44  1.925325110775617
58.559999999999995  2.176315082670785
58.68  2.429773171596356
58.8  2.685333456049476
58.919999999999995  2.942624849238627
59.04  3.2012717080022917
59.16  3.4608944516298905
59.28  3.7211101895034573
59.4  3.981533356458656
59.519999999999996  4.241776354747457
59.64  4.501450201468847
59.76  4.760165180321434
59.879999999999995  5.017531496521002
60.0  5.273159933716646
60.12  5.526662511733338
60.239999999999995  5.777653143964288
60.36  6.025748293233602
60.48  6.270567624950703
60.599999999999994  6.511734656379992
60.72  6.748877400853103
60.839999999999996  6.981629005758723
60.96  7.209628383153507
61.08  7.432520831848195
61.199999999999996  7.649958649837327
61.32  7.861601735955524
61.44  8.06711817966121
61.559999999999995  8.26618483786843
61.68  8.458487897768753
61.8  8.643723424609306
61.919999999999995  8.821597893418742
62.04  8.991828703700136
62.16  9.154144676139875
62.28  9.308286530412861
62.4  9.454007343196961
62.519999999999996  9.591072985545432
62.64  9.719262538801624
62.76  9.838368688278841
62.879999999999995  9.948198093967898
63.0  10.048571737575502
63.12  10.139325245239345
63.239999999999995  10.22030918530935
63.36  10.291389340629307
63.48  10.352446954799083
63.599999999999994  10.403378951944763
63.72  10.444098129571756
63.839999999999996  10.474533324124847
63.96  10.49462954892869
64.08  10.504348104232314
64.2  10.503666659132076
64.32  10.492579305198714
64.44  10.471096581685577
64.56  10.439245472247308
64.67999999999999  10.397069373149856
64.8  10.344628033005169
64.92  10.281997464115873
65.03999999999999  10.209269825567086
65.16  10.126553278254452
65.28  10.033971812088835
65.39999999999999  9.93166504566891
65.52  9.819787998763713
65.64  9.69851083799682
65.75999999999999  9.568018596173
65.88  9.428510865736571
66.0  9.280201466898287
66.12  9.123318091013711
66.24  8.958101919841745
66.36  8.784807221355864
66.48  8.603700922824226
66.6  8.415062161915518
66.72  8.219181816628312
66.84  8.016362014880674
66.96  7.806915624632948
67.08  7.591165725453246
67.2  7.369445062468618
67.32  7.142095483676676
67.44  6.909467361623294
67.56  6.671919000480025
67.67999999999999  6.429816029581447
67.8  6.183530784506861
67.92  5.9334416768138425
68.03999999999999  5.679932553550861
68.16  5.423392047694372
68.28  5.164212920672986
68.39999999999999  4.902791398153582
68.52  4.639526500277105
68.64  4.374819367541477
68.75999999999999  4.109072583535047
68.88  3.8426894957300686
69.0  3.5760735355486633
69.12  3.3096275389128316
69.24  3.0437530684896545
69.36  2.778849738838222
69.48  2.5153145456584802
69.6  2.2535412003337014
69.72  1.9939194709474461
69.84  1.7368345309433413
69.96  1.4826663165802025
70.08  1.231788894318029
70.2  0.9845698392516417
70.32  0.7413696256859766
70.44  0.5025410309245952
70.56  0.2684285533176666
70.67999999999999  0.039367845587121364
70.8  0.0
70.92  0.0
71.03999999999999  0.0
71.16  0.0
71.28  0.0
71.39999999999999  0.0
71.52  0.0
71.64  0.0
71.75999999999999  0.0
71.88  0.0
72.0  0.0
72.11999999999999  0.0
72.24  0.0
72.36  0.0
72.48  0.0
72.6  0.0
72.72  0.0
72.84  0.0
72.96  0.0
73.08  0.0
73.2  0.0
73.32  0.0
73.44  0.0
73.56  0.0
73.67999999999999  0.0
73.8  0.0
73.92  0.0
74.03999999999999  0.0
74.16  0.0
74.28  0.0
74.39999999999999  0.0
74.52  0.0
74.64  0.0
74.75999999999999  0.0
74.88  0.0
75.0  0.0
75.11999999999999  0.0
75.24  0.0
75.36  0.0
75.48  0.0
75.6  0.0
75.72  0.0
75.84  0.0
75.96  0.0
76.08  0.0
76.2  0.0
76.32  0.0
76.44  0.0
76.56  0.0
76.67999999999999  0.0
76.8  0.0
76.92  0.0
77.03999999999999  0.0
77.16  0.0
77.28  0.0
77.39999999999999  0.0
77.52  0.0
77.64  0.07874454870017367
77.75999999999999  0.2640040987205825
77.88  0.45040916279142545
78.0  0.6376009672838788
78.11999999999999  0.8252208179512539
78.24  1.0129107125974126
78.36  1.2003139497147588
78.48  1.3870757320121458
78.6  1.5728437637657842
78.72  1.757268840942963
78.84  1.9400054330655756
78.96  2.1207122558013354
79.08  2.2990528332910403
79.2  2.474696049244369
79.32  2.6473166858619672
79.44  2.816595949667965
79.56  2.982221983366199
79.67999999999999  3.143890362862995
79.8  3.3013045786316377
79.92  3.4541765006259944
80.03999999999999  3.602226825985718
80.16  3.745185508811316
80.28  3.8827921713235662
80.39999999999999  4.014796495761034
80.52  4.140958596407827
80.64  4.261049371183865
80.75999999999999  4.37485083227189
80.88  4.48215641529654
81.0  4.582771266613539
81.11999999999999  4.676512508311089
81.24  4.763209480568675
81.36  4.842703961062951
81.48  4.914850361155776
81.6  4.9795158986435455
81.72  5.036580746893071
81.84  5.085938160234085
81.96  5.127494575523982
82.08  5.161169689846048
82.2  5.186896514346963
82.32  5.204621404265034
82.44  5.214304065244738
82.56  5.21591753607741
82.67999999999999  5.209448148051868
82.8  5.194895461141655
82.92  5.1722721772979785
83.03999999999999  5.141604031159396
83.16  5.102929658529819
83.28  5.056300443016745
83.39999999999999  5.001780341260236
83.52  4.939445687221333
83.64  4.869384976035452
83.75999999999999  4.791698627971638
83.88  4.706498733073129
84.0  4.613908777087902
84.11999999999999  4.514063349328919
84.24  4.4071078331347024
84.36  4.293198079629249
84.47999999999999  4.172500065507551
84.6  4.045189535598399
84.72  3.9114516309807583
84.84  3.7714805034514574
84.96  3.6254789171631883
85.08  3.473657838270437
85.2  3.3162360134382043
85.32  3.1534395380833233
85.44  2.9855014152321244
85.56  2.8126611058898034
85.67999999999999  2.6351640718262086
85.8  2.453261311691362
85.92  2.2672088913797803
86.03999999999999  2.077267469566891
86.16  1.8837018193432322
86.28  1.6867803468731286
86.39999999999999  1.486774608002186
86.52  1.2839588237358233
86.64  1.0786093955057257
86.75999999999999  0.8710044211338891
86.88  0.661423212395958
87.0  0.45014581507541673
87.11999999999999  0.23745253238709396
87.24  0.023623452636184816
87.36  0.0
87.47999999999999  0.0
87.6  0.0
87.72  0.0
87.84  0.0
87.96  0.0
88.08  0.0
88.2  0.0
88.32  0.0
88.44  0.0
88.56  0.0
88.67999999999999  0.0
88.8  0.0
88.92  0.0
89.03999999999999  0.0
89.16  0.0
89.28  0.0
89.39999999999999  0.0
89.52  0.0
89.64  0.0
89.75999999999999  0.0
89.88  0.0
90.0  0.0
90.11999999999999  0.0
90.24  0.0
90.36  0.0
90.47999999999999  0.0
90.6  0.0
90.72  0.0
90.84  0.0
90.96  0.0
91.08  0.0
91.2  0.0
91.32  0.0
91.44  0.0
91.56  0.0
91.67999999999999  0.0
91.8  0.0
91.92  0.0
92.03999999999999  0.0
92.16  0.0
92.28  0.0
92.39999999999999  0.0
92.52  0.0
92.64  0.0
92.75999999999999  0.0
92.88  0.0
93.0  0.0
93.11999999999999  0.0
93.24  0.0
93.36  0.0
93.47999999999999  0.0
93.6  0.0
93.72  0.0
93.84  0.0
93.96  0.0
94.08  0.0
94.2  0.0
94.32  0.0
94.44  0.0
94.56  0.0
94.67999999999999  0.0
94.8  0.0
94.92  0.0
95.03999999999999  0.0
95.16  0.0
95.28  0.0
95.39999999999999  0.0
95.52  0.0
95.64  0.0
95.75999999999999  0.0
95.88  0.0
96.0  0.0
96.11999999999999  0.0
96.24  0.0
96.36  0.0
96.47999999999999  0.0
96.6  0.0
96.72  0.0
96.84  0.0
96.96  0.0
97.08  0.0
97.2  0.0
97.32  0.0
97.44  0.0
97.56  0.0
97.67999999999999  0.0
97.8  0.0
97.92  0.0
98.03999999999999  0.0
98.16  0.0
98.28  0.0
98.39999999999999  0.0
98.52  0.0
98.64  0.0
98.75999999999999  0.0
98.88  0.0
99.0  0.0
99.11999999999999  0.0
99.24  0.0
99.36  0.0
99.47999999999999  0.0
99.6  0.0
99.72  0.0
99.84  0.0
99.96  0.0
100.08  0.0
100.2  0.0
100.32  0.0
100.44  0.0
100.56  0.0
100.67999999999999  0.0
100.8  0.0
100.92  0.0
101.03999999999999  0.0
101.16  0.0
101.28  0.0
101.39999999999999  0.0
101.52  0.0
101.64  0.0
101.75999999999999  0.0
101.88  0.0
102.0  0.0
102.11999999999999  0.0
102.24  0.0
102.36  0.0
102.47999999999999  0.0
102.6  0.0
102.72  0.0
102.83999999999999  0.0
102.96  0.0
103.08  0.0
103.2  0.0
103.32  0.0
103.44  0.0
103.56  0.0
103.67999999999999  0.0
103.8  0.0
103.92  0.0
104.03999999999999  0.0
104.16  0.0
104.28  0.0
104.39999999999999  0.0
104.52  0.0
104.64  0.0
104.75999999999999  0.0
104.88  0.0
105.0  0.0
105.11999999999999  0.0
105.24  0.0
105.36  0.0
105.47999999999999  0.0
105.6  0.0
105.72  0.0
105.83999999999999  0.0
105.96  0.0
106.08  0.0
106.2  0.0
106.32  0.0
106.44  0.0
106.56  0.0
106.67999999999999  0.0
106.8  0.0
106.92  0.0
107.03999999999999  0.0
107.16  0.0
107.28  0.0
107.39999999999999  0.0
107.52  0.0
107.64  0.0
107.75999999999999  0.0
107.88  0.0
108.0  0.0
108.11999999999999  0.0
108.24  0.0
108.36  0.0
108.47999999999999  0.0
108.6  0.0
108.72  0.0
108.83999999999999  0.0
108.96  0.0
109.08  0.0
109.2  0.0
109.32  0.0
109.44  0.0
109.56  0.0
109.67999999999999  0.0
109.8  0.0
109.92  0.0
110.03999999999999  0.0
110.16  0.0
110.28  0.0
110.39999999999999  0.0
110.52  0.0
110.64  0.0
110.75999999999999  0.0
110.88  0.0
111.0  0.0
111.11999999999999  0.0
111.24  0.0
111.36  0.0
111.47999999999999  0.0
111.6  0.0
111.72  0.0
111.83999999999999  0.0
111.96  0.0
112.08  0.0
112.2  0.0
112.32  0.0
112.44  0.0
112.56  0.0
112.67999999999999  0.0
112.8  0.0
112.92  0.0
113.03999999999999  0.0
113.16  0.0
113.28  0.0
113.39999999999999  0.0
113.52  0.0
113.64  0.0
113.75999999999999  0.0
113.88  0.0
114.0  0.0
114.11999999999999  0.0
114.24  0.0
114.36  0.0
114.47999999999999  0.0
114.6  0.0
114.72  0.0
114.83999999999999  0.0
114.96  0.0
115.08  0.0
115.19999999999999  0.0
115.32  0.0
115.44  0.0
115.56  0.0
115.67999999999999  0.0
115.8  0.0
115.92  0.0
116.03999999999999  0.0
116.16  0.0
116.28  0.0
116.39999999999999  0.0
116.52  0.0
116.64  0.0
116.75999999999999  0.0
116.88  0.0
117.0  0.0
117.11999999999999  0.0
117.24  0.0
117.36  0.0
117.47999999999999  0.0
117.6  0.0
117.72  0.0
117.83999999999999  0.0
117.96  0.0
118.08  0.0
118.19999999999999  0.0
118.32  0.0
118.44  0.0
118.56  0.0
118.67999999999999  0.0
118.8  0.0
118.92  0.0
119.03999999999999  0.0
119.16  0.0
119.28  0.0
119.39999999999999  0.0
119.52  0.0
119.64  0.0
119.75999999999999  0.0
119.88  0.0
120.0  0.0
