0.0  9.895147922749354  100.0
0.12  9.935606464210323
0.24  9.966756805756201
0.36  9.988588688224148
0.48  10.001106460823976
0.6  10.004329000787969
0.72  9.998289608077707
0.84  9.983035875459333
0.96  9.958629534302954
1.08  9.92514627650556
1.2  9.882675552979372
1.3199999999999998  9.831320349189248
1.44  9.77119693826322
1.56  9.702434612239538
1.68  9.625175392051778
1.7999999999999998  9.539573716890294
1.92  9.445796113613628
2.04  9.344020846917541
2.16  9.23443755100168
2.28  9.117246843504764
2.4  8.99265992250849
2.52  8.860898147437824
2.6399999999999997  8.722192604711276
2.76  8.576783659018856
2.88  8.424920491127612
3.0  8.266860623135209
3.12  8.10286943211051
3.2399999999999998  7.9332196530768195
3.36  7.7581908723082105
3.48  7.578069011922185
3.5999999999999996  7.393145806762668
3.7199999999999998  7.2037182745763335
3.84  7.010088180492022
3.96  6.812561496817999
4.08  6.6114478591746035
4.2  6.4070600199808645
4.32  6.199713300312481
4.4399999999999995  5.989725041145606
4.56  5.777414054995861
4.68  5.563100078955037
4.8  5.3471032301191865
4.92  5.129743464390982
5.04  4.911340039626717
5.16  4.692210984083886
5.279999999999999  4.472672571109072
5.3999999999999995  4.253038800987975
5.52  4.033620890859748
5.64  3.8147267735765604
5.76  3.596660606366351
5.88  3.3797222901323742
6.0  3.164207000197166
6.12  2.950404729271215
6.24  2.738599843397882
6.359999999999999  2.529070651596086
6.4799999999999995  2.322088989890991
6.6  2.1179198203904965
6.72  1.9168208460317788
6.84  1.7190421415875659
6.96  1.5248258014863239
7.08  1.3344056049641209
7.199999999999999  1.1480066990287847
7.319999999999999  0.9658452996790112
7.4399999999999995  0.7881284117826213
7.56  0.6150535679789957
7.68  0.4468085869312235
7.8  0.2835713512134781
7.92  0.12550960507896836
8.04  0.0
8.16  0.0
8.28  0.0
8.4  0.0
8.52  0.0
8.64  0.0
8.76  0.0
8.879999999999999  0.0
9.0  0.0
9.12  0.0
9.24  0.0
9.36  0.0
9.48  0.0
9.6  0.0
9.719999999999999  0.0
9.84  0.0
9.959999999999999  0.0
10.08  0.0
10.2  0.0
10.32  0.0
10.44  0.0
10.559999999999999  0.0
10.68  0.0
10.799999999999999  0.0
10.92  0.0
11.04  0.0
11.16  0.0
11.28  0.0
11.4  0.0
11.52  0.0
11.639999999999999  0.0
11.76  0.0
11.879999999999999  0.0
12.0  0.0
12.12  0.0
12.24  0.0
12.36  0.0
12.48  0.0
12.6  0.0
12.719999999999999  0.0
12.84  0.0
12.959999999999999  0.0
13.08  0.0
13.2  0.0
13.32  0.0
13.44  0.0
13.559999999999999  0.0
13.68  0.0
13.799999999999999  0.0
13.92  0.0
14.04  0.0
14.16  0.0
14.28  0.0
14.399999999999999  0.0
14.52  0.0
14.639999999999999  0.06586662859222892
14.76  0.16414735665125146
14.879999999999999  0.2624971982638371
15.0  0.3607276100293777
15.12  0.45865327649888465
15.24  0.5560923803721782
15.36  0.6528668613161273
15.479999999999999  0.7488026630333438
15.6  0.843729968240539
15.719999999999999  0.9374834212461125
15.84  1.0299023378474323
15.959999999999999  1.1208309022992695
16.08  1.2101183511363272
16.2  1.297619143664378
16.32  1.3831931189661872
16.439999999999998  1.4667056393002407
16.56  1.5480277198019161
16.68  1.627036144428523
16.8  1.7036135681209585
16.919999999999998  1.7776486051861613
17.04  1.8490359039352826
17.16  1.9176762076432747
17.28  1.9834764019255668
17.4  2.0463495486572967
17.52  2.1062149065894697
17.64  2.162997938845047
17.759999999999998  2.2166303075055467
17.88  2.267049855525933
18.0  2.314200576241578
18.12  2.3580325707566194
18.24  2.398501993527353
18.36  2.435570986477845
18.48  2.469207602007341
18.599999999999998  2.4993857152705408
18.72  2.5260849261321465
18.84  2.5492904512161183
18.96  2.568993006488308
19.08  2.58518868082773
19.2  2.5978788010574614
19.32  2.6070697889203163
19.439999999999998  2.612773010497606
19.56  2.615004618580769
19.68  2.613785388516272
19.8  2.609140548052933
19.919999999999998  2.601099601728683
20.04  2.589696150339865
20.16  2.5749677060412486
20.279999999999998  2.5569555036282745
20.4  2.5357043085553337
20.52  2.5112622222445125
20.64  2.4836804852387484
20.759999999999998  2.453013278751218
20.88  2.4193175251596193
21.0  2.3826526879892076
21.119999999999997  2.3430805719225756
21.24  2.300665123366854
21.36  2.2554722321005096
21.48  2.207569534512171
21.599999999999998  2.157026218932826
21.72  2.1039128335507824
21.84  2.0483010973853224
21.96  1.990263714780658
22.08  1.9298741938663844
22.2  1.8672066694140874
22.32  1.8023357305024346
22.439999999999998  1.7353362533845802
22.56  1.6662832399326215
22.68  1.595251662013747
22.8  1.5223163121318275
22.919999999999998  1.4475516606467966
23.04  1.371031719861861
23.16  1.2928299152458935
23.279999999999998  1.213018964034938
23.4  1.1316707614330084
23.52  1.0488562746081713
23.64  0.9646454446551911
23.759999999999998  0.8791070966713257
23.88  0.7923088580665558
24.0  0.7043170852044773
24.119999999999997  0.6151967984445013
24.24  0.5250116256307205
24.36  0.43382375404745077
24.48  0.3416938908359801
24.599999999999998  0.24868123184214275
24.72  0.15484343883918328
24.84  0.06023662504595406
24.96  0.0
25.08  0.0
25.2  0.0
25.32  0.0
25.439999999999998  0.0
25.56  0.0
25.68  0.0
25.8  0.0
25.919999999999998  0.0
26.04  0.0
26.16  0.0
26.279999999999998  0.0
26.4  0.0
26.52  0.0
26.64  0.0
26.759999999999998  0.0
26.88  0.0
27.0  0.0
27.119999999999997  0.0
27.24  0.0
27.36  0.0
27.48  0.0
27.599999999999998  0.0
27.72  0.0
27.84  0.0
27.959999999999997  0.0
28.08  0.0
28.2  0.0
28.32  0.0
28.439999999999998  0.0
28.56  0.0
28.68  0.0
28.799999999999997  0.0
28.919999999999998  0.0
29.04  0.0
29.16  0.0
29.279999999999998  0.0
29.4  0.0
29.52  0.0
29.64  0.0
29.759999999999998  0.0
29.88  0.0
30.0  0.0
30.119999999999997  0.0
30.24  0.0
30.36  0.0
30.48  0.0
30.599999999999998  0.0
30.72  0.0
30.84  0.0
30.959999999999997  0.0
31.08  0.0
31.2  0.0
31.32  0.0
31.439999999999998  0.0
31.56  0.0
31.68  0.0
31.799999999999997  0.0
31.919999999999998  0.0
32.04  0.0
32.16  0.0
32.28  0.0
32.4  0.0
32.519999999999996  0.0
32.64  0.0
32.76  0.0
32.879999999999995  0.0
33.0  0.0
33.12  0.0
33.24  0.0
33.36  0.0
33.48  0.0
33.6  0.0
33.72  0.0
33.839999999999996  0.0
33.96  0.0
34.08  0.0
34.199999999999996  0.0
34.32  0.0
34.44  0.0
34.56  0.0
34.68  0.0
34.8  0.0
34.92  0.0
35.04  0.0
35.16  0.0
35.28  0.0
35.4  0.0
35.519999999999996  0.0
35.64  0.0
35.76  0.0
35.879999999999995  0.0
36.0  0.0
36.12  0.0
36.24  0.0
36.36  0.0
36.48  0.0
36.6  0.0
36.72  0.0
36.839999999999996  0.0
36.96  0.0
37.08  0.0
37.199999999999996  0.0
37.32  0.0
37.44  0.0
37.559999999999995  0.0
37.68  0.0
37.8  0.0
37.92  0.0
38.04  0.0
38.16  0.0
38.28  0.0
38.4  0.0
38.519999999999996  0.0
38.64  0.0
38.76  0.0
38.879999999999995  0.0
39.0  0.0
39.12  0.0
39.24  0.0
39.36  0.0
39.48  0.0
39.6  0.0
39.72  0.0
39.839999999999996  0.0
39.96  0.0
40.08  0.0
40.199999999999996  0.0
40.32  0.0
40.44  0.0
40.559999999999995  0.0
40.68  0.0
40.8  0.0
40.92  0.0
41.04  0.0
41.16  0.0
41.28  0.0
41.4  0.0
41.519999999999996  0.0
41.64  0.0
41.76  0.0
41.879999999999995  0.0
42.0  0.13502143654000132
42.12  0.2704438385496436
42.239999999999995  0.4031160341271387
42.36  0.5328271229635042
42.48  0.6593684847961663
42.6  0.7825341713241838
42.72  0.9021212984764488
42.839999999999996  1.0179304382550742
42.96  1.1297660093683108
43.08  1.2374366658620968
43.199999999999996  1.3407556829554461
43.32  1.439541339282282
43.44  1.5336172947418143
43.559999999999995  1.6228129631607775
43.68  1.7069638789731667
43.8  1.785912057127707
43.92  1.8595063454395953
44.04  1.9276027686102146
44.16  1.9900648631487519
44.28  2.046764002440132
44.4  2.0975797112167487
44.519999999999996  2.1423999687060338
44.64  2.181121499741666
44.76  2.2136500531440233
44.879999999999995  2.239900666694882
45.0  2.2597979180518375
45.12  2.2732761609703234
45.239999999999995  2.280279746225096
45.36  2.2807632266478652
45.48  2.2746915457245542
45.6  2.262040209223605
45.72  2.242795439355854
45.839999999999996  2.2169543109970125
45.96  2.1845248695354416
46.08  2.1455262299405717
46.199999999999996  2.0999886566812505
46.32  2.04795362415809
46.44  1.9894738573495938
46.559999999999995  1.924613352408386
46.68  1.8534473769815905
46.8  1.7760624500671263
46.92  1.6925563012567348
47.04  1.6030378092558308
47.16  1.507626919610079
47.28  1.4064545416089005
47.4  1.2996624243767623
47.519999999999996  1.187403012203654
47.64  1.0698392792076545
47.76  0.9471445434631696
47.879999999999995  0.8195022607697027
48.0  0.6871057982771087
48.12  0.550158188223941
48.239999999999995  0.40887186208637605
48.36  0.2634683654752601
48.48  0.11417805415888815
48.6  0.0
48.72  0.0
48.839999999999996  0.0
48.96  0.0
49.08  0.0
49.199999999999996  0.0
49.32  0.0
49.44  0.0
49.559999999999995  0.0
49.68  0.0
49.8  0.0
49.92  0.0
50.04  0.0
50.16  0.0
50.28  0.0
50.4  0.0
50.519999999999996  0.0
50.64  0.0
50.76  0.0
50.879999999999995  0.0
51.0  0.0
51.12  0.0
51.239999999999995  0.0
51.36  0.0
51.48  0.0
51.6  0.0
51.72  0.0
51.839999999999996  0.0
51.96  0.0
52.08  0.0
52.199999999999996  0.0
52.32  0.0
52.44  0.0
52.559999999999995  0.0
52.68  0.0
52.8  0.0
52.919999999999995  0.0
53.04  0.0
53.16  0.0
53.28  0.0
53.4  0.0
53.519999999999996  0.0
53.64  0.0
53.76  0.0
53.879999999999995  0.0
54.0  0.0
54.12  0.0
54.239999999999995  0.0
54.36  0.0
54.48  0.0
54.6  0.0
54.72  0.0
54.839999999999996  0.0
54.96  0.0
55.08  0.0
55.199999999999996  0.0
55.32  0.0
55.44  0.0
55.559999999999995  0.0
55.68  0.0
55.8  0.0
55.919999999999995  0.0
56.04  0.0
56.16  0.0
56.28  0.0
56.4  0.0
56.519999999999996  0.0
56.64  0.0
56.76  0.0
56.879999999999995  0.0
57.0  0.0
57.12  0.0
57.239999999999995  0.0
57.36  0.0
57.48  0.0
57.599999999999994  0.0
57.72  0.0
57.839999999999996  0.0
57.96  0.0
58.08  0.0
58.199999999999996  0.0
58.32  0.0
58.44  0.0
58.559999999999995  0.0
58.68  0.0
58.8  0.0
58.919999999999995  0.06503248142843221
59.04  0.32827441584571515
59.16  0.592708058015166
59.28  0.8579501559185418
59.4  1.1236147668055119
59.519999999999996  1.3893138991847005
59.64  1.6546581602839745
59.76  1.9192574078338382
59.879999999999995  2.182721405016987
60.0  2.4446604774176492
60.12  2.7046861707985634
60.239999999999995  2.9624119085289484
60.36  3.217453647483973
60.48  3.4694305312371894
60.599999999999994  3.7179655393693887
60.72  3.962686131721252
60.839999999999996  4.203224886424745
60.96  4.439220130556798
61.08  4.670316562269371
61.199999999999996  4.8961658632642875
61.32  5.116427300495809
61.44  5.330768316001828
61.559999999999995  5.538865103784326
61.68  5.7404031726810665
61.8  5.935077894194589
61.919999999999995  6.122595034270296
62.04  6.302671268042619
62.16  6.47503467659831
62.28  6.639425224837224
62.4  6.795595219543448
62.519999999999996  6.943309746815576
62.64  7.082347088040379
62.76  7.212499113632742
62.879999999999995  7.333571653804461
63.0  7.445384845664942
63.12  7.547773455999746
63.239999999999995  7.640587179116392
63.36  7.723690909191648
63.48  7.796964986600503
63.599999999999994  7.860305417754156
63.72  7.913624068022065
63.839999999999996  7.956848827362017
63.96  7.989923748331734
64.08  8.01280915620553
64.2  8.025481730970535
64.32  8.027934561028022
64.44  8.020177168477025
64.56  8.002235505909402
64.67999999999999  7.974151924697327
64.8  7.93598511480646
64.92  7.887810016220163
65.03999999999999  7.829717702111859
65.16  7.7618152339546524
65.28  7.684225488808599
65.39999999999999  7.597086959076902
65.52  7.5005535250730775
65.64  7.394794200790699
65.75999999999999  7.279992853316664
65.88  7.156347896377117
66.0  7.024071958552868
66.12  6.883391526747295
66.24  6.734546565535348
66.36  6.577790113066236
66.48  6.4133878542358875
66.6  6.241617671886159
66.72  6.06276917682844
66.84  5.8771432175284595
66.96  5.685051370325172
67.08  5.486815411093295
67.2  5.282766769292401
67.32  5.073245965377373
67.44  4.858602032575846
67.56  4.63919192406622
67.67999999999999  4.415379906616498
67.8  4.18753694176835
67.92  3.9560400556738737
68.03999999999999  3.7212716987122905
68.16  3.4836190960319615
68.28  3.2434735901803062
68.39999999999999  3.0012299769965063
68.52  2.757285835954723
68.64  2.512040856155218
68.75999999999999  2.265896159166839
68.88  2.019253619930339
69.0  1.7725151869349318
69.12  1.526082202879728
69.24  1.2803547270310935
69.36  1.0357308604825257
69.48  0.7926060755171842
69.6  0.551372550264805
69.72  0.31241850983385056
69.84  0.07612757508718371
69.96  0.0
70.08  0.0
70.2  0.0
70.32  0.0
70.44  0.0
70.56  0.0
70.67999999999999  0.0
70.8  0.0
70.92  0.0
71.03999999999999  0.0
71.16  0.0
71.28  0.0
71.39999999999999  0.0
71.52  0.0
71.64  0.0
71.75999999999999  0.0
71.88  0.0
72.0  0.0
72.11999999999999  0.0
72.24  0.0
72.36  0.0
72.48  0.0
72.6  0.0
72.72  0.0
72.84  0.0
72.96  0.0
73.08  0.0
73.2  0.0
73.32  0.0
73.44  0.0
73.56  0.0
73.67999999999999  0.0
73.8  0.0
73.92  0.0
74.03999999999999  0.0
74.16  0.0
74.28  0.0
74.39999999999999  0.0
74.52  0.0
74.64  0.0
74.75999999999999  0.0
74.88  0.0
75.0  0.0
75.11999999999999  0.0
75.24  0.0
75.36  0.0
75.48  0.0
75.6  0.0
75.72  0.0
75.84  0.0
75.96  0.0
76.08  0.0
76.2  0.0
76.32  0.0
76.44  0.0
76.56  0.0
76.67999999999999  0.0
76.8  0.0
76.92  0.0
77.03999999999999  0.0
77.16  0.0
77.28  0.0
77.39999999999999  0.0
77.52  0.0
77.64  0.0
77.75999999999999  0.1703676307508889
77.88  0.3821041881370495
78.0  0.5946326170937258
78.11999999999999  0.8075923200576156
78.24  1.0206233912734959
78.36  1.2333672255751975
78.48  1.4454671220565276
78.6  1.656568881565173
78.72  1.866321396969424
78.84  2.0743772351646355
78.96  2.2803932098073947
79.08  2.4840309437856636
79.2  2.6849574204573883
79.32  2.882845522715346
79.44  3.077374558962353
79.56  3.268230775110056
79.67999999999999  3.4551078517442146
79.8  3.6377073856315576
79.92  3.8157393547756477
80.03999999999999  3.9889225662642134
80.16  4.156985086186217
80.28  4.319664650933081
80.39999999999999  4.476709059237876
80.52  4.627876544344577
80.64  4.772936125739625
80.75999999999999  4.911667939920049
80.88  5.043863549713459
81.0  5.169326231707901
81.11999999999999  5.287871241393719
81.24  5.399326055662594
81.36  5.503530592353367
81.48  5.600337406579825
81.6  5.689611863619452
81.72  5.771232288188491
81.84  5.845090089973307
81.96  5.911089865333695
82.08  5.969149475139394
82.2  6.019200098745506
82.32  6.061186264158336
82.44  6.0950658544872205
82.56  6.120810090822094
82.67999999999999  6.1384034917206876
82.8  6.147843809531942
82.92  6.149141943824722
83.03999999999999  6.1423218322329145
83.16  6.127420319068422
83.28  6.104487002093974
83.39999999999999  6.073584057886246
83.52  6.034786046258028
83.64  5.98817969424486
83.75999999999999  5.933863660197122
83.88  5.871948278552969
84.0  5.802555285900736
84.11999999999999  5.725817528970599
84.24  5.641878655226056
84.36  5.550892786754229
84.47999999999999  5.45302417818128
84.6  5.348446859364587
84.72  5.237344263637932
84.84  5.119908842407494
84.96  4.996341666917566
85.08  4.866852018023687
85.2  4.7316569648279385
85.32  4.590980933046289
85.44  4.445055263991701
85.56  4.294117765068314
85.67999999999999  4.138412252681455
85.8  3.9781880884767697
85.92  3.813699709827509
86.03999999999999  3.6452061554932813
86.16  3.472970587375955
86.28  3.2972598092993444
86.39999999999999  3.118343783737096
86.52  2.9364951474109136
86.64  2.751988726676011
86.75999999999999  2.5651010536034895
86.88  2.3761098836612997
87.0  2.185293715885332
87.11999999999999  1.9929313164191218
87.24  1.7993012462883446
87.36  1.6046813942599956
87.47999999999999  1.409348515619353
87.6  1.2135777776797507
87.72  1.0176423128198329
87.84  0.8218127798213686
87.96  0.6263569342583784
88.08  0.4315392086632728
88.2  0.23762030317133975
88.32  0.04485678731675047
88.44  0.0
88.56  0.0
88.67999999999999  0.0
88.8  0.0
88.92  0.0
89.03999999999999  0.0
89.16  0.0
89.28  0.0
89.39999999999999  0.0
89.52  0.0
89.64  0.0
89.75999999999999  0.0
89.88  0.0
90.0  0.0
90.11999999999999  0.0
90.24  0.0
90.36  0.0
90.47999999999999  0.0
90.6  0.0
90.72  0.0
90.84  0.0
90.96  0.0
91.08  0.0
91.2  0.0
91.32  0.0
91.44  0.0
91.56  0.0
91.67999999999999  0.0
91.8  0.0
91.92  0.0
92.03999999999999  0.0
92.16  0.0
92.28  0.0
92.39999999999999  0.0
92.52  0.0
92.64  0.0
92.75999999999999  0.0
92.88  0.0
93.0  0.0
93.11999999999999  0.0
93.24  0.0
93.36  0.0
93.47999999999999  0.0
93.6  0.0
93.72  0.0
93.84  0.0
93.96  0.0
94.08  0.0
94.2  0.0
94.32  0.0
94.44  0.0
94.56  0.0
94.67999999999999  0.0
94.8  0.0
94.92  0.0
95.03999999999999  0.0
95.16  0.0
95.28  0.0
95.39999999999999  0.0
95.52  0.0
95.64  0.0
95.75999999999999  0.0
95.88  0.0
96.0  0.0
96.11999999999999  0.0
96.24  0.0
96.36  0.0
96.47999999999999  0.0
96.6  0.0
96.72  0.0
96.84  0.0
96.96  0.0
97.08  0.0
97.2  0.0
97.32  0.0
97.44  0.0
97.56  0.0
97.67999999999999  0.0
97.8  0.0
97.92  0.0
98.03999999999999  0.0
98.16  0.0
98.28  0.0
98.39999999999999  0.0
98.52  0.0
98.64  0.0
98.75999999999999  0.0
98.88  0.0
99.0  0.0
99.11999999999999  0.0
99.24  0.0
99.36  0.0
99.47999999999999  0.0
99.6  0.0
99.72  0.0
99.84  0.0
99.96  0.0
100.08  0.0
100.2  0.0
100.32  0.0
100.44  0.0
100.56  0.0
100.67999999999999  0.0
100.8  0.0
100.92  0.0
101.03999999999999  0.038594543036693185
101.16  0.10530265598764821
101.28  0.1701526357391958
101.39999999999999  0.2331257195105798
101.52  0.29420597056046116
101.64  0.35338015190315986
101.75999999999999  0.4106375965917912
101.88  0.4659700750521547
102.0  0.519371659954061
102.11999999999999  0.5708385891080834
102.24  0.6203691268765641
102.36  0.6679634245858166
102.47999999999999  0.7136233804251426
102.6  0.7573524993138145
102.72  0.7991557532126998
102.83999999999999  0.839039442351236
102.96  0.8770110578328509
103.08  0.9130791460733056
103.2  0.9472531755172573
103.32  0.9795434060667765
103.44  1.0099607616439241
103.56  1.0385167062966005
103.67999999999999  1.0652231242421477
103.8  1.090092204228796
103.92  1.1131363285782914
104.03999999999999  1.1343679672563278
104.16  1.1537995772995395
104.28  1.1714435079087813
104.39999999999999  1.1873119114991733
104.52  1.2014166609770056
104.64  1.213769273492497
104.75999999999999  1.2243808408961554
104.88  1.2332619671040548
105.0  1.240422712554794
105.11999999999999  1.245872545917859
105.24  1.249620303189492
105.36  1.251674154288401
105.47999999999999  1.2520415772395328
105.6  1.2507293400098232
105.72  1.2477434900353435
105.83999999999999  1.243089351454733
105.96  1.236771530039258
106.08  1.2287939257852984
106.2  1.2191597531105922
106.32  1.2078715685713817
106.44  1.194931305993614
106.56  1.180340318887343
106.67999999999999  1.1640994299906033
106.8  1.146208987765492
106.92  1.1266689296469432
107.03999999999999  1.105478851823065
107.16  1.0826380853035658
107.28  1.0581457780132275
107.39999999999999  1.0320009826263739
107.52  1.0042027498394284
107.64  0.9747502267601684
107.75999999999999  0.9436427600744139
107.88  0.9108800036340734
108.0  0.8764620300950996
108.11999999999999  0.8403894462184005
108.24  0.8026635114332905
108.36  0.7632862592503463
108.47999999999999  0.7222606210985651
108.6  0.6795905521511318
108.72  0.635281158695252
108.83999999999999  0.5893388265923776
108.96  0.5417713503687609
109.08  0.4925880624703789
109.2  0.44179996221134443
109.32  0.38941984394192386
109.44  0.33546242396019865
109.56  0.27994446569059606
109.67999999999999  0.22288490265288163
109.8  0.16430495874722761
109.92  0.10422826538419327
110.03999999999999  0.04268097499200496
110.16  0.0
110.28  0.0
110.39999999999999  0.0
110.52  0.0
110.64  0.0
110.75999999999999  0.0
110.88  0.0
111.0  0.0
111.11999999999999  0.0
111.24  0.0
111.36  0.0
111.47999999999999  0.0
111.6  0.0
111.72  0.0
111.83999999999999  0.0
111.96  0.0
112.08  0.0
112.2  0.0
112.32  0.0
112.44  0.0
112.56  0.0
112.67999999999999  0.0
112.8  0.0
112.92  0.0
113.03999999999999  0.0
113.16  0.0
113.28  0.0
113.39999999999999  0.0
113.52  0.0
113.64  0.0
113.75999999999999  0.0
113.88  0.0
114.0  0.0
114.11999999999999  0.0
114.24  0.0
114.36  0.0
114.47999999999999  0.0
114.6  0.0
114.72  0.0
114.83999999999999  0.0
114.96  0.0
115.08  0.0
115.19999999999999  0.0
115.32  0.0
115.44  0.0
115.56  0.0
115.67999999999999  0.0
115.8  0.0
115.92  0.0
116.03999999999999  0.0
116.16  0.0
116.28  0.0
116.39999999999999  0.0
116.52  0.0
116.64  0.0
116.75999999999999  0.0
116.88  0.0
117.0  0.0
117.11999999999999  0.0
117.24  0.0
117.36  0.0
117.47999999999999  0.0
117.6  0.0
117.72  0.0
117.83999999999999  0.0
117.96  0.0
118.08  0.0
118.19999999999999  0.0
118.32  0.0
118.44  0.0
118.56  0.0
118.67999999999999  0.0
118.8  0.0
118.92  0.0
119.03999999999999  0.0
119.16  0.0
119.28  0.0
119.39999999999999  0.0
119.52  0.0
119.64  0.0
119.75999999999999  0.0
119.88  0.0
120.0  0.0
