0.0  39.91613602626029
1.68  47.86266621126946
3.36  53.37856227938909
5.04  55.5410616178396
6.72  53.98839643494414
8.4  48.98031444227061
10.08  41.354625266306265
11.76  32.38704200631124
13.44  0.0
15.12  0.0
16.8  0.0
18.48  0.0
20.16  0.0
21.84  0.0
23.52  0.0
25.2  4.335229293012176
26.88  12.69814930368804
28.56  18.93677667283655
30.24  22.007441973003058
31.919999999999998  21.39644895241625
33.6  17.206011559472543
35.28  10.137154416399866
36.96  1.3724373477763923
38.64  0.0
40.32  0.0
42.0  0.0
43.68  0.0
45.36  0.0
47.04  0.0
48.72  0.0
50.4  2.04044597494672
52.08  10.728685018369294
53.76  17.622106085351174
55.44  21.567498318363256
57.12  21.90483107135753
58.8  18.577671436845396
60.48  12.142624992517431
62.16  3.676220410595434
63.839999999999996  0.0
65.52  0.0
67.2  0.0
68.88  0.0
70.56  0.0
72.24  0.0
73.92  0.0
75.6  0.0
77.28  8.642387156935476
78.96  16.115533725271483
80.64  20.89268823302141
82.32  22.174673262629945
84.0  19.74702359559827
85.67999999999999  14.015864423916778
87.36  5.939970051198961
89.03999999999999  0.0
90.72  0.0
92.39999999999999  0.0
94.08  0.0
95.75999999999999  0.0
97.44  0.0
99.11999999999999  0.0
100.8  0.0
102.47999999999999  6.461975152343533
104.16  14.433465912309781
105.83999999999999  19.990360285355994
107.52  22.203036990137083
109.2  20.701333987317003
110.88  15.736473448123878
112.56  8.139034416588427
114.24  0.0
115.92  0.0
117.6  0.0
119.28  0.0
120.96  0.0
122.64  0.0
124.32  0.0
126.0  0.0
127.67999999999999  4.211193324747015
129.35999999999999  12.594220082155474
131.04  18.870340675015424
132.72  21.989613377654997
134.4  21.430210332276936
136.07999999999998  17.285714922138496
137.76  10.24946606553733
139.44  1.4985684973886162
141.12  0.0
142.79999999999998  0.0
144.48  0.0
146.16  0.0
147.84  0.0
149.51999999999998  0.0
151.2  0.0
152.88  1.9145523098409747
154.56  10.617825312680317
156.23999999999998  17.544826227255445
157.92  21.536726572442277
159.6  21.925715289622104
161.28  18.646717866771187
162.96  12.248282752199703
164.64  3.800813853288947
166.32  0.0
168.0  0.0
