0.0  34.94709017504639
1.68  38.45613716642125
3.36  39.11986085838557
5.04  36.56961381749303
6.72  32.221862018457784
8.4  28.491447000584348
10.08  27.450327228936228
11.76  29.676764616377213
13.44  0.600811198295768
15.12  4.524486728847986
16.8  5.935158067376516
18.48  4.049305844781013
20.16  0.0
21.84  0.0
23.52  0.0
25.2  0.0
26.88  0.0
28.56  3.79006410050727
30.24  5.905247297107101
31.919999999999998  4.740520063657947
33.6  0.942798745733253
35.28  0.0
36.96  0.0
38.64  0.0
40.32  0.0
42.0  2.941628835664373
43.68  5.6976949894688405
45.36  5.289130047747188
47.04  1.9428603941517588
48.72  0.0
50.4  0.0
52.08  0.0
53.76  0.0
55.44  2.0047035478901845
57.12  5.318744729049853
58.8  5.6786325218959295
60.48  2.8844769529837038
62.16  0.0
63.839999999999996  0.0
65.52  0.0
67.2  0.0
68.88  1.007472805949758
70.56  4.779796090408228
72.24  5.897310480052512
73.92  3.739322730736921
75.6  0.0
77.28  0.0
78.96  0.0
80.64  0.0
82.32  0.0
84.0  4.097061716285917
85.67999999999999  5.93858565602059
87.36  4.481682272912523
89.03999999999999  0.5355492789984517
90.72  0.0
92.39999999999999  0.0
94.08  0.0
95.75999999999999  0.0
97.44  3.2910796091969545
99.11999999999999  5.801216410738278
100.8  5.089223933820266
102.47999999999999  1.5505592073642427
104.16  0.0
105.83999999999999  0.0
107.52  0.0
109.2  0.0
110.88  2.3860953076245166
112.56  5.489335083240947
114.24  5.5436716567212
115.92  2.5189252430157465
117.6  0.0
119.28  0.0
120.96  0.0
122.64  0.0
124.32  1.4093325321916064
126.0  5.012323681716484
127.67999999999999  5.831354753820504
129.35999999999999  3.411517017205705
131.04  0.0
132.72  0.0
134.4  0.0
136.07999999999998  0.0
137.76  0.39017424221270014
139.44  4.3845316541128
141.12  5.9436191476388744
142.79999999999998  4.201483601085082
144.48  0.1257472429903317
146.16  0.0
147.84  0.0
149.51999999999998  0.0
151.2  0.0
152.88  3.6248442283162987
154.56  5.877087702807325
156.23999999999998  4.865061234836569
157.92  1.1508676459758205
159.6  0.0
161.28  0.0
162.96  0.0
164.64  0.0
166.32  2.756114307084262
168.0  5.6337618169894
