0.0  20.75033799587507
1.68  24.189479059918416
3.36  57.46139028424126
5.04  12.013020551839375
6.72  36.124376066243926
8.4  51.12966603446784
10.08  8.072580193356632
11.76  47.43131376130083
13.44  7.460594935431493
15.12  0.0
16.8  22.233000339238885
18.48  0.0
20.16  0.0
21.84  25.365796738904084
23.52  0.0
25.2  0.0
26.88  22.79151883901878
28.56  0.0
30.24  6.293927949441795
31.919999999999998  15.089355828614211
33.6  0.0
35.28  16.91233790570003
36.96  3.992224557103043
38.64  0.0
40.32  23.725625160690882
42.0  0.0
43.68  0.0
45.36  25.20086185140851
47.04  0.0
48.72  0.0
50.4  21.006133096959857
52.08  0.0
53.76  9.672862907786271
55.44  12.08521483762081
57.12  0.0
58.8  19.3936301391537
60.48  0.44523280456019343
62.16  0.0
63.839999999999996  24.751006412160145
65.52  0.0
67.2  0.0
68.88  24.539630635435035
70.56  0.0
72.24  1.335939941151377
73.92  18.80706044240525
75.6  0.0
77.28  12.861304129237533
78.96  8.843072154933424
80.64  0.0
82.32  21.492991489025805
84.0  0.0
85.67999999999999  0.0
87.36  25.288950619574496
89.03999999999999  0.0
90.72  0.0
92.39999999999999  23.395125130733756
94.08  0.0
95.75999999999999  4.869781165296703
97.44  16.23760858804168
99.11999999999999  0.0
100.8  15.796459647349975
102.47999999999999  5.426777323449405
104.16  0.0
105.83999999999999  23.16907791969476
107.52  0.0
109.2  0.0
110.88  25.328863711324765
112.56  0.0
114.24  0.0
115.92  21.789884799774054
117.6  0.0
119.28  8.307718744278944
120.96  13.348379355704743
122.64  0.0
124.32  18.42052560939269
126.0  1.903609573213556
127.67999999999999  0.0
129.35999999999999  24.38888121316139
131.04  0.0
132.72  0.0
134.4  24.869959653940583
136.07999999999998  0.0
137.76  0.0
139.44  19.755522644019436
141.12  0.0
142.79999999999998  11.58204722389158
144.48  10.196272143065858
146.16  0.0
147.84  20.681824643761303
149.51999999999998  0.0
151.2  0.0
152.88  25.128379020524203
154.56  0.0
156.23999999999998  0.0
157.92  23.921275931939597
159.6  0.0
161.28  3.429511736510678
162.96  17.332102629323334
164.64  0.0
166.32  14.628283206217793
168.0  6.843363368218405
