0.0  48.05091588970919
1.68  52.75358048513744
3.36  54.894171083166206
5.04  54.19028388803442
6.72  50.734781316252686
8.4  44.98354084548156
10.08  37.695312019317115
11.76  29.831616151914133
13.44  0.0
15.12  0.0
16.8  0.0
18.48  0.0
20.16  0.0
21.84  0.0
23.52  0.0
25.2  0.0
26.88  6.565468799496448
28.56  13.502821595014439
30.24  18.658774399600972
31.919999999999998  21.35311276957821
33.6  21.23037808364467
35.28  18.306762481115122
36.96  12.967972665672605
38.64  5.9183443986905955
40.32  0.0
42.0  0.0
43.68  0.0
45.36  0.0
47.04  0.0
48.72  0.0
50.4  0.0
52.08  0.0
53.76  0.0
55.44  5.021737295912007
57.12  12.214138130532563
58.8  17.795152381848208
60.48  21.028488107710075
62.16  21.4875778538866
63.839999999999996  19.111854837063568
65.52  14.214743398282929
67.2  7.442309562430527
68.88  0.0
70.56  0.0
72.24  0.0
73.92  0.0
75.6  0.0
77.28  0.0
78.96  0.0
80.64  0.0
82.32  0.0
84.0  3.450513805685013
85.67999999999999  10.858587185227151
87.36  16.83410908083104
89.03999999999999  20.588740953344914
90.72  21.627141800402498
92.39999999999999  19.8123174947753
94.08  15.383694142987576
95.75999999999999  8.925531082482358
97.44  1.2898407268476486
99.11999999999999  0.0
100.8  0.0
102.47999999999999  0.0
104.16  0.0
105.83999999999999  0.0
107.52  0.0
109.2  0.0
110.88  0.0
112.56  1.8604001438169924
114.24  9.443589853887897
115.92  15.7809058210748
117.6  20.03627874482159
119.28  21.64830586686539
120.96  20.404315703666043
122.64  16.46842536584731
124.32  10.359888919143662
126.0  2.8845932438777773
127.67999999999999  0.0
129.35999999999999  0.0
131.04  0.0
132.72  0.0
134.4  0.0
136.07999999999998  0.0
137.76  0.0
139.44  0.0
141.12  0.26010154138163344
142.79999999999998  7.976892676295683
144.48  14.641308465714657
146.16  19.37412598994732
147.84  21.55095418854595
149.51999999999998  20.884608512269804
151.2  17.46299860084288
152.88  11.73753054167415
154.56  4.463553776131299
156.23999999999998  0.0
157.92  0.0
159.6  0.0
161.28  0.0
162.96  0.0
164.64  0.0
166.32  0.0
168.0  0.0
