0.0  26.948723192792684
1.68  43.58345261048791
3.36  58.86590448686455
5.04  70.77989580103163
6.72  77.75363773317306
8.4  78.86709859011577
10.08  73.97338172907266
11.76  63.7181053351424
13.44  16.120893984314204
15.12  0.0
16.8  0.0
18.48  0.0
20.16  0.0
21.84  0.0
23.52  0.0
25.2  0.0
26.88  0.0
28.56  0.0
30.24  6.918461607693268
31.919999999999998  22.6477026530502
33.6  35.38907801293747
35.28  43.4616437608695
36.96  45.80040259617327
38.64  42.09680678764428
40.32  32.839464252768664
42.0  19.249677501665257
43.68  3.1203196627263035
45.36  0.0
47.04  0.0
48.72  0.0
50.4  0.0
52.08  0.0
53.76  0.0
55.44  0.0
57.12  0.0
58.8  3.5489281508504593
60.48  19.63884711339659
62.16  33.13785262696208
63.839999999999996  42.2650481485364
65.52  45.81630120069969
67.2  43.32310213823419
68.88  35.11437367970021
70.56  22.273076797268878
72.24  6.493337862154298
73.92  0.0
75.6  0.0
77.28  0.0
78.96  0.0
80.64  0.0
82.32  0.0
84.0  0.0
85.67999999999999  0.0
87.36  0.15996574351307657
89.03999999999999  16.522476805306887
90.72  30.705210860937274
92.39999999999999  40.83706844128194
94.08  45.581374031913114
95.75999999999999  44.31222097497728
97.44  37.197046070865156
99.11999999999999  25.17453997918976
100.8  9.830807655273306
102.47999999999999  0.0
104.16  0.0
105.83999999999999  0.0
107.52  0.0
109.2  0.0
110.88  0.0
112.56  0.0
114.24  0.0
115.92  0.0
117.6  13.315652599518572
119.28  28.104470447551186
120.96  39.18552225216008
122.64  45.09690722132655
124.32  45.05874827111174
126.0  39.07607963477472
127.67999999999999  27.93818270654313
129.35999999999999  13.11445774082543
131.04  0.0
132.72  0.0
134.4  0.0
136.07999999999998  0.0
137.76  0.0
139.44  0.0
141.12  0.0
142.79999999999998  0.0
144.48  0.0
146.16  10.035930565382857
147.84  25.34986939179941
149.51999999999998  37.31945113055794
151.2  44.36555302936313
152.88  45.558597090733905
154.56  40.74118742040094
156.23999999999998  30.54887514985634
157.92  16.32631145874788
159.6  0.0
161.28  0.0
162.96  0.0
164.64  0.0
166.32  0.0
168.0  0.0
