0.0  28.513676307252034
1.68  49.34148732258606
3.36  62.18337636871684
5.04  60.63296305172653
6.72  45.46369568912947
8.4  24.243004327451402
10.08  7.5571680255194735
11.76  3.7301813418310275
13.44  0.0
15.12  1.5887831407612563
16.8  21.047112511017158
18.48  30.005755390071904
20.16  23.995550434892397
21.84  6.014783882805313
23.52  0.0
25.2  0.0
26.88  0.0
28.56  0.0
30.24  7.92494066169627
31.919999999999998  25.12851997248954
33.6  29.796337830925967
35.28  19.599779131918897
36.96  0.0
38.64  0.0
40.32  0.0
42.0  0.0
43.68  0.0
45.36  13.900548234063029
47.04  28.066690282992607
48.72  28.231317935930527
50.4  14.312304072459412
52.08  0.0
53.76  0.0
55.44  0.0
57.12  0.0
58.8  0.0
60.48  19.243741992268728
62.16  29.727949614600156
63.839999999999996  25.381897227814513
65.52  8.3736821189719
67.2  0.0
68.88  0.0
70.56  0.0
72.24  0.0
73.92  5.557318600223736
75.6  23.711430118096796
77.28  30.036717973449914
78.96  21.37771181788992
80.64  2.0540944540418913
82.32  0.0
84.0  0.0
85.67999999999999  0.0
87.36  0.0
89.03999999999999  11.702315728021594
90.72  27.10035244938944
92.39999999999999  28.9789477570859
94.08  16.40093453308824
95.75999999999999  0.0
97.44  0.0
99.11999999999999  0.0
100.8  0.0
102.47999999999999  0.0
104.16  17.3149089535089
105.83999999999999  29.25632792354821
107.52  26.602762858592932
109.2  10.677986853477385
110.88  0.0
112.56  0.0
114.24  0.0
115.92  0.0
117.6  3.153464749924656
119.28  22.139749967446352
120.96  30.0812691378398
122.64  23.01626924109593
124.32  4.469237730652907
126.0  0.0
127.67999999999999  0.0
129.35999999999999  0.0
131.04  0.0
132.72  9.427788184258555
134.4  25.957329721919756
136.07999999999998  29.537644894860712
137.76  18.38263659185582
139.44  0.0
141.12  0.0
142.79999999999998  0.0
144.48  0.0
146.16  0.0
147.84  15.273188716825478
149.51999999999998  28.59396512668408
151.2  27.65018770696817
152.88  12.912674819070448
154.56  0.0
156.23999999999998  0.0
157.92  0.0
159.6  0.0
161.28  0.729051403741483
162.96  20.42372632973115
164.64  29.929700865963532
166.32  24.504768575734545
168.0  6.85524312813173
