0.0  46.57197148292454
1.68  0.0
3.36  6.289237098472192
5.04  60.089687804669865
6.72  70.39327998453184
8.4  20.449828487064053
10.08  0.0
11.76  30.538661863484176
13.44  40.83655403924258
15.12  18.081238898678016
16.8  0.0
18.48  0.0
20.16  22.525797731688428
21.84  39.266340139061256
23.52  0.0
25.2  0.0
26.88  0.0
28.56  39.21336299474353
30.24  22.647489716701514
31.919999999999998  0.0
33.6  0.0
35.28  17.950961339236606
36.96  40.87259497208157
38.64  0.0
40.32  0.0
42.0  0.0
43.68  36.99084298716392
45.36  26.867600966687547
47.04  0.0
48.72  0.0
50.4  13.101766151106192
52.08  41.8541614822382
53.76  2.5657277579170543
55.44  0.0
57.12  0.0
58.8  34.202962554518095
60.48  30.6770733375248
62.16  0.0
63.839999999999996  0.0
65.52  8.052326267744428
67.2  42.19603760916697
68.88  7.7431439749716535
70.56  0.0
72.24  0.0
73.92  30.892331087108452
75.6  34.017683638148874
77.28  0.0
78.96  0.0
80.64  2.879816288276441
82.32  41.8929981885615
84.0  12.802215574398693
85.67999999999999  0.0
87.36  0.0
89.03999999999999  27.10954759437832
90.72  36.8383746688038
92.39999999999999  0.0
94.08  0.0
95.75999999999999  0.0
97.44  40.94967481250811
99.11999999999999  17.665620747909458
100.8  0.0
102.47999999999999  0.0
104.16  22.912427360076354
105.83999999999999  39.09603556876646
107.52  0.0
109.2  0.0
110.88  0.0
112.56  39.380485041186596
114.24  22.259028212566747
115.92  0.0
117.6  0.0
119.28  18.365118305366007
120.96  40.75616071386044
122.64  0.0
124.32  0.0
126.0  0.0
127.67999999999999  37.20941204784897
129.35999999999999  26.51223327480347
131.04  0.0
132.72  0.0
134.4  13.537120565212295
136.07999999999998  41.79337709331094
137.76  2.1076195958070265
139.44  0.0
141.12  0.0
142.79999999999998  34.46963806494125
144.48  30.36023082449642
146.16  0.0
147.84  0.0
149.51999999999998  8.50222426263341
151.2  42.191832105614
152.88  7.291671711264955
154.56  0.0
156.23999999999998  0.0
157.92  31.20303723369696
159.6  33.74420885968508
161.28  0.0
162.96  0.0
164.64  3.3373817156616656
166.32  41.94543584643297
168.0  12.364279418182292
