0.0  36.21364065745949
1.68  34.83931963887497
3.36  33.29065318772952
5.04  31.74692774329819
6.72  30.38685773304578
8.4  29.367896112140627
10.08  28.80800630688083
11.76  28.77200579264798
13.44  0.0
15.12  0.0
16.8  0.0
18.48  0.0
20.16  1.3044407398469346
21.84  2.7120528512867
23.52  3.805695289997197
25.2  4.45875896043596
26.88  4.5956398098347115
28.56  4.200491378760246
30.24  3.3190593183436157
31.919999999999998  2.0533854952876713
33.6  0.5499947812660373
35.28  0.0
36.96  0.0
38.64  0.0
40.32  0.0
42.0  0.0
43.68  0.0
45.36  0.0
47.04  0.0
48.72  0.0
50.4  0.7254784092455151
52.08  2.210494582762916
53.76  3.43960561770951
55.44  4.270519453218172
57.12  4.607042630198647
58.8  4.410216441894077
60.48  3.7028271160497006
62.16  2.566767892696642
63.839999999999996  1.1335583852480506
65.52  0.0
67.2  0.0
68.88  0.0
70.56  0.0
72.24  0.0
73.92  0.0
75.6  0.0
77.28  0.0
78.96  0.0
80.64  0.13449765908820943
82.32  1.672316821524968
84.0  3.0165347549500194
85.67999999999999  4.011533671740185
87.36  4.542124266450232
89.03999999999999  4.546880982680928
90.72  4.025253143612867
92.39999999999999  3.037628702910383
94.08  1.698343235663605
95.75999999999999  0.16244350640852945
97.44  0.0
99.11999999999999  0.0
100.8  0.0
102.47999999999999  0.0
104.16  0.0
105.83999999999999  0.0
107.52  0.0
109.2  0.0
110.88  0.0
112.56  1.1064351273576614
114.24  2.5434913777395516
115.92  3.6860920259455017
117.6  4.401960169109379
119.28  4.608220989168609
120.96  4.280996027360803
122.64  3.4581675521376534
124.32  2.234992994399007
126.0  0.7530771593026051
127.67999999999999  0.0
129.35999999999999  0.0
131.04  0.0
132.72  0.0
134.4  0.0
136.07999999999998  0.0
137.76  0.0
139.44  0.0
141.12  0.0
142.79999999999998  0.5222240089063126
144.48  2.028312016708084
146.16  3.299585846837576
147.84  4.188872324477889
149.51999999999998  4.593220290614979
151.2  4.465819079838504
152.88  3.8214177101971973
154.56  2.7346174148626745
156.23999999999998  1.3312351862605996
157.92  0.0
159.6  0.0
161.28  0.0
162.96  0.0
164.64  0.0
166.32  0.0
168.0  0.0
