0.0  10.34618574674109  100.0
0.12  10.395647788008631
0.24  10.435745262860836
0.36  10.466467224152476
0.48  10.487817337482776
0.6  10.499813800896634
0.72  10.502489239642555
0.84  10.495890576298644
0.96  10.480078876622425
1.08  10.455129171523811
1.2  10.421130255603185
1.3199999999999998  10.378184462738147
1.44  10.326407419243072
1.56  10.265927775164796
1.68  10.196886914316025
1.7999999999999998  10.119438643684681
1.92  10.033748862892889
2.04  9.939995214413166
2.16  9.838366715281891
2.28  9.729063371080926
2.4  9.61229577298753
2.52  9.48828467872032
2.6399999999999997  9.357260578234799
2.76  9.219463245046164
2.88  9.075141274079325
3.0  8.924551606966537
3.12  8.76795904573164
3.2399999999999998  8.60563575581657
3.36  8.437860759420508
3.48  8.264919420134982
3.5999999999999996  8.087102919868872
3.7199999999999998  7.90470772906631
3.84  7.7180350712272885
3.96  7.52739038274564
4.08  7.333082769082005
4.2  7.135424458290325
4.32  6.934730252915264
4.4399999999999995  6.731316981274997
4.56  6.525502949138784
4.68  6.317607392801797
4.8  6.107949934550873
4.92  5.896850041504093
5.04  5.684626488794564
5.16  5.471596828054289
5.279999999999999  5.2580768621379335
5.3999999999999995  5.044380127008217
5.52  4.830817381685205
5.64  4.617696107140318
5.76  4.405320014993083
5.88  4.193988566844198
6.0  3.9839965050525503
6.12  3.775633395736457
6.24  3.5691831847506723
6.359999999999999  3.3649237673606915
6.4799999999999995  3.1631265723045576
6.6  2.964056160899997
6.72  2.7679698418211136
6.84  2.5751173021343194
6.96  2.385740255147698
7.08  2.200072105591536
7.199999999999999  2.01833763261066
7.319999999999999  1.8407526910112213
7.4399999999999995  1.6675239311661285
7.56  1.4988485379441532
7.68  1.3349139889882498
7.8  1.175897832628583
7.92  1.021967485675637
8.04  0.8732800512981346
8.16  0.7299821571500364
8.28  0.5922098138701029
8.4  0.46008829403690044
8.52  0.33373203162163056
8.64  0.21324454194073733
8.76  0.09871836207026419
8.879999999999999  0.0
9.0  0.0
9.12  0.0
9.24  0.0
9.36  0.0
9.48  0.0
9.6  0.0
9.719999999999999  0.0
9.84  0.0
9.959999999999999  0.0
10.08  0.0
10.2  0.0
10.32  0.0
10.44  0.0
10.559999999999999  0.0
10.68  0.0
10.799999999999999  0.0
10.92  0.0
11.04  0.0
11.16  0.0
11.28  0.0
11.4  0.0
11.52  0.0
11.639999999999999  0.0
11.76  0.0
11.879999999999999  0.0
12.0  0.0
12.12  0.0
12.24  0.0
12.36  0.0
12.48  0.0
12.6  0.0
12.719999999999999  0.0
12.84  0.0
12.959999999999999  0.0
13.08  0.0
13.2  0.0
13.32  0.03120608287273874
13.44  0.11543461903715269
13.559999999999999  0.20183490879182941
13.68  0.2902035511923557
13.799999999999999  0.3803367914124331
13.92  0.4720308837737393
14.04  0.5650824492426554
14.16  0.659288826745029
14.28  0.7544484176704612
14.399999999999999  0.8503610229590419
14.52  0.9468281721860299
14.639999999999999  1.0436534440836478
14.76  1.1406427779637753
14.879999999999999  1.2376047755309527
15.0  1.334350992601605
15.12  1.43069622027257
15.24  1.5264587551102944
15.36  1.621460657960548
15.479999999999999  1.7155280010080256
15.6  1.8084911027450759
15.719999999999999  1.9001847505391036
15.84  1.990448410519126
15.959999999999999  2.0791264245329284
16.08  2.1660681939577717
16.2  2.251128350179165
16.32  2.334166911583875
16.439999999999998  2.4150494269452034
16.56  2.493647105110162
16.68  2.569836930929975
16.8  2.6435017674066574
16.919999999999998  2.7145304440598554
17.04  2.7828178315488645
17.16  2.8482649026155276
17.28  2.9107787794436866
17.4  2.9702727675606564
17.52  3.026666376435091
17.64  3.079885326954254
17.759999999999998  3.1298615459912664
17.88  3.176533148300111
18.0  3.2198444060021942
18.12  3.2597457059537702
18.24  3.2961934953078766
18.36  3.3291502156079686
18.48  3.3585842257728316
18.599999999999998  3.3844697143538416
18.72  3.406786601465971
18.84  3.425520430813007
18.96  3.4406622522456147
19.08  3.452208495307538
19.2  3.460160834240913
19.32  3.4645260449358553
19.439999999999998  3.4653158543226206
19.56  3.462546782716133
19.68  3.456239979633287
19.8  3.446421053612163
19.919999999999998  3.433119896570194
20.04  3.416370503244368
20.16  3.396210786261654
20.279999999999998  3.3726823873911624
20.4  3.3458304855318657
20.52  3.315703601990278
20.64  3.282353403602082
20.759999999999998  3.2458345042494874
20.88  3.2062042653230196
21.0  3.1635225956715756
21.119999999999997  3.117851751578753
21.24  3.069256137296128
21.36  3.017802106655663
21.48  2.9635577662736656
21.599999999999998  2.9065927808476726
21.72  2.8469781810356163
21.84  2.784786174393244
21.96  2.7200899598313626
22.08  2.6529635460391487
22.2  2.5834815743031476
22.32  2.511719146134311
22.439999999999998  2.4377516560969084
22.56  2.361654630214044
22.68  2.2835035703044277
22.8  2.2033738045841504
22.919999999999998  2.1213403448458212
23.04  2.0374777505050967
23.16  1.9518599997819743
23.279999999999998  1.864560368260766
23.4  1.775651315048949
23.52  1.6852043767308842
23.64  1.593290069287679
23.759999999999998  1.4999777981297915
23.88  1.405335776363656
24.0  1.3094309513885776
24.119999999999997  1.2123289398945194
24.24  1.114093971306167
24.36  1.0147888396932712
24.48  0.9144748641418061
24.599999999999998  0.8132118575555638
24.72  0.7110581038326554
24.84  0.6080703433369674
24.96  0.5043037665600413
25.08  0.3998120158451935
25.2  0.2946471950220257
25.32  0.18885988677671217
25.439999999999998  0.08249917756088221
25.56  0.0
25.68  0.0
25.8  0.0
25.919999999999998  0.0
26.04  0.0
26.16  0.0
26.279999999999998  0.0
26.4  0.0
26.52  0.0
26.64  0.0
26.759999999999998  0.0
26.88  0.0
27.0  0.0
27.119999999999997  0.0
27.24  0.0
27.36  0.0
27.48  0.0
27.599999999999998  0.0
27.72  0.0
27.84  0.0
27.959999999999997  0.0
28.08  0.0
28.2  0.0
28.32  0.0
28.439999999999998  0.0
28.56  0.0
28.68  0.0
28.799999999999997  0.0
28.919999999999998  0.0
29.04  0.0
29.16  0.0
29.279999999999998  0.0
29.4  0.0
29.52  0.0
29.64  0.0
29.759999999999998  0.0
29.88  0.0
30.0  0.0
30.119999999999997  0.0
30.24  0.0
30.36  0.0
30.48  0.0
30.599999999999998  0.0
30.72  0.0
30.84  0.0
30.959999999999997  0.0
31.08  0.0
31.2  0.0
31.32  0.0
31.439999999999998  0.0
31.56  0.0
31.68  0.0
31.799999999999997  0.0
31.919999999999998  0.0
32.04  0.0
32.16  0.0
32.28  0.0
32.4  0.0
32.519999999999996  0.0
32.64  0.0
32.76  0.0
32.879999999999995  0.0
33.0  0.0
33.12  0.0
33.24  0.0
33.36  0.0
33.48  0.0
33.6  0.0
33.72  0.0
33.839999999999996  0.0
33.96  0.0
34.08  0.0
34.199999999999996  0.0
34.32  0.0
34.44  0.0
34.56  0.0
34.68  0.0
34.8  0.0
34.92  0.0
35.04  0.0
35.16  0.0
35.28  0.0
35.4  0.0
35.519999999999996  0.0
35.64  0.0
35.76  0.0
35.879999999999995  0.0
36.0  0.0
36.12  0.0
36.24  0.0
36.36  0.0
36.48  0.0
36.6  0.0
36.72  0.0
36.839999999999996  0.0
36.96  0.0
37.08  0.0
37.199999999999996  0.0
37.32  0.0
37.44  0.0
37.559999999999995  0.0
37.68  0.0
37.8  0.0
37.92  0.0
38.04  0.0
38.16  0.0
38.28  0.0
38.4  0.0
38.519999999999996  0.0
38.64  0.0
38.76  0.0
38.879999999999995  0.0
39.0  0.0
39.12  0.0
39.24  0.0
39.36  0.0
39.48  0.0
39.6  0.0
39.72  0.0
39.839999999999996  0.0
39.96  0.0
40.08  0.0
40.199999999999996  0.0
40.32  0.0
40.44  0.0
40.559999999999995  0.0
40.68  0.0
40.8  0.0
40.92  0.0
41.04  0.0
41.16  0.0
41.28  0.0
41.4  0.0
41.519999999999996  0.0
41.64  0.0
41.76  0.0
41.879999999999995  0.0
42.0  0.0
42.12  0.0
42.239999999999995  0.0
42.36  0.0
42.48  0.0
42.6  0.0
42.72  0.0
42.839999999999996  0.00597887772099015
42.96  0.10850916780688291
43.08  0.2069294768013077
43.199999999999996  0.3010537908936219
43.32  0.390701095593595
43.44  0.4756957535286237
43.559999999999995  0.5558678770531138
43.68  0.6310536948756794
43.8  0.7010959119143936
43.92  0.7658440615966321
44.04  0.8251548498272194
44.16  0.8788924898588084
44.28  0.9269290273089097
44.4  0.9691446545810605
44.519999999999996  1.0054280139621667
44.64  1.0356764886838372
44.76  1.0597964812533127
44.879999999999995  1.077703678378983
45.0  1.0893233018360007
45.12  1.0945903446398408
45.239999999999995  1.0934497919196962
45.36  1.0858568259083823
45.48  1.0717770144922527
45.6  1.0511864827925246
45.72  1.0240720672785608
45.839999999999996  0.9904314519441342
45.96  0.9502732861093734
46.08  0.9036172834437485
46.199999999999996  0.8504943018393667
46.32  0.7909464037986734
46.44  0.725026897036328
46.559999999999995  0.6528003550315813
46.68  0.5743426173052182
46.8  0.4897407692328167
46.92  0.39909310124515585
47.04  0.3025090473058634
47.16  0.2001091025962063
47.28  0.09202472037723086
47.4  0.0
47.519999999999996  0.0
47.64  0.0
47.76  0.0
47.879999999999995  0.0
48.0  0.0
48.12  0.0
48.239999999999995  0.0
48.36  0.0
48.48  0.0
48.6  0.0
48.72  0.0
48.839999999999996  0.0
48.96  0.0
49.08  0.0
49.199999999999996  0.0
49.32  0.0
49.44  0.0
49.559999999999995  0.0
49.68  0.0
49.8  0.0
49.92  0.0
50.04  0.0
50.16  0.0
50.28  0.0
50.4  0.0
50.519999999999996  0.0
50.64  0.0
50.76  0.0
50.879999999999995  0.0
51.0  0.0
51.12  0.0
51.239999999999995  0.0
51.36  0.0
51.48  0.0
51.6  0.0
51.72  0.0
51.839999999999996  0.0
51.96  0.0
52.08  0.0
52.199999999999996  0.0
52.32  0.0
52.44  0.0
52.559999999999995  0.0
52.68  0.0
52.8  0.0
52.919999999999995  0.0
53.04  0.0
53.16  0.0
53.28  0.0
53.4  0.0
53.519999999999996  0.0
53.64  0.0
53.76  0.0
53.879999999999995  0.0
54.0  0.0
54.12  0.0
54.239999999999995  0.0
54.36  0.0
54.48  0.0
54.6  0.0
54.72  0.0
54.839999999999996  0.0
54.96  0.0
55.08  0.0
55.199999999999996  0.0
55.32  0.0
55.44  0.0
55.559999999999995  0.0
55.68  0.0
55.8  0.0
55.919999999999995  0.0
56.04  0.0
56.16  0.0
56.28  0.0
56.4  0.0
56.519999999999996  0.0
56.64  0.0
56.76  0.0
56.879999999999995  0.0
57.0  0.0
57.12  0.0
57.239999999999995  0.0
57.36  0.0
57.48  0.0
57.599999999999994  0.0
57.72  0.0
57.839999999999996  0.0
57.96  0.0
58.08  0.0
58.199999999999996  0.0
58.32  0.0
58.44  0.0
58.559999999999995  0.0
58.68  0.0
58.8  0.0
58.919999999999995  0.0
59.04  0.0
59.16  0.0
59.28  0.0
59.4  0.0
59.519999999999996  0.0
59.64  0.11130220293090531
59.76  0.3787189748474814
59.879999999999995  0.645097488506409
60.0  0.9100478778409986
60.12  1.1731814897648554
60.239999999999995  1.4341115416146832
60.36  1.6924537770651236
60.48  1.947827119337096
60.599999999999994  2.1998543205230963
60.72  2.448162605856832
60.839999999999996  2.69238431176213
60.96  2.932157516524663
61.08  3.167126662440597
61.199999999999996  3.3969431683105347
61.32  3.6212660311617277
61.44  3.83976241609944
61.559999999999995  4.052108233208095
61.68  4.2579887004441845
61.8  4.457098891487011
61.919999999999995  4.649144267539025
62.04  4.833841192094782
62.16  5.01091742772752
62.28  5.180112613973773
62.4  5.341178725428817
62.519999999999996  5.493880509201785
62.64  5.637995900914701
62.76  5.773316418468264
62.879999999999995  5.899647532837025
63.0  6.016809015196945
63.12  6.1246352597313285
63.239999999999995  6.2229755815044925
63.36  6.311694488837434
63.48  6.390671929665674
63.599999999999994  6.459803511406612
63.72  6.519000693911432
63.839999999999996  6.568190955125516
63.96  6.607317929130888
64.08  6.63634151629419
64.2  6.655237965294711
64.32  6.663999926857989
64.44  6.662636479072202
64.56  6.651173124216459
64.67999999999999  6.629651757082003
64.8  6.598130604819566
64.92  6.556684138398235
65.03999999999999  6.505402955812911
65.16  6.444393637229529
65.28  6.3737785723083435
65.39999999999999  6.293695759996631
65.52  6.204298581132802
65.64  6.105755544253549
65.75999999999999  5.998250005044953
65.88  5.8819798599267195
66.0  5.75715721430632
66.12  5.624008026086084
66.24  5.482771725051823
66.36  5.33370080881556
66.48  5.177060416028481
66.6  5.0131278776210575
66.72  4.842192246867981
66.84  4.664553809114736
66.96  4.480523572038665
67.08  4.290422737354099
67.2  4.0945821549044545
67.32  3.893341760116116
67.44  3.687049995819694
67.56  3.476063219472262
67.67999999999999  3.26074509684083
67.8  3.041465983231428
67.92  2.8186022933712778
68.03999999999999  2.5925358610713007
68.16  2.363653289814326
68.28  2.132345295431576
68.39999999999999  1.8990060420423294
68.52  1.6640324724444704
68.64  1.4278236341533008
68.75999999999999  1.1907800022921053
68.88  0.9533028005439033
69.0  0.7157933213767915
69.12  0.4786522467545451
69.24  0.24227897054347639
69.36  0.0070709238221725035
69.48  0.0
69.6  0.0
69.72  0.0
69.84  0.0
69.96  0.0
70.08  0.0
70.2  0.0
70.32  0.0
70.44  0.0
70.56  0.0
70.67999999999999  0.0
70.8  0.0
70.92  0.0
71.03999999999999  0.0
71.16  0.0
71.28  0.0
71.39999999999999  0.0
71.52  0.0
71.64  0.0
71.75999999999999  0.0
71.88  0.0
72.0  0.0
72.11999999999999  0.0
72.24  0.0
72.36  0.0
72.48  0.0
72.6  0.0
72.72  0.0
72.84  0.0
72.96  0.0
73.08  0.0
73.2  0.0
73.32  0.0
73.44  0.0
73.56  0.0
73.67999999999999  0.0
73.8  0.0
73.92  0.0
74.03999999999999  0.0
74.16  0.0
74.28  0.0
74.39999999999999  0.0
74.52  0.0
74.64  0.0
74.75999999999999  0.0
74.88  0.0
75.0  0.0
75.11999999999999  0.0
75.24  0.0
75.36  0.0
75.48  0.0
75.6  0.0
75.72  0.0
75.84  0.0
75.96  0.0
76.08  0.0
76.2  0.0
76.32  0.0
76.44  0.0
76.56  0.0
76.67999999999999  0.0
76.8  0.0
76.92  0.0
77.03999999999999  0.0
77.16  0.0
77.28  0.0
77.39999999999999  0.0
77.52  0.0
77.64  0.0
77.75999999999999  0.0
77.88  0.13341399513998847
78.0  0.35780106896666736
78.11999999999999  0.5826233975990289
78.24  0.8075202212276057
78.36  1.0321320804512468
78.48  1.2561014200120673
78.6  1.4790731863533857
78.72  1.7006954179504903
78.84  1.9206198273811248
78.96  2.1385023741236955
79.08  2.3540038270914367
79.2  2.5667903159350125
79.32  2.776533870171357
79.44  2.9829129452228416
79.56  3.185612934479988
79.67999999999999  3.3843266665306517
79.8  3.5787548867307306
79.92  3.7686067223238413
80.03999999999999  3.9536001303524064
80.16  4.133462327638443
80.28  4.307930202148424
80.39999999999999  4.476750705096057
80.52  4.639681223175064
80.64  4.796489930354173
80.75999999999999  4.94695611870862
80.88  5.0908705078034195
81.0  5.228035532186414
81.11999999999999  5.358265606593246
81.24  5.481387368509403
81.36  5.597239897778938
81.48  5.705674912995074
81.6  5.806556944451625
81.72  5.899763483480648
81.84  5.98518510804624
81.96  6.062725584510193
82.08  6.1323019455306955
82.2  6.193844544099816
82.32  6.247297083771277
82.44  6.292616625174049
82.56  6.329773568951564
82.67999999999999  6.358751615310383
82.8  6.379547700404942
82.92  6.392171909827418
83.03999999999999  6.396647369513822
83.16  6.39301011441782
83.28  6.3813089353441805
83.39999999999999  6.36160520437237
83.52  6.33397267933899
83.64  6.298497287884513
83.75999999999999  6.255276891605263
83.88  6.204421030886055
84.0  6.14605065102209
84.11999999999999  6.080297810269901
84.24  6.007305370497918
84.36  5.927226671135624
84.47999999999999  5.840225187147603
84.6  5.746474171784148
84.72  5.64615628488461
84.84  5.539463207531351
84.96  5.426595243873175
85.08  5.307760910955926
85.2  5.183176517414998
85.32  5.053065731899663
85.44  4.917659142112879
85.56  4.777193805361941
85.67999999999999  4.631912791524667
85.8  4.482064719344469
85.92  4.327903286973268
86.03999999999999  4.16968679768564
86.16  4.007677681689796
86.28  3.8421420149620813
86.39999999999999  3.673349036029379
86.52  3.5015706616215603
86.64  3.327081002110864
86.75999999999999  3.150155877647898
86.88  2.971072335895929
87.0  2.790108172254974
87.11999999999999  2.6075414534542127
87.24  2.423650045378862
87.36  2.2387111459814104
87.47999999999999  2.0530008241103173
87.6  1.8667935650711975
87.72  1.680361823715142
87.84  1.4939755858272692
87.96  1.3079019385662463
88.08  1.1224046506804848
88.2  0.9377437632023236
88.32  0.7541751912933877
88.44  0.5719503378874342
88.56  0.3913157197478878
88.67999999999999  0.21251260652627682
88.8  0.035776673377767465
88.92  0.0
89.03999999999999  0.0
89.16  0.0
89.28  0.0
89.39999999999999  0.0
89.52  0.0
89.64  0.0
89.75999999999999  0.0
89.88  0.0
90.0  0.0
90.11999999999999  0.0
90.24  0.0
90.36  0.0
90.47999999999999  0.0
90.6  0.0
90.72  0.0
90.84  0.0
90.96  0.0
91.08  0.0
91.2  0.0
91.32  0.0
91.44  0.0
91.56  0.0
91.67999999999999  0.0
91.8  0.0
91.92  0.0
92.03999999999999  0.0
92.16  0.0
92.28  0.0
92.39999999999999  0.0
92.52  0.0
92.64  0.0
92.75999999999999  0.0
92.88  0.0
93.0  0.0
93.11999999999999  0.0
93.24  0.0
93.36  0.0
93.47999999999999  0.0
93.6  0.0
93.72  0.0
93.84  0.0
93.96  0.0
94.08  0.0
94.2  0.0
94.32  0.0
94.44  0.0
94.56  0.0
94.67999999999999  0.0
94.8  0.0
94.92  0.0
95.03999999999999  0.0
95.16  0.0
95.28  0.0
95.39999999999999  0.0
95.52  0.0
95.64  0.0
95.75999999999999  0.0
95.88  0.0
96.0  0.0
96.11999999999999  0.0
96.24  0.0
96.36  0.0
96.47999999999999  0.0
96.6  0.0
96.72  0.0
96.84  0.0
96.96  0.0
97.08  0.0
97.2  0.0
97.32  0.0
97.44  0.0
97.56  0.0
97.67999999999999  0.0
97.8  0.0
97.92  0.0
98.03999999999999  0.0
98.16  0.0
98.28  0.0
98.39999999999999  0.0
98.52  0.0
98.64  0.0
98.75999999999999  0.0
98.88  0.0
99.0  0.0
99.11999999999999  0.0
99.24  0.051714534226311226
99.36  0.14315203200082746
99.47999999999999  0.23332416511730186
99.6  0.32215830741608
99.72  0.4095858431026233
99.84  0.4955421441813852
99.96  0.57996653839788
100.08  0.6628022679822496
100.2  0.7439964395070762
100.32  0.8234999651929893
100.44  0.9012674960130671
100.56  0.9772573469649901
100.67999999999999  1.0514314148965385
100.8  1.1237550892849326
100.92  1.194197156384553
101.03999999999999  1.2627296971714177
101.16  1.3293279795231805
101.28  1.3939703450852898
101.39999999999999  1.4566380912824568
101.52  1.5173153489426652
101.64  1.575988956008158
101.75999999999999  1.6326483278127706
101.88  1.6872853244094632
102.0  1.73989411543474
102.11999999999999  1.7904710429979394
102.24  1.8390144830842274
102.36  1.8855247059582443
102.47999999999999  1.930003736054007
102.6  1.9724552118322283
102.72  2.0128842460817413
102.83999999999999  2.051297287135713
102.96  2.087701981465764
103.08  2.122107038108463
103.2  2.1545220953694986
103.32  2.1849575902392573
103.44  2.2134246309419225
103.56  2.2399348730273014
103.67999999999999  2.264500399399865
103.8  2.2871336046650894
103.92  2.307847084156445
104.03999999999999  2.3266535279896483
104.16  2.3435656204729414
104.28  2.358595945183119
104.39999999999999  2.371756895997791
104.52  2.38306059435397
104.64  2.392518812981984
104.75999999999999  2.4001429063424586
104.88  2.4059437479716874
105.0  2.4099316749181634
105.11999999999999  2.4121164394299797
105.24  2.4125071680292187
105.36  2.411112328085663
105.47999999999999  2.4079397019780395
105.6  2.4029963689067326
105.72  2.3962886943973727
105.83999999999999  2.3878223275101917
105.96  2.3776022057454975
106.08  2.365632567611061
106.2  2.351916972792758
106.32  2.3364583298455934
106.44  2.319258931298282
106.56  2.3003204960405297
106.67999999999999  2.2796442188392785
106.8  2.25723082680666
106.92  2.233080642620151
107.03999999999999  2.20719365427379
107.16  2.179569591116989
107.28  2.1502080059179103
107.39999999999999  2.1191083626673373
107.52  2.086270129820158
107.64  2.051692878653057
107.75999999999999  2.0153763863991623
107.88  1.9773207438035652
108.0  1.937526466728281
108.11999999999999  1.895994611419685
108.24  1.8527268930380172
108.36  1.8077258070358253
108.47999999999999  1.7609947529602425
108.6  1.7125381602434055
108.72  1.6623616155364886
108.83999999999999  1.610471991133658
108.96  1.5568775740259053
109.08  1.5015881951188004
109.2  1.4446153581432768
109.32  1.3859723677855764
109.44  1.3256744565603953
109.56  1.2637389099504557
109.67999999999999  1.2001851893361017
109.8  1.1350350522405288
109.92  1.0683126694195098
110.03999999999999  1.0000447383279645
110.16  0.9302605925031313
110.28  0.858992306408725
110.39999999999999  0.7862747952946649
110.52  0.7121459096356029
110.64  0.6366465237213746
110.75999999999999  0.5598206179860739
110.88  0.48171535467378424
111.0  0.4023811464539819
111.11999999999999  0.321871717615407
111.24  0.2402441574821227
111.36  0.15755896571470293
111.47999999999999  0.07388008917634739
111.6  0.0
111.72  0.0
111.83999999999999  0.0
111.96  0.0
112.08  0.0
112.2  0.0
112.32  0.0
112.44  0.0
112.56  0.0
112.67999999999999  0.0
112.8  0.0
112.92  0.0
113.03999999999999  0.0
113.16  0.0
113.28  0.0
113.39999999999999  0.0
113.52  0.0
113.64  0.0
113.75999999999999  0.0
113.88  0.0
114.0  0.0
114.11999999999999  0.0
114.24  0.0
114.36  0.0
114.47999999999999  0.0
114.6  0.0
114.72  0.0
114.83999999999999  0.0
114.96  0.0
115.08  0.0
115.19999999999999  0.0
115.32  0.0
115.44  0.0
115.56  0.0
115.67999999999999  0.0
115.8  0.0
115.92  0.0
116.03999999999999  0.0
116.16  0.0
116.28  0.0
116.39999999999999  0.0
116.52  0.0
116.64  0.0
116.75999999999999  0.0
116.88  0.0
117.0  0.0
117.11999999999999  0.0
117.24  0.0
117.36  0.0
117.47999999999999  0.0
117.6  0.0
117.72  0.0
117.83999999999999  0.0
117.96  0.0
118.08  0.0
118.19999999999999  0.0
118.32  0.0
118.44  0.0
118.56  0.0
118.67999999999999  0.0
118.8  0.0
118.92  0.0
119.03999999999999  0.0
119.16  0.0
119.28  0.0
119.39999999999999  0.0
119.52  0.0
119.64  0.0
119.75999999999999  0.0
119.88  0.0
120.0  0.0
