0.0  56.77426940838369
1.68  7.9509592311624395
3.36  36.96851373122576
5.04  54.83795480853165
6.72  6.758547939262996
8.4  40.176808126709304
10.08  52.60798518436965
11.76  5.929026980491614
13.44  9.958318543418871
15.12  16.78147841440966
16.8  0.0
18.48  12.937177092451583
20.16  14.059146540494304
21.84  0.0
23.52  15.739372822379599
25.2  11.144830863288774
26.88  0.0
28.56  18.326640523274037
30.24  8.07832763970556
31.919999999999998  0.0
33.6  20.663649921571107
35.28  4.901511314254565
36.96  0.0
38.64  22.71848813043107
40.32  1.6577627051638437
42.0  0.0
43.68  24.46309543418426
45.36  0.0
47.04  0.0
48.72  25.87364845603786
50.4  0.0
52.08  0.0
53.76  26.93088547671897
55.44  0.0
57.12  0.0
58.8  27.62036946168747
60.48  0.0
62.16  0.0
63.839999999999996  27.93268520516535
65.52  0.0
67.2  0.0
68.88  27.863567898895077
70.56  0.0
72.24  0.0
73.92  27.41396136996397
75.6  0.0
77.28  0.0
78.96  26.59000519243243
80.64  0.0
82.32  0.0
84.0  25.402950848760348
85.67999999999999  0.0
87.36  0.0
89.03999999999999  23.869008085888062
90.72  0.0
92.39999999999999  2.8368749775737943
94.08  22.009123564040674
95.75999999999999  0.0
97.44  6.0614755380096295
99.11999999999999  19.848694820911035
100.8  0.0
102.47999999999999  9.203303995317334
104.16  17.417223457157263
105.83999999999999  0.0
107.52  12.219457305932606
109.2  14.747912279128055
110.88  0.0
112.56  15.068748575457427
114.24  11.877211899999498
115.92  0.0
117.6  17.712269483743185
119.28  8.844322990686075
120.96  0.0
122.64  20.11392159504357
124.32  5.690660977516149
126.0  0.0
127.67999999999999  22.24090929796265
129.35999999999999  2.459290496442277
131.04  0.0
132.72  24.06418764389018
134.4  0.0
136.07999999999998  0.0
137.76  25.558858968498384
139.44  0.0
141.12  0.0
142.79999999999998  26.704512880250547
144.48  0.0
146.16  0.0
147.84  27.485504973235894
149.51999999999998  0.0
151.2  0.0
152.88  27.891170458384927
154.56  0.0
156.23999999999998  0.0
157.92  27.91596979583476
159.6  0.0
161.28  0.0
162.96  27.559564339771374
164.64  0.0
166.32  0.0
168.0  26.826820962786975
