0.0  36.008337727613224
1.68  29.373224350657242
3.36  32.41381993937134
5.04  37.70105672632832
6.72  32.316662864219104
8.4  29.41629346107645
10.08  36.08640254140009
11.76  36.02995522235898
13.44  0.0
15.12  0.0
16.8  4.367950020105483
18.48  0.0
20.16  0.0
21.84  2.731733358591411
23.52  2.7181331817464454
25.2  0.0
26.88  0.0
28.56  4.368004622677104
30.24  0.0
31.919999999999998  0.0
33.6  2.710289924283564
35.28  2.739537425255363
36.96  0.0
38.64  0.0
40.32  4.3678871985594085
42.0  0.0
43.68  0.0
45.36  2.6887397496576337
47.04  2.7608337765814106
48.72  0.0
50.4  0.0
52.08  4.367597752376952
53.76  0.0
55.44  0.0
57.12  2.6670836834318723
58.8  2.7820213970027634
60.48  0.0
62.16  0.0
63.839999999999996  4.367136295529099
65.52  0.0
67.2  0.0
68.88  2.645322578494861
70.56  2.803099452079783
72.24  0.0
73.92  0.0
75.6  4.36650284618957
77.28  0.0
78.96  0.0
80.64  2.623457291872084
82.32  2.8240671116878833
84.0  0.0
85.67999999999999  0.0
87.36  4.365697429305724
89.03999999999999  0.0
90.72  0.0
92.39999999999999  2.601488684691774
94.08  2.8449235500502206
95.75999999999999  0.0
97.44  0.0
99.11999999999999  4.364720076597585
100.8  0.0
102.47999999999999  0.0
104.16  2.5794176221516016
105.83999999999999  2.8656679457702188
107.52  0.0
109.2  0.0
110.88  4.363570826556584
112.56  0.0
114.24  0.0
115.92  2.55724497348412
117.6  2.8862994818639183
119.28  0.0
120.96  0.0
122.64  4.36224972444405
124.32  0.0
126.0  0.0
127.67999999999999  2.534971611922537
129.35999999999999  2.906817345792148
131.04  0.0
132.72  0.0
134.4  4.360756822289413
136.07999999999998  0.0
137.76  0.0
139.44  2.5125984146667735
141.12  2.927220729492531
142.79999999999998  0.0
144.48  0.0
146.16  4.359092178888178
147.84  0.0
149.51999999999998  0.0
151.2  2.490126262848414
152.88  2.9475088294113037
154.56  0.0
156.23999999999998  0.0
157.92  4.35725585979958
159.6  0.0
161.28  0.0
162.96  2.467556041496358
164.64  2.9676808465349667
166.32  0.0
168.0  0.0
