0.0  26.40474490916511
1.68  41.446411737893854
3.36  28.017185310848088
5.04  33.24369907669808
6.72  38.78476266266179
8.4  25.195348914711897
10.08  40.16423007606382
11.76  31.16172549385193
13.44  0.0
15.12  7.534575661576396
16.8  0.0
18.48  4.265185165993242
20.16  1.3809788607513496
21.84  0.0
23.52  8.201970355057892
25.2  0.0
26.88  0.8980425386407713
28.56  4.674078740089712
30.24  0.0
31.919999999999998  7.328209515321538
33.6  0.0
35.28  0.0
36.96  7.088916201844129
38.64  0.0
40.32  5.0774733691390965
42.0  0.3979452978708822
43.68  0.0
45.36  8.17174172548508
47.04  0.0
48.72  1.8726766937340589
50.4  3.8288445879129496
52.08  0.0
53.76  7.719091694951162
55.44  0.0
57.12  0.0
58.8  6.5403015041046935
60.48  0.0
62.16  5.816019343669165
63.839999999999996  0.0
65.52  0.0
67.2  8.022831538629735
68.88  0.0
70.56  2.8201131969967212
72.24  2.9280025551213678
73.92  0.0
75.6  7.997866339377293
77.28  0.0
78.96  0.0
80.64  5.896699324665557
82.32  0.0
84.0  6.470096883429729
85.67999999999999  0.0
87.36  0.0
89.03999999999999  7.757402478221375
90.72  0.0
92.39999999999999  3.7265920394354204
94.08  1.9846359400995088
95.75999999999999  0.0
97.44  8.160484690080324
99.11999999999999  0.0
100.8  0.28285814156781397
102.47999999999999  5.167456961996587
104.16  0.0
105.83999999999999  7.030206551995833
107.52  0.0
109.2  0.0
110.88  7.379309479388179
112.56  0.0
114.24  4.578948056967029
115.92  1.012445643184424
117.6  0.0
119.28  8.20458497404383
120.96  0.0
122.64  1.2673022612256402
124.32  4.363165502079491
126.0  0.0
127.67999999999999  7.488213646883516
129.35999999999999  0.0
131.04  0.0
132.72  6.894043741853316
134.4  0.0
136.07999999999998  5.364802133495655
137.76  0.02555118286898228
139.44  0.0
141.12  8.129526704753061
142.79999999999998  0.0
144.48  2.233340830272284
146.16  3.495505999722703
147.84  0.0
149.51999999999998  7.837466343170178
151.2  0.0
152.88  0.0
154.56  6.30865297898813
156.23999999999998  0.0
157.92  6.072740987896374
159.6  0.0
161.28  0.0
162.96  7.936399984243195
164.64  0.0
166.32  3.1669436742821526
168.0  2.5770798298091413
