0.0  3.550999514930158
1.68  27.54439133875762
3.36  55.270170759073146
5.04  68.85229837034902
6.72  59.53377424449053
8.4  33.32266408633947
10.08  7.118432864819873
11.76  0.0
13.44  0.0
15.12  5.809996035293979
16.8  29.794046881949882
18.48  34.56855457968987
20.16  17.055182305122173
21.84  0.0
23.52  0.0
25.2  0.0
26.88  0.0
28.56  16.793461623385667
30.24  34.495072637949434
31.919999999999998  29.95618074637321
33.6  6.103210814166561
35.28  0.0
36.96  0.0
38.64  0.0
40.32  0.0
42.0  25.997939279564317
43.68  35.541919207454136
45.36  22.17044782669681
47.04  0.0
48.72  0.0
50.4  0.0
52.08  0.0
53.76  11.152143306646177
55.44  32.44836769502243
57.12  32.82369060871355
58.8  12.036124722738359
60.48  0.0
62.16  0.0
63.839999999999996  0.0
65.52  0.0
67.2  21.430967423934213
68.88  35.4614312696704
70.56  26.628337949235284
72.24  0.6267744022985582
73.92  0.0
75.6  0.0
77.28  0.0
78.96  5.1801530651164995
80.64  29.439537005771832
82.32  34.717946034318494
84.0  17.612155795459877
85.67999999999999  0.0
87.36  0.0
89.03999999999999  0.0
90.72  0.0
92.39999999999999  16.22854648436267
94.08  34.32947731218704
95.75999999999999  30.296671883198798
97.44  6.730258679650612
99.11999999999999  0.0
100.8  0.0
102.47999999999999  0.0
104.16  0.0
105.83999999999999  25.55779533439363
107.52  35.58278050251063
109.2  22.665969273190633
110.88  0.0
112.56  0.0
114.24  0.0
115.92  0.0
117.6  10.54493331519261
119.28  32.17962087374302
120.96  33.066679950027115
122.64  12.634184223695316
124.32  0.0
126.0  0.0
127.67999999999999  0.0
129.35999999999999  0.0
131.04  20.91824010698084
132.72  35.392550827907755
134.4  27.047714657756202
136.07999999999998  1.264017501167416
137.76  0.0
139.44  0.0
141.12  0.0
142.79999999999998  4.548652589639051
144.48  29.075607294312512
146.16  34.85622870918309
147.84  18.163493884449302
149.51999999999998  0.0
151.2  0.0
152.88  0.0
154.56  0.0
156.23999999999998  15.658438660593966
157.92  34.15289750587678
159.6  30.6274689253563
161.28  7.355153049033577
162.96  0.0
164.64  0.0
166.32  0.0
168.0  0.0
