0.0  34.86209800695867
1.68  35.12263552107302
3.36  34.229530573724425
5.04  32.75860752642306
6.72  31.658235691260888
8.4  31.63787358292546
10.08  32.710649555554845
11.76  34.184897370688866
13.44  1.7767707576540435
15.12  1.5564145851330222
16.8  0.33256891522425347
18.48  0.0
20.16  0.0
21.84  0.0
23.52  0.0
25.2  1.3303542429693984
26.88  1.8365575330894068
28.56  1.1586507452085346
30.24  0.0
31.919999999999998  0.0
33.6  0.0
35.28  0.0
36.96  0.5590669700449277
38.64  1.6682155444366589
40.32  1.7017915855126011
42.0  0.6381471307662236
43.68  0.0
45.36  0.0
47.04  0.0
48.72  0.0
50.4  1.0924975116267248
52.08  1.8293571565428013
53.76  1.3867491254958466
55.44  0.05004244217509046
57.12  0.0
58.8  0.0
60.48  0.0
62.16  0.24999302186145989
63.839999999999996  1.5101961134562967
65.52  1.7967088057674068
67.2  0.924803661549709
68.88  0.0
70.56  0.0
72.24  0.0
73.92  0.0
75.6  0.8222471636433043
77.28  1.7679145562863987
78.96  1.5737290418323187
80.64  0.36489063200085403
82.32  0.0
84.0  0.0
85.67999999999999  0.0
87.36  0.0
89.03999999999999  1.3073978949445917
90.72  1.838351857752101
92.39999999999999  1.184038861884961
94.08  0.0
95.75999999999999  0.0
97.44  0.0
99.11999999999999  0.0
100.8  0.5276163853892993
102.47999999999999  1.6540515653376053
104.16  1.7140463573527778
105.83999999999999  0.6689194587406229
107.52  0.0
109.2  0.0
110.88  0.0
112.56  0.0
114.24  1.0658340538524949
115.92  1.8254859843643656
117.6  1.4081661552717035
119.28  0.0829391651373298
120.96  0.0
122.64  0.0
124.32  0.0
126.0  0.21734126676857957
127.67999999999999  1.4911443324190599
129.35999999999999  1.8035405268123554
131.04  0.9531141711877862
132.72  0.0
134.4  0.0
136.07999999999998  0.0
137.76  0.0
139.44  0.792667193645278
141.12  1.7584926712971523
142.79999999999998  1.5905399488885485
144.48  0.39709559389612714
146.16  0.0
147.84  0.0
149.51999999999998  0.0
151.2  0.0
152.88  1.2840232158565308
154.56  1.8395579608104329
156.23999999999998  1.2090481189670979
157.92  0.0
159.6  0.0
161.28  0.0
162.96  0.0
164.64  0.4959969781247646
166.32  1.6393583356158463
168.0  1.7257526819008673
