0.0  34.5720268367607
1.68  29.908032542115393
3.36  27.67683857432839
5.04  29.463137707836715
6.72  33.99822118368768
8.4  38.06107186065181
10.08  38.76607324623405
11.76  35.612502132219404
13.44  0.0
15.12  0.0
16.8  0.0
18.48  0.0
20.16  4.039092212628901
21.84  5.639462470976945
23.52  3.234436713339046
25.2  0.0
26.88  0.0
28.56  0.0
30.24  0.0
31.919999999999998  3.1994432739796665
33.6  5.63535210273946
35.28  4.068784281081809
36.96  0.0
38.64  0.0
40.32  0.0
42.0  0.0
43.68  2.2401822284143416
45.36  5.420562475486904
47.04  4.751019178346752
48.72  0.7070916403755217
50.4  0.0
52.08  0.0
53.76  0.0
55.44  1.197171325992402
57.12  5.003123561204835
58.8  5.255635857297733
60.48  1.7753627979369877
62.16  0.0
63.839999999999996  0.0
65.52  0.0
67.2  0.1094038292572963
68.88  4.398641433753697
70.56  5.563769078270945
72.24  2.777261506726253
73.92  0.0
75.6  0.0
77.28  0.0
78.96  0.0
80.64  3.629714831309471
82.32  5.663899192185196
84.0  3.675331495382181
85.67999999999999  0.0
87.36  0.0
89.03999999999999  0.0
90.72  0.0
92.39999999999999  2.7250902960378127
94.08  5.552282805935683
95.75999999999999  4.435998159105618
97.44  0.1690711514399188
99.11999999999999  0.0
100.8  0.0
102.47999999999999  0.0
104.16  1.7185874763481994
105.83999999999999  5.23309273022175
107.52  5.030823755915344
109.2  1.255440937377576
110.88  0.0
112.56  0.0
114.24  0.0
115.92  0.6478347696118474
117.6  4.718261977818911
119.28  5.437570559810525
120.96  2.2948757028228837
122.64  0.0
124.32  0.0
126.0  0.0
127.67999999999999  0.0
129.35999999999999  4.027037644464384
131.04  5.64103222455247
132.72  3.2485158801416416
134.4  0.0
136.07999999999998  0.0
137.76  0.0
139.44  0.0
141.12  3.1852613506477794
142.79999999999998  5.633602277291819
144.48  4.080709357050285
146.16  0.0
147.84  0.0
149.51999999999998  0.0
151.2  0.0
152.88  2.224403145197368
154.56  5.415558488743715
156.23999999999998  4.760344341086579
157.92  0.7241228090135413
159.6  0.0
161.28  0.0
162.96  0.0
164.64  1.1803849884541904
166.32  4.995052488649522
168.0  5.262012482917997
