0.0  35.04138510222492
1.68  33.0576053574567
3.36  31.26965983301637
5.04  30.947426627614384
6.72  32.31977003528193
8.4  34.41199098745974
10.08  35.73810150044489
11.76  35.35623915511438
13.44  0.20428616828939883
15.12  0.0
16.8  0.0
18.48  0.0
20.16  0.6281268971752029
21.84  2.2409358861192077
23.52  2.26213295876175
25.2  0.6766630153038775
26.88  0.0
28.56  0.0
30.24  0.0
31.919999999999998  0.1541134355319569
33.6  1.993325572560205
35.28  2.4167896045190584
36.96  1.1237426208917183
38.64  0.0
40.32  0.0
42.0  0.0
43.68  0.0
45.36  1.6711942092164602
47.04  2.4810938758740866
48.72  1.52881078542372
50.4  0.0
52.08  0.0
53.76  0.0
55.44  0.0
57.12  1.2865847697473916
58.8  2.452641739149152
60.48  1.876723919076515
62.16  0.0
63.839999999999996  0.0
65.52  0.0
67.2  0.0
68.88  0.8538759886562296
70.56  2.332496885658184
72.24  2.154475189293178
73.92  0.44624979281550614
75.6  0.0
77.28  0.0
78.96  0.0
80.64  0.38924480816549845
82.32  2.1251509653010334
84.0  2.351680784959004
85.67999999999999  0.9079427563208294
87.36  0.0
89.03999999999999  0.0
90.72  0.0
92.39999999999999  0.0
94.08  1.838355664940277
95.75999999999999  2.4609681181662575
97.44  1.3356920187685417
99.11999999999999  0.0
100.8  0.0
102.47999999999999  0.0
104.16  0.0
105.83999999999999  1.482832909358467
107.52  2.4782514505333593
109.2  1.7135060509668971
110.88  0.0
112.56  0.0
114.24  0.0
115.92  0.0
117.6  1.0718740190167968
119.28  2.4028846397093115
120.96  2.0272601666677565
122.64  0.21178573687466118
124.32  0.0
126.0  0.0
127.67999999999999  0.0
129.35999999999999  0.6208428102171222
131.04  2.2376852955912687
132.72  2.2652245780240077
134.4  0.6839010394299139
136.07999999999998  0.0
137.76  0.0
139.44  0.0
141.12  0.1466012144111437
142.79999999999998  1.9888294431682962
144.48  2.4185029170816326
146.16  1.1304485049450137
147.84  0.0
149.51999999999998  0.0
151.2  0.0
152.88  0.0
154.56  1.6656206300509597
156.23999999999998  2.481364829054101
157.92  1.5347338280004486
159.6  0.0
161.28  0.0
162.96  0.0
164.64  0.0
166.32  1.2801421106682338
168.0  2.451460203284049
