0.0  41.684125922860076
1.68  38.45947705161261
3.36  26.740832886445336
5.04  25.94593000682822
6.72  37.3919186312607
8.4  42.112851089663735
10.08  32.28616518160624
11.76  24.19463182516281
13.44  0.0
15.12  8.422695778454896
16.8  4.976476240591236
18.48  0.0
20.16  0.0
21.84  4.21866237148155
23.52  8.727029359874342
25.2  0.0
26.88  0.0
28.56  0.0
30.24  8.49136144274477
31.919999999999998  4.824895899745807
33.6  0.0
35.28  0.0
36.96  4.377117871168238
38.64  8.671186458718733
40.32  0.0
42.0  0.0
43.68  0.0
45.36  8.556763188616312
47.04  4.671460960353348
48.72  0.0
50.4  0.0
52.08  4.533890889696243
53.76  8.612010517816541
55.44  0.0
57.12  0.0
58.8  0.0
60.48  8.618875876877789
62.16  4.516230399896833
63.839999999999996  0.0
65.52  0.0
67.2  4.688921166488256
68.88  8.549524283277947
70.56  0.0
72.24  0.0
73.92  0.0
75.6  8.677675632588992
77.28  4.359263886061863
78.96  0.0
80.64  0.0
82.32  4.842149110843863
84.0  8.483751773627326
85.67999999999999  0.0
87.36  0.0
89.03999999999999  0.0
90.72  8.73313985423814
92.39999999999999  4.200621753801904
94.08  0.0
95.75999999999999  0.0
97.44  4.993515824845089
99.11999999999999  8.414718270571026
100.8  0.0
102.47999999999999  0.0
104.16  0.0
105.83999999999999  8.785247222429456
107.52  4.040364982145876
109.2  0.0
110.88  0.0
112.56  5.142963125995625
114.24  8.342450309279242
115.92  0.0
117.6  0.0
119.28  0.0
120.96  8.833977708078196
122.64  3.878555170759763
124.32  0.0
126.0  0.0
127.67999999999999  5.290433569584993
129.35999999999999  8.266975668186792
131.04  0.0
132.72  0.0
134.4  0.0
136.07999999999998  8.879312580109133
137.76  3.715254516268952
139.44  0.0
141.12  0.0
142.79999999999998  5.435870470769604
144.48  8.188323358315383
146.16  0.0
147.84  0.0
149.51999999999998  0.0
151.2  8.921234412656599
152.88  3.550525788349954
154.56  0.0
156.23999999999998  0.0
157.92  5.579217926360724
159.6  8.10652361212239
161.28  0.0
162.96  0.0
164.64  0.0
166.32  8.959727091762653
168.0  3.384432305603996
