0.0  0.711715064705413  100.0
0.12  0.7072588920906951
0.24  0.7025965520145356
0.36  0.6977295996300938
0.48  0.6926596534308128
0.6  0.6873883947311253
0.72  0.6819175671273778
0.84  0.6762489759391412
0.96  0.6703844876310876
1.08  0.664326029215617
1.2  0.6580755876364208
1.3199999999999998  0.6516352091331824
1.44  0.6450069985876132
1.56  0.638193118851033
1.68  0.6311957900537092
1.7999999999999998  0.6240172888961717
1.92  0.616659947922731
2.04  0.6091261547774303
2.16  0.6014183514426633
2.28  0.5935390334607077
2.4  0.5854907491384114
2.52  0.577276098735293
2.6399999999999997  0.5688977336353089
2.76  0.5603583555025503
2.88  0.5516607154211409
3.0  0.5428076130196042
3.12  0.5338018955799825
3.2399999999999998  0.5246464571319858
3.36  0.5153442375324614
3.48  0.5058982215304763
3.5999999999999996  0.49631143781830445
3.7199999999999998  0.48658695806862645
3.84  0.4767278959582417
3.96  0.4667374061786058
4.08  0.45661868343350553
4.2  0.44637496142418914
4.32  0.43600951182227565
4.4399999999999995  0.42552564323076636
4.56  0.41492670013348976
4.68  0.4042160618333127
4.8  0.3933971413794531
4.92  0.38247338448423696
5.04  0.3714482684296405
5.16  0.3603253009639648
5.279999999999999  0.3491080191889949
5.3999999999999995  0.3377999884379919
5.52  0.3264048011448784
5.64  0.3149260757049721
5.76  0.3033674553276303
5.88  0.29173260688116964
6.0  0.280025219730425
6.12  0.2682490045673185
6.24  0.2564076922348075
6.359999999999999  0.2445050325445851
6.4799999999999995  0.23254479308890705
6.6  0.22053075804692335
6.72  0.2084667269858908
6.84  0.19635651365764734
6.96  0.18420394479073005
7.08  0.17201285887851744
7.199999999999999  0.15978710496378445
7.319999999999999  0.14753054142004873
7.4399999999999995  0.13524703473010147
7.56  0.12294045826210381
7.68  0.1106146910436403
7.8  0.09827361653411608
7.92  0.08592112139588791
8.04  0.07356109426451696
8.16  0.061197424518533605
8.28  0.04883400104910507
8.4  0.036474711029992585
8.52  0.024123438688192556
8.64  0.01178406407564453
8.76  0.0
8.879999999999999  0.0
9.0  0.0
9.12  0.0
9.24  0.0
9.36  0.0
9.48  0.0
9.6  0.0
9.719999999999999  0.0
9.84  0.0
9.959999999999999  0.0
10.08  0.0
10.2  0.0
10.32  0.0
10.44  0.0
10.559999999999999  0.0
10.68  0.0
10.799999999999999  0.0
10.92  0.0
11.04  0.0
11.16  0.0
11.28  0.0
11.4  0.0
11.52  0.0
11.639999999999999  0.0
11.76  0.0
11.879999999999999  0.0
12.0  0.0
12.12  0.0
12.24  0.0
12.36  0.0
12.48  0.0
12.6  0.0
12.719999999999999  0.0
12.84  0.0
12.959999999999999  0.0
13.08  0.0
13.2  0.0
13.32  0.0
13.44  0.0
13.559999999999999  0.0
13.68  0.0
13.799999999999999  0.0
13.92  0.0
14.04  0.0
14.16  0.0
14.28  0.0
14.399999999999999  0.0
14.52  0.0
14.639999999999999  0.0
14.76  0.0
14.879999999999999  0.0
15.0  0.0
15.12  0.0
15.24  0.0
15.36  0.0
15.479999999999999  0.0
15.6  0.0
15.719999999999999  0.0
15.84  0.0
15.959999999999999  0.0
16.08  0.0
16.2  0.0
16.32  0.0
16.439999999999998  0.0
16.56  0.0
16.68  0.0
16.8  0.0
16.919999999999998  0.0
17.04  0.0
17.16  0.0
17.28  0.0
17.4  0.0
17.52  0.0
17.64  0.0
17.759999999999998  0.0
17.88  0.0
18.0  0.0
18.12  0.0
18.24  0.0
18.36  0.0
18.48  0.0
18.599999999999998  0.0
18.72  0.0
18.84  0.0
18.96  0.0
19.08  0.0
19.2  0.0
19.32  0.0
19.439999999999998  0.0
19.56  0.0
19.68  0.0
19.8  0.0
19.919999999999998  0.0
20.04  0.0
20.16  0.0
20.279999999999998  0.0
20.4  0.0
20.52  0.0
20.64  0.0
20.759999999999998  0.0
20.88  0.0
21.0  0.0
21.119999999999997  0.0
21.24  0.0
21.36  0.0
21.48  0.0
21.599999999999998  0.0
21.72  0.0
21.84  0.0
21.96  0.0
22.08  0.0
22.2  0.0
22.32  0.0
22.439999999999998  0.0
22.56  0.0
22.68  0.0
22.8  0.0
22.919999999999998  0.0
23.04  0.0
23.16  0.0
23.279999999999998  0.0
23.4  0.0
23.52  0.0
23.64  0.0
23.759999999999998  0.0
23.88  0.0
24.0  0.0
24.119999999999997  0.0
24.24  0.0
24.36  0.0
24.48  0.0
24.599999999999998  0.0
24.72  0.0
24.84  0.0
24.96  0.0
25.08  0.0
25.2  0.0
25.32  0.0
25.439999999999998  0.0
25.56  0.0
25.68  0.0
25.8  0.0
25.919999999999998  0.0
26.04  0.0
26.16  0.0
26.279999999999998  0.0
26.4  0.0
26.52  0.0
26.64  0.0
26.759999999999998  0.0
26.88  0.0
27.0  0.0
27.119999999999997  0.0
27.24  0.0
27.36  0.0
27.48  0.0
27.599999999999998  0.0
27.72  0.0
27.84  0.0
27.959999999999997  0.0
28.08  0.0
28.2  0.0
28.32  0.0
28.439999999999998  0.0
28.56  0.0
28.68  0.0
28.799999999999997  0.0
28.919999999999998  0.0
29.04  0.0
29.16  0.0
29.279999999999998  0.0
29.4  0.011355414192123141
29.52  0.022818883039575157
29.64  0.03427071603790528
29.759999999999998  0.04570710645718398
29.88  0.05712425284405687
30.0  0.06851836024130484
30.119999999999997  0.0798856414053127
30.24  0.09122231802106126
30.36  0.10252462191424598
30.48  0.11378879626015592
30.599999999999998  0.12501109678890926
30.72  0.13618779298667577
30.84  0.14731516929249383
30.959999999999997  0.15838952629031178
31.08  0.1694071818958669
31.2  0.18036447253802815
31.32  0.1912577543342256
31.439999999999998  0.20208340425959453
31.56  0.21283782130946025
31.68  0.2235174276547959
31.799999999999997  0.23411866979028426
31.919999999999998  0.2446380196746227
32.04  0.2550719758626989
32.16  0.26541706462929054
32.28  0.27566984108392145
32.4  0.2858268902765221
32.519999999999996  0.29588482829355056
32.64  0.305840303344209
32.76  0.3156899968364282
32.879999999999995  0.3254306244422654
33.0  0.33505893715238577
33.12  0.3445717223192786
33.24  0.353965804688899
33.36  0.363238047420378
33.48  0.3723853530935057
33.6  0.38140466470364665
33.72  0.3902929666437752
33.839999999999996  0.3990472856733317
33.96  0.40766469187356913
34.08  0.41614229958910404
34.199999999999996  0.4244772683553688
34.32  0.43266680381166256
34.44  0.4407081585995153
34.56  0.4485986332460856
34.68  0.4563355770322997
34.8  0.46391638884546177
34.92  0.47133851801606635
35.04  0.4785994651385372
35.16  0.4856967828756472
35.28  0.4926280767463457
35.4  0.49939100589675334
35.519999999999996  0.5059832838540813
35.64  0.5124026792632224
35.76  0.5186470166057934
35.879999999999995  0.524714176901392
36.0  0.530602098390847
36.12  0.536308777201242
36.24  0.5418322679925088
36.36  0.5471706845853719
36.48  0.5523222005704557
36.6  0.5572850498983559
36.72  0.5620575274504829
36.839999999999996  0.5666379895905054
36.96  0.5710248546962073
37.08  0.5752166036715965
37.199999999999996  0.5792117804391008
37.32  0.5830089924116899
37.44  0.5866069109447765
37.559999999999995  0.5900042717677549
37.68  0.5931998753950327
37.8  0.5961925875164299
37.92  0.5989813393668193
38.04  0.6015651280748887
38.16  0.6039430169909171
38.28  0.6061141359934548
38.4  0.6080776817748154
38.519999999999996  0.609832918105284
38.64  0.6113791760759582
38.76  0.6127158543201463
38.879999999999995  0.6138424192132484
39.0  0.6147584050510574
39.12  0.6154634142064248
39.24  0.6159571172642387
39.36  0.6162392531346691
39.48  0.616309629144648
39.6  0.6161681211075511
39.72  0.6158146733710601
39.839999999999996  0.615249298843188
39.96  0.6144720789964605
40.08  0.6134831638502509
40.199999999999996  0.6122827719312715
40.32  0.6108711902122356
40.44  0.6092487740287098
40.559999999999995  0.6074159469741784
40.68  0.6053732007733548
40.8  0.6031210951337816
40.92  0.6006602575757614
41.04  0.5979913832406755
41.16  0.5951152346777471
41.28  0.5920326416093192
41.4  0.5887445006747205
41.519999999999996  0.5852517751527959
41.64  0.5815554946631956
41.76  0.5776567548465116
41.879999999999995  0.5735567170233649
42.0  0.5692566078325489
42.12  0.5647577188483487
42.239999999999995  0.5600614061771466
42.36  0.5551690900334533
42.48  0.5500822542954903
42.6  0.5448024460404653
42.72  0.5393312750596927
42.839999999999996  0.5336704133537025
42.96  0.5278215946075083
43.08  0.521786613646193
43.199999999999996  0.5155673258709843
43.32  0.5091656466760026
43.44  0.5025835508458651
43.559999999999995  0.4958230719343295
43.68  0.48888630162418373
43.8  0.4817753890685812
43.92  0.4744925402140205
44.04  0.4670400171052037
44.16  0.45942013717197017
44.28  0.45163527249854946
44.4  0.4436878490753579
44.519999999999996  0.43558034603356927
44.64  0.42731529486271763
44.76  0.41889527861156284
44.879999999999995  0.4103229310724848
45.0  0.40160093594965374
45.12  0.39273202601125484
45.239999999999995  0.3837189822260143
45.36  0.37456463288432307
45.48  0.36527185270422236
45.6  0.35584356192253175
45.72  0.34628272537142635
45.839999999999996  0.3365923515407284
45.96  0.32677549162623604
46.08  0.31683523856437545
46.199999999999996  0.30677472605348255
46.32  0.2965971275620318
46.44  0.28630565532412655
46.559999999999995  0.2759035593225545
46.68  0.26539412625974795
46.8  0.25478067851697106
46.92  0.2440665731020496
47.04  0.23325520058600285
47.16  0.22234998402888384
47.28  0.21135437789519718
47.4  0.2002718669592199
47.519999999999996  0.1891059652005725
47.64  0.17786021469040564
47.76  0.1665381844685367
47.879999999999995  0.15514346941190416
48.0  0.14367968909469125
48.12  0.13215048664049212
48.239999999999995  0.1205595275668623
48.36  0.10891049862264628
48.48  0.09720710661843289
48.6  0.08545307725050792
48.72  0.07365215391869734
48.839999999999996  0.06180809653844466
48.96  0.04992468034753038
49.08  0.03800569470779164
49.199999999999996  0.026054941902222406
49.32  0.014076235927850289
49.44  0.0020734012847617167
49.559999999999995  0.0
49.68  0.0
49.8  0.0
49.92  0.0
50.04  0.0
50.16  0.0
50.28  0.0
50.4  0.0
50.519999999999996  0.0
50.64  0.0
50.76  0.0
50.879999999999995  0.0
51.0  0.0
51.12  0.0
51.239999999999995  0.0
51.36  0.0
51.48  0.0
51.6  0.0
51.72  0.0
51.839999999999996  0.0
51.96  0.0
52.08  0.0
52.199999999999996  0.0
52.32  0.0
52.44  0.0
52.559999999999995  0.0
52.68  0.0
52.8  0.0
52.919999999999995  0.0
53.04  0.0
53.16  0.0
53.28  0.0
53.4  0.0
53.519999999999996  0.0
53.64  0.0
53.76  0.0
53.879999999999995  0.0
54.0  0.0
54.12  0.0
54.239999999999995  0.0
54.36  0.0
54.48  0.0
54.6  0.0
54.72  0.0
54.839999999999996  0.0
54.96  0.0
55.08  0.0
55.199999999999996  0.0
55.32  0.0
55.44  0.0
55.559999999999995  0.0
55.68  0.0
55.8  0.0
55.919999999999995  0.0
56.04  0.0
56.16  0.0
56.28  0.0
56.4  0.0
56.519999999999996  0.0
56.64  0.0
56.76  0.0
56.879999999999995  0.0
57.0  0.0
57.12  0.0
57.239999999999995  0.0
57.36  0.0
57.48  0.0
57.599999999999994  0.0
57.72  0.0
57.839999999999996  0.0
57.96  0.0
58.08  0.0
58.199999999999996  0.0
58.32  0.0
58.44  0.0
58.559999999999995  0.0
58.68  0.0
58.8  0.0
58.919999999999995  0.0
59.04  0.0
59.16  0.0
59.28  0.0
59.4  0.0
59.519999999999996  0.0
59.64  0.0
59.76  0.0
59.879999999999995  0.0
60.0  0.0
60.12  0.0
60.239999999999995  0.0
60.36  0.0
60.48  0.0
60.599999999999994  0.0
60.72  0.0
60.839999999999996  0.0
60.96  0.0
61.08  0.0
61.199999999999996  0.0
61.32  0.0
61.44  0.0
61.559999999999995  0.0
61.68  0.0
61.8  0.0
61.919999999999995  0.0
62.04  0.0
62.16  0.0
62.28  0.0
62.4  0.0
62.519999999999996  0.0
62.64  0.0
62.76  0.0
62.879999999999995  0.0
63.0  0.0
63.12  0.0
63.239999999999995  0.0
63.36  0.0
63.48  0.0
63.599999999999994  0.0
63.72  0.0
63.839999999999996  0.0
63.96  0.0
64.08  0.0
64.2  0.0
64.32  0.0
64.44  0.0
64.56  0.0
64.67999999999999  0.0
64.8  0.0
64.92  0.0
65.03999999999999  0.0
65.16  0.0
65.28  0.0
65.39999999999999  0.0
65.52  0.0
65.64  0.0
65.75999999999999  0.0
65.88  0.0
66.0  0.0
66.12  0.0
66.24  0.0
66.36  0.0
66.48  0.0
66.6  0.0
66.72  0.0
66.84  0.0
66.96  0.0
67.08  0.0
67.2  0.0
67.32  0.0
67.44  0.0
67.56  0.0
67.67999999999999  0.0
67.8  0.0
67.92  0.0
68.03999999999999  0.0
68.16  0.0
68.28  0.0
68.39999999999999  0.0
68.52  0.0
68.64  0.0
68.75999999999999  0.0
68.88  0.0
69.0  0.0
69.12  0.0
69.24  0.0
69.36  0.0
69.48  0.0
69.6  0.0
69.72  0.0
69.84  0.0
69.96  0.0
70.08  0.0
70.2  0.0
70.32  0.0
70.44  0.0
70.56  0.0
70.67999999999999  0.0
70.8  0.0
70.92  0.0
71.03999999999999  0.0
71.16  0.0
71.28  0.0033072279381582206
71.39999999999999  0.016298316192824583
71.52  0.02928954739965234
71.64  0.04227697943468901
71.75999999999999  0.05525667092037467
71.88  0.06822468246010881
72.0  0.08117707787220302
72.11999999999999  0.09410992542288085
72.24  0.10701929905790139
72.36  0.11990127963242185
72.48  0.1327519561387162
72.6  0.1455674269313629
72.72  0.15834380094951606
72.84  0.17107719893585607
72.96  0.1837637546518605
73.08  0.19639961608900364
73.2  0.20898094667547545
73.32  0.22150392647808156
73.44  0.23396475339892497
73.56  0.24635964436646726
73.67999999999999  0.2586848365206392
73.8  0.2709365883915974
73.92  0.2831111810717492
74.03999999999999  0.2952049193806981
74.16  0.3072141330227332
74.28  0.3191351777364742
74.39999999999999  0.33096443643634715
74.52  0.34269832034551256
74.64  0.3543332701198657
74.75999999999999  0.365865756962797
74.88  0.37729228373033263
75.0  0.3886093860263017
75.11999999999999  0.3998136332872101
75.24  0.41090162985645157
75.36  0.42187001604752844
75.48  0.43271546919595005
75.6  0.4434347046994672
75.72  0.4540244770463276
75.84  0.46448158083119945
75.96  0.47480285175848064
76.08  0.4849851676326503
76.2  0.49502544933535436
76.32  0.504920661788918
76.44  0.5146678149059916
76.56  0.5242639645250052
76.67999999999999  0.5337062133311624
76.8  0.5429917117626737
76.92  0.5521176589019241
77.03999999999999  0.5610813033513279
77.16  0.5698799440935711
77.28  0.5785109313359713
77.39999999999999  0.5869716673386935
77.52  0.5952596072265653
77.64  0.6033722597842192
77.75999999999999  0.6113071882343267
77.88  0.619062010998677
78.0  0.6266344024418405
78.11999999999999  0.6340220935972128
78.24  0.6412228728751884
78.36  0.6482345867532451
78.48  0.6550551404477248
78.6  0.6616824985670962
78.72  0.6681146857464978
78.84  0.6743497872633488
78.96  0.6803859496338487
79.08  0.6862213811901721
79.2  0.6918543526381653
79.32  0.6972831975953877
79.44  0.7025063131093207
79.56  0.707522160155568
79.67999999999999  0.7123292641159126
79.8  0.7169262152360657
79.92  0.721311669062962
80.03999999999999  0.7254843468614718
80.16  0.7294430360103971
80.28  0.7331865903776161
80.39999999999999  0.7367139306742742
80.52  0.7400240447879003
80.64  0.7431159880943414
80.75999999999999  0.7459888837484272
80.88  0.7486419229532636
81.0  0.7510743652080758
81.11999999999999  0.7532855385345216
81.24  0.7552748396814047
81.36  0.7570417343077201
81.48  0.7585857571439827
81.6  0.7599065121317772
81.72  0.7610036725414971
81.84  0.7618769810682264
81.96  0.7625262499057419
82.08  0.7629513607986087
82.2  0.7631522650723532
82.32  0.7631289836417086
82.44  0.7628816069969251
82.56  0.7624102951681548
82.67999999999999  0.7617152776679208
82.8  0.7607968534116871
82.92  0.7596553906165618
83.03999999999999  0.7582913266781585
83.16  0.7567051680256597
83.28  0.754897489955129
83.39999999999999  0.7528689364411233
83.52  0.750620219926666
83.64  0.7481521210916497
83.75999999999999  0.745465488599741
83.88  0.742561238823864
84.0  0.7394403555503622
84.11999999999999  0.7361038896619181
84.24  0.7325529587993401
84.36  0.7287887470023234
84.47999999999999  0.7248125043292993
84.6  0.7206255464564885
84.72  0.7162292542562954
84.84  0.711625073355168
84.96  0.7068145136710718
85.08  0.7017991489307138
85.2  0.6965806161666882
85.32  0.691160615194684
85.44  0.6855409080709263
85.56  0.6797233185300392
85.67999999999999  0.6737097314034818
85.8  0.6675020920187615
85.92  0.6611024055796124
86.03999999999999  0.654512736527329
86.16  0.6477352078834583
86.28  0.6407720005740731
86.39999999999999  0.633625352735821
86.52  0.6262975590039752
86.64  0.6187909697827296
86.75999999999999  0.611107990497944
86.88  0.6032510808325892
87.0  0.5952227539451438
87.11999999999999  0.5870255756711675
87.24  0.5786621637083252
87.36  0.5701351867851133
87.47999999999999  0.5614473638135464
87.6  0.5526014630260732
87.72  0.5436003010970157
87.84  0.5344467422487779
87.96  0.5251436973431303
88.08  0.5156941229578496
88.2  0.5061010204490097
88.32  0.49636743499922364
88.44  0.4864964546521225
88.56  0.4764912093334027
88.67999999999999  0.46635486985873253
88.8  0.45609064692882884
88.92  0.4457017901120538
89.03999999999999  0.4351915868148121
89.16  0.42456336124010097
89.28  0.4138204733345394
89.39999999999999  0.4029663177242102
89.52  0.3920043226396378
89.64  0.3809379488302699
89.75999999999999  0.36977068846878214
89.88  0.35850606404555496
90.0  0.3471476272537033
90.11999999999999  0.33569895786496623
90.24  0.3241636625968432
90.36  0.31254537397133175
90.47999999999999  0.3008477491656253
90.6  0.28907446885512345
90.72  0.27722923604914823
90.84  0.2653157749197068
90.96  0.253337829623692
91.08  0.24129916311887273
91.2  0.22920355597408648
91.32  0.21705480517396492
91.44  0.20485672291859325
91.56  0.1926131354185041
91.67999999999999  0.18032788168534455
91.8  0.16800481231862682
91.92  0.1556477882889516
92.03999999999999  0.1432606797180691
92.16  0.1308473646561681
92.28  0.11841172785680967
92.39999999999999  0.10595765954984811
92.52  0.09348905421274975
92.64  0.08100980934072011
92.75999999999999  0.06852382421598494
92.88  0.05603499867664227
93.0  0.0435472318854809
93.11999999999999  0.031064421099134168
93.24  0.018590460437962683
93.36  0.00612923965708545
93.47999999999999  0.0
93.6  0.0
93.72  0.0
93.84  0.0
93.96  0.0
94.08  0.0
94.2  0.0
94.32  0.0
94.44  0.0
94.56  0.0
94.67999999999999  0.0
94.8  0.0
94.92  0.0
95.03999999999999  0.0
95.16  0.0
95.28  0.0
95.39999999999999  0.0
95.52  0.0
95.64  0.0
95.75999999999999  0.0
95.88  0.0
96.0  0.0
96.11999999999999  0.0
96.24  0.0
96.36  0.0
96.47999999999999  0.0
96.6  0.0
96.72  0.0
96.84  0.0
96.96  0.0
97.08  0.0
97.2  0.0
97.32  0.0
97.44  0.0
97.56  0.0
97.67999999999999  0.0
97.8  0.0
97.92  0.0
98.03999999999999  0.0
98.16  0.0
98.28  0.0
98.39999999999999  0.0
98.52  0.0
98.64  0.0
98.75999999999999  0.0
98.88  0.0
99.0  0.0
99.11999999999999  0.0
99.24  0.0
99.36  0.0
99.47999999999999  0.0
99.6  0.0
99.72  0.0
99.84  0.0
99.96  0.0
100.08  0.0
100.2  0.0
100.32  0.0
100.44  0.0
100.56  0.0
100.67999999999999  0.0
100.8  0.0
100.92  0.0
101.03999999999999  0.0
101.16  0.0
101.28  0.0
101.39999999999999  0.0
101.52  0.0
101.64  0.0
101.75999999999999  0.0
101.88  0.0
102.0  0.0
102.11999999999999  0.0
102.24  0.0
102.36  0.0
102.47999999999999  0.0
102.6  0.0
102.72  0.0
102.83999999999999  0.0
102.96  0.0
103.08  0.0
103.2  0.0
103.32  0.0
103.44  0.0
103.56  0.0
103.67999999999999  0.0
103.8  0.0
103.92  0.0
104.03999999999999  0.0
104.16  0.0
104.28  0.0
104.39999999999999  0.0
104.52  0.0
104.64  0.0
104.75999999999999  0.0
104.88  0.0
105.0  0.0
105.11999999999999  0.0
105.24  0.0
105.36  0.0
105.47999999999999  0.0
105.6  0.0
105.72  0.0
105.83999999999999  0.0
105.96  0.0
106.08  0.0
106.2  0.0
106.32  0.0
106.44  0.0
106.56  0.0
106.67999999999999  0.0
106.8  0.0
106.92  0.0
107.03999999999999  0.0
107.16  0.0
107.28  0.0
107.39999999999999  0.0
107.52  0.0
107.64  0.0
107.75999999999999  0.0
107.88  0.0
108.0  0.0
108.11999999999999  0.0
108.24  0.0
108.36  0.0
108.47999999999999  0.0
108.6  0.0
108.72  0.0
108.83999999999999  0.0
108.96  0.0
109.08  0.0
109.2  0.0
109.32  0.0
109.44  0.0
109.56  0.0
109.67999999999999  0.0
109.8  0.0
109.92  0.0
110.03999999999999  0.0
110.16  0.0
110.28  0.0
110.39999999999999  0.0
110.52  0.0
110.64  0.0
110.75999999999999  0.0
110.88  0.0
111.0  0.0
111.11999999999999  0.0
111.24  0.0
111.36  0.0
111.47999999999999  0.0
111.6  0.0
111.72  0.0
111.83999999999999  0.0
111.96  0.0
112.08  0.0
112.2  0.0
112.32  0.0
112.44  0.0
112.56  0.0
112.67999999999999  0.0
112.8  0.0
112.92  0.0
113.03999999999999  0.0
113.16  0.0
113.28  0.0
113.39999999999999  0.0
113.52  0.0
113.64  0.0
113.75999999999999  0.0
113.88  0.0
114.0  0.0
114.11999999999999  0.0
114.24  0.01090243740447111
114.36  0.02239192027988031
114.47999999999999  0.03386657140604418
114.6  0.04532258673737646
114.72  0.05675616879409176
114.83999999999999  0.06816352787966243
114.96  0.07954088329575465
115.08  0.09088446455423072
115.19999999999999  0.10219051258588181
115.32  0.11345528094547906
115.44  0.12467503701274359
115.56  0.1358460631888957
115.67999999999999  0.1469646580883666
115.8  0.15802713772532093
115.92  0.16902983669457666
116.03999999999999  0.17996910934659327
116.16  0.19084133095611622
116.28  0.20164289888413653
116.39999999999999  0.2123702337327565
116.52  0.2230197804926425
116.64  0.2335880096826647
116.75999999999999  0.24407141848137337
116.88  0.25446653184996226
117.0  0.2647699036463306
117.11999999999999  0.2749781177299297
117.24  0.28508778905702403
117.36  0.2950955647659988
117.47999999999999  0.3049981252524091
117.6  0.3147921852334061
117.72  0.3244744948011883
117.83999999999999  0.3340418404651752
117.96  0.34349104618255705
118.08  0.35281897437687304
118.19999999999999  0.3620225269443331
118.32  0.3710986462475314
118.44  0.3800443160962588
118.56  0.3888565627150717
118.67999999999999  0.39753245569734835
118.8  0.40606910894549997
118.92  0.4144636815970504
119.03999999999999  0.4227133789362836
119.16  0.4308154532911842
119.28  0.4387672049153534
119.39999999999999  0.4465659828546596
119.52  0.4542091857983266
119.64  0.46169426291417814
119.75999999999999  0.4690187146678004
119.88  0.4761800936253476
120.0  0.48317600523972287
