0.0  0.8935890807363434  100.0
0.12  0.8904523514688112
0.24  0.8870941647858188
0.36  0.8835159669914134
0.48  0.8797192690151627
0.6  0.8757056459018389
0.72  0.8714767362812115
0.84  0.8670342418181199
0.96  0.8623799266430013
1.08  0.857515616763058
1.2  0.8524431994542517
1.3199999999999998  0.8471646226343225
1.44  0.841681894217031
1.56  0.8359970814478328
1.68  0.8301123102211958
1.7999999999999998  0.8240297643797823
1.92  0.8177516849957155
2.04  0.8112803696341668
2.16  0.8046181715994929
2.28  0.7977674991641691
2.4  0.7907308147807602
2.52  0.7835106342771869
2.6399999999999997  0.776109526035539
2.76  0.7685301101547009
2.88  0.7607750575970562
3.0  0.7528470893195431
3.12  0.744748975389339
3.2399999999999998  0.7364835340844542
3.36  0.7280536309795239
3.48  0.7194621780170904
3.5999999999999996  0.7107121325646679
3.7199999999999998  0.7018064964578934
3.84  0.6927483150300695
3.96  0.6835406761284046
4.08  0.6741867091172686
4.2  0.6646895838687745
4.32  0.6550525097410168
4.4399999999999995  0.6452787345442834
4.56  0.635371543495574
4.68  0.6253342581617585
4.8  0.6151702353917083
4.92  0.6048828662377442
5.04  0.5944755748667402
5.16  0.5839518174612317
5.279999999999999  0.5733150811108783
5.3999999999999995  0.56256888269463
5.52  0.5517167677539572
5.64  0.5407623093574978
5.76  0.5297091069574844
5.88  0.5185607852383172
6.0  0.5073209929576427
6.12  0.4959934017803125
6.24  0.4845817051055885
6.359999999999999  0.47308961688796847
6.4799999999999995  0.46152087045200574
6.6  0.44987921730150104
6.72  0.4381684259234422
6.84  0.42639228058707257
6.96  0.41455458013846946
7.08  0.40265913679101406
7.199999999999999  0.39070977491213943
7.319999999999999  0.3787103298067367
7.4399999999999995  0.3666646464976109
7.56  0.35457657850336854
7.68  0.34244998661412823
7.8  0.3302887376654392
7.92  0.31809670331080075
8.04  0.3058777587931668
8.16  0.29363578171582966
8.28  0.2813746508130689
8.4  0.2690982447209578
8.52  0.25681044074871595
8.64  0.24451511365099537
8.76  0.23221613440149352
8.879999999999999  0.21991736896827668
9.0  0.20762267709120627
9.12  0.1953359110618522
9.24  0.18306091450627993
9.36  0.17080152117110015
9.48  0.15856155371315905
9.6  0.1463448224932596
9.719999999999999  0.13415512437429
9.84  0.12199624152414268
9.959999999999999  0.10987194022380298
10.08  0.09778596968098141
10.2  0.08574206084966943
10.32  0.07374392525598847
10.44  0.061795253830706776
10.559999999999999  0.049899715748789264
10.68  0.03806095727635189
10.799999999999999  0.026282600625382846
10.92  0.014568242816591304
11.04  0.0029214545507477707
11.16  0.0
11.28  0.0
11.4  0.0
11.52  0.0
11.639999999999999  0.0
11.76  0.0
11.879999999999999  0.0
12.0  0.0
12.12  0.0
12.24  0.0
12.36  0.0
12.48  0.0
12.6  0.0
12.719999999999999  0.0
12.84  0.0
12.959999999999999  0.0
13.08  0.0
13.2  0.0
13.32  0.0
13.44  0.0
13.559999999999999  0.0
13.68  0.0
13.799999999999999  0.0
13.92  0.0
14.04  0.0
14.16  0.0
14.28  0.0
14.399999999999999  0.0
14.52  0.0
14.639999999999999  0.0
14.76  0.0
14.879999999999999  0.0
15.0  0.0
15.12  0.0
15.24  0.0
15.36  0.0
15.479999999999999  0.0
15.6  0.0
15.719999999999999  0.0
15.84  0.0
15.959999999999999  0.0
16.08  0.0
16.2  0.0
16.32  0.0
16.439999999999998  0.0
16.56  0.0
16.68  0.0
16.8  0.0
16.919999999999998  0.0
17.04  0.0
17.16  0.0
17.28  0.0
17.4  0.0
17.52  0.0
17.64  0.0
17.759999999999998  0.0
17.88  0.0
18.0  0.0
18.12  0.0
18.24  0.0
18.36  0.0
18.48  0.0
18.599999999999998  0.0
18.72  0.0
18.84  0.0
18.96  0.0
19.08  0.0
19.2  0.0
19.32  0.0
19.439999999999998  0.0
19.56  0.0
19.68  0.0
19.8  0.0
19.919999999999998  0.0
20.04  0.0
20.16  0.0
20.279999999999998  0.0
20.4  0.0
20.52  0.0
20.64  0.0
20.759999999999998  0.0
20.88  0.0
21.0  0.0
21.119999999999997  0.0
21.24  0.0
21.36  0.0
21.48  0.0
21.599999999999998  0.0
21.72  0.0
21.84  0.0
21.96  0.0
22.08  0.0
22.2  0.0
22.32  0.0
22.439999999999998  0.0
22.56  0.0
22.68  0.0
22.8  0.0
22.919999999999998  0.0
23.04  0.0
23.16  0.0
23.279999999999998  0.0
23.4  0.0
23.52  0.0
23.64  0.0
23.759999999999998  0.0
23.88  0.0
24.0  0.0
24.119999999999997  0.0
24.24  0.0
24.36  0.0
24.48  0.0
24.599999999999998  0.0
24.72  0.0
24.84  0.0
24.96  0.0
25.08  0.0
25.2  0.0
25.32  0.0
25.439999999999998  0.0
25.56  0.0
25.68  0.0
25.8  0.0
25.919999999999998  0.0
26.04  0.0
26.16  0.0
26.279999999999998  0.0
26.4  0.0
26.52  0.0
26.64  0.0
26.759999999999998  0.0
26.88  0.0
27.0  0.0
27.119999999999997  0.0
27.24  0.0
27.36  0.0
27.48  0.0
27.599999999999998  0.0
27.72  0.0
27.84  0.0
27.959999999999997  0.0
28.08  0.0
28.2  0.0
28.32  0.0
28.439999999999998  0.0
28.56  0.0
28.68  0.0
28.799999999999997  0.0
28.919999999999998  0.0
29.04  0.0
29.16  0.0
29.279999999999998  0.0035092834810578066
29.4  0.012854237205119495
29.52  0.022191240768393322
29.64  0.03151666086772034
29.759999999999998  0.04082686825088014
29.88  0.05011823892304193
30.0  0.05938715535151387
30.119999999999997  0.06863000766840316
30.24  0.07784319487080363
30.36  0.08702312601811568
30.48  0.09616622142613196
30.599999999999998  0.10526891385748913
30.72  0.11432764970811349
30.84  0.12333889018927352
30.959999999999997  0.13229911250486656
31.08  0.14120481102355653
31.2  0.15005249844538984
31.32  0.15883870696251198
31.439999999999998  0.1675599894136161
31.56  0.17621292043174952
31.68  0.18479409758511273
31.799999999999997  0.19330014251048122
31.919999999999998  0.20172770203889262
32.04  0.21007344931322774
32.16  0.21833408489733724
32.28  0.22650633787635216
32.4  0.23458696694782333
32.519999999999996  0.2425727615033491
32.64  0.25046054270032714
32.76  0.2582471645235046
32.879999999999995  0.26592951483597105
33.0  0.27350451641926943
33.12  0.2809691280022737
33.24  0.2883203452785261
33.36  0.29555520191168055
33.48  0.302670770528754
33.6  0.3096641637008495
33.72  0.31653253491103817
33.839999999999996  0.32327307950910245
33.96  0.3298830356528113
34.08  0.3363596852354442
34.199999999999996  0.34270035479925703
34.32  0.34890241643459596
34.44  0.3549632886643684
34.56  0.3608804373135952
34.68  0.36665137636375406
34.8  0.3722736687916428
34.92  0.37774492739249677
35.04  0.3830628155870842
35.16  0.38822504821253595
35.28  0.3932293922966371
35.4  0.39807366781534254
35.519999999999996  0.40275574843327155
35.64  0.4072735622269338
35.76  0.4116250923904661
35.879999999999995  0.41580837792364034
36.0  0.41982151430193015
36.12  0.42366265412841053
36.24  0.4273300077672909
36.36  0.4308218439588646
36.48  0.43413649041568525
36.6  0.43727233439977553
36.72  0.4402278232806738
36.839999999999996  0.44300146507415117
36.96  0.44559182896141036
37.08  0.4479975457886086
37.199999999999996  0.4502173085465383
37.32  0.4522498728303078
37.44  0.4540940572788744
37.559999999999995  0.45574874399428983
37.68  0.4572128789405159
37.8  0.45848547232168313
37.92  0.4595655989396704
38.04  0.4604523985308837
38.16  0.4611450760821301
38.28  0.4616429021254764
38.4  0.461945213012002
38.519999999999996  0.4620514111643501
38.64  0.46196096530799696
38.76  0.46167341068116197
38.879999999999995  0.4611883492232877
39.0  0.4605054497420261
39.12  0.45962444805867786
39.24  0.45854514713203154
39.36  0.4572674171605613
39.48  0.4557911956629488
39.6  0.4541164875368985
39.72  0.4522433650962269
39.839999999999996  0.45017196808620635
39.96  0.4479025036771607
40.08  0.4454352464363095
40.199999999999996  0.4427705382778629
40.32  0.4399087883913867
40.44  0.4368504731484534
40.559999999999995  0.43359613598760405
40.68  0.4301463872776578
40.8  0.4265019041594096
40.92  0.42266343036575826
41.04  0.4186317760203276
41.16  0.4144078174146313
41.28  0.409992496763858
41.4  0.4053868219413486
41.519999999999996  0.4005918661918421
41.64  0.3956087678235867
41.76  0.39043872987940553
41.879999999999995  0.3850830197868184
42.0  0.3795429689873305
42.12  0.37381997254500304
42.239999999999995  0.3679154887344227
42.36  0.36183103860820437
42.48  0.3555682055441582
42.6  0.3491286347722589
42.72  0.3425140328815759
42.839999999999996  0.33572616730730215
42.96  0.3287668657980567
43.08  0.32163801586362034
43.199999999999996  0.31434156420327436
43.32  0.30687951611492903
43.44  0.2992539348852237
43.559999999999995  0.29146694116078425
43.68  0.2835207123008433
43.8  0.27541748171142466
43.92  0.2671595381612913
44.04  0.2587492250798907
44.16  0.2501889398374961
44.28  0.2414811330077875
44.4  0.23262830761309705
44.519999999999996  0.22363301835255023
44.64  0.21449787081336186
44.76  0.20522552066551702
44.879999999999995  0.195818672840104
45.0  0.1862800806915471
45.12  0.17661254514401836
45.239999999999995  0.16681891382227443
45.36  0.15690208016721757
45.48  0.1468649825364433
45.6  0.13671060329005674
45.72  0.1264419678620649
45.839999999999996  0.11606214381761043
45.96  0.10557423989636922
46.08  0.09498140504240044
46.199999999999996  0.08428682742075289
46.32  0.07349373342114879
46.44  0.0626053866490558
46.559999999999995  0.05162508690445644
46.68  0.04055616914864896
46.8  0.02940200245940766
46.92  0.018165988974814973
47.04  0.006851562826126589
47.16  0.0
47.28  0.0
47.4  0.0
47.519999999999996  0.0
47.64  0.0
47.76  0.0
47.879999999999995  0.0
48.0  0.0
48.12  0.0
48.239999999999995  0.0
48.36  0.0
48.48  0.0
48.6  0.0
48.72  0.0
48.839999999999996  0.0
48.96  0.0
49.08  0.0
49.199999999999996  0.0
49.32  0.0
49.44  0.0
49.559999999999995  0.0
49.68  0.0
49.8  0.0
49.92  0.0
50.04  0.0
50.16  0.0
50.28  0.0
50.4  0.0
50.519999999999996  0.0
50.64  0.0
50.76  0.0
50.879999999999995  0.0
51.0  0.0
51.12  0.0
51.239999999999995  0.0
51.36  0.0
51.48  0.0
51.6  0.0
51.72  0.0
51.839999999999996  0.0
51.96  0.0
52.08  0.0
52.199999999999996  0.0
52.32  0.0
52.44  0.0
52.559999999999995  0.0
52.68  0.0
52.8  0.0
52.919999999999995  0.0
53.04  0.0
53.16  0.0
53.28  0.0
53.4  0.0
53.519999999999996  0.0
53.64  0.0
53.76  0.0
53.879999999999995  0.0
54.0  0.0
54.12  0.0
54.239999999999995  0.0
54.36  0.0
54.48  0.0
54.6  0.0
54.72  0.0
54.839999999999996  0.0
54.96  0.0
55.08  0.0
55.199999999999996  0.0
55.32  0.0
55.44  0.0
55.559999999999995  0.0
55.68  0.0
55.8  0.0
55.919999999999995  0.0
56.04  0.0
56.16  0.0
56.28  0.0
56.4  0.0
56.519999999999996  0.0
56.64  0.0
56.76  0.0
56.879999999999995  0.0
57.0  0.0
57.12  0.0
57.239999999999995  0.0
57.36  0.0
57.48  0.0
57.599999999999994  0.0
57.72  0.0
57.839999999999996  0.0
57.96  0.0
58.08  0.0
58.199999999999996  0.0
58.32  0.0
58.44  0.0
58.559999999999995  0.0
58.68  0.0
58.8  0.0
58.919999999999995  0.0
59.04  0.0
59.16  0.0
59.28  0.0
59.4  0.0
59.519999999999996  0.0
59.64  0.0
59.76  0.0
59.879999999999995  0.0
60.0  0.0
60.12  0.0
60.239999999999995  0.0
60.36  0.0
60.48  0.0
60.599999999999994  0.0
60.72  0.0
60.839999999999996  0.0
60.96  0.0
61.08  0.0
61.199999999999996  0.0
61.32  0.0
61.44  0.0
61.559999999999995  0.0
61.68  0.0
61.8  0.0
61.919999999999995  0.0
62.04  0.0
62.16  0.0
62.28  0.0
62.4  0.0
62.519999999999996  0.0
62.64  0.0
62.76  0.0
62.879999999999995  0.0
63.0  0.0
63.12  0.0
63.239999999999995  0.0
63.36  0.0
63.48  0.0
63.599999999999994  0.0
63.72  0.0
63.839999999999996  0.0
63.96  0.0
64.08  0.0
64.2  0.0
64.32  0.0
64.44  0.0
64.56  0.0
64.67999999999999  0.0
64.8  0.0
64.92  0.0
65.03999999999999  0.0
65.16  0.0
65.28  0.0
65.39999999999999  0.0
65.52  0.0
65.64  0.0
65.75999999999999  0.0
65.88  0.0
66.0  0.0
66.12  0.0
66.24  0.0
66.36  0.0
66.48  0.0
66.6  0.0
66.72  0.0
66.84  0.0
66.96  0.0
67.08  0.0
67.2  0.0
67.32  0.0
67.44  0.0
67.56  0.0
67.67999999999999  0.0
67.8  0.0
67.92  0.0
68.03999999999999  0.0
68.16  0.0
68.28  0.0
68.39999999999999  0.0
68.52  0.0
68.64  0.0
68.75999999999999  0.0
68.88  0.0
69.0  0.0
69.12  0.0
69.24  0.0
69.36  0.0
69.48  0.0
69.6  0.0
69.72  0.0
69.84  0.0
69.96  0.0
70.08  0.0
70.2  0.0
70.32  0.0
70.44  0.0
70.56  0.0
70.67999999999999  0.0
70.8  0.0
70.92  0.0
71.03999999999999  0.0
71.16  0.0
71.28  0.012704618558078112
71.39999999999999  0.027820027684834298
71.52  0.04293461812221988
71.64  0.05804427052344335
71.75999999999999  0.07314486638315845
71.88  0.08823228928681706
72.0  0.1033024261593933
72.11999999999999  0.11835116851314992
72.24  0.133374413694014
72.36  0.1483680661261777
72.48  0.1633280385545443
72.6  0.17825025328462435
72.72  0.19313064341950284
72.84  0.20796515409346295
72.96  0.22274974370191586
73.08  0.23748038512723624
73.2  0.2521530669600965
73.32  0.26676379471595846
73.44  0.28130859204632597
73.56  0.2957835019443469
73.67999999999999  0.3101845879444426
73.8  0.32450793531555483
73.92  0.3387496522476295
74.03999999999999  0.35290587103099497
74.16  0.36697274922825096
74.28  0.3809464708382808
74.39999999999999  0.3948232474520606
74.52  0.4085993193998887
74.64  0.42227095688964644
74.75999999999999  0.4358344611357867
74.88  0.44928616547866246
75.0  0.4626224364938406
75.11999999999999  0.47583967509108466
75.24  0.4889343176026324
75.36  0.5019028368604379
75.48  0.5147417432620491
75.6  0.5274475858247758
75.72  0.5400169532278315
75.84  0.5524464748420959
75.96  0.5647328217472138
76.08  0.5768727077356888
76.2  0.5888628903036548
76.32  0.6007001716280276
76.44  0.6123813995297334
76.56  0.6239034684226916
76.67999999999999  0.6352633202482816
76.8  0.6464579453949937
76.92  0.6574843836029538
77.03999999999999  0.6683397248530771
77.16  0.6790211102405516
77.28  0.689525732832373
77.39999999999999  0.6998508385086781
77.52  0.7099937267876117
77.64  0.7199517516334558
77.75999999999999  0.7297223222477851
77.88  0.7393029038434027
78.0  0.7486910184007892
78.11999999999999  0.7578842454068648
78.24  0.7668802225758145
78.36  0.7756766465517461
78.48  0.7842712735929802
78.6  0.7926619202377427
78.72  0.8008464639510691
78.84  0.8088228437526951
78.96  0.8165890608257667
79.08  0.824143179106163
79.2  0.8314833258522459
79.32  0.8386076921948724
79.44  0.8455145336674983
79.56  0.8522021707161875
79.67999999999999  0.858668989189399
79.8  0.8649134408073829
79.92  0.8709340436110345
80.03999999999999  0.8767293823900868
80.16  0.8822981090904942
80.28  0.8876389432008829
80.39999999999999  0.8927506721179552
80.52  0.8976321514907366
80.64  0.9022823055435427
80.75999999999999  0.9067001273775936
80.88  0.9108846792511616
81.0  0.9148350928381748
81.11999999999999  0.9185505694652006
81.24  0.9220303803267335
81.36  0.925273866678719
81.48  0.9282804400102651
81.6  0.9310495821934798
81.72  0.9335808456113966
81.84  0.9358738532639472
81.96  0.9379282988519531
82.08  0.9397439468391113
82.2  0.941320632491957
82.32  0.9426582618977932
82.44  0.9437568119605877
82.56  0.9446163303748362
82.67999999999999  0.945236935577408
82.8  0.9456188166773873
82.92  0.9457622333639405
83.03999999999999  0.9456675157922352
83.16  0.9453350644474561
83.28  0.944765349986957
83.39999999999999  0.9439589130606094
83.52  0.9429163641093974
83.64  0.9416383831423345
83.75999999999999  0.9401257194917707
83.88  0.9383791915471669
84.0  0.9363996864674347
84.11999999999999  0.9341881598719199
84.24  0.9317456355101427
84.36  0.9290732049103918
84.47999999999999  0.9261720270072977
84.6  0.9230433277484913
84.72  0.9196883996804853
84.84  0.9161086015139082
84.96  0.912305357668231
85.08  0.9082801577961286
85.2  0.9040345562876415
85.32  0.899570171754281
85.44  0.8948886864932493
85.56  0.889991845931958
85.67999999999999  0.884881458053
85.8  0.8795593927997784
85.92  0.8740275814629743
86.03999999999999  0.8682880160480521
86.16  0.8623427486239953
86.28  0.8561938906535027
86.39999999999999  0.8498436123048345
86.52  0.8432941417455373
86.64  0.8365477644182852
86.75999999999999  0.8296068222990471
86.88  0.8224737131378295
87.0  0.8151508896822396
87.11999999999999  0.8076408588841024
87.24  0.7999461810893997
87.36  0.7920694692117818
87.47999999999999  0.7840133878899138
87.6  0.775780652628921
87.72  0.7673740289262294
87.84  0.758796331382044
87.96  0.750050422794778
88.08  0.7411392132417006
88.2  0.7320656591451122
88.32  0.722832762324334
88.44  0.7134435690338083
88.56  0.7039011689876324
88.67999999999999  0.6942086943708218
88.8  0.6843693188376108
88.92  0.6743862564971419
89.03999999999999  0.6642627608868216
89.16  0.6540021239336983
89.28  0.6436076749041849
89.39999999999999  0.6330827793424609
89.52  0.6224308379978791
89.64  0.611655285741739
89.75999999999999  0.6007595904737526
89.88  0.5897472520185468
90.0  0.5786218010125852
90.11999999999999  0.5673867977818143
90.24  0.556045831210424
90.36  0.5446025176010723
90.47999999999999  0.5330604995269383
90.6  0.5214234446759507
90.72  0.5096950446875873
90.84  0.49787901398258827
90.96  0.48597908858596883
91.08  0.47399902494368995
91.2  0.4619425987333934
91.32  0.4498136036695355
91.44  0.4376158503033203
91.56  0.42535316481783
91.67999999999999  0.413029387818695
91.8  0.40064837312071155
91.92  0.388213986530796
92.03999999999999  0.3757301046276432
92.16  0.3632006135384759
92.28  0.3506294077133046
92.39999999999999  0.3380203886970391
92.52  0.3253774638998631
92.64  0.31270454536628167
92.75999999999999  0.3000055485431882
92.88  0.2872843910473672
93.0  0.27454499143282884
93.11999999999999  0.26179126795834445
93.24  0.24902713735557605
93.36  0.23625651359822053
93.47999999999999  0.22348330667251035
93.6  0.21071142134948317
93.72  0.19794475595942979
93.84  0.18518720116886142
93.96  0.17244263876042099
94.08  0.159714940416103
94.2  0.1470079665041802
94.32  0.13432556487021535
94.44  0.12167156963252634
94.56  0.10904979998251507
94.67999999999999  0.09646405899020999
94.8  0.08391813241540602
94.92  0.07141578752480446
95.03999999999999  0.058960771915481325
95.16  0.04655681234508646
95.28  0.034207613569137096
95.39999999999999  0.021916857185773464
95.52  0.009688200488322807
95.64  0.0
95.75999999999999  0.0
95.88  0.0
96.0  0.0
96.11999999999999  0.0
96.24  0.0
96.36  0.0
96.47999999999999  0.0
96.6  0.0
96.72  0.0
96.84  0.0
96.96  0.0
97.08  0.0
97.2  0.0
97.32  0.0
97.44  0.0
97.56  0.0
97.67999999999999  0.0
97.8  0.0
97.92  0.0
98.03999999999999  0.0
98.16  0.0
98.28  0.0
98.39999999999999  0.0
98.52  0.0
98.64  0.0
98.75999999999999  0.0
98.88  0.0
99.0  0.0
99.11999999999999  0.0
99.24  0.0
99.36  0.0
99.47999999999999  0.0
99.6  0.0
99.72  0.0
99.84  0.0
99.96  0.0
100.08  0.0
100.2  0.0
100.32  0.0
100.44  0.0
100.56  0.0
100.67999999999999  0.0
100.8  0.0
100.92  0.0
101.03999999999999  0.0
101.16  0.0
101.28  0.0
101.39999999999999  0.0
101.52  0.0
101.64  0.0
101.75999999999999  0.0
101.88  0.0
102.0  0.0
102.11999999999999  0.0
102.24  0.0
102.36  0.0
102.47999999999999  0.0
102.6  0.0
102.72  0.0
102.83999999999999  0.0
102.96  0.0
103.08  0.0
103.2  0.0
103.32  0.0
103.44  0.0
103.56  0.0
103.67999999999999  0.0
103.8  0.0
103.92  0.0
104.03999999999999  0.0
104.16  0.0
104.28  0.0
104.39999999999999  0.0
104.52  0.0
104.64  0.0
104.75999999999999  0.0
104.88  0.0
105.0  0.0
105.11999999999999  0.0
105.24  0.0
105.36  0.0
105.47999999999999  0.0
105.6  0.0
105.72  0.0
105.83999999999999  0.0
105.96  0.0
106.08  0.0
106.2  0.0
106.32  0.0
106.44  0.0
106.56  0.0
106.67999999999999  0.0
106.8  0.0
106.92  0.0
107.03999999999999  0.0
107.16  0.0
107.28  0.0
107.39999999999999  0.0
107.52  0.0
107.64  0.0
107.75999999999999  0.0
107.88  0.0
108.0  0.0
108.11999999999999  0.0
108.24  0.0
108.36  0.0
108.47999999999999  0.0
108.6  0.0
108.72  0.0
108.83999999999999  0.0
108.96  0.0
109.08  0.0
109.2  0.0
109.32  0.0
109.44  0.0
109.56  0.0
109.67999999999999  0.0
109.8  0.0
109.92  0.0
110.03999999999999  0.0
110.16  0.0
110.28  0.0
110.39999999999999  0.0
110.52  0.0
110.64  0.0
110.75999999999999  0.0
110.88  0.0
111.0  0.0
111.11999999999999  0.0
111.24  0.0
111.36  0.0
111.47999999999999  0.0
111.6  0.0
111.72  0.0
111.83999999999999  0.0
111.96  0.0
112.08  0.0
112.2  0.0
112.32  0.0
112.44  0.0
112.56  0.0
112.67999999999999  0.0
112.8  0.0
112.92  0.0
113.03999999999999  0.0
113.16  0.0
113.28  0.0
113.39999999999999  0.0
113.52  0.0
113.64  0.0
113.75999999999999  0.0
113.88  0.0
114.0  0.0
114.11999999999999  0.0
114.24  0.0
114.36  0.0
114.47999999999999  0.0
114.6  0.0
114.72  0.00915153324665803
114.83999999999999  0.01847938067149177
114.96  0.027781371236066763
115.08  0.03705390766930834
115.19999999999999  0.04629340375850814
115.32  0.05549628553994476
115.44  0.0646589924854607
115.56  0.0737779786846465
115.67999999999999  0.08284971402222369
115.8  0.09187068535027117
115.92  0.10083739765488725
116.03999999999999  0.10974637521695771
116.16  0.1185941627666142
116.28  0.1273773266310536
116.39999999999999  0.1360924558752999
116.52  0.14473616343559523
116.64  0.15330508724502476
116.75999999999999  0.16179589135101902
116.88  0.1702052670243886
117.0  0.1785299338595065
117.11999999999999  0.18676664086532305
117.24  0.19491216754683993
117.36  0.20296332497668707
117.47999999999999  0.21091695685648776
117.6  0.21876994056765395
117.72  0.22651918821126313
117.83999999999999  0.23416164763670894
117.96  0.24169430345878387
118.08  0.24911417806285124
118.19999999999999  0.25641833259781305
118.32  0.2636038679565331
118.44  0.27066792574341875
118.56  0.2776076892288181
118.67999999999999  0.2844203842899704
118.8  0.29110328033817046
118.92  0.2976536912318727
119.03999999999999  0.30406897617542156
119.16  0.31034654060314837
119.28  0.31648383704850575
119.39999999999999  0.322478365998011
119.52  0.3283276767296921
119.64  0.33402936813576567
119.75999999999999  0.3395810895293022
119.88  0.3449805414346071
120.0  0.35022547636105517
