0.0  0.25117497317434456  100.0
0.12  0.24801339636858338
0.24  0.24468398230452548
0.36  0.24118817488475686
0.48  0.23752747816226194
0.6  0.2337034558306822
0.72  0.22971773069505608
0.84  0.22557198412321244
0.96  0.22126795547799222
1.08  0.2168074415304833
1.2  0.21219229585445493
1.3199999999999998  0.20742442820218931
1.44  0.2025058038619097
1.56  0.19743844299701163
1.68  0.192224419967311
1.7999999999999998  0.18686586263252636
1.92  0.18136495163821886
2.04  0.17572391968442225
2.16  0.1699450507771943
2.28  0.1640306794633335
2.4  0.15798319004850409
2.52  0.15180501579902406
2.6399999999999997  0.14549863812756986
2.76  0.13906658576306008
2.88  0.13251143390498699
3.0  0.12583580336246347
3.12  0.11904235967826715
3.2399999999999998  0.11213381223815783
3.36  0.10511291336575818
3.48  0.09798245740328776
3.5999999999999996  0.09074527977844321
3.7199999999999998  0.08340425605772772
3.84  0.07596230098653112
3.96  0.06842236751627084
4.08  0.06078744581890483
4.2  0.053060562289132585
4.32  0.045244778534607066
4.4399999999999995  0.03734319035447903
4.56  0.029358926706603006
4.68  0.02129514866373694
4.8  0.013155048359069776
4.92  0.004941847921416109
5.04  0.0
5.16  0.0
5.279999999999999  0.0
5.3999999999999995  0.0
5.52  0.0
5.64  0.0
5.76  0.0
5.88  0.0
6.0  0.0
6.12  0.0
6.24  0.0
6.359999999999999  0.0
6.4799999999999995  0.0
6.6  0.0
6.72  0.0
6.84  0.0
6.96  0.0
7.08  0.0
7.199999999999999  0.0
7.319999999999999  0.0
7.4399999999999995  0.0
7.56  0.0
7.68  0.0
7.8  0.0
7.92  0.0
8.04  0.0
8.16  0.0
8.28  0.0
8.4  0.0
8.52  0.0
8.64  0.0
8.76  0.0
8.879999999999999  0.0
9.0  0.0
9.12  0.0
9.24  0.0
9.36  0.0
9.48  0.0
9.6  0.0
9.719999999999999  0.0
9.84  0.0
9.959999999999999  0.0
10.08  0.0
10.2  0.0
10.32  0.0
10.44  0.0
10.559999999999999  0.0
10.68  0.0
10.799999999999999  0.0
10.92  0.0
11.04  0.0
11.16  0.0
11.28  0.0
11.4  0.0
11.52  0.0
11.639999999999999  0.0
11.76  0.0
11.879999999999999  0.0
12.0  0.0
12.12  0.0
12.24  0.0
12.36  0.0
12.48  0.0
12.6  0.0
12.719999999999999  0.0
12.84  0.0
12.959999999999999  0.0
13.08  0.0
13.2  0.0
13.32  0.0
13.44  0.0
13.559999999999999  0.0
13.68  0.0
13.799999999999999  0.0
13.92  0.0
14.04  0.0
14.16  0.0
14.28  0.0
14.399999999999999  0.0
14.52  0.0
14.639999999999999  0.0
14.76  0.0
14.879999999999999  0.0
15.0  0.0
15.12  0.0
15.24  0.0
15.36  0.0
15.479999999999999  0.0
15.6  0.0
15.719999999999999  0.0
15.84  0.0
15.959999999999999  0.0
16.08  0.0
16.2  0.0
16.32  0.0
16.439999999999998  0.0
16.56  0.0
16.68  0.0
16.8  0.0
16.919999999999998  0.0
17.04  0.0
17.16  0.0
17.28  0.0
17.4  0.0
17.52  0.0
17.64  0.0
17.759999999999998  0.0
17.88  0.0
18.0  0.0
18.12  0.0
18.24  0.0
18.36  0.0
18.48  0.0
18.599999999999998  0.0
18.72  0.0
18.84  0.0
18.96  0.0
19.08  0.0
19.2  0.0
19.32  0.0
19.439999999999998  0.0
19.56  0.0
19.68  0.0
19.8  0.0
19.919999999999998  0.0
20.04  0.0
20.16  0.0
20.279999999999998  0.0
20.4  0.0
20.52  0.0
20.64  0.0
20.759999999999998  0.0
20.88  0.0
21.0  0.0
21.119999999999997  0.0
21.24  0.0
21.36  0.0
21.48  0.0
21.599999999999998  0.0
21.72  0.0
21.84  0.0
21.96  0.0
22.08  0.0
22.2  0.0
22.32  0.0
22.439999999999998  0.0
22.56  0.0
22.68  0.0
22.8  0.0
22.919999999999998  0.0
23.04  0.0
23.16  0.0
23.279999999999998  0.0
23.4  0.0
23.52  0.0
23.64  0.0
23.759999999999998  0.0
23.88  0.0
24.0  0.0
24.119999999999997  0.0
24.24  0.0
24.36  0.0
24.48  0.0
24.599999999999998  0.0
24.72  0.0
24.84  0.0
24.96  0.0
25.08  0.0
25.2  0.0
25.32  0.0
25.439999999999998  0.0
25.56  0.0
25.68  0.0
25.8  0.0
25.919999999999998  0.0
26.04  0.013256001180023902
26.16  0.026849141103270746
26.279999999999998  0.04050809920674037
26.4  0.054229136509272746
26.52  0.06800848810208548
26.64  0.08184236429327124
26.759999999999998  0.09572695176066967
26.88  0.10965841471276583
27.0  0.12363289605723654
27.119999999999997  0.13764651857678875
27.24  0.1516953861119221
27.36  0.1657755847502281
27.48  0.17988318402188075
27.599999999999998  0.19401423810091592
27.72  0.2081647870119421
27.84  0.22233085784188922
27.959999999999997  0.23650846595642763
28.08  0.250693616220667
28.2  0.2648823042237545
28.32  0.27907051750698875
28.439999999999998  0.29325423679506063
28.56  0.3074294372300378
28.68  0.3215920896077018
28.799999999999997  0.335738161615851
28.919999999999998  0.3498636190741831
29.04  0.363964427175357
29.16  0.37803655172685946
29.279999999999998  0.3920759603932687
29.4  0.40607862393854555
29.52  0.420040517467934
29.64  0.433957621669107
29.759999999999998  0.44782592405215066
29.88  0.46164142018800264
30.0  0.4754001149449534
30.119999999999997  0.4890980237228221
30.24  0.5027311736844207
30.36  0.5162956049839077
30.48  0.5297873719916658
30.599999999999998  0.5432025445152939
30.72  0.5565372090163498
30.84  0.5697874698224401
30.959999999999997  0.5829494503342968
31.08  0.5960192942274434
31.2  0.6089931666480803
31.32  0.6218672554028105
31.439999999999998  0.6346377721418313
31.56  0.6473009535352179
31.68  0.6598530624419287
31.799999999999997  0.6722903890711646
31.919999999999998  0.6846092521357183
32.04  0.6968059999969392
32.16  0.7088770118009702
32.28  0.7208186986058827
32.4  0.7326275044993605
32.519999999999996  0.7442999077065862
32.64  0.7558324216879634
32.76  0.7672215962263482
32.879999999999995  0.7784640185034337
33.0  0.789556314164954
33.12  0.8004951483743634
33.24  0.8112772268546762
33.36  0.8218992969181108
33.48  0.8323581484832413
33.6  0.842650615079317
33.72  0.8527735748374333
33.839999999999996  0.8627239514682572
33.96  0.8724987152259749
34.08  0.8820948838581741
34.199999999999996  0.8915095235413595
34.32  0.9007397498017946
34.44  0.9097827284213881
34.56  0.9186356763283405
34.68  0.9272958624722607
34.8  0.9357606086834813
34.92  0.9440272905163025
35.04  0.9520933380758878
35.16  0.9599562368285683
35.28  0.9676135283952778
35.4  0.9750628113278808
35.519999999999996  0.9823017418681492
35.64  0.9893280346891349
35.76  0.9961394636187166
35.879999999999995  1.0027338623450845
36.0  1.0091091251039408
36.12  1.0152632073471963
36.24  1.0211941263929587
36.36  1.026899962056594
36.48  1.0323788572626715
36.6  1.0376290186375958
36.72  1.0426487170827279
36.839999999999996  1.0474362883278343
36.96  1.0519901334646629
37.08  1.0563087194604954
37.199999999999996  1.0603905796515076
37.32  1.0642343142157737
37.44  1.067838590625771
37.559999999999995  1.0712021440802442
37.68  1.074323777915279
37.8  1.0772023639944683
37.92  1.0798368430780354
38.04  1.0822262251708021
38.16  1.0843695898488899
38.28  1.0862660865650453
38.4  1.0879149349325
38.519999999999996  1.089315424987263
38.64  1.0904669174287727
38.76  1.0913688438388216
38.879999999999995  1.0920207068786874
39.0  1.0924220804644067
39.12  1.092572609920134
39.24  1.0924720121095335
39.36  1.0921200755451623
39.48  1.0915166604758113
39.6  1.090661698951769
39.72  1.0895551948679907
39.839999999999996  1.0881972239851532
39.96  1.0865879339285904
40.08  1.0847275441651076
40.199999999999996  1.0826163459576752
40.32  1.0802547022980216
40.44  1.0776430478171393
40.559999999999995  1.0747818886737313
40.68  1.0716718024206313
40.8  1.068313437849242
40.92  1.0647075148120275
41.04  1.0608548240231286
41.16  1.0567562268371464
41.28  1.0524126550061765
41.4  1.0478251104151572
41.519999999999996  1.042994664795616
41.64  1.0379224594179077
41.76  1.0326097047620315
41.879999999999995  1.0270576801671332
42.0  1.0212677334597993
42.12  1.01524128056126
42.239999999999995  1.008979805073618
42.36  1.002484857845237
42.48  0.9957580565154223
42.6  0.9888010850385304
42.72  0.981615693187667
42.839999999999996  0.9742036960381113
42.96  0.966566973430643
43.08  0.9587074694149298
43.199999999999996  0.9506271916731466
43.32  0.9423282109240152
43.44  0.9338126603074435
43.559999999999995  0.9250827347499526
43.68  0.9161406903110978
43.8  0.9069888435110847
43.92  0.8976295706397788
44.04  0.8880653070473479
44.16  0.87829854641673
44.28  0.8683318400181762
44.4  0.8581677959460916
44.519999999999996  0.8478090783384067
44.64  0.8372584065787392
44.76  0.8265185544815776
44.879999999999995  0.8155923494607528
45.0  0.8044826716814479
45.12  0.793192453196027
45.239999999999995  0.7817246770639263
45.36  0.7700823764559122
45.48  0.7582686337429659
45.6  0.7462865795700808
45.72  0.7341393919152779
45.839999999999996  0.721830295134107
45.96  0.7093625589899595
46.08  0.6967394976704777
46.199999999999996  0.6839644687903701
46.32  0.6710408723809511
46.44  0.6579721498667226
46.559999999999995  0.6447617830292995
46.68  0.6314132929590228
46.8  0.6179302389945862
46.92  0.6043162176509859
47.04  0.5905748615361641
47.16  0.576709838256648
47.28  0.5627248493125554
47.4  0.5486236289822993
47.519999999999996  0.534409943197333
47.64  0.5200875884073077
47.76  0.50566039043598
47.879999999999995  0.4911322033282313
48.0  0.4765069081885618
48.12  0.4617884120114297
48.239999999999995  0.44698064650377556
48.36  0.4320875669001344
48.48  0.4171131507706825
48.6  0.4020613968225903
48.72  0.3869363236950805
48.839999999999996  0.37174196874853205
48.96  0.35648238684804334
49.08  0.34116164914181385
49.199999999999996  0.3257838418347244
49.32  0.3103530649575174
49.44  0.2948734311319494
49.559999999999995  0.2793490643322942
49.68  0.26378409864360064
49.8  0.24818267701708993
49.92  0.23254895002306047
50.04  0.2168870746017282
50.16  0.2012012128123491
50.28  0.1854955305810538
50.4  0.16977419644776243
50.519999999999996  0.15404138031257
50.64  0.1383012521820142
50.76  0.12255798091559561
50.879999999999995  0.10681573297295263
51.0  0.09107867116207877
51.12  0.07535095338898351
51.239999999999995  0.05963673140916284
51.36  0.043940149581300714
51.48  0.028265343623569916
51.6  0.012616439372917093
51.72  0.0
51.839999999999996  0.0
51.96  0.0
52.08  0.0
52.199999999999996  0.0
52.32  0.0
52.44  0.0
52.559999999999995  0.0
52.68  0.0
52.8  0.0
52.919999999999995  0.0
53.04  0.0
53.16  0.0
53.28  0.0
53.4  0.0
53.519999999999996  0.0
53.64  0.0
53.76  0.0
53.879999999999995  0.0
54.0  0.0
54.12  0.0
54.239999999999995  0.0
54.36  0.0
54.48  0.0
54.6  0.0
54.72  0.0
54.839999999999996  0.0
54.96  0.0
55.08  0.0
55.199999999999996  0.0
55.32  0.0
55.44  0.0
55.559999999999995  0.0
55.68  0.0
55.8  0.0
55.919999999999995  0.0
56.04  0.0
56.16  0.0
56.28  0.0
56.4  0.0
56.519999999999996  0.0
56.64  0.0
56.76  0.0
56.879999999999995  0.0
57.0  0.0
57.12  0.0
57.239999999999995  0.0
57.36  0.0
57.48  0.0
57.599999999999994  0.0
57.72  0.0
57.839999999999996  0.0
57.96  0.0
58.08  0.0
58.199999999999996  0.0
58.32  0.0
58.44  0.0
58.559999999999995  0.0
58.68  0.0
58.8  0.0
58.919999999999995  0.0
59.04  0.0
59.16  0.0
59.28  0.0
59.4  0.0
59.519999999999996  0.0
59.64  0.0
59.76  0.0
59.879999999999995  0.0
60.0  0.0
60.12  0.0
60.239999999999995  0.0
60.36  0.0
60.48  0.0
60.599999999999994  0.0
60.72  0.0
60.839999999999996  0.0
60.96  0.0
61.08  0.0
61.199999999999996  0.0
61.32  0.0
61.44  0.0
61.559999999999995  0.0
61.68  0.0
61.8  0.0
61.919999999999995  0.0
62.04  0.0
62.16  0.0
62.28  0.0
62.4  0.0
62.519999999999996  0.0
62.64  0.0
62.76  0.0
62.879999999999995  0.0
63.0  0.0
63.12  0.0
63.239999999999995  0.0
63.36  0.0
63.48  0.0
63.599999999999994  0.0
63.72  0.0
63.839999999999996  0.0
63.96  0.0
64.08  0.0
64.2  0.0
64.32  0.0
64.44  0.0
64.56  0.0
64.67999999999999  0.0
64.8  0.0
64.92  0.0
65.03999999999999  0.0
65.16  0.0
65.28  0.0
65.39999999999999  0.0
65.52  0.0
65.64  0.0
65.75999999999999  0.0
65.88  0.0
66.0  0.0
66.12  0.0
66.24  0.0
66.36  0.0
66.48  0.0
66.6  0.0
66.72  0.0
66.84  0.0
66.96  0.0
67.08  0.0
67.2  0.0
67.32  0.0
67.44  0.0
67.56  0.0
67.67999999999999  0.0
67.8  0.0
67.92  0.0
68.03999999999999  0.0
68.16  0.0
68.28  0.0
68.39999999999999  0.0
68.52  0.0
68.64  0.0
68.75999999999999  0.0
68.88  0.0
69.0  0.0
69.12  0.0
69.24  0.0
69.36  0.0
69.48  0.0
69.6  0.0
69.72  0.0
69.84  0.0
69.96  0.0
70.08  0.0
70.2  0.0
70.32  0.0
70.44  0.0
70.56  0.0
70.67999999999999  0.0
70.8  0.0
70.92  0.0
71.03999999999999  0.0
71.16  0.0
71.28  0.0
71.39999999999999  0.0
71.52  0.0
71.64  0.0
71.75999999999999  0.0
71.88  0.0
72.0  0.0
72.11999999999999  0.0
72.24  0.0
72.36  0.0
72.48  0.0
72.6  0.0
72.72  0.0
72.84  0.0
72.96  0.0
73.08  0.0
73.2  0.0
73.32  0.0
73.44  0.0
73.56  0.0
73.67999999999999  0.0
73.8  0.0
73.92  0.0
74.03999999999999  0.0
74.16  0.0
74.28  0.0
74.39999999999999  0.0
74.52  0.0
74.64  0.0
74.75999999999999  0.0
74.88  0.0
75.0  0.0
75.11999999999999  0.0
75.24  0.0
75.36  0.0
75.48  0.0
75.6  0.0
75.72  0.0
75.84  0.0
75.96  0.003729675123473164
76.08  0.013032986218182718
76.2  0.022233653888112048
76.32  0.03132871313265129
76.44  0.04031524064797992
76.56  0.04919035575694808
76.67999999999999  0.05795122132477082
76.8  0.06659504466023913
76.92  0.07511907840214094
77.03999999999999  0.08352062139064576
77.16  0.09179701952335406
77.28  0.09994566659574178
77.39999999999999  0.10796400512573745
77.52  0.11584952716217839
77.64  0.12359977507686998
77.75999999999999  0.13121234234001772
77.88  0.13868487427878007
78.0  0.14601506881868748
78.11999999999999  0.15320067720771907
78.24  0.16023950472278975
78.36  0.16712941135842652
78.48  0.17386831249742124
78.6  0.18045417956324472
78.72  0.18688504065402123
78.84  0.19315898115784946
78.96  0.1992741443492943
79.08  0.20522873196685076
79.2  0.21102100477119212
79.32  0.2166492830840404
79.44  0.22211194730748574
79.56  0.22740743842357541
79.67999999999999  0.23253425847403963
79.8  0.23749097101998928
79.92  0.2422762015814371
80.03999999999999  0.24688863805651695
80.16  0.2513270311202645
80.28  0.2555901946028251
80.39999999999999  0.2596770058469859
80.52  0.2635864060449135
80.64  0.26731740055398406
80.75999999999999  0.2708690591916233
80.88  0.2742405165090524
81.0  0.27743097204385847
81.11999999999999  0.28043969055131257
81.24  0.28326600221436415
81.36  0.28590930283224186
81.48  0.28836905398761215
81.6  0.290644783192236
81.72  0.2927360840110855
81.84  0.29464261616487863
81.96  0.2963641056110067
82.08  0.29790034460282777
82.2  0.2992511917273091
82.32  0.30041657192101157
82.44  0.30139647646441264
82.56  0.30219096295456943
82.67999999999999  0.302800155256139
82.8  0.30322424343076504
82.92  0.3034634836448668
83.03999999999999  0.30351819805585195
83.16  0.3033887746767997
83.28  0.3030756672196543
83.39999999999999  0.30257939491698643
83.52  0.30190054232237834
83.64  0.30103975908949865
83.75999999999999  0.29999775972994464
83.88  0.2987753233499224
84.0  0.29737329336586504
84.11999999999999  0.29579257719906754
84.24  0.2940341459494496
84.36  0.29209903404854415
84.47999999999999  0.28998833889183595
84.6  0.28770322045055635
84.72  0.2852449008630718
84.84  0.2826146640059936
84.96  0.2798138550451514
85.08  0.2768438799665689
85.2  0.2737062050876081
85.32  0.2704023565484269
85.44  0.26693391978391534
85.56  0.26330253897629974
85.67999999999999  0.25950991648856453
85.8  0.25555781227889696
85.92  0.2514480432963337
86.03999999999999  0.24718248285780958
86.16  0.24276306000680165
86.28  0.23819175885379018
86.39999999999999  0.2334706178987362
86.52  0.22860172933579564
86.64  0.2235872383405092
86.75999999999999  0.21842934233967604
86.88  0.21313029026416264
87.0  0.20769238178488525
87.11999999999999  0.20211796653220448
87.24  0.19640944329899424
87.36  0.19056925922763784
87.47999999999999  0.18459990898120882
87.6  0.1785039338991053
87.72  0.1722839211374248
87.84  0.16594250279432843
87.96  0.15948235502070213
88.08  0.15290619711638342
88.2  0.14621679061225884
88.32  0.13941693833851904
88.44  0.1325094834793702
88.56  0.1254973086145132
88.67999999999999  0.11838333474769758
88.8  0.11117052032264746
88.92  0.10386186022671262
89.03999999999999  0.09646038478252117
89.16  0.08896915872798927
89.28  0.08139128018500419
89.39999999999999  0.07372987961711791
89.52  0.06598811877657723
89.64  0.05816918964104145
89.75999999999999  0.0502763133403234
89.88  0.04231273907348676
90.0  0.03428174301668635
90.11999999999999  0.026186627222051617
90.24  0.01803071850800575
90.36  0.009817367341361488
90.47999999999999  0.0015499467115605015
90.6  0.0
90.72  0.0
90.84  0.0
90.96  0.0
91.08  0.0
91.2  0.0
91.32  0.0
91.44  0.0
91.56  0.0
91.67999999999999  0.0
91.8  0.0
91.92  0.0
92.03999999999999  0.0
92.16  0.0
92.28  0.0
92.39999999999999  0.0
92.52  0.0
92.64  0.0
92.75999999999999  0.0
92.88  0.0
93.0  0.0
93.11999999999999  0.0
93.24  0.0
93.36  0.0
93.47999999999999  0.0
93.6  0.0
93.72  0.0
93.84  0.0
93.96  0.0
94.08  0.0
94.2  0.0
94.32  0.0
94.44  0.0
94.56  0.0
94.67999999999999  0.0
94.8  0.0
94.92  0.0
95.03999999999999  0.0
95.16  0.0
95.28  0.0
95.39999999999999  0.0
95.52  0.0
95.64  0.0
95.75999999999999  0.0
95.88  0.0
96.0  0.0
96.11999999999999  0.0
96.24  0.0
96.36  0.0
96.47999999999999  0.0
96.6  0.0
96.72  0.0
96.84  0.0
96.96  0.0
97.08  0.0
97.2  0.0
97.32  0.0
97.44  0.0
97.56  0.0
97.67999999999999  0.0
97.8  0.0
97.92  0.0
98.03999999999999  0.0
98.16  0.0
98.28  0.0
98.39999999999999  0.0
98.52  0.0
98.64  0.0
98.75999999999999  0.0
98.88  0.0
99.0  0.0
99.11999999999999  0.0
99.24  0.0
99.36  0.0
99.47999999999999  0.0
99.6  0.0
99.72  0.0
99.84  0.0
99.96  0.0
100.08  0.0
100.2  0.0
100.32  0.0
100.44  0.0
100.56  0.0
100.67999999999999  0.0
100.8  0.0
100.92  0.0
101.03999999999999  0.0
101.16  0.0
101.28  0.0
101.39999999999999  0.0
101.52  0.0
101.64  0.0
101.75999999999999  0.0
101.88  0.0
102.0  0.0
102.11999999999999  0.0
102.24  0.0
102.36  0.0
102.47999999999999  0.0
102.6  0.0
102.72  0.0
102.83999999999999  0.0
102.96  0.0
103.08  0.0
103.2  0.0
103.32  0.0
103.44  0.0
103.56  0.0
103.67999999999999  0.0
103.8  0.0
103.92  0.0
104.03999999999999  0.0
104.16  0.0
104.28  0.0
104.39999999999999  0.0
104.52  0.0
104.64  0.0
104.75999999999999  0.0
104.88  0.0
105.0  0.0
105.11999999999999  0.0
105.24  0.0
105.36  0.0
105.47999999999999  0.0
105.6  0.0
105.72  0.0
105.83999999999999  0.0
105.96  0.0
106.08  0.0
106.2  0.0
106.32  0.0
106.44  0.0
106.56  0.0
106.67999999999999  0.0
106.8  0.0
106.92  0.0
107.03999999999999  0.0
107.16  0.0
107.28  0.0
107.39999999999999  0.0
107.52  0.0
107.64  0.0
107.75999999999999  0.0
107.88  0.0
108.0  0.0
108.11999999999999  0.0
108.24  0.0
108.36  0.0
108.47999999999999  0.0
108.6  0.0
108.72  0.0
108.83999999999999  0.0
108.96  0.0
109.08  0.0
109.2  0.0
109.32  0.0
109.44  0.0
109.56  0.0
109.67999999999999  0.0
109.8  0.0
109.92  0.0
110.03999999999999  0.0
110.16  0.0
110.28  0.00530658735763162
110.39999999999999  0.018112178277321256
110.52  0.030994154954672504
110.64  0.0439489311578361
110.75999999999999  0.0569728906866554
110.88  0.07006238847789875
111.0  0.08321375172019246
111.11999999999999  0.09642328097835517
111.24  0.1096872513267435
111.36  0.12300191349127468
111.47999999999999  0.13636349499974112
111.6  0.14976820134008897
111.72  0.16321221712627473
111.83999999999999  0.1766917072713335
111.96  0.19020281816731233
112.08  0.2037416788716529
112.2  0.21730440229970419
112.32  0.2308870864229508
112.44  0.24448581547260678
112.56  0.2580966611481572
112.67999999999999  0.27171568383051936
112.8  0.2853389337994104
112.92  0.29896245245452335
113.03999999999999  0.3125822735401691
113.16  0.3261944243729771
113.28  0.33979492707224235
113.39999999999999  0.3533797997925815
113.52  0.3669450579584838
113.64  0.38048671550034463
113.75999999999999  0.3940007860916436
113.88  0.40748328438683534
114.0  0.4209302272595799
114.11999999999999  0.43433763504091827
114.24  0.44770153275701663
114.36  0.4610179513660498
114.47999999999999  0.47428292899388425
114.6  0.4874925121681484
114.72  0.5006427570502735
114.83999999999999  0.5137297306651694
114.96  0.5267495121281158
115.08  0.5396981938684687
115.19999999999999  0.5525718828498307
115.32  0.5653667017862869
115.44  0.5780787903542924
115.56  0.5907043063998824
115.67999999999999  0.6032394271407777
115.8  0.6156803503630417
115.92  0.6280232956118659
116.03999999999999  0.6402645053761613
116.16  0.6524002462665401
116.28  0.6644268101863433
116.39999999999999  0.6763405154953084
116.52  0.6881377081655575
116.64  0.6998147629294993
116.75999999999999  0.711368084419301
116.88  0.7227941082975762
117.0  0.7340893023788995
117.11999999999999  0.7452501677418348
117.24  0.7562732398311056
117.36  0.7671550895495387
117.47999999999999  0.7778923243394766
117.6  0.7884815892532921
117.72  0.7989195680126546
117.83999999999999  0.8092029840562426
117.96  0.8193286015755582
118.08  0.8292932265384931
118.19999999999999  0.8390937077003628
118.32  0.8487269376020552
118.44  0.8581898535550005
118.56  0.867479438612623
118.67999999999999  0.8765927225279981
118.8  0.8855267826973912
118.92  0.894278745089382
119.03999999999999  0.9028457851592819
119.16  0.9112251287485635
119.28  0.9194140529689875
119.39999999999999  0.9274098870711842
119.52  0.9352100132973948
119.64  0.9428118677180881
119.75999999999999  0.9502129410522161
119.88  0.9574107794708333
120.0  0.9644029853838112
