0.0  0.0
1.68  0.0
3.36  15.349188777009367
5.04  40.04544728671788
6.72  62.02623456849424
8.4  72.39894304065946
10.08  66.96716131814019
11.76  47.928385910433455
13.44  0.0
15.12  0.0
16.8  0.0
18.48  0.0
20.16  0.0
21.84  13.891479643647695
23.52  33.23766544582228
25.2  39.137130165996496
26.88  29.203170178592515
28.56  7.454695578487845
30.24  0.0
31.919999999999998  0.0
33.6  0.0
35.28  0.0
36.96  0.0
38.64  20.57216582711892
40.32  36.58925635625743
42.0  37.8036969934419
43.68  23.724170304074452
45.36  0.04672821656455106
47.04  0.0
48.72  0.0
50.4  0.0
52.08  0.0
53.76  3.674620402139044
55.44  26.51434770640679
57.12  38.62735779100768
58.8  35.11317807802908
60.48  17.39351474925647
62.16  0.0
63.839999999999996  0.0
65.52  0.0
67.2  0.0
68.88  0.0
70.56  10.984984967471547
72.24  31.50471148018519
73.92  39.27880551959909
75.6  31.162158281858325
77.28  10.438462832132801
78.96  0.0
80.64  0.0
82.32  0.0
84.0  0.0
85.67999999999999  0.0
87.36  17.90100803526601
89.03999999999999  35.364111930719226
90.72  38.52021372278643
92.39999999999999  26.092472215340084
94.08  3.1086885938219737
95.75999999999999  0.0
97.44  0.0
99.11999999999999  0.0
100.8  0.0
102.47999999999999  0.6147615552372825
104.16  24.174416630944954
105.83999999999999  37.95400341977932
107.52  36.37881450203005
109.2  20.086112625977663
110.88  0.0
112.56  0.0
114.24  0.0
115.92  0.0
117.6  0.0
119.28  8.011631021578344
120.96  29.5800065009195
122.64  39.18141343158296
124.32  32.931480295302535
126.0  13.358697181182048
127.67999999999999  0.0
129.35999999999999  0.0
131.04  0.0
132.72  0.0
134.4  0.0
136.07999999999998  15.120897128958998
137.76  33.92372654628339
139.44  39.00228012138657
141.12  28.30196429276459
142.79999999999998  6.151728176032587
144.48  0.0
146.16  0.0
147.84  0.0
149.51999999999998  0.0
151.2  0.0
152.88  21.687349820062202
154.56  37.04964491345251
156.23999999999998  37.423034057644415
157.92  22.656457916500734
159.6  0.0
161.28  0.0
162.96  0.0
164.64  0.0
166.32  0.0
168.0  4.989514897045312
