0.0  23.562156180869295
1.68  45.91237196601111
3.36  31.55755704097608
5.04  22.3843720678559
6.72  45.15973032043811
8.4  33.426230044296915
10.08  21.42166162627605
11.76  44.174779275080546
13.44  1.9597449168258594
15.12  0.0
16.8  9.643533180131536
18.48  3.788097275994085
20.16  0.0
21.84  8.25618965550988
23.52  5.542038924489338
25.2  0.0
26.88  6.706667365413818
28.56  7.187116669841894
30.24  0.0
31.919999999999998  5.02540403263897
33.6  8.691015765300197
35.28  0.0
36.96  3.2454252080901567
38.64  10.024194677920432
40.32  0.0
42.0  1.4016955401559716
43.68  11.160465381600016
45.36  0.0
47.04  0.0
48.72  12.077507776189172
50.4  0.0
52.08  0.0
53.76  12.757308127792665
55.44  0.0
57.12  0.0
58.8  13.186512917851505
60.48  0.0
62.16  0.0
63.839999999999996  13.356691150241256
65.52  0.0
67.2  0.0
68.88  13.264499963812808
70.56  0.0
72.24  0.0
73.92  12.91175029719844
75.6  0.0
77.28  0.0
78.96  12.305371316010795
80.64  0.0
82.32  0.0
84.0  11.457274301201855
85.67999999999999  0.8458659342648378
87.36  0.0
89.03999999999999  10.38411867226195
90.72  2.7016162953127463
92.39999999999999  0.0
94.08  9.106984741335925
95.75999999999999  4.504298011642025
97.44  0.0
99.11999999999999  7.650959626441072
100.8  6.218500475272584
102.47999999999999  0.0
104.16  6.044644457819067
105.83999999999999  7.810551102249458
107.52  0.0
109.2  4.319592557507966
110.88  9.24917677312783
112.56  0.0
114.24  2.509689628143046
115.92  10.506118140070752
117.6  0.0
119.28  0.650488126119785
120.96  11.556684733543424
122.64  0.0
124.32  0.0
126.0  12.380239964478507
127.67999999999999  0.0
129.35999999999999  0.0
131.04  12.960606494876211
132.72  0.0
134.4  0.0
136.07999999999998  13.286384014017745
137.76  0.0
139.44  0.0
141.12  13.351173178128679
142.79999999999998  0.0
144.48  0.0
146.16  13.153701314573079
147.84  0.0
149.51999999999998  0.0
151.2  12.697847421337023
152.88  0.0
154.56  0.0
156.23999999999998  11.992565970728922
157.92  0.0
159.6  0.0
161.28  11.051711014041858
162.96  1.5961448263038704
164.64  0.0
166.32  9.89376404234222
168.0  3.434895008600275
