0.0  40.55289974180492
1.68  21.59805819858491
3.36  36.88618599439942
5.04  41.8072603260174
6.72  22.001822593807407
8.4  35.26118908332178
10.08  42.89516506610127
11.76  22.628175192471907
13.44  0.2649894005147102
15.12  10.461910595443662
16.8  0.0
18.48  0.0
20.16  11.156483066470468
21.84  0.0
23.52  0.0
25.2  11.631905454196007
26.88  0.0
28.56  0.0
30.24  11.87883889661035
31.919999999999998  0.0
33.6  0.0
35.28  11.892432807363619
36.96  0.0
38.64  0.0
40.32  11.672420157262472
42.0  0.0
43.68  0.0
45.36  11.223122719603154
47.04  0.0
48.72  0.0
50.4  10.55336617630563
52.08  0.07102408967828033
53.76  0.0
55.44  9.676306752443816
57.12  1.7361779181206236
58.8  0.0
60.48  8.609172784640705
62.16  3.3672274922817547
63.839999999999996  0.0
65.52  7.3729262997775935
67.2  4.932133624909264
68.88  0.0
70.56  5.991851251724482
72.24  6.400156403857083
73.92  0.0
75.6  4.493076504480991
77.28  7.742459025234492
78.96  0.0
80.64  2.906042931910023
82.32  8.93267424324057
84.0  0.0
85.67999999999999  1.2619251019781617
87.36  9.947422309739448
89.03999999999999  0.0
90.72  0.0
92.39999999999999  10.766770229541372
94.08  0.0
95.75999999999999  0.0
97.44  11.374623310097565
99.11999999999999  0.0
100.8  0.0
102.47999999999999  11.759041314288158
104.16  0.0
105.83999999999999  0.0
107.52  11.91247300601663
109.2  0.0
110.88  0.0
112.56  11.83190448136522
114.24  0.0
115.92  0.0
117.6  11.518918371597053
119.28  0.0
120.96  0.0
122.64  10.979662755064476
124.32  0.0
126.0  0.0
127.67999999999999  10.224730388694493
129.35999999999999  0.7426144274785393
131.04  0.0
132.72  9.268950631344287
134.4  2.397963170953777
136.07999999999998  0.0
137.76  8.131098146336795
139.44  4.006208017481421
141.12  0.0
142.79999999999998  6.833524105218206
144.48  5.535757739790603
146.16  0.0
147.84  5.401717137112568
149.51999999999998  6.95656694211846
151.2  0.0
152.88  3.8638026480684866
154.56  8.24072625076808
156.23999999999998  0.0
157.92  2.249990345427091
159.6  9.363010546157785
161.28  0.0
162.96  0.5919808196387724
164.64  10.301374467275942
166.32  0.0
168.0  0.0
