0.0  16.34258977239771
1.68  57.647647100759535
3.36  28.004704379909995
5.04  13.910445075171832
6.72  56.49124105996403
8.4  31.498374294308466
10.08  11.859829893508117
11.76  54.879937415941974
13.44  1.694755516311151
15.12  0.0
16.8  19.512054147490186
18.48  5.191179489806808
20.16  0.0
21.84  17.09422318497938
23.52  8.585631595389964
25.2  0.0
26.88  14.340605360906624
28.56  11.811433610428036
30.24  0.0
31.919999999999998  11.305290801338451
33.6  14.80522015569739
35.28  0.0
36.96  8.047903084298008
38.64  17.50818340019334
40.32  0.0
42.0  4.632428036257426
43.68  19.867228240677218
45.36  0.0
47.04  1.1259568397008177
48.72  21.836015264430813
50.4  0.0
52.08  0.0
53.76  23.375871007989915
55.44  0.0
57.12  0.0
58.8  24.456547631380197
60.48  0.0
62.16  0.0
63.839999999999996  25.056817085347333
65.52  0.0
67.2  0.0
68.88  25.1648881001825
70.56  0.0
72.24  0.0
73.92  24.778637805106218
75.6  0.0
77.28  0.0
78.96  23.905653428444438
80.64  0.0
82.32  0.0
84.0  22.563083259467906
85.67999999999999  0.0
87.36  0.0
89.03999999999999  20.77729979949385
90.72  3.1085973897766603
92.39999999999999  0.0
94.08  18.58338171907496
95.75999999999999  6.572190853022965
97.44  0.0
99.11999999999999  16.024424797338995
100.8  9.90668483533656
102.47999999999999  0.0
104.16  13.150695378906452
105.83999999999999  13.046578889162973
107.52  0.0
109.2  10.0186429772734
110.88  15.930195150667023
112.56  0.0
114.24  6.689791420389982
115.92  18.500889896181278
117.6  0.0
119.28  3.229530319987825
120.96  20.708166211556307
122.64  0.0
124.32  0.0
126.0  22.508665917918453
127.67999999999999  0.0
129.35999999999999  0.0
131.04  23.867021269153987
132.72  0.0
134.4  0.0
136.07999999999998  24.756549690959417
137.76  0.0
139.44  0.0
141.12  25.159777914512258
142.79999999999998  0.0
144.48  0.0
146.16  25.06878520903611
147.84  0.0
149.51999999999998  0.0
151.2  24.48535897104869
152.88  0.0
154.56  0.0
156.23999999999998  23.4209596140061
157.92  0.0
159.6  0.0
161.28  21.896495448024993
162.96  1.004164006665098
164.64  0.0
166.32  19.94191197178647
168.0  4.512552168373704
