0.0  29.539169355294685
1.68  25.74697315664284
3.36  26.695359162447744
5.04  31.791697743036863
6.72  37.85137711880357
8.4  41.08781089727251
10.08  39.47860889147977
11.76  34.02933295379776
13.44  0.0
15.12  0.0
16.8  0.0
18.48  0.1579133084984794
20.16  5.796645551528886
21.84  7.81315658345026
23.52  4.947364350369466
25.2  0.0
26.88  0.0
28.56  0.0
30.24  0.0
31.919999999999998  1.849972800318629
33.6  6.800327882127712
35.28  7.50127842847362
36.96  3.5148128489732113
38.64  0.0
40.32  0.0
42.0  0.0
43.68  0.0
45.36  3.4542930171807953
47.04  7.481488801735093
48.72  6.833634647938068
50.4  1.9155631502149073
52.08  0.0
53.76  0.0
55.44  0.0
57.12  0.0
58.8  4.894785330860962
60.48  7.807822664989244
62.16  5.841889805357358
63.839999999999996  0.22546340117091157
65.52  0.0
67.2  0.0
68.88  0.0
70.56  0.6286711754523866
72.24  6.103131033558089
73.92  7.763852327279587
75.6  4.5730797130506415
77.28  0.0
78.96  0.0
80.64  0.0
82.32  0.0
84.0  2.304442878469734
85.67999999999999  7.022021511959065
87.36  7.351663184429056
89.03999999999999  3.0873806490363456
90.72  0.0
92.39999999999999  0.0
94.08  0.0
95.75999999999999  0.0
97.44  3.8709210030602406
99.11999999999999  7.607876241892461
100.8  6.590804267933132
102.47999999999999  1.4552553566908903
104.16  0.0
105.83999999999999  0.0
107.52  0.0
109.2  0.0
110.88  5.253811670489432
112.56  7.8329096963353155
114.24  5.517361086544849
115.92  0.0
117.6  0.0
119.28  0.0
120.96  0.0
122.64  1.0971537558559739
124.32  6.387528065380519
126.0  7.686449138839415
127.67999999999999  4.182244186855627
129.35999999999999  0.0
131.04  0.0
132.72  0.0
134.4  0.0
136.07999999999998  2.7505727175704577
137.76  7.218301043409593
139.44  7.1754408029507175
141.12  2.648774601878915
142.79999999999998  0.0
144.48  0.0
146.16  0.0
147.84  0.0
149.51999999999998  4.273539352679165
151.2  7.706729258386926
152.88  6.324120450881793
154.56  0.9896807033685735
156.23999999999998  0.0
157.92  0.0
159.6  0.0
161.28  0.0
162.96  5.593823416323149
164.64  7.82964786300024
166.32  5.172863935961322
168.0  0.0
