0.0  37.49396867755164
1.68  37.16376638263264
3.36  34.43999426952016
5.04  31.024689324025957
6.72  29.052015159571553
8.4  29.754660947432722
10.08  32.693555770807265
11.76  36.032236269668275
13.44  4.351086757796305
15.12  3.2843534736036064
16.8  0.165285833081517
18.48  0.0
20.16  0.0
21.84  0.0
23.52  0.31117150675289107
25.2  3.3788738549001147
26.88  4.335177733349143
28.56  2.582505773949482
30.24  0.0
31.919999999999998  0.0
33.6  0.0
35.28  0.0
36.96  1.2473625415432439
38.64  3.8985937999631863
40.32  4.113662793467659
42.0  1.7581767144925733
43.68  0.0
45.36  0.0
47.04  0.0
48.72  0.0
50.4  2.1243944984347585
52.08  4.233413840927351
53.76  3.6970478008403367
55.44  0.8504620235544791
57.12  0.0
58.8  0.0
60.48  0.0
62.16  0.0
63.839999999999996  2.9006720912700463
65.52  4.367454356410846
67.2  3.1050916932112393
68.88  0.0
70.56  0.0
72.24  0.0
73.92  0.0
75.6  0.5727039173411501
77.28  3.5393785446079904
78.96  4.294358162328871
80.64  2.365869369671578
82.32  0.0
84.0  0.0
85.67999999999999  0.0
87.36  0.0
89.03999999999999  1.4969348407241132
90.72  4.010221715171023
92.39999999999999  4.017592016176356
94.08  1.5144401730878323
95.75999999999999  0.0
97.44  0.0
99.11999999999999  0.0
100.8  0.0
102.47999999999999  2.35017013781364
104.16  4.290870767393872
105.83999999999999  3.550282197967901
107.52  0.5911851189936148
109.2  0.0
110.88  0.0
112.56  0.0
114.24  0.0
115.92  3.091943134547079
117.6  4.368015265385023
119.28  2.9145919657920576
120.96  0.0
122.64  0.0
124.32  0.0
126.0  0.0
127.67999999999999  0.8321635980647049
129.35999999999999  3.6870735164324357
131.04  4.237996451394326
132.72  2.140670411602765
134.4  0.0
136.07999999999998  0.0
137.76  0.0
139.44  0.0
141.12  1.7410894337292444
142.79999999999998  4.107335837018254
144.48  3.9069807709330315
146.16  1.2652225702131075
147.84  0.0
149.51999999999998  0.0
151.2  0.0
152.88  0.0
154.56  2.5674400420573753
156.23999999999998  4.332798175524934
157.92  3.3906674147126976
159.6  0.3297685974079685
161.28  0.0
162.96  0.0
164.64  0.0
166.32  0.1466504086379521
168.0  3.272023818057292
