Figure of merit results from optimization:
10.926666822525636
10.926666822525636
11.808031145413214
10.926666822525636
10.926666822525636
10.926666822525636
10.926666822525636
10.926666822525636
10.926666822525636
10.926666822525636
10.996526889368583
10.926666822525636
10.926666822525636
10.926666822525636
10.996526889368583
10.926666822525636
10.926666822525636
10.926666822525636
10.926666822525636
10.996526889368583
10.926666822525636
10.926666822525636
10.926666822525636
10.926666822525636
10.926666822525636
10.996526889368583
10.926666822525636
10.926666822525636
10.926666822525636
10.926666822525636
10.926666822525636
10.926666822525636
10.926666822525636
10.926666822525636
10.926666822525636
10.926666822525636
10.926666822525636
10.926666822525636
10.996526889368583
10.926666822525636
10.926666822525636
10.926666822525636
10.926666822525636
10.926666822525636
10.926666822525636
10.926666822525636
10.926666822525636
10.926666822525636
10.926666822525636
10.996526889368583
10.926666822525636
10.926666822525636
10.926666822525636
10.926666822525636
10.926666822525636
10.926666822525636
10.926666822525636
10.926666822525636
10.926666822525636
10.926666822525636
10.926666822525636
10.926666822525636
10.926666822525636
10.926666822525636
10.926666822525636
10.926666822525636
10.926666822525636
10.926666822525636
10.926666822525636
10.926666822525636
10.926666822525636
10.926666822525636
10.926666822525636
10.926666822525636
10.926666822525636
10.926666822525636
10.926666822525636
10.926666822525636
10.926666822525636
10.926666822525636
10.926666822525636
10.926666822525636
10.926666822525636
10.926666822525636
10.926666822525636
10.926666822525636
10.926666822525636
10.926666822525636
10.926666822525636
10.926666822525636
10.926666822525636
10.926666822525636
10.926666822525636
10.926666822525636
10.926666822525636
10.926666822525636
10.926666822525636
10.926666822525636
10.926666822525636
10.926666822525636
10.926666822525636
10.926666822525636
10.926666822525636
10.926666822525636
