0.0  1.0890154496813405  100.0
0.12  1.1082458625761205
0.24  1.1266468427817764
0.36  1.144189154368819
0.48  1.1608444943060294
0.6  1.1765855313904434
0.72  1.1913859439594474
0.84  1.2052204563347644
0.96  1.2180648739497588
1.08  1.2298961171132117
1.2  1.2406922533644824
1.3199999999999998  1.250432528376823
1.44  1.2590973953674953
1.56  1.2666685429752933
1.68  1.2731289215680714
1.7999999999999998  1.2784627679449354
1.92  1.2826556283998378
2.04  1.2856943801154759
2.16  1.2875672508585563
2.28  1.288263836949723
2.4  1.2877751194836953
2.52  1.2860934787774498
2.6399999999999997  1.283212707026605
2.76  1.2791280191524979
2.88  1.2738360618248272
3.0  1.2673349206471096
3.12  1.2596241254946063
3.2399999999999998  1.2507046539968
3.36  1.2405789331589228
3.48  1.2292508391194792
3.5999999999999996  1.2167256950431473
3.7199999999999998  1.2030102671508833
3.84  1.1881127588914924
3.96  1.1720428032613706
4.08  1.1548114532815401
4.2  1.1364311706435202
4.32  1.1169158125379763
4.4399999999999995  1.0962806166824675
4.56  1.074542184566974
4.68  1.0517184629382315
4.8  1.0278287235461865
4.92  1.0028935411781947
5.04  0.9769347700088008
5.16  0.9499755182951672
5.279999999999999  0.9220401214503813
5.3999999999999995  0.893154113528992
5.52  0.8633441971612246
5.64  0.8326382119743378
5.76  0.8010651015415909
5.88  0.7686548789012051
6.0  0.7354385906895875
6.12  0.7014482799349034
6.24  0.6667169475588373
6.359999999999999  0.63127851263608
6.4799999999999995  0.5951677714627109
6.6  0.5584203554862069
6.72  0.5210726881512983
6.84  0.48316194071732665
6.96  0.44472598710409683
7.08  0.40580335782449917
7.199999999999999  0.3664331930633794
7.319999999999999  0.32665519496323636
7.4399999999999995  0.2865095791784038
7.56  0.24603702576029146
7.68  0.2052786294371753
7.8  0.16427584935280332
7.92  0.12307045832879468
8.04  0.08170449171644886
8.16  0.04022019590410508
8.28  0.0
8.4  0.0
8.52  0.0
8.64  0.0
8.76  0.0
8.879999999999999  0.0
9.0  0.0
9.12  0.0
9.24  0.0
9.36  0.0
9.48  0.0
9.6  0.0
9.719999999999999  0.0
9.84  0.0
9.959999999999999  0.0
10.08  0.0
10.2  0.0
10.32  0.0
10.44  0.0
10.559999999999999  0.0
10.68  0.0
10.799999999999999  0.0
10.92  0.0
11.04  0.0
11.16  0.0
11.28  0.0
11.4  0.0
11.52  0.0
11.639999999999999  0.0
11.76  0.0
11.879999999999999  0.0
12.0  0.0
12.12  0.0
12.24  0.0
12.36  0.0
12.48  0.0
12.6  0.0
12.719999999999999  0.0
12.84  0.0
12.959999999999999  0.0
13.08  0.0
13.2  0.0
13.32  0.0
13.44  0.0
13.559999999999999  0.0
13.68  0.0
13.799999999999999  0.0
13.92  0.0
14.04  0.0
14.16  0.0
14.28  0.0
14.399999999999999  0.0
14.52  0.0
14.639999999999999  0.0
14.76  0.0
14.879999999999999  0.0
15.0  0.0
15.12  0.0
15.24  0.0
15.36  0.0
15.479999999999999  0.0
15.6  0.0
15.719999999999999  0.0
15.84  0.0
15.959999999999999  0.0
16.08  0.0
16.2  0.0
16.32  0.0
16.439999999999998  0.0
16.56  0.0
16.68  0.0
16.8  0.0
16.919999999999998  0.0
17.04  0.0
17.16  0.0
17.28  0.0
17.4  0.0
17.52  0.0
17.64  0.0
17.759999999999998  0.0
17.88  0.0
18.0  0.0
18.12  0.0
18.24  0.0
18.36  0.0
18.48  0.0
18.599999999999998  0.0
18.72  0.0
18.84  0.0
18.96  0.0
19.08  0.0
19.2  0.0
19.32  0.0
19.439999999999998  0.0
19.56  0.0
19.68  0.0
19.8  0.0
19.919999999999998  0.0
20.04  0.0
20.16  0.0
20.279999999999998  0.0
20.4  0.0
20.52  0.0
20.64  0.0
20.759999999999998  0.0
20.88  0.0
21.0  0.0
21.119999999999997  0.0
21.24  0.0
21.36  0.0
21.48  0.0
21.599999999999998  0.0
21.72  0.013218525843284312
21.84  0.03717051117315007
21.96  0.06046729367350212
22.08  0.08308406568321591
22.2  0.1049971055928588
22.32  0.12618380716900401
22.439999999999998  0.14662270734956795
22.56  0.166293512474179
22.68  0.18517712291566635
22.8  0.20325565608089902
22.919999999999998  0.22051246775135258
23.04  0.236932171735997
23.16  0.2525006578113336
23.279999999999998  0.2672051079256912
23.4  0.2810340106471889
23.52  0.29397717383710353
23.64  0.3060257355327389
23.759999999999998  0.31717217302626616
23.88  0.32741031012840005
24.0  0.33673532260817396
24.119999999999997  0.3451437418025139
24.24  0.35263345639171634
24.36  0.35920371233938186
24.48  0.36485511099778284
24.599999999999998  0.3695896053820758
24.72  0.37341049461919934
24.84  0.3763224165797058
24.96  0.37833133870320296
25.08  0.3794445470304518
25.2  0.3796706334575578
25.32  0.37901948123004575
25.439999999999998  0.3775022486969316
25.56  0.375131351347219
25.68  0.37192044215351827
25.8  0.36788439024972375
25.919999999999998  0.3630392579719022
26.04  0.35740227629369625
26.16  0.3509918186896904
26.279999999999998  0.3438273734622497
26.4  0.3359295145693948
26.52  0.32731987099324256
26.64  0.318021094690487
26.759999999999998  0.3080568271682661
26.88  0.29745166473057255
27.0  0.2862311224421577
27.119999999999997  0.27442159685851275
27.24  0.262050327572223
27.36  0.249145357627488
27.48  0.2357354928561386
27.599999999999998  0.22185026018990686
27.72  0.20751986500501954
27.84  0.1927751475565443
27.959999999999997  0.1776475385610208
28.08  0.16216901398713354
28.2  0.14637204911516852
28.32  0.1302895719269687
28.439999999999998  0.11395491588903667
28.56  0.09740177219216004
28.68  0.0806641415117264
28.799999999999997  0.06377628535348775
28.919999999999998  0.0467726770500701
29.04  0.029687952474055757
29.16  0.012556860533733338
29.279999999999998  0.0
29.4  0.0
29.52  0.0
29.64  0.0
29.759999999999998  0.0
29.88  0.0
30.0  0.0
30.119999999999997  0.0
30.24  0.0
30.36  0.0
30.48  0.0
30.599999999999998  0.0
30.72  0.0
30.84  0.0
30.959999999999997  0.0
31.08  0.0
31.2  0.0
31.32  0.0
31.439999999999998  0.0
31.56  0.0
31.68  0.0
31.799999999999997  0.0
31.919999999999998  0.0
32.04  0.0
32.16  0.0
32.28  0.0
32.4  0.0
32.519999999999996  0.0
32.64  0.0
32.76  0.0
32.879999999999995  0.0
33.0  0.0
33.12  0.0
33.24  0.0
33.36  0.0
33.48  0.0
33.6  0.0
33.72  0.0
33.839999999999996  0.0
33.96  0.0
34.08  0.0
34.199999999999996  0.0
34.32  0.0
34.44  0.0
34.56  0.0
34.68  0.0
34.8  0.0
34.92  0.0
35.04  0.0
35.16  0.0
35.28  0.0
35.4  0.0
35.519999999999996  0.0
35.64  0.0
35.76  0.0
35.879999999999995  0.0
36.0  0.0
36.12  0.0
36.24  0.0
36.36  0.0
36.48  0.0
36.6  0.0
36.72  0.005752108404858958
36.839999999999996  0.03036722064696129
36.96  0.055569221893445264
37.08  0.08132985369953405
37.199999999999996  0.10761992148754518
37.32  0.13440933150278056
37.44  0.16166712901782843
37.559999999999995  0.18936153773546693
37.68  0.21746000033861412
37.8  0.24592922013438323
37.92  0.27473520373776983
38.04  0.303843304739087
38.16  0.33321826829802215
38.28  0.36282427660586325
38.4  0.392624995156337
38.519999999999996  0.4225836197644027
38.64  0.45266292427130905
38.76  0.4828253088733306
38.879999999999995  0.5130328490107563
39.0  0.5432473447529078
39.12  0.5734303706143262
39.24  0.6035433257366793
39.36  0.6335474843703838
39.48  0.6634040465896058
39.6  0.6930741891738963
39.72  0.7225191165895007
39.839999999999996  0.7517001120032805
39.96  0.7805785882620211
40.08  0.8091161387700097
40.199999999999996  0.8372745881978456
40.32  0.8650160429556338
40.44  0.8923029413640208
40.559999999999995  0.9190981034569141
40.68  0.945364780350157
40.8  0.9710667031110102
40.92  0.9961681310639317
41.04  1.0206338994688244
41.16  1.0444294665087894
41.28  1.0675209595252497
41.4  1.0898752204393165
41.519999999999996  1.1114598502993198
41.64  1.132243252895534
41.76  1.152194677384336
41.879999999999995  1.17128425986537
42.0  1.1894830638565643
42.12  1.2067631196133481
42.239999999999995  1.2230974622398918
42.36  1.2384601685417547
42.48  1.2528263925709762
42.6  1.2661723998163525
42.72  1.2784755999933828
42.839999999999996  1.2897145783902189
42.96  1.2998691257278165
43.08  1.3089202664944337
43.199999999999996  1.3168502857166053
43.32  1.3236427541307703
43.44  1.3292825517218054
43.559999999999995  1.3337558895968622
43.68  1.337050330165071
43.8  1.3391548055958853
43.92  1.3400596345311064
44.04  1.3397565370278834
44.16  1.3382386477123185
44.28  1.335500527125638
44.4  1.3315381712472494
44.519999999999996  1.3263490191813938
44.64  1.319931958996508
44.76  1.3122873317088144
44.879999999999995  1.3034169334041013
45.0  1.2933240154940728
45.12  1.282013283106119
45.239999999999995  1.269490891607752
45.36  1.2557644412694509
45.48  1.240842970072055
45.6  1.224736944667278
45.72  1.20745824950237
45.839999999999996  1.1890201741222937
45.96  1.1694373986652367
46.08  1.1487259775696006
46.199999999999996  1.1269033215129587
46.32  1.1039881776058078
46.44  1.0800006078652171
46.559999999999995  1.0549619659956997
46.68  1.0288948725069078
46.8  1.0018231881998911
46.92  0.9737719860557799
47.04  0.9447675215629208
47.16  0.9148372015204304
47.28  0.8840095513582404
47.4  0.8523141810155728
47.519999999999996  0.8197817494216857
47.64  0.7864439276246127
47.76  0.7523333606153214
47.879999999999995  0.7174836278964611
48.0  0.6819292028465153
48.12  0.6457054109317746
48.239999999999995  0.6088483868199515
48.36  0.571395030450876
48.48  0.5333829621209092
48.6  0.49485047663907283
48.72  0.4558364966141613
48.839999999999996  0.4163805249331157
48.96  0.3765225964921349
49.08  0.33630322924288125
49.199999999999996  0.29576337461705926
49.32  0.25494436739350274
49.44  0.2138878750725865
49.559999999999995  0.17263584682341504
49.68  0.1312304620698655
49.8  0.08971407878198115
49.92  0.04812918153957463
50.04  0.0065183294353022
50.16  0.0
50.28  0.0
50.4  0.0
50.519999999999996  0.0
50.64  0.0
50.76  0.0
50.879999999999995  0.0
51.0  0.0
51.12  0.0
51.239999999999995  0.0
51.36  0.0
51.48  0.0
51.6  0.0
51.72  0.0
51.839999999999996  0.0
51.96  0.0
52.08  0.0
52.199999999999996  0.0
52.32  0.0
52.44  0.0
52.559999999999995  0.0
52.68  0.0
52.8  0.0
52.919999999999995  0.0
53.04  0.0
53.16  0.0
53.28  0.0
53.4  0.0
53.519999999999996  0.0
53.64  0.0
53.76  0.0
53.879999999999995  0.0
54.0  0.0
54.12  0.0
54.239999999999995  0.0
54.36  0.0
54.48  0.0
54.6  0.0
54.72  0.0
54.839999999999996  0.0
54.96  0.0
55.08  0.0
55.199999999999996  0.0
55.32  0.0
55.44  0.0
55.559999999999995  0.0
55.68  0.0
55.8  0.0
55.919999999999995  0.0
56.04  0.0
56.16  0.0
56.28  0.0
56.4  0.0
56.519999999999996  0.0
56.64  0.0
56.76  0.0
56.879999999999995  0.0
57.0  0.0
57.12  0.0
57.239999999999995  0.0
57.36  0.0
57.48  0.0
57.599999999999994  0.0
57.72  0.0
57.839999999999996  0.0
57.96  0.0
58.08  0.0
58.199999999999996  0.0
58.32  0.0
58.44  0.0
58.559999999999995  0.0
58.68  0.0
58.8  0.0
58.919999999999995  0.0
59.04  0.0
59.16  0.0
59.28  0.0
59.4  0.0
59.519999999999996  0.0
59.64  0.0
59.76  0.0
59.879999999999995  0.0
60.0  0.0
60.12  0.0
60.239999999999995  0.0
60.36  0.0
60.48  0.0
60.599999999999994  0.0
60.72  0.0
60.839999999999996  0.0
60.96  0.0
61.08  0.0
61.199999999999996  0.0
61.32  0.0
61.44  0.0
61.559999999999995  0.0
61.68  0.0
61.8  0.0
61.919999999999995  0.0
62.04  0.0
62.16  0.0
62.28  0.0
62.4  0.0
62.519999999999996  0.0
62.64  0.0
62.76  0.0
62.879999999999995  0.0
63.0  0.0
63.12  0.0
63.239999999999995  0.0
63.36  0.0
63.48  0.020083237323964
63.599999999999994  0.041532018127260706
63.72  0.06229368269691582
63.839999999999996  0.08234579814664544
63.96  0.10166706515239987
64.08  0.12023734438880274
64.2  0.13803768137504702
64.32  0.15505032969798105
64.44  0.17125877258238908
64.56  0.18664774278060314
64.67999999999999  0.20120324075584406
64.8  0.21491255113596708
64.92  0.2277642574165173
65.03999999999999  0.23974825489444185
65.16  0.25085576181603897
65.28  0.26107932872516215
65.39999999999999  0.2704128460000652
65.52  0.2788515495696928
65.64  0.2863920248026015
65.75999999999999  0.29303220856416934
65.88  0.2987713894401486
66.0  0.30361020612704404
66.12  0.3075506439922705
66.24  0.3105960298094212
66.36  0.3127510246764401
66.48  0.31402161512686383
66.6  0.31441510244672916
66.72  0.31394009021210334
66.84  0.31260647006454134
66.96  0.3104254057441486
67.08  0.3074093154021881
67.2  0.3035718522174957
67.32  0.2989278833431806
67.44  0.29349346721234165
67.56  0.2872858292336373
67.67999999999999  0.28032333590978137
67.8  0.2726254674140076
67.92  0.2642127886617152
68.03999999999999  0.25510691891637366
68.16  0.24533049997082657
68.28  0.23490716294694092
68.39999999999999  0.22386149375840636
68.52  0.21221899728326088
68.64  0.20000606029444445
68.75999999999999  0.18724991319830264
68.88  0.1739785906325234
69.0  0.16022089097660505
69.12  0.14600633482922004
69.24  0.13136512250841817
69.36  0.11632809063168054
69.48  0.1009266678343061
69.6  0.085192829685492
69.72  0.06915905286277668
69.84  0.05285826864629212
69.96  0.03632381579535704
70.08  0.019589392870572125
70.2  0.0026890100655388993
70.32  0.0
70.44  0.0
70.56  0.0
70.67999999999999  0.0
70.8  0.0
70.92  0.0
71.03999999999999  0.0
71.16  0.0
71.28  0.0
71.39999999999999  0.0
71.52  0.0
71.64  0.0
71.75999999999999  0.0
71.88  0.0
72.0  0.0
72.11999999999999  0.0
72.24  0.0
72.36  0.0
72.48  0.0
72.6  0.0
72.72  0.0
72.84  0.0
72.96  0.0
73.08  0.0
73.2  0.0
73.32  0.0
73.44  0.0
73.56  0.0
73.67999999999999  0.0
73.8  0.0
73.92  0.0
74.03999999999999  0.0
74.16  0.0
74.28  0.0
74.39999999999999  0.0
74.52  0.0
74.64  0.0
74.75999999999999  0.0
74.88  0.0
75.0  0.0
75.11999999999999  0.0
75.24  0.0
75.36  0.0
75.48  0.0
75.6  0.0
75.72  0.0
75.84  0.0
75.96  0.0
76.08  0.0
76.2  0.0
76.32  0.0
76.44  0.0
76.56  0.0
76.67999999999999  0.0
76.8  0.0
76.92  0.0
77.03999999999999  0.0
77.16  0.0
77.28  0.0
77.39999999999999  0.0
77.52  0.0
77.64  0.0
77.75999999999999  0.0
77.88  0.0
78.0  0.0
78.11999999999999  0.0
78.24  0.0
78.36  0.0
78.48  0.012928166611614667
78.6  0.039883221659489654
78.72  0.06738538344286604
78.84  0.09540432724654957
78.96  0.12390885567958898
79.08  0.152866937961405
79.2  0.18224575036711443
79.32  0.21201171777940808
79.44  0.24213055629269387
79.56  0.27256731681393764
79.67999999999999  0.3032864296032479
79.8  0.3342517496960504
79.92  0.36542660314736575
80.03999999999999  0.3967738340378446
80.16  0.4282558521799427
80.28  0.45983468146183676
80.39999999999999  0.491472008765745
80.52  0.5231292333966218
80.64  0.554767516956322
80.75999999999999  0.5863478335979941
80.88  0.6178310205946868
81.0  0.6491778291558254
81.11999999999999  0.6803489754249274
81.24  0.7113051915915594
81.36  0.74200727705037
81.48  0.7724161495400563
81.6  0.8024928961950326
81.72  0.8321988244426589
81.84  0.861495512679134
81.96  0.8903448606573593
82.08  0.9187091395205276
82.2  0.9465510414154662
82.32  0.9738337286205446
82.44  1.0005208821233196
82.56  1.0265767495839775
82.67999999999999  1.0519661926213135
82.8  1.0766547333589556
82.92  1.100608600170335
83.03999999999999  1.1237947725621615
83.16  1.1461810251370648
83.28  1.1677359705773513
83.39999999999999  1.1884291015931485
83.52  1.2082308317794048
83.64  1.2271125353277696
83.75999999999999  1.2450465855407706
83.88  1.2620063920973437
84.0  1.2779664370202775
84.11999999999999  1.2929023092979808
84.24  1.3067907381145718
84.36  1.3196096246442197
84.47999999999999  1.3313380723674708
84.6  1.3419564158692727
84.72  1.3514462480803007
84.84  1.3597904459253507
84.96  1.366973194344502
85.08  1.3729800086549928
85.2  1.3777977552238263
85.32  1.381414670423406
85.44  1.3838203778446783
85.56  1.3850059037445752
85.67999999999999  1.3849636907068517
85.8  1.3836876094977177
85.92  1.3811729691000694
86.03999999999999  1.3774165249124644
86.16  1.372416485101401
86.28  1.3661725150978892
86.39999999999999  1.3586857402316959
86.52  1.3499587464991016
86.64  1.3399955794624603
86.75999999999999  1.3288017412822635
86.88  1.316384185884867
87.0  1.3027513122715104
87.11999999999999  1.287912955976615
87.24  1.2718803786858515
87.36  1.2546662560268258
87.47999999999999  1.2362846635476257
87.6  1.2167510609008425
87.72  1.1960822742530877
87.84  1.1742964769422333
87.96  1.1514131684069957
88.08  1.1274531514157096
88.2  1.1024385076233565
88.32  1.076392571488123
88.44  1.0493399025808507
88.56  1.0213062563229738
88.67999999999999  0.9923185531904153
88.8  0.9624048464230799
88.92  0.9315942882814672
89.03999999999999  0.8999170948938215
89.16  0.867404509739077
89.28  0.8340887658127375
89.39999999999999  0.8000030465243783
89.52  0.7651814453772702
89.64  0.7296589244821947
89.75999999999999  0.6934712719589222
89.88  0.6566550582804553
90.0  0.6192475916164195
90.11999999999999  0.581286872233298
90.24  0.542811546010429
90.36  0.5038608571319689
90.47999999999999  0.4644746000158641
90.6  0.42469307054210437
90.72  0.384557016643314
90.84  0.3441075883216099
90.96  0.3033862871563767
91.08  0.2624349153683276
91.2  0.22129552450576007
91.32  0.18001036381940244
91.44  0.13862182839262
91.56  0.09717240709424674
91.67999999999999  0.05570463042121704
91.8  0.014261018298620948
91.92  0.0
92.03999999999999  0.0
92.16  0.0
92.28  0.0
92.39999999999999  0.0
92.52  0.0
92.64  0.0
92.75999999999999  0.0
92.88  0.0
93.0  0.0
93.11999999999999  0.0
93.24  0.0
93.36  0.0
93.47999999999999  0.0
93.6  0.0
93.72  0.0
93.84  0.0
93.96  0.0
94.08  0.0
94.2  0.0
94.32  0.0
94.44  0.0
94.56  0.0
94.67999999999999  0.0
94.8  0.0
94.92  0.0
95.03999999999999  0.0
95.16  0.0
95.28  0.0
95.39999999999999  0.0
95.52  0.0
95.64  0.0
95.75999999999999  0.0
95.88  0.0
96.0  0.0
96.11999999999999  0.0
96.24  0.0
96.36  0.0
96.47999999999999  0.0
96.6  0.0
96.72  0.0
96.84  0.0
96.96  0.0
97.08  0.0
97.2  0.0
97.32  0.0
97.44  0.0
97.56  0.0
97.67999999999999  0.0
97.8  0.0
97.92  0.0
98.03999999999999  0.0
98.16  0.0
98.28  0.0
98.39999999999999  0.0
98.52  0.0
98.64  0.0
98.75999999999999  0.0
98.88  0.0
99.0  0.0
99.11999999999999  0.0
99.24  0.0
99.36  0.0
99.47999999999999  0.0
99.6  0.0
99.72  0.0
99.84  0.0
99.96  0.0
100.08  0.0
100.2  0.0
100.32  0.0
100.44  0.0
100.56  0.0
100.67999999999999  0.0
100.8  0.0
100.92  0.0
101.03999999999999  0.0
101.16  0.0
101.28  0.0
101.39999999999999  0.0
101.52  0.0
101.64  0.0
101.75999999999999  0.0
101.88  0.0
102.0  0.0
102.11999999999999  0.0
102.24  0.0
102.36  0.0
102.47999999999999  0.0
102.6  0.0
102.72  0.0
102.83999999999999  0.0
102.96  0.0
103.08  0.0
103.2  0.0
103.32  0.0
103.44  0.0
103.56  0.0
103.67999999999999  0.0
103.8  0.0
103.92  0.0
104.03999999999999  0.0
104.16  0.0
104.28  0.0
104.39999999999999  0.0
104.52  0.0
104.64  0.0
104.75999999999999  0.0
104.88  0.0
105.0  0.0
105.11999999999999  0.009558685272527345
105.24  0.029093249704618462
105.36  0.047932083558307026
105.47999999999999  0.06605407707913036
105.6  0.08343927198626744
105.72  0.10006888652323309
105.83999999999999  0.11592533889346479
105.96  0.13099226905035222
106.08  0.1452545588134213
106.2  0.1586983502846373
106.32  0.1713110625410491
106.44  0.1830814065822799
106.56  0.19399939851366477
106.67999999999999  0.20405637094824014
106.8  0.21324498261310265
106.92  0.22155922614804113
107.03999999999999  0.22899443408679154
107.16  0.2355472830136328
107.28  0.2412157958904766
107.39999999999999  0.24599934255203804
107.52  0.24989863836911286
107.64  0.25291574108239256
107.75999999999999  0.25505404581170665
107.88  0.25631827824798326
108.0  0.25671448603763547
108.11999999999999  0.2562500283714756
108.24  0.25493356379267806
108.36  0.2527750362405772
108.47999999999999  0.2497856593495758
108.6  0.24597789902460054
108.72  0.2413654543169434
108.83999999999999  0.2359632366265194
108.96  0.22978734725879957
109.08  0.22285505336691536
109.2  0.21518476231146166
109.32  0.20679599447275976
109.44  0.1977093545522578
109.56  0.18794650140190045
109.67999999999999  0.17753011642209082
109.8  0.16648387057089076
109.92  0.1548323900289137
110.03999999999999  0.1426012205661053
110.16  0.12981679065837926
110.28  0.11650637340374764
110.39999999999999  0.10269804728907878
110.52  0.08842065586030168
110.64  0.07370376635017722
110.75999999999999  0.05857762731922689
110.88  0.04307312536669172
111.0  0.027221740969675112
111.11999999999999  0.01105550350968737
111.24  0.0
111.36  0.0
111.47999999999999  0.0
111.6  0.0
111.72  0.0
111.83999999999999  0.0
111.96  0.0
112.08  0.0
112.2  0.0
112.32  0.0
112.44  0.0
112.56  0.0
112.67999999999999  0.0
112.8  0.0
112.92  0.0
113.03999999999999  0.0
113.16  0.0
113.28  0.0
113.39999999999999  0.0
113.52  0.0
113.64  0.0
113.75999999999999  0.0
113.88  0.0
114.0  0.0
114.11999999999999  0.0
114.24  0.0
114.36  0.0
114.47999999999999  0.0
114.6  0.0
114.72  0.0
114.83999999999999  0.0
114.96  0.0
115.08  0.0
115.19999999999999  0.0
115.32  0.0
115.44  0.0
115.56  0.0
115.67999999999999  0.0
115.8  0.0
115.92  0.0
116.03999999999999  0.0
116.16  0.0
116.28  0.0
116.39999999999999  0.0
116.52  0.0
116.64  0.0
116.75999999999999  0.0
116.88  0.0
117.0  0.0
117.11999999999999  0.0
117.24  0.0
117.36  0.0
117.47999999999999  0.0
117.6  0.0
117.72  0.0
117.83999999999999  0.0
117.96  0.0
118.08  0.0
118.19999999999999  0.0
118.32  0.0
118.44  0.0
118.56  0.0
118.67999999999999  0.0
118.8  0.0
118.92  0.0
119.03999999999999  0.0
119.16  0.0
119.28  0.0
119.39999999999999  0.0
119.52  0.0
119.64  0.0
119.75999999999999  0.0
119.88  0.0
120.0  0.0
