0.0  0.11429217167764194  100.0
0.12  0.08872349535160629
0.24  0.06366840746646318
0.36  0.039154916955170815
0.48  0.015210121072637528
0.6  0.0
0.72  0.0
0.84  0.0
0.96  0.0
1.08  0.0
1.2  0.0
1.3199999999999998  0.0
1.44  0.0
1.56  0.0
1.68  0.0
1.7999999999999998  0.0
1.92  0.0
2.04  0.0
2.16  0.0
2.28  0.0
2.4  0.0
2.52  0.0
2.6399999999999997  0.0
2.76  0.0
2.88  0.0
3.0  0.0
3.12  0.0
3.2399999999999998  0.0
3.36  0.0
3.48  0.0
3.5999999999999996  0.0
3.7199999999999998  0.0
3.84  0.0
3.96  0.0
4.08  0.0
4.2  0.0
4.32  0.0
4.4399999999999995  0.0
4.56  0.0
4.68  0.0
4.8  0.0
4.92  0.0
5.04  0.0
5.16  0.0
5.279999999999999  0.0
5.3999999999999995  0.0
5.52  0.0
5.64  0.0
5.76  0.0
5.88  0.0
6.0  0.0
6.12  0.0
6.24  0.0
6.359999999999999  0.0
6.4799999999999995  0.0
6.6  0.0
6.72  0.0
6.84  0.0
6.96  0.0
7.08  0.0
7.199999999999999  0.0
7.319999999999999  0.0
7.4399999999999995  0.0
7.56  0.0
7.68  0.0
7.8  0.0
7.92  0.0
8.04  0.0051159601554875145
8.16  0.02120000111165321
8.28  0.03723317390583
8.4  0.0531821234588338
8.52  0.06901361678738255
8.64  0.08469459065599727
8.76  0.10019219900053067
8.879999999999999  0.11547386005962768
9.0  0.13050730315081008
9.12  0.14526061502833568
9.24  0.15970228576055878
9.36  0.17380125406512797
9.48  0.18752695204109898
9.6  0.20084934923781697
9.719999999999999  0.2137389960013223
9.84  0.22616706603997105
9.959999999999999  0.23810539815200604
10.08  0.2495265370589222
10.2  0.26040377328964626
10.32  0.2707111820618221
10.44  0.2804236611078024
10.559999999999999  0.28951696739436183
10.68  0.29796775268659376
10.799999999999999  0.30575359790800183
10.92  0.3128530462503763
11.04  0.31924563498870473
11.16  0.3249119259580865
11.28  0.3298335346513829
11.4  0.33399315789816914
11.52  0.33737460008742925
11.639999999999999  0.3399627978983629
11.76  0.34174384350564857
11.879999999999999  0.34270500622753297
12.0  0.3428347525871718
12.12  0.34212276475975145
12.24  0.3405599573800643
12.36  0.3381384926873716
12.48  0.33485179398660136
12.6  0.3306945574071532
12.719999999999999  0.32566276194283916
12.84  0.31975367775876584
12.959999999999999  0.31296587275326593
13.08  0.30529921736528765
13.2  0.29675488761999114
13.32  0.28733536640762314
13.44  0.2770444429930925
13.559999999999999  0.2658872107560094
13.68  0.25387006316329896
13.799999999999999  0.24100068797884966
13.92  0.22728805971698018
14.04  0.2127424303488602
14.16  0.19737531827331567
14.28  0.18119949556576875
14.399999999999999  0.16422897352133892
14.52  0.14647898651040103
14.639999999999999  0.12796597416713396
14.76  0.10870756193380637
14.879999999999999  0.08872253998573199
15.0  0.06803084056397701
15.12  0.046653513745023356
15.24  0.02461270167865326
15.36  0.0019316113273819546
15.479999999999999  0.0
15.6  0.0
15.719999999999999  0.0
15.84  0.0
15.959999999999999  0.0
16.08  0.0
16.2  0.0
16.32  0.0
16.439999999999998  0.0
16.56  0.0
16.68  0.0
16.8  0.0
16.919999999999998  0.0
17.04  0.0
17.16  0.0
17.28  0.0
17.4  0.0
17.52  0.0
17.64  0.0
17.759999999999998  0.0
17.88  0.0
18.0  0.0
18.12  0.0
18.24  0.0
18.36  0.0
18.48  0.0
18.599999999999998  0.0
18.72  0.0
18.84  0.0
18.96  0.0
19.08  0.0
19.2  0.0
19.32  0.0
19.439999999999998  0.0
19.56  0.0
19.68  0.0
19.8  0.0
19.919999999999998  0.0
20.04  0.0
20.16  0.0
20.279999999999998  0.0
20.4  0.0
20.52  0.0
20.64  0.0
20.759999999999998  0.0
20.88  0.0
21.0  0.0
21.119999999999997  0.0
21.24  0.0
21.36  0.0
21.48  0.0
21.599999999999998  0.0
21.72  0.0
21.84  0.0
21.96  0.0
22.08  0.0
22.2  0.0
22.32  0.0
22.439999999999998  0.0
22.56  0.0
22.68  0.0
22.8  0.0
22.919999999999998  0.0
23.04  0.0
23.16  0.0
23.279999999999998  0.0
23.4  0.0
23.52  0.0
23.64  0.0
23.759999999999998  0.0
23.88  0.0
24.0  0.0
24.119999999999997  0.0
24.24  0.0
24.36  0.0
24.48  0.0
24.599999999999998  0.0
24.72  0.0
24.84  0.0
24.96  0.0
25.08  0.0
25.2  0.0
25.32  0.0
25.439999999999998  0.0
25.56  0.0
25.68  0.0
25.8  0.0
25.919999999999998  0.0
26.04  0.0
26.16  0.0
26.279999999999998  0.0
26.4  0.0
26.52  0.0
26.64  0.0
26.759999999999998  0.0
26.88  0.0
27.0  0.0
27.119999999999997  0.0
27.24  0.0
27.36  0.0
27.48  0.0
27.599999999999998  0.0
27.72  0.0
27.84  0.0
27.959999999999997  0.0
28.08  0.0
28.2  0.0
28.32  0.0
28.439999999999998  0.0
28.56  0.0
28.68  0.0
28.799999999999997  0.0
28.919999999999998  0.02162791080984977
29.04  0.062137519203787794
29.16  0.1025580142818075
29.279999999999998  0.1428483953836121
29.4  0.18296783166835065
29.52  0.22287571202080517
29.64  0.26253169466987175
29.759999999999998  0.30189575645520306
29.88  0.3409282416783182
30.0  0.37958991047507645
30.119999999999997  0.4178419866470041
30.24  0.45564620488971175
30.36  0.4929648573573728
30.48  0.529760839503174
30.599999999999998  0.5659976951365562
30.72  0.6016396606390955
30.84  0.6366517082819849
30.959999999999997  0.6709995885892789
31.08  0.7046498716922617
31.2  0.7375699876216792
31.32  0.7697282654859297
31.439999999999998  0.8010939714847989
31.56  0.8316373457098247
31.68  0.8613296376839854
31.799999999999997  0.8901431405950679
31.919999999999998  0.9180512241787568
32.04  0.9450283662092815
32.16  0.9710501825572744
32.28  0.9960934557763824
32.4  1.0201361621820728
32.519999999999996  1.0431574973881061
32.64  1.0651379002681032
32.76  1.0860590753117563
32.879999999999995  1.1059040133473135
33.0  1.1246570106041032
33.12  1.1423036860910363
33.24  1.158830997269281
33.36  1.1742272539994452
33.48  1.1884821307459728
33.6  1.2015866770236516
33.72  1.213533326073485
33.839999999999996  1.2243159017574983
33.96  1.2339296236643436
34.08  1.2423711104199606
34.199999999999996  1.249638381199876
34.32  1.255730855442066
34.44  1.2606493507616974
34.56  1.2643960790713864
34.68  1.2669746409129783
34.8  1.2683900180091847
34.92  1.268648564045751
35.04  1.2677579936971346
35.16  1.2657273699109821
35.28  1.262567089468953
35.4  1.2582888668437195
35.519999999999996  1.2529057163741706
35.64  1.2464319327830595
35.76  1.238883070063513
35.879999999999995  1.2302759187629204
36.0  1.2206284816948485
36.12  1.2099599481116545
36.24  1.198290666372492
36.36  1.18564211514337
36.48  1.1720368731678237
36.6  1.1574985876486474
36.72  1.1420519412829226
36.839999999999996  1.125722617994344
36.96  1.1085372674085436
37.08  1.0905234681187446
37.199999999999996  1.0717096897906457
37.32  1.0521252541569548
37.44  1.0318002949534488
37.559999999999995  1.010765716849742
37.68  0.9890531534293628
37.8  0.9666949242748623
37.92  0.9437239912148876
38.04  0.9201739137912505
38.16  0.896078804004979
38.28  0.871473280401317
38.4  0.8463924215544623
38.519999999999996  0.8208717190135928
38.64  0.7949470297724535
38.76  0.7686545283253556
38.879999999999995  0.7420306583729532
39.0  0.7151120842416456
39.12  0.6879356420807701
39.24  0.6605382909020191
39.36  0.6329570635257484
39.48  0.6052290174988761
39.6  0.5773911860491444
39.72  0.549480529140436
39.839999999999996  0.5215338846936273
39.96  0.4935879200373133
40.08  0.4656790836523432
40.199999999999996  0.4378435572737074
40.32  0.41011720841286253
40.44  0.3825355433629638
40.559999999999995  0.35513366074882075
40.68  0.3279462056826842
40.8  0.3010073245861231
40.92  0.2743506207373422
41.04  0.24800911060236575
41.16  0.2220151810073817
41.28  0.19640054720848843
41.4  0.1711962119138305
41.519999999999996  0.14643242531184053
41.64  0.12213864615798586
41.76  0.09834350397098301
41.879999999999995  0.07507476238793631
42.0  0.052359283726366224
42.12  0.030222994799435576
42.239999999999995  0.008690854029015482
42.36  0.0
42.48  0.0
42.6  0.0
42.72  0.0
42.839999999999996  0.0
42.96  0.0
43.08  0.0
43.199999999999996  0.0
43.32  0.0
43.44  0.0
43.559999999999995  0.0
43.68  0.0
43.8  0.0
43.92  0.0
44.04  0.0
44.16  0.0
44.28  0.0
44.4  0.0
44.519999999999996  0.0
44.64  0.0
44.76  0.0
44.879999999999995  0.0
45.0  0.0
45.12  0.0
45.239999999999995  0.0
45.36  0.0
45.48  0.0
45.6  0.0
45.72  0.0
45.839999999999996  0.0
45.96  0.0
46.08  0.0
46.199999999999996  0.0
46.32  0.0
46.44  0.0
46.559999999999995  0.0
46.68  0.0
46.8  0.0
46.92  0.0
47.04  0.0
47.16  0.0
47.28  0.0
47.4  0.0
47.519999999999996  0.0
47.64  0.0
47.76  0.0
47.879999999999995  0.0
48.0  0.0
48.12  0.0
48.239999999999995  0.0
48.36  0.0
48.48  0.0
48.6  0.0
48.72  0.0
48.839999999999996  0.0
48.96  0.0031981883550921686
49.08  0.019193441300633135
49.199999999999996  0.03528593693559798
49.32  0.05144240800409883
49.44  0.0676294679677713
49.559999999999995  0.08381365882198427
49.68  0.09996149901606355
49.8  0.11603953141319864
49.92  0.13201437122562665
50.04  0.1478527538607238
50.16  0.16352158261375171
50.28  0.17898797614321463
50.4  0.19421931566502987
50.519999999999996  0.20918329180215398
50.64  0.22384795102669156
50.76  0.23818174163207773
50.879999999999995  0.25215355917356885
51.0  0.2657327913159232
51.12  0.278889362027989
51.239999999999995  0.2915937750647456
51.36  0.30381715667829856
51.48  0.31553129750033587
51.6  0.3267086935396655
51.72  0.33732258623960426
51.839999999999996  0.34734700154123754
51.96  0.3567567878998884
52.08  0.3655276532035045
52.199999999999996  0.3736362005431357
52.32  0.38105996278719
52.44  0.38777743591271874
52.559999999999995  0.39376811104866005
52.68  0.39901250518763515
52.8  0.40349219052468016
52.919999999999995  0.4071898223830953
53.04  0.4100891656894687
53.16  0.41217511996185596
53.28  0.4134337427770441
53.4  0.4138522716848634
53.519999999999996  0.41341914453955797
53.64  0.4121240182203021
53.76  0.409957785715108
53.879999999999995  0.4069125915445272
54.0  0.4029818455037258
54.12  0.39816023470377465
54.239999999999995  0.3924437338952082
54.36  0.38582961405921634
54.48  0.37831644925410135
54.6  0.36990412170695053
54.72  0.36059382514279326
54.839999999999996  0.35038806634587316
54.96  0.33929066494995097
55.08  0.3273067514569721
55.199999999999996  0.31444276348570577
55.32  0.30070644025437265
55.44  0.2861068153035826
55.559999999999995  0.270654207468224
55.68  0.25436021010932436
55.8  0.23723767861913347
55.919999999999995  0.21930071621504077
56.04  0.20056465804014834
56.16  0.18104605359062442
56.28  0.16076264749211477
56.4  0.13973335864976366
56.519999999999996  0.11797825779846804
56.64  0.09551854348218214
56.76  0.07237651649314614
56.879999999999995  0.04857555280393222
57.0  0.02414007502727944
57.12  0.0
57.239999999999995  0.0
57.36  0.0
57.48  0.0
57.599999999999994  0.0
57.72  0.0
57.839999999999996  0.0
57.96  0.0
58.08  0.0
58.199999999999996  0.0
58.32  0.0
58.44  0.0
58.559999999999995  0.0
58.68  0.0
58.8  0.0
58.919999999999995  0.0
59.04  0.0
59.16  0.0
59.28  0.0
59.4  0.0
59.519999999999996  0.0
59.64  0.0
59.76  0.0
59.879999999999995  0.0
60.0  0.0
60.12  0.0
60.239999999999995  0.0
60.36  0.0
60.48  0.0
60.599999999999994  0.0
60.72  0.0
60.839999999999996  0.0
60.96  0.0
61.08  0.0
61.199999999999996  0.0
61.32  0.0
61.44  0.0
61.559999999999995  0.0
61.68  0.0
61.8  0.0
61.919999999999995  0.0
62.04  0.0
62.16  0.0
62.28  0.0
62.4  0.0
62.519999999999996  0.0
62.64  0.0
62.76  0.0
62.879999999999995  0.0
63.0  0.0
63.12  0.0
63.239999999999995  0.0
63.36  0.0
63.48  0.0
63.599999999999994  0.0
63.72  0.0
63.839999999999996  0.0
63.96  0.0
64.08  0.0
64.2  0.0
64.32  0.0
64.44  0.0
64.56  0.0
64.67999999999999  0.0
64.8  0.0
64.92  0.0
65.03999999999999  0.0
65.16  0.0
65.28  0.0
65.39999999999999  0.0
65.52  0.0
65.64  0.0
65.75999999999999  0.0
65.88  0.0
66.0  0.0
66.12  0.0
66.24  0.0
66.36  0.0
66.48  0.0
66.6  0.0
66.72  0.0
66.84  0.0
66.96  0.0
67.08  0.0
67.2  0.0
67.32  0.0
67.44  0.0
67.56  0.0
67.67999999999999  0.0
67.8  0.0
67.92  0.0
68.03999999999999  0.0
68.16  0.0
68.28  0.0
68.39999999999999  0.0
68.52  0.0
68.64  0.0
68.75999999999999  0.0
68.88  0.0
69.0  0.0
69.12  0.0
69.24  0.0
69.36  0.0
69.48  0.0
69.6  0.0
69.72  0.0
69.84  0.0
69.96  0.0
70.08  0.0
70.2  0.0
70.32  0.0
70.44  0.0
70.56  0.0
70.67999999999999  0.011884236039292784
70.8  0.052136279373085015
70.92  0.09225208303367141
71.03999999999999  0.13219099876214802
71.16  0.1719126288613223
71.28  0.21137687554074588
71.39999999999999  0.2505439898624119
71.52  0.2893746202237705
71.64  0.32782986031545713
71.75999999999999  0.36587129649178096
71.88  0.4034610544928539
72.0  0.44056184545791255
72.11999999999999  0.47713701117061547
72.24  0.5131505684778277
72.36  0.5485672528246175
72.48  0.5833525608493952
72.6  0.6174727919842654
72.72  0.6508950890070265
72.84  0.683587477492577
72.96  0.7155189041130577
73.08  0.7466592737374108
73.2  0.7769794852827092
73.32  0.8064514662712485
73.44  0.8350482060490948
73.56  0.8627437876234305
73.67999999999999  0.8895134180780739
73.8  0.9153334575281875
73.92  0.940181446577246
74.03999999999999  0.964036132241255
74.16  0.9868774923072601
74.28  1.0086867580951349
74.39999999999999  1.0294464355939053
74.52  1.049140324945847
74.64  1.0677535382538044
74.75999999999999  1.0852725156894485
74.88  1.1016850398823288
75.0  1.1169802485718505
75.11999999999999  1.1311486455066457
75.24  1.144182109578027
75.36  1.1560739021765647
75.48  1.1668186727631786
75.6  1.1764124626484251
75.72  1.1848527069760628
75.84  1.1921382349092742
75.96  1.1982692680203522
76.08  1.2032474168869405
76.2  1.207075675900306
76.32  1.20975841629346
76.44  1.211301377399268
76.56  1.2117116561510124
76.67999999999999  1.2109976948401608
76.8  1.2091692671484033
76.92  1.2062374624732382
77.03999999999999  1.2022146685686532
77.16  1.197114552524649
77.28  1.1909520401114977
77.39999999999999  1.1837432935168088
77.52  1.1755056875055252
77.64  1.1662577840351067
77.75999999999999  1.1560193053600747
77.88  1.1448111056621775
78.0  1.132655141244258
78.11999999999999  1.1195744393278744
78.24  1.1055930654964388
78.36  1.0907360898275473
78.48  1.075029551759708
78.6  1.0585004237405045
78.72  1.0411765737046523
78.84  1.0230867264320895
78.96  1.00426042383753
79.08  0.9847279842444454
79.2  0.9645204606976954
79.32  0.9436695983702164
79.44  0.922207791120495
79.56  0.9001680372584986
79.67999999999999  0.8775838945788828
79.8  0.8544894347211158
79.92  0.8309191969172003
80.03999999999999  0.8069081411882297
80.16  0.7824916010519573
80.28  0.7577052358039942
80.39999999999999  0.7325849824359256
80.52  0.7071670072539598
80.64  0.6814876572622824
80.75999999999999  0.6555834113753471
80.88  0.6294908315237384
81.0  0.6032465137182828
81.11999999999999  0.5768870391370562
81.24  0.5504489252999836
81.36  0.5239685773955799
81.48  0.49748223982407797
81.6  0.4710259480209391
81.72  0.4446354806243906
81.84  0.4183463120500658
81.96  0.39219356553535567
82.08  0.3662119667153332
82.2  0.3404357977915614
82.32  0.31489885235406107
82.44  0.28963439091605625
82.56  0.2646750972200029
82.67999999999999  0.24005303537245137
82.8  0.21579960786409536
82.92  0.19194551453032427
83.03999999999999  0.168520712506119
83.16  0.14555437722800035
83.28  0.12307486453424565
83.39999999999999  0.10110967391307712
83.52  0.07968541294710985
83.64  0.058827763000645183
83.75999999999999  0.03856144619479873
83.88  0.018910193713669088
84.0  0.0
84.11999999999999  0.0
84.24  0.0
84.36  0.0
84.47999999999999  0.0
84.6  0.0
84.72  0.0
84.84  0.0
84.96  0.0
85.08  0.0
85.2  0.0
85.32  0.0
85.44  0.0
85.56  0.0
85.67999999999999  0.0
85.8  0.0
85.92  0.0
86.03999999999999  0.0
86.16  0.0
86.28  0.0
86.39999999999999  0.0
86.52  0.0
86.64  0.0
86.75999999999999  0.0
86.88  0.0
87.0  0.0
87.11999999999999  0.0
87.24  0.0
87.36  0.0
87.47999999999999  0.0
87.6  0.0
87.72  0.0
87.84  0.0
87.96  0.0
88.08  0.0
88.2  0.0
88.32  0.0
88.44  0.0
88.56  0.0
88.67999999999999  0.0
88.8  0.0
88.92  0.0
89.03999999999999  0.0
89.16  0.0
89.28  0.0
89.39999999999999  0.0
89.52  0.0
89.64  0.0
89.75999999999999  0.0
89.88  0.0
90.0  0.015366243295914628
90.11999999999999  0.03105555504516261
90.24  0.04695508199795323
90.36  0.06303244011416773
90.47999999999999  0.07925493513251636
90.6  0.09558960928840848
90.72  0.1120032884018907
90.84  0.12846262927239532
90.96  0.14493416731675837
91.08  0.16138436438650355
91.2  0.1777796567002945
91.32  0.19408650282714823
91.44  0.21027143165608886
91.56  0.22630109028775897
91.67999999999999  0.24214229178379015
91.8  0.25776206270975643
91.92  0.2731276904078768
92.03999999999999  0.28820676993603567
92.16  0.30296725060997987
92.28  0.31737748208624983
92.39999999999999  0.3314062599238319
92.52  0.34502287056337044
92.64  0.3581971356633755
92.75999999999999  0.37089945573387845
92.88  0.38310085300874763
93.0  0.3947730134990254
93.11999999999999  0.4058883281706023
93.24  0.4164199331908134
93.36  0.4263417491896465
93.47999999999999  0.435628519482682
93.6  0.44425584720413125
93.72  0.45220023129986275
93.84  0.45943910133178134
93.96  0.46595085104648626
94.08  0.47171487066276874
94.2  0.47671157783419743
94.32  0.4809224472448397
94.44  0.4843300387978579
94.56  0.48691802435871334
94.67999999999999  0.48867121301650684
94.8  0.4895755748290239
94.92  0.48961826301899747
95.03999999999999  0.48878763459119046
95.16  0.48707326934194806
95.28  0.484465987235035
95.39999999999999  0.48095786411970043
95.52  0.4765422457691186
95.64  0.47121376021956773
95.75999999999999  0.46496832839297314
95.88  0.4578031729876719
96.0  0.4497168256246098
96.11999999999999  0.44070913223841446
96.24  0.43078125670516776
96.36  0.41993568270101067
96.47999999999999  0.40817621378805924
96.6  0.3955079717264367
96.72  0.3819373930136256
96.84  0.3674722236546213
96.96  0.3521215121687752
97.08  0.3358956008414908
97.2  0.31880611523134406
97.32  0.3008659519453917
97.44  0.28208926469783663
97.56  0.26249144866944885
97.67999999999999  0.24208912318737208
97.8  0.22090011274719062
97.92  0.19894342640138318
98.03999999999999  0.1762392355403321
98.16  0.15280885009430678
98.28  0.12867469318691527
98.39999999999999  0.10386027427247457
98.52  0.0783901607919052
98.64  0.05228994838363554
98.75999999999999  0.02558622968793578
98.88  0.0
99.0  0.0
99.11999999999999  0.0
99.24  0.0
99.36  0.0
99.47999999999999  0.0
99.6  0.0
99.72  0.0
99.84  0.0
99.96  0.0
100.08  0.0
100.2  0.0
100.32  0.0
100.44  0.0
100.56  0.0
100.67999999999999  0.0
100.8  0.0
100.92  0.0
101.03999999999999  0.0
101.16  0.0
101.28  0.0
101.39999999999999  0.0
101.52  0.0
101.64  0.0
101.75999999999999  0.0
101.88  0.0
102.0  0.0
102.11999999999999  0.0
102.24  0.0
102.36  0.0
102.47999999999999  0.0
102.6  0.0
102.72  0.0
102.83999999999999  0.0
102.96  0.0
103.08  0.0
103.2  0.0
103.32  0.0
103.44  0.0
103.56  0.0
103.67999999999999  0.0
103.8  0.0
103.92  0.0
104.03999999999999  0.0
104.16  0.0
104.28  0.0
104.39999999999999  0.0
104.52  0.0
104.64  0.0
104.75999999999999  0.0
104.88  0.0
105.0  0.0
105.11999999999999  0.0
105.24  0.0
105.36  0.0
105.47999999999999  0.0
105.6  0.0
105.72  0.0
105.83999999999999  0.0
105.96  0.0
106.08  0.0
106.2  0.0
106.32  0.0
106.44  0.0
106.56  0.0
106.67999999999999  0.0
106.8  0.0
106.92  0.0
107.03999999999999  0.0
107.16  0.0
107.28  0.0
107.39999999999999  0.0
107.52  0.0
107.64  0.0
107.75999999999999  0.0
107.88  0.0
108.0  0.0
108.11999999999999  0.0
108.24  0.0
108.36  0.0
108.47999999999999  0.0
108.6  0.0
108.72  0.0
108.83999999999999  0.0
108.96  0.0
109.08  0.0
109.2  0.0
109.32  0.0
109.44  0.0
109.56  0.0
109.67999999999999  0.0
109.8  0.0
109.92  0.0
110.03999999999999  0.0
110.16  0.0
110.28  0.0
110.39999999999999  0.0
110.52  0.0
110.64  0.0
110.75999999999999  0.0
110.88  0.0
111.0  0.0
111.11999999999999  0.0
111.24  0.0
111.36  0.0
111.47999999999999  0.0
111.6  0.0
111.72  0.0
111.83999999999999  0.0
111.96  0.0
112.08  0.0
112.2  0.0
112.32  0.0
112.44  0.00236962021168885
112.56  0.04215214429136574
112.67999999999999  0.08175180057642448
112.8  0.12112847774855268
112.92  0.1602423947586884
113.03999999999999  0.19905414939909366
113.16  0.23752476636602
113.28  0.2756157447507943
113.39999999999999  0.31328910489812356
113.52  0.35050743457104505
113.64  0.3872339343628636
113.75999999999999  0.42343246229765097
113.88  0.4590675775615949
114.0  0.4941045833089889
114.11999999999999  0.5285095684875475
114.24  0.5622494486293421
114.36  0.5952920055546791
114.47999999999999  0.6276059259380014
114.6  0.6591608386861737
114.72  0.6899273510810812
114.83999999999999  0.7198770836402745
114.96  0.7489827036508958
115.08  0.7772179573339014
115.19999999999999  0.8045577005974862
115.32  0.8309779283404225
115.44  0.856455802267825
115.56  0.880969677184031
115.67999999999999  0.9044991257290703
115.8  0.9270249615274
115.92  0.9485292607195207
116.03999999999999  0.9689953818494051
116.16  0.9884079840826165
116.28  1.0067530437323828
116.39999999999999  1.0240178690729294
116.52  1.0401911134218162
116.64  1.0552627864751145
116.75999999999999  1.0692242638816891
116.88  1.0820682950450955
117.0  1.093789009143915
117.11999999999999  1.1043819193637672
117.24  1.1138439253365022
117.36  1.1221733137844467
117.47999999999999  1.129369757369989
117.6  1.1354343117530639
117.72  1.1403694108614837
117.83999999999999  1.1441788603814251
117.96  1.1468678294776786
118.08  1.1484428407555995
118.19999999999999  1.1489117584790218
118.32  1.148283775060644
118.44  1.146569395843724
118.56  1.1437804221960408
118.67999999999999  1.1399299329394614
118.8  1.1350322641404418
118.92  1.1291029872891063
119.03999999999999  1.1221588858965212
119.16  1.1142179305419373
119.28  1.105299252403778
119.39999999999999  1.095423115310105
119.52  1.0846108863462636
119.64  1.0728850050592755
119.75999999999999  1.0602689513004155
119.88  1.046787211749088
120.0  1.0324652451629923
