0.0  0.15728897401756492  100.0
0.12  0.16480084730591044
0.24  0.1727260920173812
0.36  0.18104927195319903
0.48  0.18975422848329343
0.6  0.1988241034784169
0.72  0.2082413632260155
0.84  0.21798782329781086
0.96  0.22804467433577175
1.08  0.2383925087219309
1.2  0.24901134809630915
1.3199999999999998  0.2598806716860852
1.44  0.27097944540805075
1.56  0.2822861517053592
1.68  0.29377882007859124
1.7999999999999998  0.3054350582702224
1.92  0.31723208406070513
2.04  0.3291467576335513
2.16  0.3411556144660328
2.28  0.3532348987014126
2.4  0.36536059695796075
2.52  0.37750847252942576
2.6399999999999997  0.389654099931092
2.76  0.4017728997450861
2.88  0.41384017371818554
3.0  0.42583114006503175
3.12  0.4377209689293667
3.2399999999999998  0.4494848179556853
3.36  0.4610978679235397
3.48  0.4725353583966315
3.5999999999999996  0.4837726233387931
3.7199999999999998  0.4947851266489933
3.84  0.5055484975675903
3.96  0.5160385659062154
4.08  0.5262313970538876
4.2  0.536103326712239
4.32  0.5456309953130849
4.4399999999999995  0.5547913820719633
4.56  0.563561838631752
4.68  0.5719201222509884
4.8  0.5798444284921125
4.92  0.5873134233654965
5.04  0.5943062748858373
5.16  0.6008026839982433
5.279999999999999  0.6067829148321762
5.3999999999999995  0.6122278242422782
5.52  0.6171188905960495
5.64  0.62143824176932
5.76  0.6251686823114978
5.88  0.628293719743664
6.0  0.6307975899537099
6.12  0.6326652816539076
6.24  0.6338825598675195
6.359999999999999  0.6344359884123347
6.4799999999999995  0.6343129513503328
6.6  0.6335016733740269
6.72  0.6319912391014413
6.84  0.6297716112531039
6.96  0.626833647685908
7.08  0.6231691172601925
7.199999999999999  0.6187707145179329
7.319999999999999  0.6136320731514857
7.4399999999999995  0.6077477782439288
7.56  0.6011133772636509
7.68  0.5937253897974843
7.8  0.585581316008331
7.92  0.5766796438049155
8.04  0.5670198547129925
8.16  0.5566024284390405
8.28  0.5454288461192056
8.4  0.5335015922479813
8.52  0.5208241552828581
8.64  0.5074010269229114
8.76  0.49323770006105905
8.879999999999999  0.478340665411449
9.0  0.46271740681520646
9.12  0.4463763952294939
9.24  0.4293270814065866
9.36  0.4115798872713908
9.48  0.3931461960075487
9.6  0.3740383408639838
9.719999999999999  0.35426959269542235
9.84  0.3338541462521082
9.959999999999999  0.31280710523557465
10.08  0.29114446613896555
10.2  0.2688831008920174
10.32  0.2460407383323767
10.44  0.22263594452649715
10.559999999999999  0.19868810196486592
10.68  0.17421738765781875
10.799999999999999  0.14924475015964
10.92  0.1237918855500732
11.04  0.0978812124037538
11.16  0.0715358457794012
11.28  0.04477957026193213
11.4  0.017636812091885723
11.52  0.0
11.639999999999999  0.0
11.76  0.0
11.879999999999999  0.0
12.0  0.0
12.12  0.0
12.24  0.0
12.36  0.0
12.48  0.0
12.6  0.0
12.719999999999999  0.0
12.84  0.0
12.959999999999999  0.0
13.08  0.0
13.2  0.0
13.32  0.0
13.44  0.0
13.559999999999999  0.0
13.68  0.0
13.799999999999999  0.0
13.92  0.0
14.04  0.0
14.16  0.0
14.28  0.0
14.399999999999999  0.0
14.52  0.0
14.639999999999999  0.0
14.76  0.0
14.879999999999999  0.0
15.0  0.0
15.12  0.0
15.24  0.0
15.36  0.0
15.479999999999999  0.0
15.6  0.0
15.719999999999999  0.0
15.84  0.0
15.959999999999999  0.0
16.08  0.0
16.2  0.0
16.32  0.0
16.439999999999998  0.0
16.56  0.0
16.68  0.0
16.8  0.0
16.919999999999998  0.0
17.04  0.0
17.16  0.0
17.28  0.0
17.4  0.0
17.52  0.0
17.64  0.0
17.759999999999998  0.0
17.88  0.0
18.0  0.0
18.12  0.0
18.24  0.0
18.36  0.0
18.48  0.0
18.599999999999998  0.0
18.72  0.0
18.84  0.0
18.96  0.0
19.08  0.0
19.2  0.0
19.32  0.0
19.439999999999998  0.0
19.56  0.0
19.68  0.0
19.8  0.0
19.919999999999998  0.0
20.04  0.0
20.16  0.0
20.279999999999998  0.0
20.4  0.0
20.52  0.0
20.64  0.0
20.759999999999998  0.0
20.88  0.0
21.0  0.0
21.119999999999997  0.0
21.24  0.0
21.36  0.0
21.48  0.0
21.599999999999998  0.0
21.72  0.0
21.84  0.0
21.96  0.0
22.08  0.0
22.2  0.0
22.32  0.0
22.439999999999998  0.0
22.56  0.0
22.68  0.0
22.8  0.0
22.919999999999998  0.0
23.04  0.0
23.16  0.0
23.279999999999998  0.0
23.4  0.0
23.52  0.0
23.64  0.0
23.759999999999998  0.0
23.88  0.0
24.0  0.0
24.119999999999997  0.0
24.24  0.0
24.36  0.0
24.48  0.0
24.599999999999998  0.0
24.72  0.0
24.84  0.0
24.96  0.0
25.08  0.0
25.2  0.0
25.32  0.0
25.439999999999998  0.0
25.56  0.0
25.68  0.0
25.8  0.0
25.919999999999998  0.010285978473942914
26.04  0.03851782254316366
26.16  0.06639625852735759
26.279999999999998  0.09389560582422096
26.4  0.12099077563115013
26.52  0.14765730046542813
26.64  0.17387136283777743
26.759999999999998  0.19960982304261818
26.88  0.2248502460295843
27.0  0.2495709273220062
27.119999999999997  0.27375091794941364
27.24  0.29737004836234404
27.36  0.32040895129912095
27.48  0.3428490835756806
27.599999999999998  0.36467274677088424
27.72  0.3858631067812902
27.84  0.4064042122207818
27.959999999999997  0.426281011642044
28.08  0.44547936955838097
28.2  0.4639860812459822
28.32  0.4817888863083535
28.439999999999998  0.4988764809862485
28.56  0.5152385291981102
28.68  0.530865672297696
28.799999999999997  0.5457495375372513
28.919999999999998  0.5598827452263202
29.04  0.5732589145779703
29.16  0.5858726682359806
29.279999999999998  0.5977196354782364
29.4  0.6087964540933647
29.52  0.6191007709293401
29.64  0.6286312411145951
29.759999999999998  0.6373875259538717
29.88  0.6453702895028237
30.0  0.6525811938271051
30.119999999999997  0.6590228929534163
30.24  0.6646990255217035
30.36  0.6696142061493964
30.48  0.6737740155203048
30.599999999999998  0.6771849892124142
30.72  0.6798546052805337
30.84  0.681791270611342
30.959999999999997  0.6830043060700214
31.08  0.6835039304592356
31.2  0.683301243312781
31.32  0.6824082065477601
31.439999999999998  0.6808376250006262
31.56  0.6786031258739199
31.68  0.6757191371219389
31.799999999999997  0.6722008648049652
31.919999999999998  0.6680642694430534
32.04  0.663326041401652
32.16  0.6580035753426448
32.28  0.6521149437755716
32.4  0.6456788697450135
32.519999999999996  0.638714698691216
32.64  0.6312423695221235
32.76  0.6232823849360346
32.879999999999995  0.6148557810350321
33.0  0.6059840962703065
33.12  0.5966893397613395
33.24  0.5869939590317055
33.36  0.5769208072050678
33.48  0.5664931097055735
33.6  0.5557344305075458
33.72  0.5446686379799237
33.839999999999996  0.5333198703714336
33.96  0.521712500982928
34.08  0.5098711030737425
34.199999999999996  0.4978204145492287
34.32  0.48558530247692855
34.44  0.47319072747904284
34.56  0.4606617080490027
34.68  0.4480232848400484
34.8  0.43530048497371143
34.92  0.42251828641609723
35.04  0.40970158246971977
35.16  0.39687514642849775
35.28  0.38406359644327165
35.4  0.3712913606449392
35.519999999999996  0.35858264257189637
35.64  0.34596138694811
35.76  0.3334512458576387
35.879999999999995  0.32107554536087063
36.0  0.3088572525971808
36.12  0.29681894341801707
36.24  0.2849827705937241
36.36  0.27337043263664357
36.48  0.2620031432821809
36.6  0.25090160166866954
36.72  0.2400859632558961
36.839999999999996  0.2295758115211759
36.96  0.2193901304708203
37.08  0.209547278003743
37.199999999999996  0.20006496016280528
37.32  0.19096020630831667
37.44  0.1822493452468828
37.559999999999995  0.1739479823474741
37.68  0.16607097767533097
37.8  0.15863242517289733
37.92  0.1516456329156124
38.04  0.14512310446894616
38.16  0.13907652137158144
38.28  0.13351672676815562
38.4  0.12845371021343177
38.519999999999996  0.12389659366820116
38.64  0.11985361870563804
38.76  0.11633213494520622
38.879999999999995  0.11333858972957178
39.0  0.11087851905833179
39.12  0.10895653979067921
39.24  0.10757634312743691
39.36  0.1067406893811833
39.48  0.10645140404147868
39.6  0.10670937514046708
39.72  0.107514551922399
39.839999999999996  0.10886594481887657
39.96  0.11076162672988421
40.08  0.1131987356089248
40.199999999999996  0.11617347834883807
40.32  0.11968113596315166
40.44  0.12371607005607343
40.559999999999995  0.1282717305725295
40.68  0.13334066481792872
40.8  0.13891452773565482
40.92  0.14498409342859786
41.04  0.15153926790938055
41.16  0.1585691030622951
41.28  0.16606181179834834
41.4  0.17400478438321604
41.519999999999996  0.18238460591634742
41.64  0.19118707493792014
41.76  0.20039722313882702
41.879999999999995  0.20999933614743355
42.0  0.21997697536536454
42.12  0.23031300082320622
42.239999999999995  0.24098959502563572
42.36  0.25198828775416066
42.48  0.263289981794374
42.6  0.2748749795533988
42.72  0.2867230105319845
42.839999999999996  0.29881325961459493
42.96  0.31112439613970877
43.08  0.323634603711517
43.199999999999996  0.33632161071321076
43.32  0.3491627214810905
43.44  0.3621348480978558
43.559999999999995  0.3752145427625942
43.68  0.3883780306942082
43.8  0.4016012435242802
43.92  0.41485985313477247
44.04  0.42812930589525455
44.16  0.4413848572539143
44.28  0.45460160663604143
44.4  0.4677545326032953
44.519999999999996  0.48081852822669247
44.64  0.49376843662595366
44.76  0.5065790866276023
44.879999999999995  0.5192253284940663
45.0  0.5316820696758735
45.12  0.5439243105390361
45.239999999999995  0.555927180019703
45.36  0.5676659711582507
45.48  0.5791161764651235
45.6  0.5902535230709465
45.72  0.6010540076136952
45.839999999999996  0.6114939308160436
45.96  0.6215499317064088
46.08  0.6311990214376445
46.199999999999996  0.6404186166578955
46.32  0.6491865723886505
46.44  0.6574812143657071
46.559999999999995  0.6652813707994323
46.68  0.6725664035114676
46.8  0.6793162384058342
46.92  0.6855113952332547
47.04  0.6911330166084324
47.16  0.6961628962409987
47.28  0.7005835063418675
47.4  0.7043780241678054
47.519999999999996  0.707530357668158
47.64  0.7100251701988471
47.76  0.7118479042699565
47.879999999999995  0.712984804294515
48.0  0.7134229383073678
48.12  0.7131502186243839
48.239999999999995  0.7121554214136496
48.36  0.7104282051516926
48.48  0.707959127939277
48.6  0.7047396636527741
48.72  0.7007622169086734
48.839999999999996  0.6960201368203163
48.96  0.6905077295275625
49.08  0.6842202694816774
49.199999999999996  0.6771540094693728
49.32  0.6693061893616054
49.44  0.6606750435743907
49.559999999999995  0.6512598072305884
49.68  0.6410607210133341
49.8  0.6300790347035091
49.92  0.618317009395345
50.04  0.6057779183860552
50.16  0.5924660467370562
50.28  0.5783866895061635
50.4  0.5635461486518434
50.519999999999996  0.5479517286123662
50.64  0.5316117305644726
50.76  0.5145354453678699
50.879999999999995  0.49673314520362655
51.0  0.478216073916254
51.12  0.4589964360709764
51.239999999999995  0.43908738473935344
51.36  0.41850300802815554
51.48  0.39725831436799136
51.6  0.37536921657984507
51.72  0.3528525147393271
51.839999999999996  0.32972587785995217
51.96  0.3060078244184095
52.08  0.28171770174624977
52.199999999999996  0.2568756643139318
52.32  0.2315026509346595
52.44  0.20562036091684752
52.559999999999995  0.17925122919541744
52.68  0.15241840047354166
52.8  0.12514570240771838
52.919999999999995  0.09745761787031004
53.04  0.06937925632497294
53.16  0.04093632435149169
53.28  0.012155095357732126
53.4  0.0
53.519999999999996  0.0
53.64  0.0
53.76  0.0
53.879999999999995  0.0
54.0  0.0
54.12  0.0
54.239999999999995  0.0
54.36  0.0
54.48  0.0
54.6  0.0
54.72  0.0
54.839999999999996  0.0
54.96  0.0
55.08  0.0
55.199999999999996  0.0
55.32  0.0
55.44  0.0
55.559999999999995  0.0
55.68  0.0
55.8  0.0
55.919999999999995  0.0
56.04  0.0
56.16  0.0
56.28  0.0
56.4  0.0
56.519999999999996  0.0
56.64  0.0
56.76  0.0
56.879999999999995  0.0
57.0  0.0
57.12  0.0
57.239999999999995  0.0
57.36  0.0
57.48  0.0
57.599999999999994  0.0
57.72  0.0
57.839999999999996  0.0
57.96  0.0
58.08  0.0
58.199999999999996  0.0
58.32  0.0
58.44  0.0
58.559999999999995  0.0
58.68  0.0
58.8  0.0
58.919999999999995  0.0
59.04  0.0
59.16  0.0
59.28  0.0
59.4  0.0
59.519999999999996  0.0
59.64  0.0
59.76  0.0
59.879999999999995  0.0
60.0  0.0
60.12  0.0
60.239999999999995  0.0
60.36  0.0
60.48  0.0
60.599999999999994  0.0
60.72  0.0
60.839999999999996  0.0
60.96  0.0
61.08  0.0
61.199999999999996  0.0
61.32  0.0
61.44  0.0
61.559999999999995  0.0
61.68  0.0
61.8  0.0
61.919999999999995  0.0
62.04  0.0
62.16  0.0
62.28  0.0
62.4  0.0
62.519999999999996  0.0
62.64  0.0
62.76  0.0
62.879999999999995  0.0
63.0  0.0
63.12  0.0
63.239999999999995  0.0
63.36  0.0
63.48  0.0
63.599999999999994  0.0
63.72  0.0
63.839999999999996  0.0
63.96  0.0
64.08  0.0
64.2  0.0
64.32  0.0
64.44  0.0
64.56  0.0
64.67999999999999  0.0
64.8  0.0
64.92  0.0
65.03999999999999  0.0
65.16  0.0
65.28  0.0
65.39999999999999  0.0
65.52  0.0
65.64  0.0
65.75999999999999  0.0
65.88  0.0
66.0  0.0
66.12  0.0
66.24  0.0
66.36  0.0
66.48  0.0
66.6  0.0
66.72  0.0
66.84  0.0
66.96  0.0
67.08  0.0
67.2  0.0
67.32  0.0
67.44  0.0
67.56  0.0
67.67999999999999  0.0
67.8  0.01529200406687603
67.92  0.04180617508968365
68.03999999999999  0.06792013229295157
68.16  0.09361012224240794
68.28  0.11885305600934476
68.39999999999999  0.1436265361779553
68.52  0.16790888290921657
68.64  0.19167915902804145
68.75999999999999  0.21491719410182014
68.88  0.23760360747971782
69.0  0.25971983026345324
69.12  0.28124812618182066
69.24  0.30217161134253223
69.36  0.32247427283654456
69.48  0.3421409861714745
69.6  0.36115753151235097
69.72  0.3795106087094418
69.84  0.3971878510945219
69.96  0.4141778380286271
70.08  0.4304701061859323
70.2  0.4460551595600642
70.32  0.46092447818088966
70.44  0.4750705255314971
70.56  0.4884867546567811
70.67999999999999  0.5011676129568272
70.8  0.5131085456599842
70.92  0.524305997972242
71.03999999999999  0.5347574159013484
71.16  0.5444612457557725
71.28  0.553416932320403
71.39999999999999  0.5616249157126133
71.52  0.5690866269240777
71.64  0.5758044820554108
71.75999999999999  0.5817818752524843
71.88  0.5870231703549426
72.0  0.5915336912691401
72.11999999999999  0.595319711079429
72.24  0.5983884399133599
72.36  0.6007480115780113
72.48  0.6024074689862654
72.6  0.6033767483934662
72.72  0.6036666624664427
72.84  0.6032888822084135
72.96  0.6022559177647886
73.08  0.6005810981363987
73.2  0.5982785498280241
73.32  0.5953631744616178
73.44  0.591850625384857
73.56  0.5877572833070612
73.67999999999999  0.5831002309957358
73.8  0.5778972270682816
73.92  0.5721666789145328
74.03999999999999  0.565927614787001
74.16  0.5591996550967089
74.28  0.5520029829536209
74.39999999999999  0.5443583139915829
74.52  0.5362868655186915
74.64  0.5278103250348449
74.75999999999999  0.5189508181590612
74.88  0.5097308760099262
75.0  0.5001734020832607
75.11999999999999  0.49030163867171694
75.24  0.48013913287158466
75.36  0.46970970222274266
75.48  0.45903740002797644
75.6  0.4481464803984824
75.72  0.43706136307256716
75.84  0.42580659805497745
75.96  0.41440683012438984
76.08  0.40288676325686823
76.2  0.39127112501310246
76.32  0.3795846309373395
76.44  0.36785194901583074
76.56  0.35609766424261813
76.67999999999999  0.3443462433401943
76.8  0.33262199968248735
76.92  0.3209490584672603
77.03999999999999  0.30935132218466543
77.16  0.297852436428363
77.28  0.2864757560950532
77.39999999999999  0.27524431201781946
77.52  0.2641807780780253
77.64  0.25330743883995405
77.75999999999999  0.24264615775154363
77.88  0.23221834595395163
78.0  0.22204493174173656
78.11999999999999  0.21214633071467748
78.24  0.20254241666121647
78.36  0.19325249321265348
78.48  0.1842952663060416
78.6  0.17568881749280024
78.72  0.1674505781287925
78.84  0.15959730448055642
78.96  0.15214505378103832
79.08  0.1451091612670059
79.2  0.13850421822894904
79.32  0.13234405110292125
79.44  0.12664170163243438
79.56  0.12140940812701417
79.67999999999999  0.11665858784263716
79.8  0.11239982050769848
79.92  0.10864283301670252
80.03999999999999  0.10539648531223733
80.16  0.10266875747427773
80.28  0.10046673803418738
80.39999999999999  0.09879661352921143
80.52  0.09766365931155063
80.64  0.09707223162446843
80.75999999999999  0.09702576095616844
80.88  0.09752674668049022
81.0  0.09857675299175062
81.11999999999999  0.10017640613932366
81.24  0.10232539296583332
81.36  0.10502246075108024
81.48  0.10826541836209458
81.6  0.11205113870795158
81.72  0.11637556249625913
81.84  0.12123370328647876
81.96  0.1266196538335187
82.08  0.13252659371332043
82.2  0.13894679822042333
82.32  0.14587164852584222
82.44  0.1532916430818574
82.56  0.16119641025869247
82.67999999999999  0.16957472219638603
82.8  0.17841450985356522
82.92  0.18770287923318768
83.03999999999999  0.19742612876380905
83.16  0.20756976781332936
83.28  0.2181185363106795
83.39999999999999  0.22905642544946142
83.52  0.24036669944604305
83.64  0.2520319183232562
83.75999999999999  0.26403396168943516
83.88  0.2763540534812434
84.0  0.288972787637371
84.11999999999999  0.3018701546690431
84.24  0.31502556909196744
84.36  0.32841789768327684
84.47999999999999  0.34202548852586245
84.6  0.35582620080148675
84.72  0.3697974352929675
84.84  0.3839161655549076
84.96  0.3981589697113877
85.08  0.4125020628383408
85.2  0.4269213298873948
85.32  0.44139235910738117
85.44  0.4558904759189043
85.56  0.4703907771968161
85.67999999999999  0.48486816591490456
85.8  0.4992973861065251
85.92  0.5136530580945596
86.03999999999999  0.5279097139436417
86.16  0.542041833087349
86.28  0.5560238780827075
86.39999999999999  0.5698303304443106
86.52  0.5834357265100762
86.64  0.5968146932907464
86.75999999999999  0.6099419842551196
86.88  0.6227925150031872
87.0  0.6353413987793408
87.11999999999999  0.6475639817781648
87.24  0.6594358781954557
87.36  0.6709330049774788
87.47999999999999  0.6820316162218909
87.6  0.6927083371841367
87.72  0.7029401978436559
87.84  0.7127046659848135
87.96  0.7219796797480955
88.08  0.7307436796077456
88.2  0.7389756397328288
88.32  0.7466550986894476
88.44  0.7537621894427416
88.56  0.7602776686181347
88.67999999999999  0.7661829449823725
88.8  0.7714601071057654
88.92  0.7760919501682624
89.03999999999999  0.7800620018729627
89.16  0.7833545474319581
89.28  0.7859546535904884
89.39999999999999  0.787848191656779
89.52  0.7890218595060972
89.64  0.7894632025289948
89.75999999999999  0.7891606334950709
89.88  0.7881034513049452
90.0  0.7862818586046972
90.11999999999999  0.7836869782383914
90.24  0.7803108685159383
90.36  0.7761465372750115
90.47999999999999  0.7711879547173932
90.6  0.7654300650016438
90.72  0.7588687965757146
90.84  0.7515010712346893
90.96  0.7433248118905835
91.08  0.734338949042755
91.2  0.7245434259392665
91.32  0.7139392024211584
91.44  0.7025282574434027
91.56  0.6903135902680302
91.67999999999999  0.6772992203266175
91.8  0.6634901857511311
91.92  0.6488925405738584
92.03999999999999  0.6335133505988756
92.16  0.617360687949277
92.28  0.600443624296156
92.39999999999999  0.5827722227769918
92.52  0.564357528612871
92.64  0.5452115584357206
92.75999999999999  0.5253472883383115
92.88  0.5047786406615962
93.0  0.48352046953554495
93.11999999999999  0.46158854519129144
93.24  0.43899953706400363
93.36  0.4157709957075786
93.47999999999999  0.3919213335436674
93.6  0.36746980446921496
93.72  0.3424364823481774
93.84  0.3168422384144578
93.96  0.2907087176146659
94.08  0.2640583139206206
94.2  0.2369141446429383
94.32  0.20930002377828294
94.44  0.1812404344242226
94.56  0.1527605002968263
94.67999999999999  0.12388595638732047
94.8  0.09464311879523818
94.92  0.06505885377671058
95.03999999999999  0.03516054604737162
95.16  0.004976066380554256
95.28  0.0
95.39999999999999  0.0
95.52  0.0
95.64  0.0
95.75999999999999  0.0
95.88  0.0
96.0  0.0
96.11999999999999  0.0
96.24  0.0
96.36  0.0
96.47999999999999  0.0
96.6  0.0
96.72  0.0
96.84  0.0
96.96  0.0
97.08  0.0
97.2  0.0
97.32  0.0
97.44  0.0
97.56  0.0
97.67999999999999  0.0
97.8  0.0
97.92  0.0
98.03999999999999  0.0
98.16  0.0
98.28  0.0
98.39999999999999  0.0
98.52  0.0
98.64  0.0
98.75999999999999  0.0
98.88  0.0
99.0  0.0
99.11999999999999  0.0
99.24  0.0
99.36  0.0
99.47999999999999  0.0
99.6  0.0
99.72  0.0
99.84  0.0
99.96  0.0
100.08  0.0
100.2  0.0
100.32  0.0
100.44  0.0
100.56  0.0
100.67999999999999  0.0
100.8  0.0
100.92  0.0
101.03999999999999  0.0
101.16  0.0
101.28  0.0
101.39999999999999  0.0
101.52  0.0
101.64  0.0
101.75999999999999  0.0
101.88  0.0
102.0  0.0
102.11999999999999  0.0
102.24  0.0
102.36  0.0
102.47999999999999  0.0
102.6  0.0
102.72  0.0
102.83999999999999  0.0
102.96  0.0
103.08  0.0
103.2  0.0
103.32  0.0
103.44  0.0
103.56  0.0
103.67999999999999  0.0
103.8  0.0
103.92  0.0
104.03999999999999  0.0
104.16  0.0
104.28  0.0
104.39999999999999  0.0
104.52  0.0
104.64  0.0
104.75999999999999  0.0
104.88  0.0
105.0  0.0
105.11999999999999  0.0
105.24  0.0
105.36  0.0
105.47999999999999  0.0
105.6  0.0
105.72  0.0
105.83999999999999  0.0
105.96  0.0
106.08  0.0
106.2  0.0
106.32  0.0
106.44  0.0
106.56  0.0
106.67999999999999  0.0
106.8  0.0
106.92  0.0
107.03999999999999  0.0
107.16  0.0
107.28  0.0
107.39999999999999  0.0
107.52  0.0
107.64  0.0
107.75999999999999  0.0
107.88  0.0
108.0  0.0
108.11999999999999  0.0
108.24  0.0
108.36  0.0
108.47999999999999  0.0
108.6  0.0
108.72  0.0
108.83999999999999  0.0
108.96  0.0
109.08  0.0
109.2  0.0
109.32  0.0
109.44  0.0
109.56  0.0
109.67999999999999  0.01824813476773035
109.8  0.04282957719883057
109.92  0.06696867526324551
110.03999999999999  0.0906438276502129
110.16  0.11383416328589513
110.28  0.13651956555735756
110.39999999999999  0.15868069550604225
110.52  0.1802990139611531
110.64  0.20135680258486638
110.75999999999999  0.22183718380275513
110.88  0.24172413959422712
111.0  0.26100252911927957
111.11999999999999  0.2796581051595226
111.24  0.29767752935287617
111.36  0.31504838620300046
111.47999999999999  0.33175919584613534
111.6  0.34779942555967236
111.72  0.36315949999844677
111.83999999999999  0.37783081014639974
111.96  0.39180572097301525
112.08  0.4050775777855587
112.2  0.4176407112699847
112.32  0.4294904412150107
112.44  0.4406230789156643
112.56  0.45103592825429695
112.67999999999999  0.4607272854588783
112.8  0.4696964375400721
112.92  0.4779436594103402
113.03999999999999  0.4854702096901182
113.16  0.4922783252077812
113.28  0.4983712142018496
113.39999999999999  0.50375304823564
113.52  0.5084289528362178
113.64  0.5124049968712012
113.75999999999999  0.5156881806786515
113.88  0.51828642296692
114.0  0.5202085465029045
114.11999999999999  0.5214642626088455
114.24  0.5220641544892732
114.36  0.5220196594113198
114.47999999999999  0.521343049763097
114.6  0.5200474130163172
114.72  0.5181466306207791
114.83999999999999  0.5156553558597494
114.96  0.5125889906966301
115.08  0.5089636616446257
115.19999999999999  0.5047961946924477
115.32  0.5001040893202441
115.44  0.494905491641248
115.56  0.4892191667056981
115.67999999999999  0.4830644700047336
115.8  0.4764613182129862
115.92  0.4694301592096243
116.03999999999999  0.4619919414184819
116.16  0.4541680825089139
116.28  0.4459804374996936
116.39999999999999  0.43745126630921827
116.52  0.42860320079585446
116.64  0.4194592113330765
116.75999999999999  0.41004257296449154
116.88  0.400376831184517
117.0  0.3904857673909221
117.11999999999999  0.38039336405583085
117.24  0.3701237696621967
117.36  0.3597012634530303
117.47999999999999  0.34915022004093627
117.6  0.3384950739255902
117.72  0.3277602839670495
117.83999999999999  0.3169702978626925
117.96  0.30614951667565216
118.08  0.29532225946252194
118.19999999999999  0.2845127280479206
118.32  0.2737449719933334
118.44  0.26304285380743825
118.56  0.2524300144445995
118.67999999999999  0.241929839138113
118.8  0.23156542361401378
118.92  0.2213595407310292
119.03999999999999  0.21133460759145462
119.16  0.20151265316724143
119.28  0.1919152864848505
119.39999999999999  0.1825636654116355
119.52  0.17347846608576706
119.64  0.16467985303081545
119.75999999999999  0.15618744999522083
119.88  0.14802031155583573
120.0  0.14019689552381714
