0.0  31.38799820200864
1.68  40.59869835375612
3.36  28.75262777337099
5.04  30.18254078037613
6.72  40.74420645577919
8.4  29.82738401315713
10.08  29.071643749600945
11.76  40.66730224493997
13.44  0.0
15.12  0.0
16.8  7.036960407907468
18.48  0.0
20.16  0.0
21.84  6.528761317892261
23.52  0.20588782315866938
25.2  0.0
26.88  5.824623519867003
28.56  1.481788772502911
30.24  0.0
31.919999999999998  4.945679330313887
33.6  2.7132188393181838
35.28  0.0
36.96  3.918307288825384
38.64  3.8632208115777744
40.32  0.0
42.0  2.7733404953806398
43.68  4.8972812663395064
45.36  0.0
47.04  1.5451412590454499
48.72  5.784366373502204
50.4  0.0
52.08  0.27056982938771856
53.76  6.4978532713423
55.44  0.0
57.12  0.0
58.8  7.0163290617405165
60.48  0.0
62.16  0.0
63.839999999999996  7.324233445957466
65.52  0.0
67.2  0.0
68.88  7.412325714416421
70.56  0.0
72.24  0.0
73.92  7.277962075373901
75.6  0.0
77.28  0.0
78.96  6.925174999394419
80.64  0.0
82.32  0.0
84.0  6.364552198373853
85.67999999999999  0.5382743056519492
87.36  0.0
89.03999999999999  5.612918871146045
90.72  1.8063040119246379
92.39999999999999  0.0
94.08  4.692832751998342
95.75999999999999  3.0201236074065942
97.44  0.0
99.11999999999999  3.631907116507189
100.8  4.143304398856197
102.47999999999999  0.0
104.16  2.461982062386654
105.83999999999999  5.142137910435307
107.52  0.0
109.2  1.218168936553875
110.88  5.9866475296983435
112.56  0.0
114.24  0.0
115.92  6.65148815431354
117.6  0.0
119.28  0.0
120.96  7.11670683966004
122.64  0.0
124.32  0.0
126.0  7.368341619032318
127.67999999999999  0.0
129.35999999999999  0.0
131.04  7.3988405248885325
132.72  0.0
134.4  0.0
136.07999999999998  7.207288235635793
137.76  0.0
139.44  0.0
141.12  6.799433545914612
142.79999999999998  0.0
144.48  0.0
146.16  6.1875168359544
147.84  0.8695760241620771
149.51999999999998  0.0
151.2  5.389902717926145
152.88  2.1271790747419006
154.56  0.0
156.23999999999998  4.430528884168018
157.92  3.320942033868426
159.6  0.0
161.28  3.338187698244071
162.96  4.415038140461764
164.64  0.0
166.32  2.145662089449779
168.0  5.376631797213038
