0.0  48.377764188856915
1.68  24.824727270995027
3.36  24.92989797108094
5.04  48.400848805725715
6.72  29.97652246796187
8.4  20.885819970025484
10.08  46.40547001617989
11.76  35.57800028887703
13.44  0.0
15.12  9.325597950155393
16.8  7.545446355564241
18.48  0.0
20.16  4.3297903356891805
21.84  11.835428230161586
23.52  0.0
25.2  0.0
26.88  14.539921188182065
28.56  0.0
30.24  0.0
31.919999999999998  15.296627936573495
33.6  0.0
35.28  0.0
36.96  14.004179083426926
38.64  0.24204808801918576
40.32  0.0
42.0  10.835712709769641
43.68  5.735788409933181
45.36  0.0
47.04  6.215680573517574
48.72  10.461155270834189
50.4  0.0
52.08  0.762988015804829
53.76  13.785132556812286
55.44  0.0
57.12  0.0
58.8  15.262436071691036
60.48  0.0
62.16  0.0
63.839999999999996  14.695164370443624
65.52  0.0
67.2  0.0
68.88  12.159309886763609
70.56  3.8273990363565256
72.24  0.0
73.92  7.994578890651441
75.6  8.906812071108927
77.28  0.0
78.96  2.7588840073581693
80.64  12.793057309465762
82.32  0.0
84.0  0.0
85.67999999999999  14.965528430076933
87.36  0.0
89.03999999999999  0.0
90.72  15.133198457295027
92.39999999999999  0.0
94.08  0.0
95.75999999999999  13.273606102468174
97.44  1.8531277743334824
99.11999999999999  0.0
100.8  9.635864706541522
102.47999999999999  7.199153893324082
104.16  0.0
105.83999999999999  4.707290702215837
107.52  11.580772262580023
109.2  0.0
110.88  0.0
112.56  14.411015750365356
114.24  0.0
115.92  0.0
117.6  15.310741363808742
119.28  0.0
120.96  0.0
122.64  14.159420723173195
124.32  0.0
126.0  0.0
127.67999999999999  11.111286195860671
129.35999999999999  5.367575045338979
131.04  0.0
132.72  6.5746697336440025
134.4  10.169144753859893
136.07999999999998  0.0
137.76  1.1573022085903533
139.44  13.608442985188733
141.12  0.0
142.79999999999998  0.0
144.48  15.22473700363211
146.16  0.0
147.84  0.0
149.51999999999998  14.80150602072908
151.2  0.0
152.88  0.0
154.56  12.395446593587529
156.23999999999998  3.4436029096390035
157.92  0.0
159.6  8.32887748247232
161.28  8.58247344805826
162.96  0.0
164.64  3.146561422520029
166.32  12.571625001740752
168.0  0.0
