0.0  30.083327483729125
1.68  24.886503280960397
3.36  48.624586085596746
5.04  19.98195640162647
6.72  37.07492783007869
8.4  41.350938558305664
10.08  18.162366695399797
11.76  46.942463097310444
13.44  0.0
15.12  0.0
16.8  15.035001074173344
18.48  0.0
20.16  4.712666719783853
21.84  7.13474875537802
23.52  0.0
25.2  14.082187779133363
26.88  0.0
28.56  0.0
30.24  14.716609748901144
31.919999999999998  0.0
33.6  5.6642614951115275
35.28  6.222404374994407
36.96  0.0
38.64  14.497044123679101
40.32  0.0
42.0  0.0
43.68  14.337394687534594
45.36  0.0
47.04  6.592445882297749
48.72  5.28434280240182
50.4  0.0
52.08  14.851984196680531
53.76  0.0
55.44  0.0
57.12  13.898923185613164
58.8  0.0
60.48  7.493383696026991
62.16  4.324441045315016
63.839999999999996  0.0
65.52  15.145541031105305
67.2  0.0
68.88  0.0
70.56  13.40300744549683
72.24  0.0
73.92  8.363351361049606
75.6  3.3466663769134666
77.28  0.0
78.96  15.376501356796023
80.64  0.0
82.32  0.0
84.0  12.851697086535186
85.67999999999999  0.0
87.36  9.198753301715307
89.03999999999999  2.355059939104759
90.72  0.0
92.39999999999999  15.543910614915035
94.08  0.0
95.75999999999999  0.0
97.44  12.247270673992364
99.11999999999999  0.0
100.8  9.99613680248439
102.47999999999999  1.3537200404872758
104.16  0.0
105.83999999999999  15.647076903134883
107.52  0.0
109.2  0.0
110.88  11.592226301738638
112.56  0.0
114.24  10.752206277998253
115.92  0.34678521804631224
117.6  0.0
119.28  15.685573835270505
120.96  0.0
122.64  0.15748020390689588
124.32  10.8892712676305
126.0  0.0
127.67999999999999  11.463836893730992
129.35999999999999  0.0
131.04  0.0
132.72  15.659242303532771
134.4  0.0
136.07999999999998  1.1650017738973717
137.76  10.14131088425083
139.44  0.0
141.12  12.128087480927942
142.79999999999998  0.0
144.48  0.0
146.16  15.568191136120886
147.84  0.0
149.51999999999998  2.1677083925065554
151.2  9.351436471254353
152.88  0.0
154.56  12.74221269245376
156.23999999999998  0.0
157.92  0.0
159.6  15.41279664743553
161.28  0.0
162.96  3.1614558740976277
164.64  8.522912578946407
166.32  0.0
168.0  13.303674349309878
