0.0  0.0
1.68  0.0
3.36  61.51847234370954
5.04  117.46373212686083
6.72  56.935469906851566
8.4  0.0
10.08  0.0
11.76  62.03358795342663
13.44  84.11295837120697
15.12  23.076285344215812
16.8  0.0
18.48  0.0
20.16  29.214156560962344
21.84  84.09196100214038
23.52  22.549458271004656
25.2  0.0
26.88  0.0
28.56  29.726823101232828
30.24  84.06740757425894
31.919999999999998  22.02167763221036
33.6  0.0
35.28  0.0
36.96  30.238232561396547
38.64  84.03929912587158
40.32  21.492965746481723
42.0  0.0
43.68  0.0
45.36  30.74836331510383
47.04  84.00763684562101
48.72  20.963344971848738
50.4  0.0
52.08  0.0
53.76  31.257193790079842
55.44  83.97242207243346
57.12  20.43283770477625
58.8  0.0
60.48  0.0
62.16  31.764702469033654
63.839999999999996  83.93365629546201
65.52  19.901466379216288
67.2  0.0
68.88  0.0
70.56  32.27086789057233
72.24  83.8913411540237
73.92  19.369253465659668
75.6  0.0
77.28  0.0
78.96  32.77566865010351
80.64  83.84547843753008
82.32  18.8362214701878
84.0  0.0
85.67999999999999  0.0
87.36  33.27908340074708
89.03999999999999  83.79607008541177
90.72  18.302392933517478
92.39999999999999  0.0
94.08  0.0
95.75999999999999  33.78109085422982
97.44  83.74311818703613
99.11999999999999  17.767790430049416
100.8  0.0
102.47999999999999  0.0
104.16  34.281669781794214
105.83999999999999  83.68662498161936
107.52  17.232436566914785
109.2  0.0
110.88  0.0
112.56  34.78079901508865
114.24  83.62659285813106
115.92  16.6963539830175
117.6  0.0
119.28  0.0
120.96  35.27845744706687
122.64  83.56302435519406
124.32  16.159565348078573
126.0  0.0
127.67999999999999  0.0
129.35999999999999  35.77462403287841
131.04  83.4959221609767
132.72  15.622093361672842
134.4  0.0
136.07999999999998  0.0
137.76  36.26927779076285
139.44  83.42528911307875
141.12  15.083960752275985
142.79999999999998  0.0
144.48  0.0
146.16  36.76239780293059
147.84  83.3511281984121
149.51999999999998  14.545190276301192
151.2  0.0
152.88  0.0
154.56  37.25396321645175
156.23999999999998  83.27344255307429
157.92  14.00580471712847
159.6  0.0
161.28  0.0
162.96  37.74395324413693
164.64  83.1922354622152
166.32  13.46582688415537
168.0  0.0
