0.0  50.20798972027225
1.68  52.09461603222907
3.36  53.04166934040728
5.04  53.00172081300552
6.72  51.9767710892386
8.4  50.01815008647611
10.08  47.22394637618537
11.76  43.734094866623046
13.44  6.390035469878608
15.12  2.059293716866545
16.8  0.0
18.48  0.0
20.16  0.0
21.84  0.0
23.52  0.0
25.2  0.0
26.88  0.0
28.56  0.0
30.24  0.0
31.919999999999998  0.0
33.6  0.0
35.28  0.0
36.96  0.0
38.64  0.0
40.32  2.335112208770104
42.0  6.652103151293928
43.68  10.635953943455075
45.36  14.087151646001463
47.04  16.832858812578376
48.72  18.73556926243046
50.4  19.699994448320282
52.08  19.677835547434427
53.76  18.670202286938135
55.44  16.727557368367677
57.12  13.94718927411043
58.8  10.468340018897388
60.48  6.465231850581859
62.16  2.1383421259906523
63.839999999999996  0.0
65.52  0.0
67.2  0.0
68.88  0.0
70.56  0.0
72.24  0.0
73.92  0.0
75.6  0.0
77.28  0.0
78.96  0.0
80.64  0.0
82.32  0.0
84.0  0.0
85.67999999999999  0.0
87.36  2.2561519131280736
89.03999999999999  6.577168282218649
90.72  10.568797271007977
92.39999999999999  14.031136404853976
94.08  16.79079026979181
95.75999999999999  18.709554228490244
97.44  19.691335767172383
99.11999999999999  19.68696684950729
100.8  18.69666627274671
102.47999999999999  16.77002871026582
104.16  14.003540989262145
105.83999999999999  10.53574998948039
107.52  6.540324156646454
109.2  2.2173561129642234
110.88  0.0
112.56  0.0
114.24  0.0
115.92  0.0
117.6  0.0
119.28  0.0
120.96  0.0
122.64  0.0
124.32  0.0
126.0  0.0
127.67999999999999  0.0
129.35999999999999  0.0
131.04  0.0
132.72  0.0
134.4  2.1771552988820773
136.07999999999998  6.5021275365981905
137.76  10.501470466416738
139.44  13.974895296253484
141.12  16.748451435781302
142.79999999999998  18.68323801585439
144.48  19.682360103014133
146.16  19.695781238898828
147.84  18.722829287324647
149.51999999999998  16.812230095151023
151.2  14.05966728118048
152.88  10.602990359900788
154.56  6.615311179267353
156.23999999999998  2.296334405852705
157.92  0.0
159.6  0.0
161.28  0.0
162.96  0.0
164.64  0.0
166.32  0.0
168.0  0.0
