0.0  39.64683568248554
1.68  22.587826716279537
3.36  32.176537868698404
5.04  44.633979447206585
6.72  29.067013658620734
8.4  24.080069518143564
10.08  42.040241146004455
11.76  38.40820211694769
13.44  0.0
15.12  0.2722608924748471
16.8  11.01165174503922
18.48  0.0
20.16  0.0
21.84  9.561420513737739
23.52  3.756557712862381
25.2  0.0
26.88  1.6970426427711383
28.56  10.549769962413473
30.24  0.0
31.919999999999998  0.0
33.6  10.265815021542412
35.28  2.379267157218075
36.96  0.0
38.64  3.0951801329331836
40.32  9.922252497954487
42.0  0.0
43.68  0.0
45.36  10.809032055646199
47.04  0.9646211389188242
48.72  0.0
50.4  4.44472203536758
52.08  9.138951631234157
53.76  0.0
55.44  0.0
57.12  11.182542887541572
58.8  0.0
60.48  0.0
62.16  5.724479992985085
63.839999999999996  8.212165504638616
65.52  0.0
67.2  0.0
68.88  11.38048324516062
70.56  0.0
72.24  0.0
73.92  6.91436128503023
75.6  7.156445037528209
77.28  0.0
78.96  0.0
80.64  11.399745384333244
82.32  0.0
84.0  0.0
85.67999999999999  7.995684290973514
87.36  5.9883654708812815
89.03999999999999  0.0
90.72  0.0
92.39999999999999  11.24002688163539
94.08  0.0
95.75999999999999  0.0
97.44  8.951471799557549
99.11999999999999  4.726266129265963
100.8  0.0
102.47999999999999  0.6579457321857092
104.16  10.903835382559732
105.83999999999999  0.0
107.52  0.0
109.2  9.766717557922089
110.88  3.3899624859799147
112.56  0.0
114.24  2.0777324124509953
115.92  10.396449230461101
117.6  0.0
119.28  0.0
120.96  10.428621875881458
122.64  2.0004350520562655
124.32  0.0
126.0  3.4648978482691457
127.67999999999999  9.725834594417677
129.35999999999999  0.0
131.04  0.0
132.72  10.926792586269682
134.4  0.5794999737014184
136.07999999999998  0.0
137.76  4.797662977765586
139.44  8.902520397134177
141.12  0.0
142.79999999999998  0.0
144.48  11.253408206193777
146.16  0.0
147.84  0.0
149.51999999999998  6.055102846013453
151.2  7.939433006571138
152.88  0.0
154.56  0.0
156.23999999999998  11.403340737498818
157.92  0.0
159.6  0.0
161.28  7.217475135343747
162.96  6.85169328670587
164.64  0.0
166.32  0.0
168.0  11.374236178425459
