0.0  27.943660587025363
1.68  23.808190557131407
3.36  43.29406736884069
5.04  38.078377077794165
6.72  21.095480068699704
8.4  34.46116505491091
10.08  45.02994663502229
11.76  26.592364094104397
13.44  0.0
15.12  10.801671684484699
16.8  3.2780007180477666
18.48  0.0
20.16  2.6605780924502187
21.84  11.09796925495223
23.52  0.0
25.2  0.0
26.88  11.473018692076248
28.56  1.7594917463186004
30.24  0.0
31.919999999999998  4.15155230450007
33.6  10.3250825743896
35.28  0.0
36.96  0.0
38.64  11.964234637045816
40.32  0.213358038114551
42.0  0.0
43.68  5.577345455818589
45.36  9.390087895426486
47.04  0.0
48.72  0.0
50.4  12.26760722914798
52.08  0.0
53.76  0.0
55.44  6.915572013677235
57.12  8.3076650150358
58.8  0.0
60.48  0.0
62.16  12.378373395223669
63.839999999999996  0.0
65.52  0.0
67.2  8.145221276501728
68.88  7.094808412951664
70.56  0.0
72.24  0.0
73.92  12.294794061387158
75.6  0.0
77.28  0.0
78.96  9.246987250436982
80.64  5.770560431421067
82.32  0.0
84.0  0.0
85.67999999999999  12.018181457193855
87.36  0.0
89.03999999999999  0.0
90.72  10.203571761308739
92.39999999999999  4.355712302681559
94.08  0.0
95.75999999999999  1.5440371474842816
97.44  11.552878513102126
99.11999999999999  0.0
100.8  0.0
102.47999999999999  10.99995604299627
104.16  2.8724777181522354
105.83999999999999  0.0
107.52  3.067865280033145
109.2  10.906190674697845
110.88  0.0
112.56  0.0
114.24  11.623636538174003
115.92  1.3441440644401705
117.6  0.0
119.28  4.5435266791613405
120.96  10.088271204225595
122.64  0.0
124.32  0.0
126.0  12.064821209249228
127.67999999999999  0.0
129.35999999999999  0.0
131.04  5.947852860354775
132.72  9.111961770239008
134.4  0.0
136.07999999999998  0.0
137.76  12.316583277337937
139.44  0.0
141.12  0.0
142.79999999999998  7.2587953310520055
144.48  7.9925908281791465
146.16  0.0
147.84  0.0
149.51999999999998  12.374969975511865
151.2  0.0
152.88  0.0
154.56  8.455771760951475
156.23999999999998  6.747732957384772
157.92  0.0
159.6  0.0
161.28  12.239064608848118
162.96  0.0
164.64  0.0
166.32  9.519989132971833
168.0  5.396932933044574
