0.0  42.93635826637024
1.68  43.50598345454185
3.36  43.6031100714867
5.04  43.223226786608734
6.72  42.38397839327049
8.4  41.12434624461314
10.08  39.50283765027778
11.76  37.59476833280734
13.44  2.1554308346790476
15.12  0.0
16.8  0.0
18.48  0.0
20.16  0.0
21.84  0.0
23.52  0.0
25.2  0.0
26.88  0.0
28.56  0.0
30.24  0.0
31.919999999999998  0.0
33.6  0.0
35.28  0.0
36.96  0.0
38.64  0.0
40.32  1.051847314889236
42.0  3.2208403095374156
43.68  5.240231929295764
45.36  7.016225607516046
47.04  8.46633010883007
48.72  9.523191076522874
50.4  10.137719503180447
52.08  10.281371813616945
53.76  9.947475654942425
55.44  9.15153981356279
57.12  7.930533864107962
58.8  6.341171009106541
60.48  4.45727386795477
62.16  2.366345568837171
63.839999999999996  0.16550540929163926
65.52  0.0
67.2  0.0
68.88  0.0
70.56  0.0
72.24  0.0
73.92  0.0
75.6  0.0
77.28  0.0
78.96  0.0
80.64  0.0
82.32  0.0
84.0  0.0
85.67999999999999  0.0
87.36  0.0
89.03999999999999  0.8365619286259713
90.72  3.0148051248017143
92.39999999999999  5.053016854543136
94.08  6.856526395994552
95.75999999999999  8.341564458816041
97.44  9.439154094568439
99.11999999999999  10.098314533392644
100.8  10.28842913539221
102.47999999999999  10.00066747027181
104.16  9.248395472571907
105.83999999999999  8.066554621636826
107.52  6.5100389821233104
109.2  4.651145488163504
110.88  2.576215900212506
112.56  0.38162640874391096
114.24  0.0
115.92  0.0
117.6  0.0
119.28  0.0
120.96  0.0
122.64  0.0
124.32  0.0
126.0  0.0
127.67999999999999  0.0
129.35999999999999  0.0
131.04  0.0
132.72  0.0
134.4  0.0
136.07999999999998  0.0
137.76  0.620907320040438
139.44  2.807439335228185
141.12  4.863571596281503
142.79999999999998  6.693801009707011
144.48  8.21311720234175
146.16  9.350951077469688
147.84  10.054452603497726
149.51999999999998  10.290945588681979
151.2  10.049445422692473
152.88  9.341169289057724
154.56  8.199015150175823
156.23999999999998  6.676033704961263
157.92  4.842964293536239
159.6  2.7849492011005825
161.28  0.5975789747735405
162.96  0.0
164.64  0.0
166.32  0.0
168.0  0.0
