0.0  21.900287613365276
1.68  23.32572309075549
3.36  25.215991378148075
5.04  27.48329342078482
6.72  30.02231772530648
8.4  32.715131860940154
10.08  35.43666017714189
11.76  38.06049330903265
13.44  7.131426297775047
15.12  9.204452609002217
16.8  10.849951122176964
18.48  11.991491832613498
20.16  12.576052533880679
21.84  12.576481589693664
23.52  11.992759071296797
25.2  10.85199768311313
26.88  9.20718343366601
28.56  7.134714545005461
30.24  4.730852913209317
31.919999999999998  2.1072529422841058
33.6  0.0
35.28  0.0
36.96  0.0
38.64  0.0
40.32  0.0
42.0  0.0
43.68  0.0
45.36  0.0
47.04  0.0
48.72  0.0
50.4  0.0
52.08  0.0
53.76  0.0
55.44  0.0
57.12  0.0
58.8  1.8408205584111852
60.48  4.479627592321851
62.16  6.910365183975062
63.839999999999996  9.020130596581637
65.52  10.710929587618462
67.2  11.904228038839332
68.88  12.544599703737084
70.56  12.602300642127704
72.24  12.074650764690984
73.92  10.986158317579712
75.6  9.387381525044528
77.28  7.35258026442145
78.96  4.976266848325125
80.64  2.368816123085054
82.32  0.0
84.0  0.0
85.67999999999999  0.0
87.36  0.0
89.03999999999999  0.0
90.72  0.0
92.39999999999999  0.0
94.08  0.0
95.75999999999999  0.0
97.44  0.0
99.11999999999999  0.0
100.8  0.0
102.47999999999999  0.0
104.16  0.0
105.83999999999999  0.0
107.52  1.5775018142846098
109.2  4.230118094703451
110.88  6.6862541332921905
112.56  8.831827487900181
114.24  10.567180711113512
115.92  11.81171023269511
117.6  12.507610228814361
119.28  12.622557583079265
120.96  12.1512132284808
122.64  11.115470136019624
124.32  9.563436431455985
126.0  7.567200872307744
127.67999999999999  5.219484474071468
129.35999999999999  2.62933381070727
131.04  0.0
132.72  0.0
134.4  0.0
136.07999999999998  0.0
137.76  0.0
139.44  0.0
141.12  0.0
142.79999999999998  0.0
144.48  0.0
146.16  0.0
147.84  0.0
149.51999999999998  0.0
151.2  0.0
152.88  0.0
154.56  0.0
156.23999999999998  1.3134868289553685
157.92  3.9787416055653613
159.6  6.459192058669652
161.28  8.639626391821306
162.96  10.418767937210816
164.64  11.71397924754662
166.32  12.465100434669967
168.0  12.637243472009073
