0.0  33.32296460496864
1.68  36.5479874859557
3.36  28.444142979929097
5.04  37.5704534186885
6.72  31.764590979478108
8.4  31.4871845568255
10.08  37.71585115876047
11.76  28.499943971945502
13.44  2.984208303414704
15.12  0.2850603030477792
16.8  0.0
18.48  4.9254581603312655
20.16  0.0
21.84  1.3057645582861956
23.52  2.098214902560142
25.2  0.0
26.88  4.766054802213626
28.56  0.0
30.24  0.0
31.919999999999998  3.6121754057169375
33.6  0.0
35.28  3.927037807766653
36.96  0.0
38.64  0.0
40.32  4.611059233423291
42.0  0.0
43.68  2.5280464623534225
45.36  0.8309671715100472
47.04  0.0
48.72  4.952430954575343
50.4  0.0
52.08  0.7685693650156128
53.76  2.582209109856991
55.44  0.0
57.12  4.587612808135898
58.8  0.0
60.48  0.0
62.16  3.9652419956983107
63.839999999999996  0.0
65.52  3.5686258885719013
67.2  0.0
68.88  0.0
70.56  4.782852820011791
72.24  0.0
73.92  2.0407722191533373
75.6  1.3666474143192335
77.28  0.0
78.96  4.918454701514434
80.64  0.0
82.32  0.22191546933904707
84.0  3.0344243410041707
85.67999999999999  0.0
87.36  4.3527115453425465
89.03999999999999  0.0
90.72  0.0
92.39999999999999  4.26950876914753
94.08  0.0
95.75999999999999  3.166295265594851
97.44  0.052858401671042235
99.11999999999999  0.0
100.8  4.895784339576351
102.47999999999999  0.0
104.16  1.5283824067177072
105.83999999999999  1.8855084710219208
107.52  0.0
109.2  4.8239475433243895
110.88  0.0
112.56  0.0
114.24  3.4492952306755496
115.92  0.0
117.6  4.064241918988808
119.28  0.0
120.96  0.0
122.64  4.52123114685922
124.32  0.0
126.0  2.7249973795314286
127.67999999999999  0.60107232232193
129.35999999999999  0.0
131.04  4.948463955773696
132.72  0.0
134.4  0.9971829526209942
136.07999999999998  2.3811647731206484
137.76  0.0
139.44  4.6700725696692125
141.12  0.0
142.79999999999998  0.0
144.48  3.8217160064308757
146.16  0.0
147.84  3.7257540944509757
149.51999999999998  0.0
151.2  0.0
152.88  4.7173112079845305
154.56  0.0
156.23999999999998  2.25016323708907
157.92  1.1418889090687958
159.6  0.0
161.28  4.940243346103412
162.96  0.0
164.64  0.45371127272059636
166.32  2.847516330593909
168.0  0.0
