0.0  62.49182595737633
1.68  61.772654945089414
3.36  60.555469009137624
5.04  58.86158289005008
6.72  56.720659059309426
8.4  54.17018828525022
10.08  51.254833113807734
11.76  48.02564576074796
13.44  11.205840777918795
15.12  7.523138148802506
16.8  3.7086941539094918
18.48  0.0
20.16  0.0
21.84  0.0
23.52  0.0
25.2  0.0
26.88  0.0
28.56  0.0
30.24  0.0
31.919999999999998  0.0
33.6  0.0
35.28  0.0
36.96  0.0
38.64  0.0
40.32  0.0
42.0  0.0
43.68  0.0
45.36  0.0
47.04  0.0
48.72  0.0
50.4  0.0
52.08  0.0
53.76  0.0
55.44  0.0
57.12  0.0
58.8  1.2473827693642354
60.48  5.110921412538345
62.16  8.88496020153622
63.839999999999996  12.503410090174938
65.52  15.902906625895616
67.2  19.023919555802316
68.88  21.81179529014828
70.56  24.217713968179424
72.24  26.199544366685082
73.92  27.72258168053309
75.6  28.760155255551368
77.28  29.294095631447806
78.96  29.31505271615011
80.64  28.8226595198587
82.32  27.825538581585302
84.0  26.34115097563885
85.67999999999999  24.395490542180426
87.36  22.022628696325793
89.03999999999999  19.26411778686739
90.72  16.168263452693378
92.39999999999999  12.789278719028479
94.08  9.186334646532035
95.75999999999999  5.422524157803611
97.44  1.5637571862382695
99.11999999999999  0.0
100.8  0.0
102.47999999999999  0.0
104.16  0.0
105.83999999999999  0.0
107.52  0.0
109.2  0.0
110.88  0.0
112.56  0.0
114.24  0.0
115.92  0.0
117.6  0.0
119.28  0.0
120.96  0.0
122.64  0.0
124.32  0.0
126.0  0.0
127.67999999999999  0.0
129.35999999999999  0.0
131.04  0.0
132.72  0.0
134.4  0.0
136.07999999999998  0.0
137.76  0.0
139.44  3.394281182972641
141.12  7.21653553270799
142.79999999999998  10.912417585610365
144.48  14.41720693647558
146.16  17.66952949822577
147.84  20.61243225368157
149.51999999999998  23.19438058780819
151.2  25.370160735661496
152.88  27.101671542824434
154.56  28.358591673428784
156.23999999999998  29.11891058195446
157.92  29.369313950698707
159.6  29.105416843330293
161.28  28.33184049166254
162.96  27.06213137099412
164.64  25.318523981129196
166.32  23.13155148713471
168.0  20.539511038096123
