0.0  38.43877454821111
1.68  34.84833709490179
3.36  30.843941600500877
5.04  27.519744895947234
6.72  25.78404700723916
8.4  26.111108207626767
10.08  28.41156263725941
11.76  32.056836537135126
13.44  2.717565751348488
15.12  5.969083479203664
16.8  7.589615088842745
18.48  7.136368220490528
20.16  4.733187573753393
21.84  1.0367157116059795
23.52  0.0
25.2  0.0
26.88  0.0
28.56  0.0
30.24  0.0
31.919999999999998  0.0
33.6  3.1655512345821317
35.28  6.262050407491225
36.96  7.647513485534017
38.64  6.943377988312717
40.32  4.342041161620969
42.0  0.5542895555079252
43.68  0.0
45.36  0.0
47.04  0.0
48.72  0.0
50.4  0.0
52.08  0.0
53.76  3.6009012509855793
55.44  6.530022027110769
57.12  7.674886423681386
58.8  6.72267289203721
60.48  3.9335632602763226
62.16  0.06965092304354314
63.839999999999996  0.0
65.52  0.0
67.2  0.0
68.88  0.0
70.56  0.0
72.24  0.17289368670779215
73.92  4.021878077715603
75.6  6.771928715029784
77.28  7.671624642740202
78.96  6.475133887844015
80.64  3.509384331080102
82.32  0.0
84.0  0.0
85.67999999999999  0.0
87.36  0.0
89.03999999999999  0.0
90.72  0.0
92.39999999999999  0.657223270632656
94.08  4.426801363283238
95.75999999999999  6.986804887782796
97.44  7.637741162283307
99.11999999999999  6.201749040889836
100.8  3.0711975068843547
102.47999999999999  0.0
104.16  0.0
105.83999999999999  0.0
107.52  0.0
109.2  0.0
110.88  0.0
112.56  1.1389295127694568
114.24  4.814054834766538
115.92  7.173792855649383
117.6  7.57337123003272
119.28  5.903609581393232
120.96  2.620751833802144
122.64  0.0
124.32  0.0
126.0  0.0
127.67999999999999  0.0
129.35999999999999  0.0
131.04  0.0
132.72  1.616089656923842
134.4  5.182092749250201
136.07999999999998  7.332146246168437
137.76  7.478771782011131
139.44  5.5819055489308855
141.12  2.1598452897965545
142.79999999999998  0.0
144.48  0.0
146.16  0.0
147.84  0.0
149.51999999999998  0.0
151.2  0.0
152.88  2.0867990928946356
154.56  5.529446063741014
156.23999999999998  7.461232983323806
157.92  7.354320416968012
159.6  5.237921042331174
161.28  1.6903176079558175
162.96  0.0
164.64  0.0
166.32  0.0
168.0  0.0
