0.0  45.31441180874494
1.68  39.6690327404673
3.36  30.10157897981819
5.04  22.534722335189272
6.72  21.65267760901971
8.4  28.001469016750352
10.08  37.65091734574872
11.76  44.62759256808509
13.44  11.279294629001525
15.12  4.281953939815853
16.8  0.0
18.48  0.0
20.16  0.0
21.84  0.0
23.52  6.368251394811664
25.2  11.989318068484087
26.88  10.188473134063857
28.56  2.0805182714131853
30.24  0.0
31.919999999999998  0.0
33.6  0.0
35.28  0.0
36.96  8.19926944368492
38.64  12.270849615073882
40.32  8.746237853021945
42.0  0.0
43.68  0.0
45.36  0.0
47.04  0.0
48.72  1.3317060544692116
50.4  9.747483947750178
52.08  12.129143482650546
53.76  7.002333370161901
55.44  0.0
57.12  0.0
58.8  0.0
60.48  0.0
62.16  3.565496500626469
63.839999999999996  10.959494960478079
65.52  11.569087301367672
67.2  5.016909235751092
68.88  0.0
70.56  0.0
72.24  0.0
73.92  0.0
75.6  5.676308301393043
77.28  11.793498634208783
78.96  10.60999814263583
80.64  2.8584453292491103
82.32  0.0
84.0  0.0
85.67999999999999  0.0
87.36  0.0
89.03999999999999  7.5913367924291375
90.72  12.22072908962416
92.39999999999999  9.284956248022851
94.08  0.6013898985504524
95.75999999999999  0.0
97.44  0.0
99.11999999999999  0.0
100.8  0.5398416995812996
102.47999999999999  9.24453013223914
104.16  12.226450588611034
105.83999999999999  7.6396640483841365
107.52  0.0
109.2  0.0
110.88  0.0
112.56  0.0
114.24  2.798488139756471
115.92  10.57886751671837
117.6  11.81046578917373
119.28  5.73086982714895
120.96  0.0
122.64  0.0
124.32  0.0
126.0  0.0
127.67999999999999  4.960611057749423
129.35999999999999  11.548325901387777
131.04  10.987122552018056
132.72  3.6244103976799797
134.4  0.0
136.07999999999998  0.0
137.76  0.0
139.44  0.0
141.12  6.951636001565451
142.79999999999998  12.119467396492698
144.48  9.784819064038537
146.16  1.3929403053290534
147.84  0.0
149.51999999999998  0.0
151.2  0.0
152.88  0.0
154.56  8.7028899124912
156.23999999999998  12.27259258362611
157.92  8.24502434764899
159.6  0.0
161.28  0.0
162.96  0.0
164.64  0.0
166.32  2.0197686976441505
168.0  10.153969748857072
