0.0  0.0
1.68  11.807173808325906
3.36  57.752167693737135
5.04  86.5934339668699
6.72  78.12963315966371
8.4  38.28908033558352
10.08  0.0
11.76  0.0
13.44  0.0
15.12  12.094367822216725
16.8  48.580353335770624
18.48  51.039115497885014
20.16  17.748459151186967
21.84  0.0
23.52  0.0
25.2  0.0
26.88  0.0
28.56  41.145413205078775
30.24  54.38729176147341
31.919999999999998  29.534582749586807
33.6  0.0
35.28  0.0
36.96  0.0
38.64  0.0
40.32  31.37694645742569
42.0  54.65093968851872
43.68  39.64567796454326
45.36  0.0
47.04  0.0
48.72  0.0
50.4  0.0
52.08  19.828963257903837
53.76  51.81510671426729
55.44  47.50830275299995
57.12  9.925173738044373
58.8  0.0
60.48  0.0
62.16  0.0
63.839999999999996  7.156397512122471
65.52  46.04062465959989
67.2  52.67653513255745
68.88  22.41612634767047
70.56  0.0
72.24  0.0
73.92  0.0
75.6  0.0
77.28  37.65498829304855
78.96  54.85726326204355
80.64  33.63576768814659
82.32  0.0
84.0  0.0
85.67999999999999  0.0
87.36  0.0
89.03999999999999  27.133781747501583
90.72  53.92680902673974
92.39999999999999  42.94778547916399
94.08  1.88676810892977
95.75999999999999  0.0
97.44  0.0
99.11999999999999  0.0
100.8  15.073706176360005
102.47999999999999  49.93794233597044
104.16  49.82405666446243
105.83999999999999  14.811818305426753
107.52  0.0
109.2  0.0
110.88  0.0
112.56  2.1587383623459555
114.24  43.11688832321593
115.92  53.8745994553948
117.6  26.896829003741175
119.28  0.0
120.96  0.0
122.64  0.0
124.32  0.0
126.0  33.8504971828143
127.67999999999999  54.86969081166349
129.35999999999999  37.456409246922185
131.04  0.0
132.72  0.0
134.4  0.0
136.07999999999998  0.0
137.76  22.66430429489416
139.44  52.75289498538581
141.12  45.89168155040963
142.79999999999998  6.8864759279765995
144.48  0.0
146.16  0.0
147.84  0.0
149.51999999999998  10.192724939630192
151.2  47.64426422585319
152.88  51.72424672196938
154.56  19.574923026574396
156.23999999999998  0.0
157.92  0.0
159.6  0.0
161.28  0.0
162.96  39.83353011977255
164.64  54.62331585919858
166.32  31.15319525149246
168.0  0.0
