0.0  35.06254993718506
1.68  33.718737777512
3.36  32.28170309675221
5.04  31.099039177372823
6.72  30.4568115119444
8.4  30.510363618133077
10.08  31.246742188254373
11.76  32.48783026538726
13.44  0.6000972528078359
15.12  1.900544657841791
16.8  2.7412839118203305
18.48  2.918955053496833
20.16  2.390582574929928
21.84  1.2839704370464713
23.52  0.0
25.2  0.0
26.88  0.0
28.56  0.0
30.24  0.0
31.919999999999998  0.0
33.6  0.0
35.28  1.0969582870295098
36.96  2.265664180237273
38.64  2.88634596524433
40.32  2.8088716919267744
42.0  2.0519810172530573
43.68  0.7987524135809133
45.36  0.0
47.04  0.0
48.72  0.0
50.4  0.0
52.08  0.0
53.76  0.0
55.44  0.1818320881159483
57.12  1.5596694232890942
58.8  2.5602502999625547
60.48  2.941551894363645
62.16  2.611344092228348
63.839999999999996  1.6494983228110953
65.52  0.28866807227694813
67.2  0.0
68.88  0.0
70.56  0.0
72.24  0.0
73.92  0.0
75.6  0.0
77.28  0.6950859019134425
78.96  1.9738257947142364
80.64  2.7751321250624876
82.32  2.9051830587626664
84.0  2.332521574256425
85.67999999999999  1.1956643599766292
87.36  0.0
89.03999999999999  0.0
90.72  0.0
92.39999999999999  0.0
94.08  0.0
95.75999999999999  0.0
97.44  0.0
99.11999999999999  1.186700686309456
100.8  2.3265341144846907
102.47999999999999  2.9036200735467146
104.16  2.77837167289244
105.83999999999999  1.9810842862453175
107.52  0.7046076363745898
109.2  0.0
110.88  0.0
112.56  0.0
114.24  0.0
115.92  0.0
117.6  0.0
119.28  0.2789106518781226
120.96  1.6413717620629664
122.64  2.606814062498078
124.32  2.941714129751957
126.0  2.5650655585973365
127.67999999999999  1.5679729792404933
129.35999999999999  0.19161545800640045
131.04  0.0
132.72  0.0
134.4  0.0
136.07999999999998  0.0
137.76  0.0
139.44  0.0
141.12  0.7893130687725445
142.79999999999998  2.0449445610131565
144.48  2.8059401186150725
146.16  2.8882283706146294
147.84  2.2719052437114646
149.51999999999998  1.106048405695359
151.2  0.0
152.88  0.0
154.56  0.0
156.23999999999998  0.0
157.92  0.0
159.6  0.0
161.28  0.0
162.96  1.2751430282842007
164.64  2.3848552782575654
166.32  2.9177132007207085
168.0  2.7448278851709933
