0.0  26.44011378266843
1.68  42.308933485516434
3.36  35.58577027497771
5.04  23.19312357182443
6.72  36.32383372347116
8.4  41.92732201017804
10.08  25.89936036003685
11.76  28.583037769534865
13.44  9.890086065056853
15.12  0.0
16.8  0.0
18.48  5.379801852665228
20.16  6.920639514932466
21.84  0.0
23.52  0.0
25.2  10.141549843345008
26.88  0.0
28.56  0.0
30.24  7.408446422569189
31.919999999999998  4.783337142329798
33.6  0.0
35.28  0.3259099721812806
36.96  9.713133590164272
38.64  0.0
40.32  0.0
42.0  8.940435662201587
43.68  2.3253643143147182
45.36  0.0
47.04  2.9188874422479554
48.72  8.633557931079162
50.4  0.0
52.08  0.0
53.76  9.873066443486367
55.44  0.0
57.12  0.0
58.8  5.3161854238002375
60.48  6.975196610182935
62.16  0.0
63.839999999999996  0.0
65.52  10.143816069722956
67.2  0.0
68.88  0.0
70.56  7.3570912987161154
72.24  4.849224621875393
73.92  0.0
75.6  0.25108363473648065
77.28  9.734533738790427
78.96  0.0
80.64  0.0
82.32  8.904784642908822
84.0  2.398165143051309
85.67999999999999  0.0
87.36  2.8471156515062725
89.03999999999999  8.67265735597281
90.72  0.0
92.39999999999999  0.0
94.08  9.855509539796952
95.75999999999999  0.0
97.44  0.0
99.11999999999999  5.2522796935933656
100.8  7.0293741224096475
102.47999999999999  0.0
104.16  0.0
105.83999999999999  10.145530280065852
107.52  0.0
109.2  0.0
110.88  7.305335809523137
112.56  4.914848211605525
114.24  0.0
115.92  0.17624363357879602
117.6  9.755404144104954
119.28  0.0
120.96  0.0
122.64  8.8686490343966
124.32  2.4708354661077925
126.0  0.0
127.67999999999999  2.7751889236599494
129.35999999999999  8.711284823775156
131.04  0.0
132.72  0.0
134.4  9.837416309417291
136.07999999999998  0.0
137.76  0.0
139.44  5.188088139729105
141.12  7.083169103327996
142.79999999999998  0.0
144.48  0.0
146.16  10.14669238108814
147.84  0.0
149.51999999999998  0.0
151.2  7.25318277147068
152.88  4.980204340352266
154.56  0.0
156.23999999999998  0.10139404142345043
157.92  9.775743670361887
159.6  0.0
161.28  0.0
162.96  8.832030803127637
164.64  2.5433713288403643
166.32  0.0
168.0  2.703111172887103
