0.0  28.20168239428097
1.68  43.31257716757566
3.36  33.30527345061263
5.04  23.368597700607733
6.72  38.51360265539636
8.4  40.619640407270545
10.08  24.38572070504174
11.76  30.67333807961779
13.44  10.32294792668027
15.12  0.0
16.8  0.0
18.48  7.2990778282355
20.16  5.164653913293601
21.84  0.0
23.52  0.0
25.2  9.97461122952938
26.88  0.0
28.56  0.0
30.24  8.92856297257377
31.919999999999998  2.696767176980101
33.6  0.0
35.28  2.6406347741531233
36.96  8.957585909694984
38.64  0.0
40.32  0.0
42.0  9.959485592590486
43.68  0.048091687323120524
45.36  0.0
47.04  5.114259829266362
48.72  7.340052394935665
50.4  0.0
52.08  0.0
53.76  10.322733598500024
55.44  0.0
57.12  0.0
58.8  7.245029681045693
60.48  5.23044862165197
62.16  0.0
63.839999999999996  0.0
65.52  9.99395518318181
67.2  0.0
68.88  0.0
70.56  8.890099508309069
72.24  2.7702004568882774
73.92  0.0
75.6  2.5669454498800772
77.28  8.995191344590262
78.96  0.0
80.64  0.0
82.32  9.939185365978538
84.0  0.1242406402668017
85.67999999999999  0.0
87.36  5.047972023711078
89.03999999999999  7.393398277833894
90.72  0.0
92.39999999999999  0.0
94.08  10.321957517776877
95.75999999999999  0.0
97.44  0.0
99.11999999999999  7.190587266793849
100.8  5.2959586943772115
102.47999999999999  0.0
104.16  0.0
105.83999999999999  10.012755276074454
107.52  0.0
109.2  0.0
110.88  8.851152253974792
112.56  2.8434829853372268
114.24  0.0
115.92  2.4931164350766117
117.6  9.032307270426422
119.28  0.0
120.96  0.0
122.64  9.918344259123922
124.32  0.2003828321625063
126.0  0.0
127.67999999999999  4.981409512711501
129.35999999999999  7.446341819603813
131.04  0.0
132.72  0.0
134.4  10.320619726744347
136.07999999999998  0.0
137.76  0.0
139.44  7.1357535481804835
141.12  5.3611805664784065
142.79999999999998  0.0
144.48  0.0
146.16  10.031010485125577
147.84  0.0
149.51999999999998  0.0
151.2  8.811723329040415
152.88  2.9166107743674923
154.56  0.0
156.23999999999998  2.4191517474411195
157.92  9.068931667392995
159.6  0.0
161.28  0.0
162.96  9.896963406178283
164.64  0.27651411943092086
166.32  0.0
168.0  4.914575918530618
