0.0  1000.0  100.0
0.12  1000.0
0.24  1000.0
0.36  1000.0
0.48  1000.0
0.6  1000.0
0.72  1000.0
0.84  1000.0
0.96  1000.0
1.08  1000.0
1.2  1000.0
1.3199999999999998  1000.0
1.44  1000.0
1.56  1000.0
1.68  1000.0
1.7999999999999998  1000.0
1.92  1000.0
2.04  1000.0
2.16  1000.0
2.28  1000.0
2.4  1000.0
2.52  1000.0
2.6399999999999997  1000.0
2.76  1000.0
2.88  1000.0
3.0  1000.0
3.12  1000.0
3.2399999999999998  998.6969706973498
3.36  984.6514567954206
3.48  970.2998580413164
3.5999999999999996  955.6466429218578
3.7199999999999998  940.6963735651857
3.84  925.453704318799
3.96  909.9233802990542
4.08  894.1102359125798
4.2  878.019193350068
4.32  861.6552610529135
4.4399999999999995  845.0235321531773
4.56  828.129182887364
4.68  810.9774709845069
4.8  793.5737340290609
4.92  775.9233877991182
5.04  758.0319245804615
5.16  739.9049114569806
5.279999999999999  721.547988577986
5.3999999999999995  702.9668674029576
5.52  684.1673289242766
5.64  665.1552218684924
5.76  645.9364608766857
5.88  626.517024664492
6.0  606.9029541623607
6.12  587.1003506366245
6.24  567.115373791966
6.359999999999999  546.9542398558731
6.4799999999999995  526.623219645671
6.6  506.128636618742
6.72  485.47686490652904
6.84  464.6743273329407
6.96  443.72749341776984
7.08  422.6428773657438
7.199999999999999  401.4270360418366
7.319999999999999  380.08656693346524
7.4399999999999995  358.62810610020625
7.56  337.05832611166545
7.68  315.3839339741462
7.8  293.6116690467519
7.92  271.74830094757425
8.04  249.8006274506152
8.16  227.77547237409217
8.28  205.67968346078757
8.4  183.52013025108795
8.52  161.30370194938726
8.64  139.0373052844988
8.76  116.72786236475345
8.879999999999999  94.3823085284379
9.0  72.00759019024244
9.12  49.61066268438942
9.24  27.198488105098857
9.36  4.778033145073712
9.48  0.0
9.6  0.0
9.719999999999999  0.0
9.84  0.0
9.959999999999999  0.0
10.08  0.0
10.2  0.0
10.32  0.0
10.44  0.0
10.559999999999999  0.0
10.68  0.0
10.799999999999999  0.0
10.92  0.0
11.04  0.0
11.16  0.0
11.28  0.0
11.4  0.0
11.52  0.0
11.639999999999999  0.0
11.76  0.0
11.879999999999999  0.0
12.0  0.0
12.12  0.0
12.24  0.0
12.36  0.0
12.48  0.0
12.6  0.0
12.719999999999999  0.0
12.84  0.0
12.959999999999999  0.0
13.08  0.0
13.2  0.0
13.32  0.0
13.44  0.0
13.559999999999999  0.0
13.68  0.0
13.799999999999999  0.0
13.92  0.0
14.04  0.0
14.16  0.0
14.28  0.0
14.399999999999999  0.0
14.52  0.0
14.639999999999999  0.0
14.76  0.0
14.879999999999999  0.0
15.0  0.0
15.12  0.0
15.24  0.0
15.36  0.0
15.479999999999999  0.0
15.6  0.0
15.719999999999999  0.0
15.84  0.0
15.959999999999999  0.0
16.08  0.0
16.2  0.0
16.32  0.0
16.439999999999998  0.0
16.56  0.0
16.68  0.0
16.8  0.0
16.919999999999998  0.0
17.04  0.0
17.16  0.0
17.28  0.0
17.4  0.0
17.52  0.0
17.64  0.0
17.759999999999998  0.0
17.88  0.0
18.0  0.0
18.12  0.0
18.24  0.0
18.36  0.0
18.48  0.0
18.599999999999998  0.0
18.72  0.0
18.84  0.0
18.96  0.0
19.08  0.0
19.2  0.0
19.32  0.0
19.439999999999998  0.0
19.56  0.0
19.68  0.0
19.8  0.0
19.919999999999998  0.0
20.04  0.0
20.16  0.0
20.279999999999998  0.0
20.4  0.0
20.52  0.0
20.64  0.0
20.759999999999998  0.0
20.88  0.0
21.0  0.0
21.119999999999997  0.0
21.24  0.0
21.36  0.0
21.48  0.0
21.599999999999998  0.0
21.72  0.0
21.84  0.0
21.96  0.0
22.08  0.0
22.2  0.0
22.32  0.0
22.439999999999998  0.0
22.56  0.0
22.68  0.0
22.8  0.0
22.919999999999998  0.0
23.04  0.0
23.16  0.0
23.279999999999998  0.0
23.4  0.0
23.52  0.0
23.64  0.0
23.759999999999998  0.0
23.88  0.0
24.0  0.0
24.119999999999997  0.0
24.24  0.0
24.36  0.0
24.48  0.0
24.599999999999998  0.0
24.72  0.0
24.84  0.0
24.96  0.0
25.08  0.0
25.2  0.0
25.32  0.0
25.439999999999998  0.0
25.56  0.0
25.68  0.0
25.8  0.0
25.919999999999998  0.0
26.04  0.0
26.16  0.0
26.279999999999998  0.0
26.4  0.0
26.52  0.0
26.64  0.0
26.759999999999998  0.0
26.88  0.0
27.0  0.0
27.119999999999997  0.0
27.24  0.0
27.36  0.0
27.48  0.0
27.599999999999998  0.0
27.72  0.0
27.84  0.0
27.959999999999997  0.0
28.08  0.0
28.2  0.0
28.32  0.0
28.439999999999998  0.0
28.56  0.0
28.68  0.0
28.799999999999997  0.0
28.919999999999998  0.0
29.04  0.0
29.16  0.0
29.279999999999998  0.0
29.4  0.0
29.52  0.0
29.64  0.0
29.759999999999998  0.0
29.88  0.0
30.0  0.0
30.119999999999997  0.0
30.24  0.0
30.36  0.0
30.48  0.0
30.599999999999998  0.0
30.72  0.0
30.84  14.238808491761795
30.959999999999997  36.66294853037178
31.08  59.075942423779274
31.2  81.47082014089555
31.32  103.8406170831311
31.439999999999998  126.17837624911867
31.56  148.47715039724827
31.68  170.7300042053158
31.799999999999997  192.93001642662503
31.919999999999998  215.07028204188546
32.04  237.14391440620878
32.16  259.144047390571
32.28  281.0638375170478
32.4  302.8964660871642
32.519999999999996  324.6351413027231
32.64  346.2731003784118
32.76  367.80361164555546
32.879999999999995  389.2199766463668
33.0  410.51553221802175
33.12  431.68365256592324
33.24  452.7177513255163
33.36  473.611283611989
33.48  494.35774805725043
33.6  514.9506888335274
33.72  535.3836976629527
33.839999999999996  555.6504158125467
33.96  575.7445360739248
34.08  595.6598047271473
34.199999999999996  615.3900234880949
34.32  634.9290514387484
34.44  654.2708069397818
34.56  673.4092695248767
34.68  692.3384817761483
34.8  711.0525511801193
34.92  729.545651963651
35.04  747.8120269092512
35.16  765.8459891492137
35.28  783.6419239380058
35.4  801.1942904023601
35.519999999999996  818.4976232685318
35.64  835.5465345661636
35.76  852.3357153082361
35.879999999999995  868.8599371465835
36.0  885.1140540024437
36.12  901.0930036715339
36.24  916.7918094031699
36.36  932.2055814528994
36.48  947.3295186081966
36.6  962.158909686717
36.72  976.6891350066522
36.839999999999996  990.9156678287279
36.96  1000.0
37.08  1000.0
37.199999999999996  1000.0
37.32  1000.0
37.44  1000.0
37.559999999999995  1000.0
37.68  1000.0
37.8  1000.0
37.92  1000.0
38.04  1000.0
38.16  1000.0
38.28  1000.0
38.4  1000.0
38.519999999999996  1000.0
38.64  1000.0
38.76  1000.0
38.879999999999995  1000.0
39.0  1000.0
39.12  1000.0
39.24  1000.0
39.36  1000.0
39.48  1000.0
39.6  1000.0
39.72  1000.0
39.839999999999996  1000.0
39.96  1000.0
40.08  1000.0
40.199999999999996  1000.0
40.32  1000.0
40.44  1000.0
40.559999999999995  1000.0
40.68  1000.0
40.8  1000.0
40.92  1000.0
41.04  1000.0
41.16  1000.0
41.28  1000.0
41.4  1000.0
41.519999999999996  1000.0
41.64  1000.0
41.76  1000.0
41.879999999999995  1000.0
42.0  1000.0
42.12  1000.0
42.239999999999995  1000.0
42.36  1000.0
42.48  1000.0
42.6  1000.0
42.72  1000.0
42.839999999999996  1000.0
42.96  1000.0
43.08  1000.0
43.199999999999996  1000.0
43.32  1000.0
43.44  1000.0
43.559999999999995  1000.0
43.68  1000.0
43.8  1000.0
43.92  1000.0
44.04  1000.0
44.16  1000.0
44.28  1000.0
44.4  1000.0
44.519999999999996  1000.0
44.64  1000.0
44.76  1000.0
44.879999999999995  1000.0
45.0  1000.0
45.12  1000.0
45.239999999999995  1000.0
45.36  1000.0
45.48  1000.0
45.6  1000.0
45.72  1000.0
45.839999999999996  1000.0
45.96  1000.0
46.08  988.9224835956319
46.199999999999996  974.6462343222482
46.32  960.0664874780393
46.44  945.1877791308484
46.559999999999995  930.0147385736552
46.68  914.5520868840348
46.8  898.8046354548958
46.92  882.7772844969431
47.04  866.4750215133618
47.16  849.902919747153
47.28  833.0661366016509
47.4  815.9699120346864
47.519999999999996  798.6195669268984
47.64  781.0205014247144
47.76  763.1781932585121
47.879999999999995  745.0981960364746
48.0  726.7861375146906
48.12  708.2477178440345
48.239999999999995  689.4887077943524
48.36  670.5149469565437
48.48  651.3323419230757
48.6  631.9468644474982
48.72  612.3645495835539
48.839999999999996  592.5914938044375
48.96  572.6338531028156
49.08  552.49784107219
49.199999999999996  532.1897269701985
49.32  511.715833764471
49.44  491.08253616165194
49.559999999999995  470.2962586201796
49.68  449.3634733474822
49.8  428.2906982821952
49.92  407.0844950620204
50.04  385.75146697789467
50.16  364.2982569150729
50.28  342.7315452817954
50.4  321.05804792617823
50.519999999999996  299.2845140419697
50.64  277.417724063844
50.76  255.46448755288904
50.879999999999995  233.4316410729248
51.0  211.32604605835672
51.12  189.15458667420583
51.239999999999995  166.9241676689834
51.36  144.64171222109889
51.48  122.31415977946779
51.6  99.94846389898218
51.72  77.55159007155004
51.839999999999996  55.13051355335529
51.96  32.692217189029805
52.08  10.243689233430054
52.199999999999996  0.0
52.32  0.0
52.44  0.0
52.559999999999995  0.0
52.68  0.0
52.8  0.0
52.919999999999995  0.0
53.04  0.0
53.16  0.0
53.28  0.0
53.4  0.0
53.519999999999996  0.0
53.64  0.0
53.76  0.0
53.879999999999995  0.0
54.0  0.0
54.12  0.0
54.239999999999995  0.0
54.36  0.0
54.48  0.0
54.6  0.0
54.72  0.0
54.839999999999996  0.0
54.96  0.0
55.08  0.0
55.199999999999996  0.0
55.32  0.0
55.44  0.0
55.559999999999995  0.0
55.68  0.0
55.8  0.0
55.919999999999995  0.0
56.04  0.0
56.16  0.0
56.28  0.0
56.4  0.0
56.519999999999996  0.0
56.64  0.0
56.76  0.0
56.879999999999995  0.0
57.0  0.0
57.12  0.0
57.239999999999995  0.0
57.36  0.0
57.48  0.0
57.599999999999994  0.0
57.72  0.0
57.839999999999996  0.0
57.96  0.0
58.08  0.0
58.199999999999996  0.0
58.32  0.0
58.44  0.0
58.559999999999995  0.0
58.68  0.0
58.8  0.0
58.919999999999995  0.0
59.04  0.0
59.16  0.0
59.28  0.0
59.4  0.0
59.519999999999996  0.0
59.64  0.0
59.76  0.0
59.879999999999995  0.0
60.0  0.0
60.12  0.0
60.239999999999995  0.0
60.36  0.0
60.48  0.0
60.599999999999994  0.0
60.72  0.0
60.839999999999996  0.0
60.96  0.0
61.08  0.0
61.199999999999996  0.0
61.32  0.0
61.44  0.0
61.559999999999995  0.0
61.68  0.0
61.8  0.0
61.919999999999995  0.0
62.04  0.0
62.16  0.0
62.28  0.0
62.4  0.0
62.519999999999996  0.0
62.64  0.0
62.76  0.0
62.879999999999995  0.0
63.0  0.0
63.12  0.0
63.239999999999995  0.0
63.36  0.0
63.48  0.0
63.599999999999994  0.0
63.72  0.0
63.839999999999996  0.0
63.96  0.0
64.08  0.0
64.2  0.0
64.32  0.0
64.44  0.0
64.56  0.0
64.67999999999999  0.0
64.8  0.0
64.92  0.0
65.03999999999999  0.0
65.16  0.0
65.28  0.0
65.39999999999999  0.0
65.52  0.0
65.64  0.0
65.75999999999999  0.0
65.88  0.0
66.0  0.0
66.12  0.0
66.24  0.0
66.36  0.0
66.48  0.0
66.6  0.0
66.72  0.0
66.84  0.0
66.96  0.0
67.08  0.0
67.2  0.0
67.32  0.0
67.44  0.0
67.56  0.0
67.67999999999999  0.0
67.8  0.0
67.92  0.0
68.03999999999999  0.0
68.16  0.0
68.28  0.0
68.39999999999999  0.0
68.52  0.0
68.64  0.0
68.75999999999999  0.0
68.88  0.0
69.0  0.0
69.12  0.0
69.24  0.0
69.36  0.0
69.48  0.0
69.6  0.0
69.72  0.0
69.84  0.0
69.96  0.0
70.08  0.0
70.2  0.0
70.32  0.0
70.44  0.0
70.56  0.0
70.67999999999999  0.0
70.8  0.0
70.92  0.0
71.03999999999999  0.0
71.16  0.0
71.28  0.0
71.39999999999999  0.0
71.52  0.0
71.64  0.0
71.75999999999999  0.0
71.88  0.0
72.0  0.0
72.11999999999999  0.0
72.24  0.0
72.36  0.0
72.48  0.0
72.6  0.0
72.72  0.0
72.84  0.0
72.96  0.0
73.08  0.0
73.2  0.0
73.32  0.0
73.44  0.0
73.56  10.421066927139927
73.67999999999999  32.851691384872595
73.8  55.271817387271795
73.92  77.674470846265
74.03999999999999  100.05268332437335
74.16  122.39949420172628
74.28  144.7079528404947
74.39999999999999  166.97112074603976
74.52  189.1820737241425
74.64  211.33390403360147
74.75999999999999  233.41972253354783
74.88  255.4326608248469
75.0  277.365873384832
75.11999999999999  299.21253969482007
75.24  320.9658663596566
75.36  342.6190892186847
75.48  364.1654754474552
75.6  385.59832564954854
75.72  406.91097593786
75.84  428.0968000046515
75.96  449.14921117981953
76.08  470.0616644766568
76.2  490.82765862452396
76.32  511.4407380877705
76.44  531.8944950703283
76.56  552.1825715052735
76.67999999999999  572.2986610288322
76.8  592.2365109381755
76.92  611.9899241323618
77.03999999999999  631.5527610359153
77.16  650.91894150436
77.28  670.0824467111695
77.39999999999999  689.0373210155204
77.52  707.777673810318
77.64  726.2976813498402
77.75999999999999  744.5915885565363
77.88  762.6537108063382
78.0  780.4784356919822
78.11999999999999  798.0602247637673
78.24  815.3936152472453
78.36  832.4732217372766
78.48  849.293737867945
78.6  865.8499379578335
78.72  882.1366786301179
78.84  898.1489004070083
78.96  913.8816292780253
79.08  929.3299782416615
79.2  944.4891488198937
79.32  959.3544325451447
79.44  973.9212124192065
79.56  988.1849643436469
79.67999999999999  1000.0
79.8  1000.0
79.92  1000.0
80.03999999999999  1000.0
80.16  1000.0
80.28  1000.0
80.39999999999999  1000.0
80.52  1000.0
80.64  1000.0
80.75999999999999  1000.0
80.88  1000.0
81.0  1000.0
81.11999999999999  1000.0
81.24  1000.0
81.36  1000.0
81.48  1000.0
81.6  1000.0
81.72  1000.0
81.84  1000.0
81.96  1000.0
82.08  1000.0
82.2  1000.0
82.32  1000.0
82.44  1000.0
82.56  1000.0
82.67999999999999  1000.0
82.8  1000.0
82.92  1000.0
83.03999999999999  1000.0
83.16  1000.0
83.28  1000.0
83.39999999999999  1000.0
83.52  1000.0
83.64  1000.0
83.75999999999999  1000.0
83.88  1000.0
84.0  1000.0
84.11999999999999  1000.0
84.24  1000.0
84.36  1000.0
84.47999999999999  1000.0
84.6  1000.0
84.72  1000.0
84.84  1000.0
84.96  1000.0
85.08  1000.0
85.2  1000.0
85.32  1000.0
85.44  1000.0
85.56  1000.0
85.67999999999999  1000.0
85.8  1000.0
85.92  1000.0
86.03999999999999  1000.0
86.16  1000.0
86.28  1000.0
86.39999999999999  1000.0
86.52  1000.0
86.64  1000.0
86.75999999999999  1000.0
86.88  1000.0
87.0  1000.0
87.11999999999999  1000.0
87.24  1000.0
87.36  1000.0
87.47999999999999  1000.0
87.6  1000.0
87.72  1000.0
87.84  1000.0
87.96  1000.0
88.08  1000.0
88.2  1000.0
88.32  1000.0
88.44  1000.0
88.56  1000.0
88.67999999999999  1000.0
88.8  990.9055806687398
88.92  976.7049829684642
89.03999999999999  962.2007722534156
89.16  947.3974570321335
89.28  932.2996386790765
89.39999999999999  916.9120100062302
89.52  901.239353806388
89.64  885.2865413686181
89.75999999999999  869.0585309662944
89.88  852.5603663182278
90.0  835.7971750233364
90.11999999999999  818.7741669693589
90.24  801.4966327160677
90.36  783.9699418535467
90.47999999999999  766.1995413359716
90.6  748.1909537914354
90.72  729.949775808378
90.84  711.4816761990729
90.96  692.792394240788
91.08  673.8877378950868
91.2  654.7735820059058
91.32  635.4558664768841
91.44  615.9405944285419
91.56  596.2338303359151
91.67999999999999  576.3416981471389
91.8  556.270379383638
91.92  536.0261112224655
92.03999999999999  515.6151845614119
92.16  495.04394206743376
92.28  474.3187762090898
92.39999999999999  453.44612727348886
92.52  432.432481368444
92.64  411.284368410419
92.75999999999999  390.0083600988699
92.88  368.611067877647
93.0  347.09914088405515
93.11999999999999  325.47926388623176
93.24  303.758155209431
93.36  281.9425646519421
93.47999999999999  260.03927139118014
93.6  238.0550818806797
93.72  215.99682773859766
93.84  193.87136362839777
93.96  171.68556513235592
94.08  149.446326618535
94.2  127.16055910195
94.32  104.8351881004819
94.44  82.47715148629646
94.56  60.09339733337551
94.67999999999999  37.690881761861654
94.8  15.276566779827403
94.92  0.0
95.03999999999999  0.0
95.16  0.0
95.28  0.0
95.39999999999999  0.0
95.52  0.0
95.64  0.0
95.75999999999999  0.0
95.88  0.0
96.0  0.0
96.11999999999999  0.0
96.24  0.0
96.36  0.0
96.47999999999999  0.0
96.6  0.0
96.72  0.0
96.84  0.0
96.96  0.0
97.08  0.0
97.2  0.0
97.32  0.0
97.44  0.0
97.56  0.0
97.67999999999999  0.0
97.8  0.0
97.92  0.0
98.03999999999999  0.0
98.16  0.0
98.28  0.0
98.39999999999999  0.0
98.52  0.0
98.64  0.0
98.75999999999999  0.0
98.88  0.0
99.0  0.0
99.11999999999999  0.0
99.24  0.0
99.36  0.0
99.47999999999999  0.0
99.6  0.0
99.72  0.0
99.84  0.0
99.96  0.0
100.08  0.0
100.2  0.0
100.32  0.0
100.44  0.0
100.56  0.0
100.67999999999999  0.0
100.8  0.0
100.92  0.0
101.03999999999999  0.0
101.16  0.0
101.28  0.0
101.39999999999999  0.0
101.52  0.0
101.64  0.0
101.75999999999999  0.0
101.88  0.0
102.0  0.0
102.11999999999999  0.0
102.24  0.0
102.36  0.0
102.47999999999999  0.0
102.6  0.0
102.72  0.0
102.83999999999999  0.0
102.96  0.0
103.08  0.0
103.2  0.0
103.32  0.0
103.44  0.0
103.56  0.0
103.67999999999999  0.0
103.8  0.0
103.92  0.0
104.03999999999999  0.0
104.16  0.0
104.28  0.0
104.39999999999999  0.0
104.52  0.0
104.64  0.0
104.75999999999999  0.0
104.88  0.0
105.0  0.0
105.11999999999999  0.0
105.24  0.0
105.36  0.0
105.47999999999999  0.0
105.6  0.0
105.72  0.0
105.83999999999999  0.0
105.96  0.0
106.08  0.0
106.2  0.0
106.32  0.0
106.44  0.0
106.56  0.0
106.67999999999999  0.0
106.8  0.0
106.92  0.0
107.03999999999999  0.0
107.16  0.0
107.28  0.0
107.39999999999999  0.0
107.52  0.0
107.64  0.0
107.75999999999999  0.0
107.88  0.0
108.0  0.0
108.11999999999999  0.0
108.24  0.0
108.36  0.0
108.47999999999999  0.0
108.6  0.0
108.72  0.0
108.83999999999999  0.0
108.96  0.0
109.08  0.0
109.2  0.0
109.32  0.0
109.44  0.0
109.56  0.0
109.67999999999999  0.0
109.8  0.0
109.92  0.0
110.03999999999999  0.0
110.16  0.0
110.28  0.0
110.39999999999999  0.0
110.52  0.0
110.64  0.0
110.75999999999999  0.0
110.88  0.0
111.0  0.0
111.11999999999999  0.0
111.24  0.0
111.36  0.0
111.47999999999999  0.0
111.6  0.0
111.72  0.0
111.83999999999999  0.0
111.96  0.0
112.08  0.0
112.2  0.0
112.32  0.0
112.44  0.0
112.56  0.0
112.67999999999999  0.0
112.8  0.0
112.92  0.0
113.03999999999999  0.0
113.16  0.0
113.28  0.0
113.39999999999999  0.0
113.52  0.0
113.64  0.0
113.75999999999999  0.0
113.88  0.0
114.0  0.0
114.11999999999999  0.0
114.24  0.0
114.36  0.0
114.47999999999999  0.0
114.6  0.0
114.72  0.0
114.83999999999999  0.0
114.96  0.0
115.08  0.0
115.19999999999999  0.0
115.32  0.0
115.44  0.0
115.56  0.0
115.67999999999999  0.0
115.8  0.0
115.92  0.0
116.03999999999999  0.0
116.16  0.0
116.28  4.337276516070506
116.39999999999999  26.779918233759762
116.52  49.21446061592029
116.64  71.63391971399913
116.75999999999999  94.03131609558207
116.88  116.39967701927709
117.0  138.7320386076958
117.11999999999999  161.02144801780778
117.24  183.260965607945
117.36  205.4436671008922
117.47999999999999  227.56264574224673
117.6  249.6110144535174
117.72  271.58190797915023
117.83999999999999  293.4684850269213
117.96  315.26393040098236
118.08  336.9614571268526
118.19999999999999  358.5543085677719
118.32  380.0357605317113
118.44  401.3991233683452
118.56  422.6377440554059
118.67999999999999  443.7450082737264
118.8  464.71434247028327
118.92  485.53921590869646
119.03999999999999  506.2131427064144
119.16  526.7296838580804
119.28  547.0824492443185
119.39999999999999  567.2650996254094
119.52  587.2713486191967
119.64  607.0949646625603
119.75999999999999  626.7297729559202
119.88  646.1696573901232
120.0  665.4085624550718
