0.0  41.384650493205115
1.68  22.92156726192305
3.36  22.64576352855639
5.04  41.039013427378265
6.72  45.971976509274434
8.4  28.827749771621875
10.08  19.553879222922774
11.76  34.3499677489756
13.44  14.036865307392585
15.12  2.5374910841999494
16.8  0.0
18.48  0.0
20.16  11.893170711194264
21.84  8.940281598250607
23.52  0.0
25.2  0.0
26.88  6.748477005558822
28.56  13.087174356691506
30.24  0.0
31.919999999999998  0.0
33.6  0.0
35.28  13.9317855332736
36.96  3.626576627775197
38.64  0.0
40.32  0.0
42.0  11.260994720471135
43.68  9.772873254175705
45.36  0.0
47.04  0.0
48.72  5.748721518476838
50.4  13.453184598382425
52.08  0.0
53.76  0.0
55.44  0.0
57.12  13.738859139735712
58.8  4.692794858610641
60.48  0.0
62.16  0.0
63.839999999999996  10.557812733056089
65.52  10.543842236155838
67.2  0.0
68.88  0.0
70.56  4.712717572776829
72.24  13.734366030114764
73.92  0.0
75.6  0.0
77.28  0.0
78.96  13.459302620632428
80.64  5.729422757110717
82.32  0.0
84.0  0.0
85.67999999999999  9.788058650137373
87.36  11.248327213345549
89.03999999999999  0.0
90.72  0.0
92.39999999999999  3.6469976724306346
94.08  13.928945667502374
95.75999999999999  0.0
97.44  0.0
99.11999999999999  0.0
100.8  13.0948787144929
102.47999999999999  6.7299238849803835
104.16  0.0
105.83999999999999  0.0
107.52  8.956586142036697
109.2  11.881886068578403
110.88  0.0
112.56  0.0
114.24  2.5582816948204226
115.92  14.035696592192895
117.6  0.9955478870654684
119.28  0.0
120.96  0.0
122.64  12.647885289606402
124.32  7.687989600617177
126.0  0.0
127.67999999999999  0.0
129.35999999999999  8.068638043479027
131.04  12.440523908055543
132.72  0.0
134.4  0.0
136.07999999999998  1.4534345186730793
137.76  14.053945688178942
139.44  2.1050157228807587
141.12  0.0
142.79999999999998  0.0
144.48  12.121140854855629
146.16  8.597578838136453
147.84  0.0
149.51999999999998  0.0
151.2  7.129813294994197
152.88  12.920718251075257
154.56  0.0
156.23999999999998  0.0
157.92  0.3394227376944565
159.6  13.983577886118823
161.28  3.2012104204730747
162.96  0.0
164.64  0.0
166.32  11.517966787660656
168.0  9.452956199201283
