0.0  29.346079028866633
1.68  26.07596774043763
3.36  26.585742720754403
5.04  30.609895580638412
6.72  36.052508739018684
8.4  40.078881576210975
10.08  40.59194027040694
11.76  37.324466161001915
13.44  0.0
15.12  0.0
16.8  0.0
18.48  0.0
20.16  0.0
21.84  5.033687791484824
23.52  7.5025689492439
25.2  6.063853474510581
26.88  1.4668740001757938
28.56  0.0
30.24  0.0
31.919999999999998  0.0
33.6  0.0
35.28  2.6169886354635086
36.96  6.695988854190819
38.64  7.287487168589795
40.32  4.083410858888469
42.0  0.0
43.68  0.0
45.36  0.0
47.04  0.0
48.72  0.0
50.4  4.951807480373753
52.08  7.490695435292538
53.76  6.1281708932391865
55.44  1.5738836219445878
57.12  0.0
58.8  0.0
60.48  0.0
62.16  0.0
63.839999999999996  2.514252636723993
65.52  6.645024175476046
67.2  7.314837972075312
68.88  4.174831902935187
70.56  0.0
72.24  0.0
73.92  0.0
75.6  0.0
77.28  0.0
78.96  4.868887931321277
80.64  7.477249845905164
82.32  6.191202190136763
84.0  1.6805629320883986
85.67999999999999  0.0
87.36  0.0
89.03999999999999  0.0
90.72  0.0
92.39999999999999  2.4109889707145715
94.08  6.5926649027121424
95.75999999999999  7.340653607405394
97.44  4.2653767732352925
99.11999999999999  0.0
100.8  0.0
102.47999999999999  0.0
104.16  0.0
105.83999999999999  0.0
107.52  4.7849465466884435
109.2  7.4622350029133315
110.88  6.2529341367982045
112.56  1.7868895417751083
114.24  0.0
115.92  0.0
117.6  0.0
119.28  0.0
120.96  2.307219309424723
122.64  6.538922024561931
124.32  7.36492865664167
126.0  4.355026467098377
127.67999999999999  0.0
129.35999999999999  0.0
131.04  0.0
132.72  0.0
134.4  0.0
136.07999999999998  4.700000943289318
137.76  7.445654057488518
139.44  6.313353777513606
141.12  1.892841136193908
142.79999999999998  0.0
144.48  0.0
146.16  0.0
147.84  0.0
149.51999999999998  2.2029654310372835
151.2  6.483806820066076
152.88  7.387658025169239
154.56  4.44376216970503
156.23999999999998  0.0
157.92  0.0
159.6  0.0
161.28  0.0
162.96  0.0
164.64  4.6140689486937605
166.32  7.427510489480804
168.0  6.372448431987339
