0.0  34.71370939201372
1.68  46.842075767772386
3.36  13.282650138170016
5.04  47.53645344767203
6.72  33.75401646609088
8.4  18.548790978261312
10.08  53.34622852817961
11.76  20.458239583015448
13.44  0.0
15.12  15.941051872175624
16.8  0.0
18.48  11.443183539772253
20.16  3.9981139371334646
21.84  0.0
23.52  19.45449946291303
25.2  0.0
26.88  0.0
28.56  17.85991189004947
30.24  0.0
31.919999999999998  8.314670537690748
33.6  7.446768466391068
35.28  0.0
36.96  18.269488778400266
38.64  0.0
40.32  0.0
42.0  19.203517434612788
43.68  0.0
45.36  4.9183481841211405
47.04  10.655568124114629
48.72  0.0
50.4  16.496031453748888
52.08  0.0
53.76  0.0
55.44  19.928591970984954
57.12  0.0
58.8  1.3636094950378164
60.48  13.521159860836205
62.16  0.0
63.839999999999996  14.191249229844837
65.52  0.4374852174452113
67.2  0.0
68.88  20.011781387841072
70.56  0.0
72.24  0.0
73.92  15.951245098859427
75.6  0.0
77.28  11.42937742724709
78.96  4.014581163784596
80.64  0.0
82.32  19.450406215961316
84.0  0.0
85.67999999999999  0.0
87.36  17.86755260077294
89.03999999999999  0.0
90.72  8.299373881746089
92.39999999999999  7.462370437887987
94.08  0.0
95.75999999999999  18.262547931940816
97.44  0.0
99.11999999999999  0.0
100.8  19.20835952776846
102.47999999999999  0.0
104.16  4.902053678663128
105.83999999999999  10.669802312563927
107.52  0.0
109.2  16.486466567281713
110.88  0.0
112.56  0.0
114.24  19.930479486355107
115.92  0.0
117.6  1.346841973963857
119.28  13.533567793618458
120.96  0.0
122.64  14.179368381246352
124.32  0.4542869949609749
126.0  0.0
127.67999999999999  20.01065352996005
129.35999999999999  0.0
131.04  0.0
132.72  15.9614271256925
134.4  0.0
136.07999999999998  11.415563289810468
137.76  4.031045571677238
139.44  0.0
141.12  19.44629931229227
142.79999999999998  0.0
144.48  0.0
146.16  17.875180766148265
147.84  0.0
149.51999999999998  8.28407139855996
151.2  7.477967169829341
152.88  0.0
154.56  18.255594262795313
156.23999999999998  0.0
157.92  0.0
159.6  19.213188134155114
161.28  0.0
162.96  4.88575573132593
164.64  10.684029009422915
166.32  0.0
168.0  16.476890105168977
