0.0  43.48302320042357
1.68  11.42062741519183
3.36  53.46899028284467
5.04  27.4167352680175
6.72  21.374951479462993
8.4  55.77749961239418
10.08  14.271841954291581
11.76  37.23387680451869
13.44  13.670586566127698
15.12  0.0
16.8  17.83352645896307
18.48  0.0
20.16  0.0
21.84  22.96098173399698
23.52  0.0
25.2  0.0
26.88  16.751163843470504
28.56  0.0
30.24  14.956991350207376
31.919999999999998  2.2702483781703453
33.6  0.0
35.28  22.738241051400166
36.96  0.0
38.64  0.0
40.32  19.292198597119008
42.0  0.0
43.68  11.598702678811453
45.36  6.32039073813245
47.04  0.0
48.72  21.783118542926672
50.4  0.0
52.08  0.0
53.76  21.211845988315297
55.44  0.0
57.12  7.866828424146077
58.8  10.166958015106513
60.48  0.0
62.16  20.126377993915415
63.839999999999996  0.0
65.52  0.0
67.2  22.448275602902456
68.88  0.0
70.56  3.881569479252713
72.24  13.686055139138956
73.92  0.0
75.6  17.821381784752226
77.28  0.0
78.96  0.0
80.64  22.961662962960315
82.32  0.0
84.0  0.0
85.67999999999999  16.76433461024972
87.36  0.0
89.03999999999999  14.942372128301757
90.72  2.289405451217699
92.39999999999999  0.0
94.08  22.735472243607152
95.75999999999999  0.0
97.44  0.0
99.11999999999999  19.302647337068127
100.8  0.0
102.47999999999999  11.58207978347107
104.16  6.338897829217329
105.83999999999999  0.0
107.52  21.776988879616137
109.2  0.0
110.88  0.0
112.56  21.21923615529436
114.24  0.0
115.92  7.848737266462167
117.6  10.18421902459464
119.28  0.0
120.96  20.11708490698184
122.64  0.0
124.32  0.0
126.0  22.452369165132147
127.67999999999999  0.0
129.35999999999999  3.862592761952479
131.04  13.701514102758194
132.72  0.0
134.4  17.80922459761163
136.07999999999998  0.0
137.76  0.0
139.44  22.9623280698469
141.12  0.0
142.79999999999998  0.0
144.48  16.777493606283393
146.16  0.0
147.84  14.927742414906074
149.51999999999998  2.308560916805022
151.2  0.0
152.88  22.732687472552694
154.56  0.0
156.23999999999998  0.0
157.92  19.313082524045292
159.6  0.0
161.28  11.565448756003534
162.96  6.357400469569894
164.64  0.0
166.32  21.770843926024288
168.0  0.0
