0.0  17.982633661502202
1.68  43.20476313222822
3.36  53.2229752556165
5.04  32.607279422895836
6.72  13.109847496102851
8.4  24.76050793367333
10.08  49.614982961930565
11.76  49.392558262934784
13.44  0.0
15.12  0.0
16.8  0.0
18.48  19.981273012401587
20.16  9.555241129438674
21.84  0.0
23.52  0.0
25.2  7.898580722698069
26.88  20.354380419790132
28.56  1.4604846965284768
30.24  0.0
31.919999999999998  0.0
33.6  14.849925146385687
35.28  17.33885630132679
36.96  0.0
38.64  0.0
40.32  0.0
42.0  19.329029026772062
43.68  11.436730189920223
45.36  0.0
47.04  0.0
48.72  5.836900347593538
50.4  20.590203607746155
52.08  3.6305979788465432
53.76  0.0
55.44  0.0
57.12  13.251191148699553
58.8  18.42348642144844
60.48  0.0
62.16  0.0
63.839999999999996  0.0
65.52  18.459401334454896
67.2  13.189596193463649
68.88  0.0
70.56  0.0
72.24  3.709575338639734
73.92  20.594459303330805
75.6  5.759879781992042
77.28  0.0
78.96  0.0
80.64  11.503427779391135
82.32  19.300917009567986
84.0  0.0
85.67999999999999  0.0
87.36  0.0
89.03999999999999  17.382170193472085
90.72  14.794125552353275
92.39999999999999  0.0
94.08  0.0
95.75999999999999  1.5405306325280304
97.44  20.367099644911697
99.11999999999999  7.824383162209524
100.8  0.0
102.47999999999999  0.0
104.16  9.626291239457817
105.83999999999999  19.961280052484053
107.52  0.0
109.2  0.0
110.88  0.0
112.56  16.109450671686727
114.24  16.232272945272673
115.92  0.0
117.6  0.0
119.28  0.0
120.96  19.910681630319992
122.64  9.800889705545469
124.32  0.0
126.0  0.0
127.67999999999999  7.640892723799083
129.35999999999999  20.397148784691193
131.04  1.737837844487613
132.72  0.0
134.4  0.0
136.07999999999998  14.655556394828844
137.76  17.487864263806564
139.44  0.0
141.12  0.0
142.79999999999998  0.0
144.48  19.23033835960283
146.16  11.667170653479209
147.84  0.0
149.51999999999998  0.0
151.2  5.569560994402836
152.88  20.60362121341442
154.56  3.904106827085773
156.23999999999998  0.0
157.92  0.0
159.6  13.03683856846623
161.28  18.54677851436944
162.96  0.0
164.64  0.0
166.32  0.0
168.0  18.333721305672256
