0.0  28.99596897635883
1.68  30.062876583684055
3.36  40.96767291290725
5.04  28.90754752069696
6.72  30.160666016008083
8.4  40.957512011398684
10.08  28.820001379471826
11.76  30.25908292594251
13.44  7.612509896612359
15.12  0.0
16.8  0.0
18.48  7.599335543020449
20.16  0.0
21.84  0.0
23.52  7.584658222861242
25.2  0.0
26.88  0.0
28.56  7.568480838957141
30.24  0.0
31.919999999999998  0.0
33.6  7.550806590807234
35.28  0.0
36.96  0.0
38.64  7.53163897395452
40.32  0.0
42.0  0.0
43.68  7.510981779294533
45.36  0.0
47.04  0.0
48.72  7.488839092325659
50.4  0.0
52.08  0.0
53.76  7.465215292341057
55.44  0.0
57.12  0.0
58.8  7.440115051562565
60.48  0.0
62.16  0.0
63.839999999999996  7.413543334216671
65.52  0.0
67.2  0.0
68.88  7.385505395552677
70.56  0.0
72.24  0.0
73.92  7.356006780803346
75.6  0.0
77.28  0.0
78.96  7.32505332408822
80.64  0.0
82.32  0.0
84.0  7.292651147259644
85.67999999999999  0.0
87.36  0.0
89.03999999999999  7.25880665869223
90.72  0.0
92.39999999999999  0.0
94.08  7.223526552015143
95.75999999999999  0.0
97.44  0.0
99.11999999999999  7.18681780478867
100.8  0.0
102.47999999999999  0.0
104.16  7.1486876771237355
105.83999999999999  0.0
107.52  0.0
109.2  7.109143710246374
110.88  0.0
112.56  0.0
114.24  7.068193725006285
115.92  0.0
117.6  0.0
119.28  7.025845820329636
120.96  0.0
122.64  0.0
124.32  6.982108371617914
126.0  0.0
127.67999999999999  0.0
129.35999999999999  6.936990029090887
131.04  0.0
132.72  0.0
134.4  6.8904997160760315
136.07999999999998  0.0
137.76  0.0
139.44  6.842646627244012
141.12  0.0
142.79999999999998  0.0
144.48  6.793440226789633
146.16  0.0
147.84  0.0
149.51999999999998  6.742890246560416
151.2  0.0
152.88  0.0
154.56  6.69100668413168
156.23999999999998  0.0
157.92  0.0
159.6  6.637799800829677
161.28  0.0
162.96  0.06996404651147525
164.64  6.583280119701524
166.32  0.0
168.0  0.17772513522112865
