0.0  1000.0  100.0
0.12  1000.0
0.24  1000.0
0.36  1000.0
0.48  1000.0
0.6  1000.0
0.72  1000.0
0.84  1000.0
0.96  1000.0
1.08  1000.0
1.2  1000.0
1.3199999999999998  1000.0
1.44  1000.0
1.56  1000.0
1.68  1000.0
1.7999999999999998  1000.0
1.92  1000.0
2.04  1000.0
2.16  1000.0
2.28  1000.0
2.4  1000.0
2.52  1000.0
2.6399999999999997  1000.0
2.76  1000.0
2.88  1000.0
3.0  1000.0
3.12  1000.0
3.2399999999999998  999.6220788749446
3.36  985.5856165152763
3.48  971.2415702205519
3.5999999999999996  956.5944031271988
3.7199999999999998  941.6486752643423
3.84  926.409042126504
3.96  910.8802532096503
4.08  895.0671505110893
4.2  878.9746669937432
4.32  862.6078250153521
4.4399999999999995  845.9717347231965
4.56  829.071592414952
4.68  811.9126788663202
4.8  794.500357626104
4.92  776.8400732794279
5.04  758.9373496798239
5.16  740.7977881509355
5.279999999999999  722.4270656586108
5.3999999999999995  703.8309329541862
5.52  685.015212689779
5.64  665.985797506437
5.76  646.748648096005
5.88  627.3097912375969
6.0  607.6753178095775
6.12  587.8513807779772
6.24  567.8441931622758
6.359999999999999  547.6600259795202
6.4799999999999995  527.3052061677337
6.6  506.78611448961425
6.72  486.1091834175091
6.84  465.2808950006779
6.96  444.307778715862
7.08  423.1964093021821
7.199999999999999  401.95340458140424
7.319999999999999  380.5854232646094
7.4399999999999995  359.0991627463118
7.56  337.50135688707337
7.68  315.79877378566886
7.8  293.9982135418442
7.92  272.10650601072655
8.04  250.13050854992971
8.16  228.07710376040205
8.28  205.9531972220619
8.4  183.76571522524682
8.52  161.52160249902028
8.64  139.22781993734137
8.76  116.89134232412431
8.879999999999999  94.51915605817992
9.0  72.11825687903293
9.12  49.6956475945988
9.24  27.25833581167347
9.36  4.813331670200812
9.48  0.0
9.6  0.0
9.719999999999999  0.0
9.84  0.0
9.959999999999999  0.0
10.08  0.0
10.2  0.0
10.32  0.0
10.44  0.0
10.559999999999999  0.0
10.68  0.0
10.799999999999999  0.0
10.92  0.0
11.04  0.0
11.16  0.0
11.28  0.0
11.4  0.0
11.52  0.0
11.639999999999999  0.0
11.76  0.0
11.879999999999999  0.0
12.0  0.0
12.12  0.0
12.24  0.0
12.36  0.0
12.48  0.0
12.6  0.0
12.719999999999999  0.0
12.84  0.0
12.959999999999999  0.0
13.08  0.0
13.2  0.0
13.32  0.0
13.44  0.0
13.559999999999999  0.0
13.68  0.0
13.799999999999999  0.0
13.92  0.0
14.04  0.0
14.16  0.0
14.28  0.0
14.399999999999999  0.0
14.52  0.0
14.639999999999999  0.0
14.76  0.0
14.879999999999999  0.0
15.0  0.0
15.12  0.0
15.24  0.0
15.36  0.0
15.479999999999999  0.0
15.6  0.0
15.719999999999999  0.0
15.84  0.0
15.959999999999999  0.0
16.08  0.0
16.2  0.0
16.32  0.0
16.439999999999998  0.0
16.56  0.0
16.68  0.0
16.8  0.0
16.919999999999998  0.0
17.04  0.0
17.16  0.0
17.28  0.0
17.4  0.0
17.52  0.0
17.64  0.0
17.759999999999998  0.0
17.88  0.0
18.0  0.0
18.12  0.0
18.24  0.0
18.36  0.0
18.48  0.0
18.599999999999998  0.0
18.72  0.0
18.84  0.0
18.96  0.0
19.08  0.0
19.2  0.0
19.32  0.0
19.439999999999998  0.0
19.56  0.0
19.68  0.0
19.8  0.0
19.919999999999998  0.0
20.04  0.0
20.16  0.0
20.279999999999998  0.0
20.4  0.0
20.52  0.0
20.64  0.0
20.759999999999998  0.0
20.88  0.0
21.0  0.0
21.119999999999997  0.0
21.24  0.0
21.36  0.0
21.48  0.0
21.599999999999998  0.0
21.72  0.0
21.84  0.0
21.96  0.0
22.08  0.0
22.2  0.0
22.32  0.0
22.439999999999998  0.0
22.56  0.0
22.68  0.0
22.8  0.0
22.919999999999998  0.0
23.04  0.0
23.16  0.0
23.279999999999998  0.0
23.4  0.0
23.52  0.0
23.64  0.0
23.759999999999998  0.0
23.88  0.0
24.0  0.0
24.119999999999997  0.0
24.24  0.0
24.36  0.0
24.48  0.0
24.599999999999998  0.0
24.72  0.0
24.84  0.0
24.96  0.0
25.08  0.0
25.2  0.0
25.32  0.0
25.439999999999998  0.0
25.56  0.0
25.68  0.0
25.8  0.0
25.919999999999998  0.0
26.04  0.0
26.16  0.0
26.279999999999998  0.0
26.4  0.0
26.52  0.0
26.64  0.0
26.759999999999998  0.0
26.88  0.0
27.0  0.0
27.119999999999997  0.0
27.24  0.0
27.36  0.0
27.48  0.0
27.599999999999998  0.0
27.72  0.0
27.84  0.0
27.959999999999997  0.0
28.08  0.0
28.2  0.0
28.32  0.0
28.439999999999998  0.0
28.56  0.0
28.68  0.0
28.799999999999997  0.0
28.919999999999998  0.0
29.04  0.0
29.16  0.0
29.279999999999998  0.0
29.4  0.0
29.52  0.0
29.64  0.0
29.759999999999998  0.0
29.88  0.0
30.0  0.0
30.119999999999997  0.0
30.24  0.0
30.36  0.0
30.48  0.0
30.599999999999998  0.0
30.72  0.0
30.84  15.102922486784864
30.959999999999997  37.5465251836318
31.08  59.9776774411978
31.2  82.38937182235037
31.32  104.77460909303267
31.439999999999998  127.12640047198687
31.56  149.43776987126026
31.68  171.7017561265917
31.799999999999997  193.91141521683352
31.919999999999998  216.05982247158497
32.04  238.1400747661952
32.16  260.14529270337636
32.28  282.0686227806304
32.4  303.90323954274635
32.519999999999996  325.64234771866995
32.64  347.2791843420027
32.76  368.80702085448
32.879999999999995  390.2191651917791
33.0  411.5089638510079
33.12  432.66980393928196
33.24  453.6951152028198
33.36  474.5783720359741
33.48  495.3130954697006
33.6  515.8928551389326
33.72  536.3112712283832
33.839999999999996  556.5620163963428
33.96  576.6388176759956
34.08  596.5354583538748
34.199999999999996  616.2457798250653
34.32  635.7636834247746
34.44  655.0831322359421
34.56  674.1981528725679
34.68  693.1028372384452
34.8  711.7913442610371
34.92  730.2579016002302
35.04  748.4968073317144
35.16  766.5024316047933
35.28  784.269218274396
35.4  801.7916865071176
35.519999999999996  819.0644323611219
35.64  836.0821303397406
35.76  852.8395349186331
35.879999999999995  869.3314820463908
36.0  885.5528906184582
36.12  901.4987639242706
36.24  917.1641910675393
36.36  932.5443483595662
36.48  947.6345006855554
36.6  962.4300028438288
36.72  976.9263008579047
36.839999999999996  991.1189332613903
36.96  1000.0
37.08  1000.0
37.199999999999996  1000.0
37.32  1000.0
37.44  1000.0
37.559999999999995  1000.0
37.68  1000.0
37.8  1000.0
37.92  1000.0
38.04  1000.0
38.16  1000.0
38.28  1000.0
38.4  1000.0
38.519999999999996  1000.0
38.64  1000.0
38.76  1000.0
38.879999999999995  1000.0
39.0  1000.0
39.12  1000.0
39.24  1000.0
39.36  1000.0
39.48  1000.0
39.6  1000.0
39.72  1000.0
39.839999999999996  1000.0
39.96  1000.0
40.08  1000.0
40.199999999999996  1000.0
40.32  1000.0
40.44  1000.0
40.559999999999995  1000.0
40.68  1000.0
40.8  1000.0
40.92  1000.0
41.04  1000.0
41.16  1000.0
41.28  1000.0
41.4  1000.0
41.519999999999996  1000.0
41.64  1000.0
41.76  1000.0
41.879999999999995  1000.0
42.0  1000.0
42.12  1000.0
42.239999999999995  1000.0
42.36  1000.0
42.48  1000.0
42.6  1000.0
42.72  1000.0
42.839999999999996  1000.0
42.96  1000.0
43.08  1000.0
43.199999999999996  1000.0
43.32  1000.0
43.44  1000.0
43.559999999999995  1000.0
43.68  1000.0
43.8  1000.0
43.92  1000.0
44.04  1000.0
44.16  1000.0
44.28  1000.0
44.4  1000.0
44.519999999999996  1000.0
44.64  1000.0
44.76  1000.0
44.879999999999995  1000.0
45.0  1000.0
45.12  1000.0
45.239999999999995  1000.0
45.36  1000.0
45.48  1000.0
45.6  1000.0
45.72  1000.0
45.839999999999996  1000.0
45.96  1000.0
46.08  988.693499339671
46.199999999999996  974.4247365086349
46.32  959.8519162726891
46.44  944.9795569909659
46.559999999999995  929.8122726976995
46.68  914.3547717013423
46.8  898.6118551475654
46.92  882.5884155465043
47.04  866.2894352646796
47.16  849.7199849819835
47.28  832.8852221142341
47.4  815.7903892017648
47.519999999999996  798.4408122645676
47.64  780.8418991245524
47.76  762.9991376954946
47.879999999999995  744.9180942412675
48.0  726.6044116030096
48.12  708.0638073958878
48.239999999999995  689.3020721761227
48.36  670.3250675790272
48.48  651.1387244287782
48.6  631.7490408206867
48.72  612.1620801767782
48.839999999999996  592.3839692754743
48.96  572.4208962562345
49.08  552.2791086000126
49.199999999999996  531.964911086401
49.32  511.48466372838044
49.44  490.84477968559713
49.559999999999995  470.0517231570794
49.68  449.11200725439375
49.8  428.03219185618764
49.92  406.8188814451011
50.04  385.47872292807807
50.16  364.018403441058
50.28  342.4446481391012
50.4  320.7642179729721
50.519999999999996  298.9839074532182
50.64  277.11054240281214
50.76  255.15097769941508
50.879999999999995  233.11209500829796
51.0  211.00080050702877
51.12  188.82402260297008
51.239999999999995  166.58870964465456
51.36  144.3018276281262
51.48  121.9703578993081
51.6  99.60129485345003
51.72  77.20164363274554
51.839999999999996  54.778417823148374
51.96  32.338637151448516
52.08  9.88932518366173
52.199999999999996  0.0
52.32  0.0
52.44  0.0
52.559999999999995  0.0
52.68  0.0
52.8  0.0
52.919999999999995  0.0
53.04  0.0
53.16  0.0
53.28  0.0
53.4  0.0
53.519999999999996  0.0
53.64  0.0
53.76  0.0
53.879999999999995  0.0
54.0  0.0
54.12  0.0
54.239999999999995  0.0
54.36  0.0
54.48  0.0
54.6  0.0
54.72  0.0
54.839999999999996  0.0
54.96  0.0
55.08  0.0
55.199999999999996  0.0
55.32  0.0
55.44  0.0
55.559999999999995  0.0
55.68  0.0
55.8  0.0
55.919999999999995  0.0
56.04  0.0
56.16  0.0
56.28  0.0
56.4  0.0
56.519999999999996  0.0
56.64  0.0
56.76  0.0
56.879999999999995  0.0
57.0  0.0
57.12  0.0
57.239999999999995  0.0
57.36  0.0
57.48  0.0
57.599999999999994  0.0
57.72  0.0
57.839999999999996  0.0
57.96  0.0
58.08  0.0
58.199999999999996  0.0
58.32  0.0
58.44  0.0
58.559999999999995  0.0
58.68  0.0
58.8  0.0
58.919999999999995  0.0
59.04  0.0
59.16  0.0
59.28  0.0
59.4  0.0
59.519999999999996  0.0
59.64  0.0
59.76  0.0
59.879999999999995  0.0
60.0  0.0
60.12  0.0
60.239999999999995  0.0
60.36  0.0
60.48  0.0
60.599999999999994  0.0
60.72  0.0
60.839999999999996  0.0
60.96  0.0
61.08  0.0
61.199999999999996  0.0
61.32  0.0
61.44  0.0
61.559999999999995  0.0
61.68  0.0
61.8  0.0
61.919999999999995  0.0
62.04  0.0
62.16  0.0
62.28  0.0
62.4  0.0
62.519999999999996  0.0
62.64  0.0
62.76  0.0
62.879999999999995  0.0
63.0  0.0
63.12  0.0
63.239999999999995  0.0
63.36  0.0
63.48  0.0
63.599999999999994  0.0
63.72  0.0
63.839999999999996  0.0
63.96  0.0
64.08  0.0
64.2  0.0
64.32  0.0
64.44  0.0
64.56  0.0
64.67999999999999  0.0
64.8  0.0
64.92  0.0
65.03999999999999  0.0
65.16  0.0
65.28  0.0
65.39999999999999  0.0
65.52  0.0
65.64  0.0
65.75999999999999  0.0
65.88  0.0
66.0  0.0
66.12  0.0
66.24  0.0
66.36  0.0
66.48  0.0
66.6  0.0
66.72  0.0
66.84  0.0
66.96  0.0
67.08  0.0
67.2  0.0
67.32  0.0
67.44  0.0
67.56  0.0
67.67999999999999  0.0
67.8  0.0
67.92  0.0
68.03999999999999  0.0
68.16  0.0
68.28  0.0
68.39999999999999  0.0
68.52  0.0
68.64  0.0
68.75999999999999  0.0
68.88  0.0
69.0  0.0
69.12  0.0
69.24  0.0
69.36  0.0
69.48  0.0
69.6  0.0
69.72  0.0
69.84  0.0
69.96  0.0
70.08  0.0
70.2  0.0
70.32  0.0
70.44  0.0
70.56  0.0
70.67999999999999  0.0
70.8  0.0
70.92  0.0
71.03999999999999  0.0
71.16  0.0
71.28  0.0
71.39999999999999  0.0
71.52  0.0
71.64  0.0
71.75999999999999  0.0
71.88  0.0
72.0  0.0
72.11999999999999  0.0
72.24  0.0
72.36  0.0
72.48  0.0
72.6  0.0
72.72  0.0
72.84  0.0
72.96  0.0
73.08  0.0
73.2  0.0
73.32  0.0
73.44  0.0
73.56  10.012980081849966
73.67999999999999  32.46333128194628
73.8  54.903079873640685
73.92  77.3252028223683
74.03999999999999  99.7226840441808
74.16  122.08851669733636
74.28  144.41570546678818
74.39999999999999  166.69726884054805
74.52  188.92624137698488
74.64  211.0956759620525
74.75999999999999  233.19864605552027
74.88  255.22824792531435
75.0  277.1776028689712
75.11999999999999  299.0398594214257
75.24  320.80819554817356
75.36  342.4758208230094
75.48  364.03597858948984
75.6  385.4819481053349
75.72  406.80704666899163
75.84  428.00463172754723
75.96  449.06810296535076
76.08  469.99090437254955
76.2  490.76652629290567
76.32  511.3885074502028
76.44  531.8504369526574
76.56  552.1459562746444
76.67999999999999  572.2687612152436
76.8  592.2126038330099
76.92  611.9712943563987
77.03999999999999  631.5387030694321
77.16  650.9087621720403
77.28  670.0754676146764
77.39999999999999  689.0328809067468
77.52  707.7751308984996
77.64  726.2964155359151
77.75999999999999  744.5910035883395
77.88  762.6532363484557
78.0  780.4775293043307
78.11999999999999  798.0583737832299
78.24  815.390338566971
78.36  832.4680714785452
78.48  849.2863009398027
78.6  865.8398375000282
78.72  882.1235753351923
78.84  898.1324937177532
78.96  913.8616584568497
79.08  929.3062233087987
79.2  944.4614313577357
79.32  959.3226163663727
79.44  973.8852040967753
79.56  988.1447136010696
79.67999999999999  1000.0
79.8  1000.0
79.92  1000.0
80.03999999999999  1000.0
80.16  1000.0
80.28  1000.0
80.39999999999999  1000.0
80.52  1000.0
80.64  1000.0
80.75999999999999  1000.0
80.88  1000.0
81.0  1000.0
81.11999999999999  1000.0
81.24  1000.0
81.36  1000.0
81.48  1000.0
81.6  1000.0
81.72  1000.0
81.84  1000.0
81.96  1000.0
82.08  1000.0
82.2  1000.0
82.32  1000.0
82.44  1000.0
82.56  1000.0
82.67999999999999  1000.0
82.8  1000.0
82.92  1000.0
83.03999999999999  1000.0
83.16  1000.0
83.28  1000.0
83.39999999999999  1000.0
83.52  1000.0
83.64  1000.0
83.75999999999999  1000.0
83.88  1000.0
84.0  1000.0
84.11999999999999  1000.0
84.24  1000.0
84.36  1000.0
84.47999999999999  1000.0
84.6  1000.0
84.72  1000.0
84.84  1000.0
84.96  1000.0
85.08  1000.0
85.2  1000.0
85.32  1000.0
85.44  1000.0
85.56  1000.0
85.67999999999999  1000.0
85.8  1000.0
85.92  1000.0
86.03999999999999  1000.0
86.16  1000.0
86.28  1000.0
86.39999999999999  1000.0
86.52  1000.0
86.64  1000.0
86.75999999999999  1000.0
86.88  1000.0
87.0  1000.0
87.11999999999999  1000.0
87.24  1000.0
87.36  1000.0
87.47999999999999  1000.0
87.6  1000.0
87.72  1000.0
87.84  1000.0
87.96  1000.0
88.08  1000.0
88.2  1000.0
88.32  1000.0
88.44  1000.0
88.56  1000.0
88.67999999999999  1000.0
88.8  991.7339558432242
88.92  977.5396507280394
89.03999999999999  963.0404998915624
89.16  948.2409823773748
89.28  933.1456727191808
89.39999999999999  917.7592395975503
89.52  902.0864444616299
89.64  886.1321401161142
89.75999999999999  869.9012692736526
89.88  853.3988630730421
90.0  836.6300395634789
90.11999999999999  819.6000021552303
90.24  802.3140380370537
90.36  784.7775165608265
90.47999999999999  766.9958875937369
90.6  748.9746798385185
90.72  730.7194991222424
90.84  712.2360266541004
90.96  693.5300172527972
91.08  674.6072975440379
91.2  655.4737641287927
91.32  636.1353817228755
91.44  616.5981812685234
91.56  596.8682580186845
91.67999999999999  576.9517695946412
91.8  556.8549340177653
91.92  536.5840277161228
92.03999999999999  516.1453835067286
92.16  495.54538855421185
92.28  474.79048230679814
92.39999999999999  453.88715441036084
92.52  432.8419426014882
92.64  411.6614305804321
92.75999999999999  390.35224586483054
92.88  368.92105762517497
93.0  347.3745745029411
93.11999999999999  325.719542412376
93.24  303.9627423268756
93.36  282.1109880510386
93.47999999999999  260.1711239793021
93.6  238.15002284226912
93.72  216.05458344171802
93.84  193.8917283753624
93.96  171.6684017523997
94.08  149.39156690090417
94.2  127.06820406819406
94.32  104.70530811514652
94.44  82.30988620563092
94.56  59.888955492086076
94.67999999999999  37.4495407983588
94.8  14.998672300830616
94.92  0.0
95.03999999999999  0.0
95.16  0.0
95.28  0.0
95.39999999999999  0.0
95.52  0.0
95.64  0.0
95.75999999999999  0.0
95.88  0.0
96.0  0.0
96.11999999999999  0.0
96.24  0.0
96.36  0.0
96.47999999999999  0.0
96.6  0.0
96.72  0.0
96.84  0.0
96.96  0.0
97.08  0.0
97.2  0.0
97.32  0.0
97.44  0.0
97.56  0.0
97.67999999999999  0.0
97.8  0.0
97.92  0.0
98.03999999999999  0.0
98.16  0.0
98.28  0.0
98.39999999999999  0.0
98.52  0.0
98.64  0.0
98.75999999999999  0.0
98.88  0.0
99.0  0.0
99.11999999999999  0.0
99.24  0.0
99.36  0.0
99.47999999999999  0.0
99.6  0.0
99.72  0.0
99.84  0.0
99.96  0.0
100.08  0.0
100.2  0.0
100.32  0.0
100.44  0.0
100.56  0.0
100.67999999999999  0.0
100.8  0.0
100.92  0.0
101.03999999999999  0.0
101.16  0.0
101.28  0.0
101.39999999999999  0.0
101.52  0.0
101.64  0.0
101.75999999999999  0.0
101.88  0.0
102.0  0.0
102.11999999999999  0.0
102.24  0.0
102.36  0.0
102.47999999999999  0.0
102.6  0.0
102.72  0.0
102.83999999999999  0.0
102.96  0.0
103.08  0.0
103.2  0.0
103.32  0.0
103.44  0.0
103.56  0.0
103.67999999999999  0.0
103.8  0.0
103.92  0.0
104.03999999999999  0.0
104.16  0.0
104.28  0.0
104.39999999999999  0.0
104.52  0.0
104.64  0.0
104.75999999999999  0.0
104.88  0.0
105.0  0.0
105.11999999999999  0.0
105.24  0.0
105.36  0.0
105.47999999999999  0.0
105.6  0.0
105.72  0.0
105.83999999999999  0.0
105.96  0.0
106.08  0.0
106.2  0.0
106.32  0.0
106.44  0.0
106.56  0.0
106.67999999999999  0.0
106.8  0.0
106.92  0.0
107.03999999999999  0.0
107.16  0.0
107.28  0.0
107.39999999999999  0.0
107.52  0.0
107.64  0.0
107.75999999999999  0.0
107.88  0.0
108.0  0.0
108.11999999999999  0.0
108.24  0.0
108.36  0.0
108.47999999999999  0.0
108.6  0.0
108.72  0.0
108.83999999999999  0.0
108.96  0.0
109.08  0.0
109.2  0.0
109.32  0.0
109.44  0.0
109.56  0.0
109.67999999999999  0.0
109.8  0.0
109.92  0.0
110.03999999999999  0.0
110.16  0.0
110.28  0.0
110.39999999999999  0.0
110.52  0.0
110.64  0.0
110.75999999999999  0.0
110.88  0.0
111.0  0.0
111.11999999999999  0.0
111.24  0.0
111.36  0.0
111.47999999999999  0.0
111.6  0.0
111.72  0.0
111.83999999999999  0.0
111.96  0.0
112.08  0.0
112.2  0.0
112.32  0.0
112.44  0.0
112.56  0.0
112.67999999999999  0.0
112.8  0.0
112.92  0.0
113.03999999999999  0.0
113.16  0.0
113.28  0.0
113.39999999999999  0.0
113.52  0.0
113.64  0.0
113.75999999999999  0.0
113.88  0.0
114.0  0.0
114.11999999999999  0.0
114.24  0.0
114.36  0.0
114.47999999999999  0.0
114.6  0.0
114.72  0.0
114.83999999999999  0.0
114.96  0.0
115.08  0.0
115.19999999999999  0.0
115.32  0.0
115.44  0.0
115.56  0.0
115.67999999999999  0.0
115.8  0.0
115.92  0.0
116.03999999999999  0.0
116.16  0.0
116.28  4.8958764241650545
116.39999999999999  27.35009217906075
116.52  49.79563286777007
116.64  72.22546659152576
116.75999999999999  94.63256691762213
116.88  117.00991519560658
117.0  139.35050286918477
117.11999999999999  161.6473337827286
117.24  183.8934264812856
117.36  206.08181650315436
117.47999999999999  228.20555866384802
117.6  250.25772933056385
117.72  272.231428686006
117.83999999999999  294.1197829806731
117.96  315.9159467725802
118.08  337.61310515340693
118.19999999999999  359.2044759601988
118.32  380.68331197164594
118.44  402.04290308798664
118.56  423.27657849371735
118.67999999999999  444.3777088021934
118.8  465.33970818122697
118.92  486.1560364589553
119.03999999999999  506.82020120903945
119.16  527.3257598145447
119.28  547.6663215096115
119.39999999999999  567.835549398285
119.52  587.8271624497523
119.64  607.6349374692637
119.75999999999999  627.2527110441558
119.88  646.6743814643054
120.0  665.8939106163724
