0.0  50.6600421231325
1.68  52.858109180050235
3.36  54.68172831618617
5.04  56.095925998466974
6.72  57.07358061556859
8.4  57.595942618636236
10.08  57.65299410183174
11.76  57.2436409266396
13.44  23.04240037202133
15.12  21.732583907994623
16.8  20.005977980086154
18.48  17.895695593269224
20.16  15.442207934419901
21.84  12.692568212227114
23.52  9.699509266491804
25.2  6.520432252945868
26.88  3.2163057986851147
28.56  0.0
30.24  0.0
31.919999999999998  0.0
33.6  0.0
35.28  0.0
36.96  0.0
38.64  0.0
40.32  0.0
42.0  0.0
43.68  0.0
45.36  0.0
47.04  0.0
48.72  0.0
50.4  0.0
52.08  0.0
53.76  0.0
55.44  0.0
57.12  0.0
58.8  0.0
60.48  0.0
62.16  0.0
63.839999999999996  0.0
65.52  0.0
67.2  1.271910410344006
68.88  4.619561045896948
70.56  7.87861732102599
72.24  10.986576759107828
73.92  13.883834632354617
75.6  16.51482706668533
77.28  18.829096650739068
78.96  20.78226011268309
80.64  22.336859506622766
82.32  23.463080584482725
84.0  24.13932457635874
85.67999999999999  24.352622413684415
87.36  24.098883451203662
89.03999999999999  23.382973917736116
90.72  22.2186235911998
92.39999999999999  20.62816248768587
94.08  18.642092614386137
95.75999999999999  16.298502999334666
97.44  13.642339216575989
99.11999999999999  10.72454141587261
100.8  7.601067387895771
102.47999999999999  4.331819400644632
104.16  0.9794953883211086
105.83999999999999  0.0
107.52  0.0
109.2  0.0
110.88  0.0
112.56  0.0
114.24  0.0
115.92  0.0
117.6  0.0
119.28  0.0
120.96  0.0
122.64  0.0
124.32  0.0
126.0  0.0
127.67999999999999  0.0
129.35999999999999  0.0
131.04  0.0
132.72  0.0
134.4  0.0
136.07999999999998  0.0
137.76  0.0
139.44  0.0
141.12  0.0
142.79999999999998  0.1432246720729502
144.48  3.5062319623028397
146.16  6.801996418178602
147.84  9.967311570259639
149.51999999999998  12.941472717676568
151.2  15.667441128386482
152.88  18.09293793314542
154.56  20.171446734401115
156.23999999999998  21.863105701981084
157.92  23.135472046884644
159.6  23.96414421203052
161.28  24.333229847530312
162.96  24.235650595614977
164.64  23.67327784002169
166.32  22.65689681642687
168.0  21.20599977221889
