0.0  0.0  100.0
0.12  0.0
0.24  0.0
0.36  0.0
0.48  0.005159082044534635
0.6  0.014296014244700062
0.72  0.02381393297519363
0.84  0.03369668640427226
0.96  0.04392670434454804
1.08  0.05448503080259759
1.2  0.06535136049706125
1.3199999999999998  0.07650407927243685
1.44  0.0879203083258363
1.56  0.09957595215419834
1.68  0.1114457501198694
1.7999999999999998  0.12350333152311405
1.92  0.13572127406099643
2.04  0.14807116554323008
2.16  0.16052366872702428
2.28  0.17304858912470217
2.4  0.18561494562993686
2.52  0.19819104380086733
2.6399999999999997  0.2107445516311397
2.76  0.22324257763309124
2.88  0.23565175105085123
3.0  0.24793830401512917
3.12  0.26006815544586803
3.2399999999999998  0.2720069965038061
3.36  0.283720377387312
3.48  0.2951737952666503
3.5999999999999996  0.3063327831441107
3.7199999999999998  0.31716299942520443
3.84  0.32763031798339404
3.96  0.3377009184986151
4.08  0.34734137684812894
4.2  0.3565187553270718
4.32  0.36520069247540254
4.4399999999999995  0.37335549228782366
4.56  0.3809522125836484
4.68  0.38796075231451665
4.8  0.3943519375893296
4.92  0.40009760619775026
5.04  0.405170690416142
5.16  0.40954529788284405
5.279999999999999  0.41319679033323553
5.3999999999999995  0.41610185998909244
5.52  0.418238603401307
5.64  0.41958659255007635
5.76  0.42012694301220727
5.88  0.41984237901117244
6.0  0.4187172951720177
6.12  0.4167378148101082
6.24  0.41389184459003464
6.359999999999999  0.41016912539874095
6.4799999999999995  0.40556127928506136
6.6  0.40006185232637737
6.72  0.3936663532919764
6.84  0.38637228798190293
6.96  0.37817918912963605
7.08  0.36908864176674916
7.199999999999999  0.3591043039578321
7.319999999999999  0.34823192282430904
7.4399999999999995  0.33647934578638905
7.56  0.32385652696319633
7.68  0.31037552868210394
7.8  0.29605051805945815
7.92  0.28089775862615746
8.04  0.26493559698293656
8.16  0.2481844444816913
8.28  0.2306667539407053
8.4  0.2124069914131974
8.52  0.19343160304018836
8.64  0.17376897703020755
8.76  0.15344940081988145
8.879999999999999  0.13250501348083837
9.0  0.11096975344970134
9.12  0.08887930166912239
9.24  0.06627102023884446
9.36  0.04318388668664386
9.48  0.019658423979642903
9.6  0.0
9.719999999999999  0.0
9.84  0.0
9.959999999999999  0.0
10.08  0.0
10.2  0.0
10.32  0.0
10.44  0.0
10.559999999999999  0.0
10.68  0.0
10.799999999999999  0.0
10.92  0.0
11.04  0.0
11.16  0.0
11.28  0.0
11.4  0.0
11.52  0.0
11.639999999999999  0.0
11.76  0.0
11.879999999999999  0.0
12.0  0.0
12.12  0.0
12.24  0.0
12.36  0.0
12.48  0.0
12.6  0.0
12.719999999999999  0.0
12.84  0.0
12.959999999999999  0.0
13.08  0.0
13.2  0.0
13.32  0.0
13.44  0.0
13.559999999999999  0.0
13.68  0.0
13.799999999999999  0.0
13.92  0.0
14.04  0.0
14.16  0.0
14.28  0.0
14.399999999999999  0.0
14.52  0.0
14.639999999999999  0.0
14.76  0.0
14.879999999999999  0.0
15.0  0.0
15.12  0.0
15.24  0.0
15.36  0.0
15.479999999999999  0.0
15.6  0.0
15.719999999999999  0.0
15.84  0.0
15.959999999999999  0.0
16.08  0.0
16.2  0.0
16.32  0.0
16.439999999999998  0.0
16.56  0.0
16.68  0.0
16.8  0.0
16.919999999999998  0.0
17.04  0.0
17.16  0.0
17.28  0.0
17.4  0.0
17.52  0.0
17.64  0.0
17.759999999999998  0.0
17.88  0.0
18.0  0.0
18.12  0.0
18.24  0.0
18.36  0.0
18.48  0.0
18.599999999999998  0.029684978014614394
18.72  0.06609400581142139
18.84  0.10265588919791113
18.96  0.13930176489856289
19.08  0.1759621280727155
19.2  0.21256696901419442
19.32  0.24904591165987588
19.439999999999998  0.28532835362500963
19.56  0.3213436074786662
19.68  0.3570210429688518
19.8  0.39229022990365536
19.919999999999998  0.42708108139214096
20.04  0.4613239971467774
20.16  0.49495000654781207
20.279999999999998  0.527890911169339
20.4  0.5600794264667184
20.52  0.5914493223255834
20.64  0.6219355621739178
20.759999999999998  0.6514744403605189
20.88  0.6800037175057005
21.0  0.7074627535331811
21.119999999999997  0.7337926380959303
21.24  0.758936318113098
21.36  0.7828387221401764
21.48  0.80544688130017
21.599999999999998  0.8267100465097674
21.72  0.8465798017413019
21.84  0.8650101730686633
21.96  0.8819577332532835
22.08  0.8973817016347512
22.2  0.911244039099669
22.32  0.9235095379118242
22.439999999999998  0.9341459061967953
22.56  0.9431238468845522
22.68  0.9504171309245487
22.8  0.9560026645991353
22.919999999999998  0.9598605507728908
23.04  0.9619741439275746
23.16  0.9623300988448964
23.279999999999998  0.9609184128121115
23.4  0.9577324612385462
23.52  0.9527690265845643
23.64  0.9460283205180999
23.759999999999998  0.9375139992277415
23.88  0.9272331718353858
24.0  0.9151964018656915
24.119999999999997  0.9014177017438718
24.24  0.885914520307814
24.36  0.8687077233350067
24.48  0.8498215670992804
24.599999999999998  0.8292836649869322
24.72  0.8071249472163126
24.84  0.7833796137194312
24.96  0.7580850802585115
25.08  0.7312819178647023
25.2  0.7030137857002667
25.32  0.6733273574595418
25.439999999999998  0.6422722414376452
25.56  0.6099008944094866
25.68  0.5762685294748208
25.8  0.5414330180380406
25.919999999999998  0.505454786104066
26.04  0.46839670508390086
26.16  0.43032397731539496
26.279999999999998  0.39130401651620617
26.4  0.3514063233970194
26.52  0.3107023566737773
26.64  0.2692653997277067
26.759999999999998  0.22717042317169106
26.88  0.1844939435905913
27.0  0.14131387873176265
27.119999999999997  0.09770939943002074
27.24  0.05376077855877598
27.36  0.00954923730596044
27.48  0.0
27.599999999999998  0.0
27.72  0.0
27.84  0.0
27.959999999999997  0.0
28.08  0.0
28.2  0.0
28.32  0.0
28.439999999999998  0.0
28.56  0.0
28.68  0.0
28.799999999999997  0.0
28.919999999999998  0.0
29.04  0.0
29.16  0.0
29.279999999999998  0.0
29.4  0.0
29.52  0.0
29.64  0.0
29.759999999999998  0.0
29.88  0.0
30.0  0.0
30.119999999999997  0.0
30.24  0.0
30.36  0.0
30.48  0.0
30.599999999999998  0.0
30.72  0.0
30.84  0.0
30.959999999999997  0.0
31.08  0.0
31.2  0.0
31.32  0.0
31.439999999999998  0.0
31.56  0.0
31.68  0.0
31.799999999999997  0.0
31.919999999999998  0.0
32.04  0.0
32.16  0.0
32.28  0.0
32.4  0.0
32.519999999999996  0.0
32.64  0.0
32.76  0.0
32.879999999999995  0.0
33.0  0.0
33.12  0.0
33.24  0.0
33.36  0.0
33.48  0.0
33.6  0.0
33.72  0.0
33.839999999999996  0.0
33.96  0.0
34.08  0.0
34.199999999999996  0.0
34.32  0.0
34.44  0.0
34.56  0.0
34.68  0.0
34.8  0.0
34.92  0.0
35.04  0.0
35.16  0.0
35.28  0.0
35.4  0.0
35.519999999999996  0.0
35.64  0.0
35.76  0.0
35.879999999999995  0.0
36.0  0.0
36.12  0.0
36.24  0.0
36.36  0.040593923074083035
36.48  0.08859283605559942
36.6  0.13646034168978743
36.72  0.1841071782507325
36.839999999999996  0.23144445280698667
36.96  0.2783838135283439
37.08  0.3248376210070766
37.199999999999996  0.3707191182503098
37.32  0.4159425990027016
37.44  0.4604235740619582
37.559999999999995  0.5040789352536668
37.68  0.5468271167365409
37.8  0.5885882533145576
37.92  0.6292843354384839
38.04  0.6688393605858567
38.16  0.7071794807159006
38.28  0.7442331455036837
38.4  0.7799312410663971
38.519999999999996  0.8142072239037814
38.64  0.8469972497843468
38.76  0.8782402973193525
38.879999999999995  0.907878285977266
39.0  0.935856188302682
39.12  0.9621221361154706
39.24  0.9866275204782016
39.36  1.0093270852324367
39.48  1.030179013917715
39.6  1.0491450099003614
39.72  1.066190369553171
39.839999999999996  1.0812840483410988
39.96  1.094398719682522
40.08  1.1055108264703475
40.199999999999996  1.1146006251521636
40.32  1.1216522222837653
40.44  1.1266536034856784
40.559999999999995  1.1295966547477794
40.68  1.1304771760426275
40.8  1.129294887223783
40.92  1.126053426201036
41.04  1.120760339400171
41.16  1.1134270645305362
41.28  1.104068905699302
41.4  1.092705000926816
41.519999999999996  1.0793582821328394
41.64  1.064055427678731
41.76  1.0468268075656848
41.879999999999995  1.027706421403975
42.0  1.0067318292827976
42.12  0.9839440756846058
42.239999999999995  0.9593876066018433
42.36  0.9331101800277335
42.48  0.9051627700060438
42.6  0.8755994644377227
42.72  0.8444773568548369
42.839999999999996  0.8118564323842705
42.96  0.7777994481353326
43.08  0.7423718082564941
43.199999999999996  0.7056414339170698
43.32  0.6676786284798071
43.44  0.6285559381397994
43.559999999999995  0.5883480083140763
43.68  0.5471314360746496
43.8  0.5049846189254475
43.92  0.46198760023072044
44.04  0.41822191160899913
44.16  0.37377041261242566
44.28  0.3287171280165403
44.4  0.2831470830500036
44.519999999999996  0.23714613689753022
44.64  0.19080081481248837
44.76  0.1441981391779548
44.879999999999995  0.09742545985671545
45.0  0.05057028417178251
45.12  0.0037201068592273567
45.239999999999995  0.0
45.36  0.0
45.48  0.0
45.6  0.0
45.72  0.0
45.839999999999996  0.0
45.96  0.0
46.08  0.0
46.199999999999996  0.0
46.32  0.0
46.44  0.0
46.559999999999995  0.0
46.68  0.0
46.8  0.0
46.92  0.0
47.04  0.0
47.16  0.0
47.28  0.0
47.4  0.0
47.519999999999996  0.0
47.64  0.0
47.76  0.0
47.879999999999995  0.0
48.0  0.0
48.12  0.0
48.239999999999995  0.0
48.36  0.0
48.48  0.0
48.6  0.0
48.72  0.0
48.839999999999996  0.0
48.96  0.0
49.08  0.0
49.199999999999996  0.0
49.32  0.0
49.44  0.0
49.559999999999995  0.0
49.68  0.0
49.8  0.0
49.92  0.0
50.04  0.0
50.16  0.0
50.28  0.0
50.4  0.0
50.519999999999996  0.0
50.64  0.0
50.76  0.0
50.879999999999995  0.0
51.0  0.0
51.12  0.0
51.239999999999995  0.0
51.36  0.0
51.48  0.0
51.6  0.0
51.72  0.0
51.839999999999996  0.0
51.96  0.0
52.08  0.0
52.199999999999996  0.0
52.32  0.0
52.44  0.0
52.559999999999995  0.0
52.68  0.0
52.8  0.0
52.919999999999995  0.0
53.04  0.0
53.16  0.0
53.28  0.0
53.4  0.0
53.519999999999996  0.0
53.64  0.0
53.76  0.0
53.879999999999995  0.0
54.0  0.0
54.12  0.03853120657204834
54.239999999999995  0.07891622505947377
54.36  0.11893338885690266
54.48  0.15850938916920648
54.6  0.19757215336659206
54.72  0.23605098162423566
54.839999999999996  0.27387668017932026
54.96  0.3109816909447958
55.08  0.3473002172276908
55.199999999999996  0.38276834530891785
55.32  0.41732416165086245
55.44  0.4509078655091633
55.559999999999995  0.48346187673542296
55.68  0.514930938568396
55.8  0.5452622152225082
55.919999999999995  0.5744053840940888
56.04  0.6023127224176248
56.16  0.6289391882166692
56.28  0.6542424954065206
56.4  0.6781831829185934
56.519999999999996  0.7007246777295059
56.64  0.7218333516910921
56.76  0.7414785720709849
56.879999999999995  0.7596327457270312
57.0  0.7762713568524469
57.12  0.7913729982423955
57.239999999999995  0.8049193960465633
57.36  0.81689542798613
57.48  0.8272891350273863
57.599999999999994  0.8360917265181508
57.72  0.8432975788068535
57.839999999999996  0.8489042273778511
57.96  0.8529123525501465
58.08  0.8553257588000361
58.199999999999996  0.8561513477815375
58.32  0.8553990851313932
58.44  0.8530819611583382
58.559999999999995  0.8492159455288081
58.68  0.8438199360735787
58.8  0.8369157018517174
58.919999999999995  0.8285278206199139
59.04  0.8186836108664675
59.16  0.8074130585800965
59.28  0.7947487389342032
59.4  0.7807257330772988
59.519999999999996  0.7653815402298263
59.64  0.7487559852968145
59.76  0.7308911222144154
59.879999999999995  0.7118311332564902
60.0  0.6916222245350925
60.12  0.6703125179357444
60.239999999999995  0.6479519397349593
60.36  0.6245921061534491
60.48  0.6002862061038854
60.599999999999994  0.5750888813968723
60.72  0.5490561046731
60.839999999999996  0.5222450553332451
60.96  0.4947139937402273
61.08  0.4665221339709372
61.199999999999996  0.4377295153962695
61.32  0.4083968733696264
61.44  0.3785855093045679
61.559999999999995  0.34835716042232134
61.68  0.31777386944923147
61.8  0.2868978545430062
61.919999999999995  0.25579137972474764
62.04  0.22451662609140854
62.16  0.19313556408021154
62.28  0.16170982705299958
62.4  0.13030058646437226
62.519999999999996  0.09896842887261997
62.64  0.06777323504730559
62.76  0.03677406142146572
62.879999999999995  0.006029024130081662
63.0  0.0
63.12  0.0
63.239999999999995  0.0
63.36  0.0
63.48  0.0
63.599999999999994  0.0
63.72  0.0
63.839999999999996  0.0
63.96  0.0
64.08  0.0
64.2  0.0
64.32  0.0
64.44  0.0
64.56  0.0
64.67999999999999  0.0
64.8  0.0
64.92  0.0
65.03999999999999  0.0
65.16  0.0
65.28  0.0
65.39999999999999  0.0
65.52  0.0
65.64  0.0
65.75999999999999  0.0
65.88  0.0
66.0  0.0
66.12  0.0
66.24  0.0
66.36  0.0
66.48  0.0
66.6  0.0
66.72  0.0
66.84  0.0
66.96  0.0
67.08  0.0
67.2  0.0
67.32  0.0
67.44  0.0
67.56  0.0
67.67999999999999  0.0
67.8  0.0
67.92  0.0
68.03999999999999  0.0
68.16  0.0
68.28  0.0
68.39999999999999  0.0
68.52  0.0
68.64  0.0
68.75999999999999  0.0
68.88  0.0
69.0  0.0
69.12  0.0
69.24  0.0
69.36  0.0
69.48  0.0
69.6  0.0
69.72  0.0
69.84  0.0
69.96  0.0
70.08  0.0
70.2  0.0
70.32  0.0
70.44  0.0
70.56  0.0
70.67999999999999  0.0
70.8  0.0
70.92  0.0
71.03999999999999  0.0
71.16  0.0
71.28  0.0
71.39999999999999  0.0
71.52  0.0
71.64  0.0
71.75999999999999  0.0
71.88  0.0
72.0  0.016251578193250293
72.11999999999999  0.03253148502348102
72.24  0.048366390201780796
72.36  0.0637301013183933
72.48  0.07859800129730365
72.6  0.09294708908162941
72.72  0.1067560159858344
72.84  0.12000511765567806
72.96  0.13267644158765823
73.08  0.14475377017053465
73.2  0.1562226392223835
73.32  0.1670703520076779
73.44  0.17728598872973167
73.56  0.18686041150475513
73.67999999999999  0.19578626483468076
73.8  0.2040579716066107
73.92  0.21167172465745226
74.03999999999999  0.21862547395283263
74.16  0.22491890943976034
74.28  0.23055343964271952
74.39999999999999  0.23553216608288002
74.52  0.23985985360989395
74.64  0.24354289674529206
74.75999999999999  0.24658928214573927
74.88  0.24900854730343674
75.0  0.25081173560955144
75.11999999999999  0.25201134791499735
75.24  0.2526212907307794
75.36  0.2526568212178331
75.48  0.252134489123467
75.6  0.251072075828407
75.72  0.2494885306748419
75.84  0.24740390475190938
75.96  0.2448392823205575
76.08  0.24181671006491595
76.2  0.23835912436183915
76.32  0.23449027676457007
76.44  0.2302346579000315
76.56  0.22561741998255866
76.67999999999999  0.2206642981494738
76.8  0.21540153082615288
76.92  0.2098557793299139
77.03999999999999  0.20405404692316645
77.16  0.19802359752697352
77.28  0.19179187430631248
77.39999999999999  0.18538641833788522
77.52  0.17883478757054855
77.64  0.17216447628692472
77.75999999999999  0.16540283527296995
77.88  0.1585769928997809
78.0  0.15171377731910113
78.11999999999999  0.1448396399705973
78.24  0.1379805805950967
78.36  0.13116207394371399
78.48  0.1244089983679762
78.6  0.11774556647088247
78.72  0.11119525799317392
78.84  0.10478075510300222
78.96  0.09852388025080361
79.08  0.09244553674425343
79.2  0.08656565219102252
79.32  0.08090312494946944
79.44  0.07547577371951159
79.56  0.070300290397731
79.67999999999999  0.06539219631223037
79.8  0.06076580194402159
79.92  0.05643417023270336
80.03999999999999  0.05240908355489882
80.16  0.0487010144545178
80.28  0.04531910019422902
80.39999999999999  0.04227112118774623
80.52  0.03956348336258564
80.64  0.037201204492913864
80.75999999999999  0.035187904531950975
80.88  0.033525799963206926
81.0  0.03221570217957648
81.11999999999999  0.031257019889068705
81.24  0.030647765535694038
81.36  0.030384565713823197
81.48  0.030462675544182027
81.6  0.03087599696956067
81.72  0.031617100918379604
81.84  0.03267725327439008
81.96  0.03404644458114614
82.08  0.03571342340034722
82.2  0.03766573323390088
82.32  0.03988975291041763
82.44  0.04237074032811444
82.56  0.04509287943740575
82.67999999999999  0.048039330338356
82.8  0.05119228236002249
82.92  0.0545330099812284
83.03999999999999  0.05804193144487707
83.16  0.061698669911125215
83.28  0.06548211698798523
83.39999999999999  0.06937049847200438
83.52  0.0733414421256588
83.64  0.07737204731302244
83.75999999999999  0.08143895631014333
83.88  0.08551842710229751
84.0  0.08958640747624808
84.11999999999999  0.0936186102120417
84.24  0.0975905891759943
84.36  0.10147781611380141
84.47999999999999  0.10525575794081841
84.6  0.10889995432480992
84.72  0.1123860953555925
84.84  0.11569009909529289
84.96  0.11878818880296446
85.08  0.12165696962781061
85.2  0.12427350456604654
85.32  0.12661538947817477
85.44  0.12866082696512893
85.56  0.13038869890445162
85.67999999999999  0.1317786374504387
85.8  0.13281109430581123
85.92  0.1334674080761756
86.03999999999999  0.13372986952318602
86.16  0.133581784536909
86.28  0.133007534653408
86.39999999999999  0.13199263494914254
86.52  0.1305237891500148
86.64  0.12858894179945984
86.75999999999999  0.12617732733685721
86.88  0.12327951594501152
87.0  0.11988745603296924
87.11999999999999  0.11599451322867538
87.24  0.11159550576414251
87.36  0.10668673614463248
87.47999999999999  0.10126601900218801
87.6  0.09533270504312336
87.72  0.0888877010085466
87.84  0.08193348557659963
87.96  0.07447412114506863
88.08  0.06651526144296749
88.2  0.058064154929989065
88.32  0.04912964395295777
88.44  0.0397221596389159
88.56  0.029853712514933295
88.67999999999999  0.01953787885531455
88.8  0.008789782767443799
88.92  0.0
89.03999999999999  0.0
89.16  0.0
89.28  0.0
89.39999999999999  0.0
89.52  0.0
89.64  0.0
89.75999999999999  0.0
89.88  0.0
90.0  0.0
90.11999999999999  0.0
90.24  0.0
90.36  0.0
90.47999999999999  0.0
90.6  0.0
90.72  0.0
90.84  0.0
90.96  0.0
91.08  0.0
91.2  0.0
91.32  0.0
91.44  0.0
91.56  0.0
91.67999999999999  0.0
91.8  0.0
91.92  0.0
92.03999999999999  0.0
92.16  0.0
92.28  0.0
92.39999999999999  0.0
92.52  0.0
92.64  0.0
92.75999999999999  0.0
92.88  0.0
93.0  0.0
93.11999999999999  0.0
93.24  0.0
93.36  0.0
93.47999999999999  0.0
93.6  0.0
93.72  0.0
93.84  0.0
93.96  0.0
94.08  0.0
94.2  0.0
94.32  0.0
94.44  0.0
94.56  0.0
94.67999999999999  0.0
94.8  0.0
94.92  0.0
95.03999999999999  0.0
95.16  0.0
95.28  0.0
95.39999999999999  0.0
95.52  0.0
95.64  0.0
95.75999999999999  0.0
95.88  0.0
96.0  0.0
96.11999999999999  0.0
96.24  0.0
96.36  0.0
96.47999999999999  0.0
96.6  0.0
96.72  0.0
96.84  0.0
96.96  0.0
97.08  0.0
97.2  0.0
97.32  0.0
97.44  0.0
97.56  0.0
97.67999999999999  0.0
97.8  0.0
97.92  0.0
98.03999999999999  0.014121690889797867
98.16  0.040510736383143564
98.28  0.067175156672236
98.39999999999999  0.09406483299223944
98.52  0.12112860074671644
98.64  0.14831435041654772
98.75999999999999  0.1755691313781163
98.88  0.20283925841793765
99.0  0.2300704207238961
99.11999999999999  0.2572077931264528
99.24  0.2841961493570288
99.36  0.3109799770848287
99.47999999999999  0.3375035944884304
99.6  0.363711268113452
99.72  0.38954733176362577
99.84  0.414956306168906
99.96  0.4398830191711409
100.08  0.4642727261654442
100.2  0.48807123053323015
100.32  0.5112250038018584
100.44  0.533681305264726
100.56  0.5553883007956992
100.67999999999999  0.5762951805920408
100.8  0.5963522755811441
100.92  0.6155111722277193
101.03999999999999  0.633724825480595
101.16  0.6509476696007781
101.28  0.6671357266158786
101.39999999999999  0.6822467121500263
101.52  0.6962401383827128
101.64  0.7090774138952362
101.75999999999999  0.7207219401688922
101.88  0.7311392045054101
102.0  0.7402968691465389
102.11999999999999  0.7481648563772219
102.24  0.7547154294042464
102.36  0.7599232688106259
102.47999999999999  0.7637655443945323
102.6  0.7662219822108327
102.72  0.767274926642775
102.83999999999999  0.7669093973413245
102.96  0.765113140880189
103.08  0.7618766769850802
103.2  0.7571933392070888
103.32  0.7510593099213579
103.44  0.7434736495440083
103.56  0.7344383198722713
103.67999999999999  0.7239582014651496
103.8  0.7120411049942348
103.92  0.6986977765072429
104.03999999999999  0.683941896559557
104.16  0.667790073182067
104.28  0.6502618286669628
104.39999999999999  0.6313795801660369
104.52  0.6111686141096183
104.64  0.5896570544675499
104.75999999999999  0.5668758248867865
104.88  0.5428586047536716
105.0  0.5176417792422536
105.11999999999999  0.49126438342288825
105.24  0.46376804051880094
105.36  0.43519689441095755
105.47999999999999  0.40559753650439445
105.6  0.37501892708179285
105.72  0.3435123112823637
105.83999999999999  0.3111311298560906
105.96  0.2779309248553917
106.08  0.2439692404375626
106.2  0.20930551896257613
106.32  0.17400099258169976
106.44  0.1381185705226703
106.56  0.10172272228732854
106.67999999999999  0.06487935698710812
106.8  0.027655699050910476
106.92  0.0
107.03999999999999  0.0
107.16  0.0
107.28  0.0
107.39999999999999  0.0
107.52  0.0
107.64  0.0
107.75999999999999  0.0
107.88  0.0
108.0  0.0
108.11999999999999  0.0
108.24  0.0
108.36  0.0
108.47999999999999  0.0
108.6  0.0
108.72  0.0
108.83999999999999  0.0
108.96  0.0
109.08  0.0
109.2  0.0
109.32  0.0
109.44  0.0
109.56  0.0
109.67999999999999  0.0
109.8  0.0
109.92  0.0
110.03999999999999  0.0
110.16  0.0
110.28  0.0
110.39999999999999  0.0
110.52  0.0
110.64  0.0
110.75999999999999  0.0
110.88  0.0
111.0  0.0
111.11999999999999  0.0
111.24  0.0
111.36  0.0
111.47999999999999  0.0
111.6  0.0
111.72  0.0
111.83999999999999  0.0
111.96  0.0
112.08  0.0
112.2  0.0
112.32  0.0
112.44  0.0
112.56  0.0
112.67999999999999  0.0
112.8  0.0
112.92  0.0
113.03999999999999  0.0
113.16  0.0
113.28  0.0
113.39999999999999  0.0
113.52  0.0
113.64  0.0
113.75999999999999  0.0
113.88  0.0
114.0  0.0
114.11999999999999  0.0
114.24  0.0
114.36  0.0
114.47999999999999  0.0
114.6  0.0
114.72  0.0
114.83999999999999  0.0
114.96  0.0
115.08  0.0
115.19999999999999  0.0
115.32  0.0
115.44  0.0
115.56  0.0
115.67999999999999  0.0
115.8  0.011288346810891497
115.92  0.056576581797272874
116.03999999999999  0.10190390406809585
116.16  0.1471855356823336
116.28  0.19233653629330766
116.39999999999999  0.2372719685934831
116.52  0.2819070641715276
116.64  0.32615738944731804
116.75999999999999  0.36993901134982465
116.88  0.4131686624025083
117.0  0.4557639048813761
117.11999999999999  0.49764329371240634
117.24  0.5387265377765657
117.36  0.5789346592936081
117.47999999999999  0.6181901509590498
117.6  0.6564171305126684
117.72  0.6935414924216309
117.83999999999999  0.7294910563666577
117.96  0.7641957122256563
118.08  0.797587561255743
118.19999999999999  0.8296010531821465
118.32  0.8601731189099869
118.44  0.8892432985836866
118.56  0.916753864727715
118.67999999999999  0.9426499402119497
118.8  0.9668796107952631
118.92  0.9893940320113735
119.03999999999999  1.0101475301725051
119.16  1.0290976972778016
119.28  1.0462054796257256
119.39999999999999  1.0614352599421597
119.52  1.0747549328489614
119.64  1.086135973510925
119.75999999999999  1.0955534993129885
119.88  1.1029863244333495
120.0  1.1084170071925914
