0.0  1.3195855165549104  100.0
0.12  1.3327978955790694
0.24  1.3434554639373375
0.36  1.3515419261667707
0.48  1.3570460829203381
0.6  1.3599618459204588
0.72  1.3602882424956606
0.84  1.3580294097034293
0.96  1.353194578064
1.08  1.345798044951477
1.2  1.3358591377101725
1.3199999999999998  1.323402166585399
1.44  1.3084563675790861
1.56  1.2910558353614758
1.68  1.2712394463907335
1.7999999999999998  1.2490507724125597
1.92  1.2245379845317452
2.04  1.1977537480670555
2.16  1.1687551084197865
2.28  1.1376033682048177
2.4  1.104363955910888
2.52  1.0691062863741732
2.6399999999999997  1.0319036133659525
2.76  0.992832874611222
2.88  0.95197452957049
3.0  0.90941239033165
3.12  0.865233445972734
3.2399999999999998  0.8195276807694899
3.36  0.7723878866340397
3.48  0.7239094701823868
3.5999999999999996  0.6741902548391749
3.7199999999999998  0.6233302783978645
3.84  0.5714315864633769
3.96  0.5185980222121951
4.08  0.46493501291195816
4.2  0.4105493536486513
4.32  0.35554898871464136
4.4399999999999995  0.30004279111495596
4.56  0.2441403406524089
4.68  0.18795170105438086
4.8  0.13158719660529583
4.92  0.07515718874908747
5.04  0.018771853125205767
5.16  0.0
5.279999999999999  0.0
5.3999999999999995  0.0
5.52  0.0
5.64  0.0
5.76  0.0
5.88  0.0
6.0  0.0
6.12  0.0
6.24  0.0
6.359999999999999  0.0
6.4799999999999995  0.0
6.6  0.0
6.72  0.0
6.84  0.0
6.96  0.0
7.08  0.0
7.199999999999999  0.0
7.319999999999999  0.0
7.4399999999999995  0.0
7.56  0.0
7.68  0.0
7.8  0.0
7.92  0.0
8.04  0.0
8.16  0.0
8.28  0.0
8.4  0.0
8.52  0.0
8.64  0.0
8.76  0.0
8.879999999999999  0.0
9.0  0.0
9.12  0.0
9.24  0.0
9.36  0.0
9.48  0.0
9.6  0.0
9.719999999999999  0.0
9.84  0.0
9.959999999999999  0.0
10.08  0.0
10.2  0.0
10.32  0.0
10.44  0.0
10.559999999999999  0.0
10.68  0.0
10.799999999999999  0.0
10.92  0.0
11.04  0.0
11.16  0.0
11.28  0.0
11.4  0.0
11.52  0.0
11.639999999999999  0.0
11.76  0.0
11.879999999999999  0.0
12.0  0.0
12.12  0.0
12.24  0.0
12.36  0.0
12.48  0.0
12.6  0.0
12.719999999999999  0.0
12.84  0.0
12.959999999999999  0.0
13.08  0.0
13.2  0.0
13.32  0.0
13.44  0.0
13.559999999999999  0.0
13.68  0.0
13.799999999999999  0.02920932495246148
13.92  0.07593885210002432
14.04  0.12219748699765304
14.16  0.1678952375577366
14.28  0.21294377737630932
14.399999999999999  0.25725662227608426
14.52  0.30074930218205936
14.639999999999999  0.34333952797825185
14.76  0.38494735300605143
14.879999999999999  0.42549532887727026
15.0  0.4649086552883096
15.12  0.5031153235357969
15.24  0.5400462534486217
15.36  0.5756354234664429
15.479999999999999  0.6098199936104629
15.6  0.6425404211084333
15.719999999999999  0.6737405684525986
15.84  0.7033678036863702
15.959999999999999  0.7313730927330658
16.08  0.7577110835979516
16.2  0.7823401822930023
16.32  0.8052226203523232
16.439999999999998  0.8263245138248776
16.56  0.8456159136501067
16.68  0.8630708473411054
16.8  0.8786673519192224
16.919999999999998  0.892387498063212
17.04  0.9042174054553733
17.16  0.9141472493263747
17.28  0.9221712582197265
17.4  0.9282877030159485
17.52  0.9324988772755077
17.64  0.9348110689783812
17.759999999999998  0.9352345237567012
17.88  0.9337833997352553
18.0  0.9304757141126341
18.12  0.925333281633494
18.24  0.9183816451197119
18.36  0.9096499982450696
18.48  0.8991711007545531
18.599999999999998  0.8869811863452794
18.72  0.873119863441473
18.84  0.857630009110791
18.96  0.8405576563835542
19.08  0.8219518752500924
19.2  0.8018646476244395
19.32  0.7803507365749318
19.439999999999998  0.7574675501338947
19.56  0.7332750000095337
19.68  0.7078353555332955
19.8  0.6812130931853551
19.919999999999998  0.6534747420495296
20.04  0.6246887255566786
20.16  0.5949251998826929
20.279999999999998  0.5642558893732892
20.4  0.5327539193731524
20.52  0.500493646841447
20.64  0.4675504891392733
20.759999999999998  0.43400075137741306
20.88  0.39992145271452356
21.0  0.365390151996969
21.119999999999997  0.3304847731315257
21.24  0.29528343058147266
21.36  0.2598642553749326
21.48  0.22430522201181863
21.599999999999998  0.18868397665238212
21.72  0.15307766696616681
21.84  0.11756277401514448
21.96  0.08221494653889339
22.08  0.04710883800309296
22.2  0.012317946765062593
22.32  0.0
22.439999999999998  0.0
22.56  0.0
22.68  0.0
22.8  0.0
22.919999999999998  0.0
23.04  0.0
23.16  0.0
23.279999999999998  0.0
23.4  0.0
23.52  0.0
23.64  0.0
23.759999999999998  0.0
23.88  0.0
24.0  0.0
24.119999999999997  0.0
24.24  0.0
24.36  0.0
24.48  0.0
24.599999999999998  0.0
24.72  0.0
24.84  0.0
24.96  0.0
25.08  0.0
25.2  0.0
25.32  0.0
25.439999999999998  0.0
25.56  0.0
25.68  0.0
25.8  0.0
25.919999999999998  0.0
26.04  0.0
26.16  0.0
26.279999999999998  0.0
26.4  0.0
26.52  0.0
26.64  0.0
26.759999999999998  0.0
26.88  0.0
27.0  0.0
27.119999999999997  0.0
27.24  0.0
27.36  0.0
27.48  0.0
27.599999999999998  0.0
27.72  0.0
27.84  0.0
27.959999999999997  0.0
28.08  0.0
28.2  0.0
28.32  0.0
28.439999999999998  0.0
28.56  0.0
28.68  0.0
28.799999999999997  0.0
28.919999999999998  0.0
29.04  0.0
29.16  0.0
29.279999999999998  0.0
29.4  0.0
29.52  0.0
29.64  0.0
29.759999999999998  0.0
29.88  0.0
30.0  0.0
30.119999999999997  0.0
30.24  0.0
30.36  0.008696926462402943
30.48  0.029750781779297353
30.599999999999998  0.0503134026647607
30.72  0.07033645576058467
30.84  0.08977342807573141
30.959999999999997  0.10857973305696
31.08  0.12671281147780944
31.2  0.14413222691960115
31.32  0.16079975563145266
31.439999999999998  0.1766794705700626
31.56  0.19173781943424562
31.68  0.20594369652383715
31.799999999999997  0.2192685082675867
31.919999999999998  0.23168623227999519
32.04  0.24317346982269727
32.16  0.2537094915619065
32.28  0.26327627652957164
32.4  0.2718585442122182
32.519999999999996  0.2794437797079523
32.64  0.28602225190866926
32.76  0.2915870246812129
32.879999999999995  0.2961339610379288
33.0  0.2996617203037622
33.12  0.3021717483037325
33.24  0.3036682606111957
33.36  0.304158218913794
33.48  0.3036513005703012
33.6  0.3021598614477114
33.72  0.2996988921437966
33.839999999999996  0.29628596771602655
33.96  0.2919411910530276
34.08  0.28668713003979035
34.199999999999996  0.28054874868242924
34.32  0.27355333237252066
34.44  0.2657304074848254
34.56  0.2571116555154866
34.68  0.24773082198063195
34.8  0.2376236203075492
34.92  0.22682763096234204
35.04  0.2153821960691008
35.16  0.20332830978612249
35.28  0.1907085047146436
35.4  0.17756673462473455
35.519999999999996  0.16394825379157654
35.64  0.14989949324319468
35.76  0.1354679342278612
35.879999999999995  0.1207019792157574
36.0  0.10565082075520948
36.12  0.0903643085086237
36.24  0.07489281479747209
36.36  0.05928709898894054
36.48  0.04359817105948663
36.6  0.027877154672277332
36.72  0.012175150106486038
36.839999999999996  0.0
36.96  0.0
37.08  0.0
37.199999999999996  0.0
37.32  0.0
37.44  0.0
37.559999999999995  0.0
37.68  0.0
37.8  0.0
37.92  0.0
38.04  0.0
38.16  0.0
38.28  0.0
38.4  0.0
38.519999999999996  0.0
38.64  0.0
38.76  0.0
38.879999999999995  0.0
39.0  0.0
39.12  0.0
39.24  0.0
39.36  0.0
39.48  0.0
39.6  0.0
39.72  0.0
39.839999999999996  0.0
39.96  0.0
40.08  0.0
40.199999999999996  0.0
40.32  0.0
40.44  0.0
40.559999999999995  0.0
40.68  0.0
40.8  0.0
40.92  0.0
41.04  0.0
41.16  0.0
41.28  0.0
41.4  0.0
41.519999999999996  0.0
41.64  0.0
41.76  0.0
41.879999999999995  0.0
42.0  0.0
42.12  0.0
42.239999999999995  0.0
42.36  0.0
42.48  0.0
42.6  0.0
42.72  0.00788223827561818
42.839999999999996  0.026286868381172612
42.96  0.04498946421533334
43.08  0.06393897116620173
43.199999999999996  0.08308328110980429
43.32  0.10236936252910578
43.44  0.12174339339592438
43.559999999999995  0.14115089649921003
43.68  0.16053687689666407
43.8  0.17984596116106438
43.92  0.1990225380876903
44.04  0.2180109005251213
44.16  0.23675538798833778
44.28  0.2552005297104388
44.4  0.27329118778757433
44.519999999999996  0.2909727000707363
44.64  0.30819102245784613
44.76  0.3248928702402996
44.879999999999995  0.34102585815959213
45.0  0.3565386388318753
45.12  0.37138103920147186
45.239999999999995  0.38550419468813857
45.36  0.39886068069767566
45.48  0.41140464117079245
45.6  0.4230919138514804
45.72  0.4338801519630111
45.839999999999996  0.44372894198749313
45.96  0.4525999172532703
46.08  0.4604568670436421
46.199999999999996  0.4672658409502127
46.32  0.47299524820462246
46.44  0.47761595173361004
46.559999999999995  0.4811013566940413
46.68  0.48342749325693124
46.8  0.48457309342233923
46.92  0.4845196616604884
47.04  0.48325153918835745
47.16  0.480755961705446
47.28  0.4770231104272177
47.4  0.4720461562700121
47.519999999999996  0.46582129705683084
47.64  0.45834778762936046
47.76  0.4496279627678721
47.879999999999995  0.43966725283715835
48.0  0.4284741920934075
48.12  0.41606041960391094
48.239999999999995  0.40244067274850215
48.36  0.387632773288935
48.48  0.37165760600959985
48.6  0.35453908995032596
48.72  0.33630414226932515
48.839999999999996  0.31698263479155264
48.96  0.2966073433149708
49.08  0.2752138897642218
49.199999999999996  0.25284067729807824
49.32  0.22952881849377282
49.44  0.20532205674767479
49.559999999999995  0.1802666810479664
49.68  0.1544114342908215
49.8  0.1278074153270501
49.92  0.1005079749412432
50.04  0.07256860598019599
50.16  0.044046827861482396
50.28  0.015002065706878454
50.4  0.0
50.519999999999996  0.0
50.64  0.0
50.76  0.0
50.879999999999995  0.0
51.0  0.0
51.12  0.0
51.239999999999995  0.0
51.36  0.0
51.48  0.0
51.6  0.0
51.72  0.0
51.839999999999996  0.0
51.96  0.0
52.08  0.0
52.199999999999996  0.0
52.32  0.0
52.44  0.0
52.559999999999995  0.0
52.68  0.0
52.8  0.0
52.919999999999995  0.0
53.04  0.0
53.16  0.0
53.28  0.0
53.4  0.0
53.519999999999996  0.0
53.64  0.0
53.76  0.0
53.879999999999995  0.0
54.0  0.0
54.12  0.0
54.239999999999995  0.0
54.36  0.0
54.48  0.0
54.6  0.0
54.72  0.0
54.839999999999996  0.0
54.96  0.0
55.08  0.0
55.199999999999996  0.0
55.32  0.0
55.44  0.0
55.559999999999995  0.0
55.68  0.0
55.8  0.0
55.919999999999995  0.0
56.04  0.0
56.16  0.0
56.28  0.0
56.4  0.0
56.519999999999996  0.0
56.64  0.0
56.76  0.0
56.879999999999995  0.0
57.0  0.0
57.12  0.0
57.239999999999995  0.0
57.36  0.0
57.48  0.0
57.599999999999994  0.0
57.72  0.0
57.839999999999996  0.0
57.96  0.0
58.08  0.0
58.199999999999996  0.0
58.32  0.0
58.44  0.0
58.559999999999995  0.0
58.68  0.0
58.8  0.014299580534823997
58.919999999999995  0.05742989769684226
59.04  0.10080596789433954
59.16  0.1443403014306739
59.28  0.18794450001709812
59.4  0.2315294405936964
59.519999999999996  0.2750054615881646
59.64  0.3182825512165893
59.76  0.3612705374247436
59.879999999999995  0.4038792790634926
60.0  0.4460188578878157
60.12  0.48759977096593077
60.239999999999995  0.5285331230827008
60.36  0.5687308187202053
60.48  0.6081057531979275
60.599999999999994  0.646572002555556
60.72  0.684045011762715
60.839999999999996  0.7204417808423432
60.96  0.7556810484976695
61.08  0.7896834728367784
61.199999999999996  0.8223718087939339
61.32  0.853671081852609
61.44  0.8835087576820679
61.559999999999995  0.9118149073069548
61.68  0.938522367437882
61.8  0.9635668956003136
61.919999999999995  0.9868873197092645
62.04  1.0084256817481998
62.16  1.0281273752222906
62.28  1.045941276068664
62.4  1.0618198667193999
62.519999999999996  1.0757193530270013
62.64  1.0875997737765177
62.76  1.0974251025237658
62.879999999999995  1.105163341514814
63.0  1.1107866074582744
63.12  1.1142712089388496
63.239999999999995  1.1155977152779402
63.36  1.1147510166649792
63.48  1.111720375401457
63.599999999999994  1.1064994681182414
63.72  1.099086418845788
63.839999999999996  1.0894838228362185
63.96  1.0776987610557223
64.08  1.0637428052856581
64.2  1.0476320137905626
64.32  1.0293869175315726
64.44  1.009032496923795
64.56  0.9865981491565692
64.67999999999999  0.962117646115729
64.8  0.9356290829672465
64.92  0.9071748174818136
65.03999999999999  0.8768014001998573
65.16  0.8445594955564016
65.28  0.8105037941048467
65.39999999999999  0.7746929159980203
65.52  0.7371893059040482
65.64  0.6980591195533017
65.75999999999999  0.6573721021310123
65.88  0.6152014587481063
66.0  0.5716237172403792
66.12  0.5267185835629373
66.24  0.48056879006346653
66.36  0.433259936933617
66.48  0.3848803271532174
66.6  0.33552079525643974
66.72  0.28527453026318783
66.84  0.23423689313215412
66.96  0.1825052291044153
67.08  0.13017867531826494
67.2  0.07735796408701195
67.32  0.024145222241360897
67.44  0.0
67.56  0.0
67.67999999999999  0.0
67.8  0.0
67.92  0.0
68.03999999999999  0.0
68.16  0.0
68.28  0.0
68.39999999999999  0.0
68.52  0.0
68.64  0.0
68.75999999999999  0.0
68.88  0.0
69.0  0.0
69.12  0.0
69.24  0.0
69.36  0.0
69.48  0.0
69.6  0.0
69.72  0.0
69.84  0.0
69.96  0.0
70.08  0.0
70.2  0.0
70.32  0.0
70.44  0.0
70.56  0.0
70.67999999999999  0.0
70.8  0.0
70.92  0.0
71.03999999999999  0.0
71.16  0.0
71.28  0.0
71.39999999999999  0.0
71.52  0.0
71.64  0.0
71.75999999999999  0.0
71.88  0.0
72.0  0.0
72.11999999999999  0.0
72.24  0.0
72.36  0.0
72.48  0.0
72.6  0.0
72.72  0.0
72.84  0.0
72.96  0.0
73.08  0.0
73.2  0.0
73.32  0.0
73.44  0.0
73.56  0.0
73.67999999999999  0.0
73.8  0.0
73.92  0.0
74.03999999999999  0.0
74.16  0.0
74.28  0.0
74.39999999999999  0.0
74.52  0.0
74.64  0.0
74.75999999999999  0.0
74.88  0.0
75.0  0.0
75.11999999999999  0.0
75.24  0.0
75.36  0.0
75.48  0.0
75.6  0.0
75.72  0.0
75.84  0.0
75.96  0.0
76.08  0.013616792331077071
76.2  0.07317570330196738
76.32  0.13268796969400526
76.44  0.19203817795078076
76.56  0.2511110800831564
76.67999999999999  0.3097918249169967
76.8  0.367966188781195
76.92  0.4255208051602504
77.03999999999999  0.4823433928376205
77.16  0.5383229820586459
77.28  0.5933501382455949
77.39999999999999  0.6473171828023544
77.52  0.7001184105517293
77.64  0.7516503033551734
77.75999999999999  0.8018117394723585
77.88  0.8505041982266204
78.0  0.8976319595515977
78.11999999999999  0.9431022980051167
78.24  0.9868256708473171
78.36  1.0287158997922106
78.48  1.0686903460549564
78.6  1.1066700783306747
78.72  1.1425800333552147
78.84  1.1763491687135512
78.96  1.2079106075774235
79.08  1.2372017750705115
79.2  1.264164525976566
79.32  1.2887452635240222
79.44  1.3108950489988729
79.56  1.3305697019565979
79.67999999999999  1.347729890823485
79.8  1.3623412136974773
79.92  1.374374269179016
80.03999999999999  1.3838047170830752
80.16  1.3906133289044875
80.28  1.3947860279299693
80.39999999999999  1.3963139189117353
80.52  1.3951933072392473
80.64  1.3914257075674632
80.75999999999999  1.3850178418818464
80.88  1.375981627002334
81.0  1.3643341515504157
81.11999999999999  1.3500976424253528
81.24  1.333299420857367
81.36  1.3139718481273175
81.48  1.2921522610637883
81.6  1.2678828974498337
81.72  1.2412108114924973
81.84  1.2121877795289735
81.96  1.1808701961634238
82.08  1.1473189610484507
82.2  1.1115993565445748
82.32  1.0737809165100372
82.44  1.033937286491538
82.56  0.9921460756046008
82.67999999999999  0.9484887004090949
82.8  0.9030502211023965
82.92  0.8559191703683289
83.03999999999999  0.8071873752353171
83.16  0.7569497723115022
83.28  0.7053042167785288
83.39999999999999  0.6523512855381163
83.52  0.5981940749180092
83.64  0.5429379933548357
83.75999999999999  0.4866905494816923
83.88  0.4295611360577901
84.0  0.3716608101859095
84.11999999999999  0.3131020702709486
84.24  0.25399863017931196
84.36  0.1944651910649354
84.47999999999999  0.13461721133168852
84.6  0.07457067520622143
84.72  0.014441860397563344
84.84  0.0
84.96  0.0
85.08  0.0
85.2  0.0
85.32  0.0
85.44  0.0
85.56  0.0
85.67999999999999  0.0
85.8  0.0
85.92  0.0
86.03999999999999  0.0
86.16  0.0
86.28  0.0
86.39999999999999  0.0
86.52  0.0
86.64  0.0
86.75999999999999  0.0
86.88  0.0
87.0  0.0
87.11999999999999  0.0
87.24  0.0
87.36  0.0
87.47999999999999  0.0
87.6  0.0
87.72  0.0
87.84  0.0
87.96  0.0
88.08  0.0
88.2  0.0
88.32  0.0
88.44  0.0
88.56  0.0
88.67999999999999  0.0
88.8  0.0
88.92  0.0
89.03999999999999  0.0
89.16  0.0
89.28  0.0
89.39999999999999  0.0
89.52  0.0
89.64  0.0
89.75999999999999  0.0
89.88  0.0
90.0  0.0
90.11999999999999  0.0
90.24  0.0
90.36  0.0
90.47999999999999  0.0
90.6  0.0
90.72  0.0
90.84  0.0
90.96  0.0
91.08  0.0
91.2  0.0
91.32  0.0
91.44  0.0
91.56  0.0
91.67999999999999  0.0
91.8  0.0
91.92  0.0
92.03999999999999  0.0
92.16  0.0
92.28  0.0
92.39999999999999  0.0
92.52  0.0
92.64  0.0
92.75999999999999  0.0
92.88  0.0
93.0  0.0
93.11999999999999  0.0
93.24  0.0
93.36  0.0
93.47999999999999  0.02125471158002068
93.6  0.07622093708426525
93.72  0.13082703542156013
93.84  0.1849675274127973
93.96  0.2385382213389332
94.08  0.29143642043485135
94.2  0.3435611267349535
94.32  0.3948132408540761
94.44  0.4450957572967425
94.56  0.49431395489804736
94.67999999999999  0.542375582010594
94.8  0.5891910360638788
94.92  0.6346735371349482
95.03999999999999  0.6787392951829901
95.16  0.7213076706142567
95.28  0.7623013278587832
95.39999999999999  0.8016463816557675
95.52  0.8392725357606265
95.64  0.8751132138032196
95.75999999999999  0.9091056820442742
95.88  0.9411911637945041
96.0  0.971314945279125
96.11999999999999  0.9994264727492905
96.24  1.025479440660767
96.36  1.049431870759549
96.47999999999999  1.0712461819339032
96.6  1.0908892507121042
96.72  1.108332462305284
96.84  1.1235517521151945
96.96  1.136527637647027
97.08  1.147245240788013
97.2  1.1556943004330467
97.32  1.1618691754591883
97.44  1.1657688380713316
97.56  1.1673968575618368
97.67999999999999  1.1667613745471115
97.8  1.163875065764322
97.92  1.1587550995312086
98.03999999999999  1.1514230819916937
98.16  1.141904994289149
98.28  1.1302311208283249
98.39999999999999  1.1164359688053658
98.52  1.1005581792035137
98.64  1.0826404294699374
98.75999999999999  1.0627293281060144
98.88  1.040875301420344
99.0  1.017132472709597
99.11999999999999  0.991558534147935
99.24  0.9642146116803595
99.36  0.935165123229805
99.47999999999999  0.9044776305408205
99.6  0.8722226849958208
99.72  0.8384736677515553
99.84  0.8033066245547726
99.96  0.7668000956064398
100.08  0.7290349408532855
100.2  0.6900941610945128
100.32  0.6500627152988773
100.44  0.6090273345348314
100.56  0.567076332922176
100.67999999999999  0.524299416019067
100.8  0.4807874870623251
100.92  0.43663245148273155
101.03999999999999  0.3919270201189276
101.16  0.34676451155557253
101.28  0.3012386540118018
101.39999999999999  0.2554433872055445
101.52  0.20947266461841496
101.64  0.16342025658338172
101.75999999999999  0.11737955461453886
101.88  0.07144337739418832
102.0  0.025703778827864676
102.11999999999999  0.0
102.24  0.0
102.36  0.0
102.47999999999999  0.0
102.6  0.0
102.72  0.0
102.83999999999999  0.0
102.96  0.0
103.08  0.0
103.2  0.0
103.32  0.0
103.44  0.0
103.56  0.0
103.67999999999999  0.0
103.8  0.0
103.92  0.0
104.03999999999999  0.0
104.16  0.0
104.28  0.0
104.39999999999999  0.0
104.52  0.0
104.64  0.0
104.75999999999999  0.0
104.88  0.0
105.0  0.0
105.11999999999999  0.0
105.24  0.0
105.36  0.0
105.47999999999999  0.0
105.6  0.0
105.72  0.0
105.83999999999999  0.0
105.96  0.0
106.08  0.0
106.2  0.0
106.32  0.0
106.44  0.0
106.56  0.0
106.67999999999999  0.0
106.8  0.0
106.92  0.0
107.03999999999999  0.0
107.16  0.0
107.28  0.0
107.39999999999999  0.0
107.52  0.0
107.64  0.0
107.75999999999999  0.0
107.88  0.0
108.0  0.0
108.11999999999999  0.0
108.24  0.0
108.36  0.0
108.47999999999999  0.0
108.6  0.0
108.72  0.0
108.83999999999999  0.0
108.96  0.0
109.08  0.0
109.2  0.0
109.32  0.0
109.44  0.0
109.56  0.0
109.67999999999999  0.0
109.8  0.0
109.92  0.0
110.03999999999999  0.0
110.16  0.0
110.28  0.0
110.39999999999999  0.0
110.52  0.0
110.64  0.024255638921841238
110.75999999999999  0.05609218557564377
110.88  0.0873916644082946
111.0  0.11809036643517223
111.11999999999999  0.1481265078407873
111.24  0.17744035757590515
111.36  0.20597435955658538
111.47999999999999  0.23367324920954013
111.6  0.2604841641220568
111.72  0.2863567485687595
111.83999999999999  0.311243251702473
111.96  0.3350986192114175
112.08  0.3578805782606036
112.2  0.3795497155512547
112.32  0.4000695483483675
112.44  0.4194065883430579
112.56  0.4375303982331986
112.67999999999999  0.4544136409229831
112.8  0.4700321212591526
112.92  0.48436482023912514
113.03999999999999  0.4973939216437439
113.16  0.5091048310648227
113.28  0.5194861873153287
113.39999999999999  0.5285298662276194
113.52  0.5362309768625004
113.64  0.5425878501694789
113.75999999999999  0.5476020201557028
113.88  0.5512781976382275
114.0  0.5536242366711104
114.11999999999999  0.554651093755554
114.24  0.5543727799574342
114.36  0.5528063060728786
114.47999999999999  0.5499716209979232
114.6  0.5458915434737145
114.72  0.540591687393458
114.83999999999999  0.534100380871771
114.96  0.5264485792908282
115.08  0.5176697725511433
115.19999999999999  0.5077998867676506
115.32  0.4968771806637061
115.44  0.4849421369276339
115.56  0.47203734880696085
115.67999999999999  0.4582074022260798
115.8  0.44349875372263725
115.92  0.4279596045066584
116.03999999999999  0.4116397709549747
116.16  0.39459055186055964
116.28  0.37686459276342726
116.39999999999999  0.3585157476953761
116.52  0.33959893867629115
116.64  0.32017001330371997
116.75999999999999  0.30028560078141
116.88  0.28000296673472536
117.0  0.25937986716335804
117.11999999999999  0.23847440188229357
117.24  0.21734486780272616
117.36  0.19604961240381918
117.47999999999999  0.17464688774502585
117.6  0.1531947053664101
117.72  0.1317506924215368
117.83999999999999  0.11037194938378037
117.96  0.08911490966214686
118.08  0.0680352014577903
118.19999999999999  0.047187512185853375
118.32  0.02662545578084896
118.44  0.006401443195996115
118.56  0.0
118.67999999999999  0.0
118.8  0.0
118.92  0.0
119.03999999999999  0.0
119.16  0.0
119.28  0.0
119.39999999999999  0.0
119.52  0.0
119.64  0.0
119.75999999999999  0.0
119.88  0.0
120.0  0.0
