0.0  0.9828624200089634  100.0
0.12  0.9946418910216364
0.24  1.0046129793922474
0.36  1.012760904958168
0.48  1.0190743327013874
0.6  1.0235453880015193
0.72  1.026169665115544
0.84  1.0269462288786402
0.96  1.0258776096341373
1.08  1.0229697914142573
1.2  1.0182321934068947
1.3199999999999998  1.0116776447571585
1.44  1.0033223527657738
1.56  0.9931858645596565
1.68  0.9812910223230176
1.7999999999999998  0.9676639121901982
1.92  0.9523338069140581
2.04  0.9353331024360991
2.16  0.9166972484965961
2.28  0.8964646734347889
2.4  0.8746767033406502
2.52  0.8513774757308468
2.6399999999999997  0.8266138479322493
2.76  0.8004353003666893
2.88  0.7728938349405803
3.0  0.7440438687525197
3.12  0.7139421233410175
3.2399999999999998  0.682647509703069
3.36  0.6502210093223577
3.48  0.6167255514534526
3.5999999999999996  0.5822258869154089
3.7199999999999998  0.5467884586546995
3.84  0.5104812693433811
3.96  0.4733737462838001
4.08  0.43553660389600085
4.2  0.3970417040682564
4.32  0.3579619146548316
4.4399999999999995  0.31837096640817286
4.56  0.2783433086352188
4.68  0.2379539638694148
4.8  0.1972783818513043
4.92  0.15639229311125316
5.04  0.11537156244793983
5.16  0.07429204259572256
5.279999999999999  0.033229428372853864
5.3999999999999995  0.0
5.52  0.0
5.64  0.0
5.76  0.0
5.88  0.0
6.0  0.0
6.12  0.0
6.24  0.0
6.359999999999999  0.0
6.4799999999999995  0.0
6.6  0.0
6.72  0.0
6.84  0.0
6.96  0.0
7.08  0.0
7.199999999999999  0.0
7.319999999999999  0.0
7.4399999999999995  0.0
7.56  0.0
7.68  0.0
7.8  0.0
7.92  0.0
8.04  0.0
8.16  0.0
8.28  0.0
8.4  0.0
8.52  0.0
8.64  0.0
8.76  0.0
8.879999999999999  0.0
9.0  0.0
9.12  0.0
9.24  0.0
9.36  0.0
9.48  0.0
9.6  0.0
9.719999999999999  0.0
9.84  0.0
9.959999999999999  0.0
10.08  0.0
10.2  0.0
10.32  0.0
10.44  0.0
10.559999999999999  0.0
10.68  0.0
10.799999999999999  0.0
10.92  0.0
11.04  0.0
11.16  0.0
11.28  0.0
11.4  0.0
11.52  0.0
11.639999999999999  0.0
11.76  0.0
11.879999999999999  0.0
12.0  0.0
12.12  0.0
12.24  0.0
12.36  0.0
12.48  0.0
12.6  0.0
12.719999999999999  0.0
12.84  0.0
12.959999999999999  0.0
13.08  0.0
13.2  0.0
13.32  0.0
13.44  0.0
13.559999999999999  0.0
13.68  0.0
13.799999999999999  0.0
13.92  0.0
14.04  0.0
14.16  0.0
14.28  0.0
14.399999999999999  0.011226724403095467
14.52  0.04404314855092184
14.639999999999999  0.07652375843677872
14.76  0.10861092284381668
14.879999999999999  0.14024820879625138
15.0  0.17138048498520114
15.12  0.20195402186800346
15.24  0.23191658825178113
15.36  0.26121754418038845
15.479999999999999  0.2898079299526292
15.6  0.3176405511086595
15.719999999999999  0.34467005923090516
15.84  0.3708530284154594
15.959999999999999  0.3961480272798579
16.08  0.4205156863833284
16.2  0.44391876094597227
16.32  0.466322188763969
16.439999999999998  0.48769314322864143
16.56  0.5080010813681536
16.68  0.5272177868416545
16.8  0.5453174078268459
16.919999999999998  0.5622764897531652
17.04  0.5780740028440737
17.16  0.5926913644432261
17.28  0.6061124561106473
17.4  0.6183236354862963
17.52  0.6293137429296719
17.64  0.6390741029552741
17.759999999999998  0.6475985204948262
17.88  0.6548832720281259
18.0  0.6609270916352059
18.12  0.6657311520331546
18.24  0.6692990406714102
18.36  0.6716367309695972
18.48  0.6727525487920085
18.599999999999998  0.6726571342626132
18.72  0.6713633990339601
18.84  0.668886479132571
18.96  0.6652436835123063
19.08  0.6604544384557482
19.2  0.6545402279718783
19.32  0.6475245303461679
19.439999999999998  0.6394327510066734
19.56  0.6302921518768169
19.68  0.6201317773921846
19.8  0.6089823773649301
19.919999999999998  0.5968763268851824
20.04  0.5838475434542034
20.16  0.5699314015489727
20.279999999999998  0.5551646448223017
20.4  0.5395852961465439
20.52  0.5232325657124811
20.64  0.5061467573979344
20.759999999999998  0.48836917362318955
20.88  0.4699420189123178
21.0  0.45090830238102203
21.119999999999997  0.43131173937262685
21.24  0.411196652464379
21.36  0.39060787206624353
21.48  0.36959063683390647
21.599999999999998  0.34819049411672837
21.72  0.32645320065995054
21.84  0.3044246237785242
21.96  0.28215064321749084
22.08  0.2596770539110075
22.2  0.23704946984871417
22.32  0.21431322925439483
22.439999999999998  0.19151330127760507
22.56  0.1686941943942939
22.68  0.14589986670736416
22.8  0.12317363833260653
22.919999999999998  0.10055810604957732
23.04  0.07809506039072206
23.16  0.05582540533544372
23.279999999999998  0.03378908076882786
23.4  0.012024987857470248
23.52  0.0
23.64  0.0
23.759999999999998  0.0
23.88  0.0
24.0  0.0
24.119999999999997  0.0
24.24  0.0
24.36  0.0
24.48  0.0
24.599999999999998  0.0
24.72  0.0
24.84  0.0
24.96  0.0
25.08  0.0
25.2  0.0
25.32  0.0
25.439999999999998  0.0
25.56  0.0
25.68  0.0
25.8  0.0
25.919999999999998  0.0
26.04  0.0
26.16  0.0
26.279999999999998  0.0
26.4  0.0
26.52  0.0
26.64  0.0
26.759999999999998  0.0
26.88  0.0
27.0  0.0
27.119999999999997  0.0
27.24  0.0
27.36  0.0
27.48  0.0
27.599999999999998  0.0
27.72  0.0
27.84  0.0
27.959999999999997  0.0
28.08  0.0
28.2  0.0
28.32  0.0
28.439999999999998  0.0
28.56  0.0
28.68  0.0
28.799999999999997  0.0
28.919999999999998  0.0
29.04  0.0
29.16  0.0
29.279999999999998  0.0
29.4  0.0
29.52  0.0
29.64  0.0
29.759999999999998  0.0
29.88  0.0
30.0  0.0
30.119999999999997  0.0
30.24  0.0
30.36  0.0
30.48  0.0
30.599999999999998  0.0
30.72  0.0
30.84  0.0
30.959999999999997  0.0
31.08  0.0
31.2  0.0
31.32  0.0
31.439999999999998  0.0
31.56  0.0
31.68  0.0
31.799999999999997  0.0
31.919999999999998  0.0
32.04  0.0
32.16  0.0
32.28  0.0
32.4  0.0
32.519999999999996  0.0
32.64  0.0
32.76  0.0
32.879999999999995  0.0
33.0  0.0
33.12  0.0
33.24  0.0
33.36  0.0
33.48  0.0
33.6  0.0009751500857393403
33.72  0.006145207201537384
33.839999999999996  0.011011284370576135
33.96  0.015575209842800752
34.08  0.019839886896214853
34.199999999999996  0.023809268368275516
34.32  0.027488328299194176
34.44  0.030883030778576293
34.56  0.03400029609379018
34.68  0.036847964285172785
34.8  0.03943475621961151
34.92  0.041770232300177096
35.04  0.04386474893532494
35.16  0.045729412896685584
35.28  0.04737603369966184
35.4  0.048817074145867334
35.519999999999996  0.05006559917093753
35.64  0.051135223145339886
35.76  0.05204005577956078
35.879999999999995  0.05279464678837578
36.0  0.0534139294718979
36.12  0.053913163373598694
36.24  0.05430787617773339
36.36  0.054613805010226155
36.48  0.05484683730851481
36.6  0.05502295142665486
36.72  0.055158157142547626
36.839999999999996  0.05526843623417521
36.96  0.055369683291385446
37.08  0.05547764692900062
37.199999999999996  0.05560787156581251
37.32  0.05577563993244558
37.44  0.055995916469026186
37.559999999999995  0.0562832917711934
37.68  0.056651928240151306
37.8  0.05711550708926
37.92  0.05768717685604985
38.04  0.05837950356458743
38.16  0.059204422678766744
38.28  0.06017319298240892
38.4  0.06129635251702009
38.519999999999996  0.06258367670267556
38.64  0.06404413876182369
38.76  0.06568587255979685
38.879999999999995  0.06751613796954192
39.0  0.06954128886152389
39.12  0.07176674381292486
39.24  0.07419695962323947
39.36  0.07683540771602393
39.48  0.07968455349913567
39.6  0.08274583874804758
39.72  0.08601966706903025
39.839999999999996  0.08950539249095102
39.96  0.09320131122632536
40.08  0.09710465663399936
40.199999999999996  0.10121159740750363
40.32  0.1055172390047111
40.44  0.1100156283259584
40.559999999999995  0.11469976163930795
40.68  0.11956159574311215
40.8  0.12459206234755194
40.92  0.12978108564836172
41.04  0.13511760305753073
41.16  0.1405895890474464
41.28  0.14618408205668637
41.4  0.15188721439753827
41.519999999999996  0.1576842450973321
41.64  0.16355959559780903
41.76  0.16949688822908648
41.879999999999995  0.1754789873672974
42.0  0.18148804317768996
42.12  0.18750553783794954
42.239999999999995  0.19351233412968516
42.36  0.19948872627949232
42.48  0.20541449292473868
42.6  0.21126895207325047
42.72  0.2170310179204229
42.839999999999996  0.22267925938194705
42.96  0.22819196019533314
43.08  0.23354718043877482
43.199999999999996  0.2387228193116206
43.32  0.2436966790167811
43.44  0.2484465295818931
43.559999999999995  0.25295017445292656
43.68  0.25718551669116047
43.8  0.26113062560216016
43.92  0.2647638036234478
44.04  0.2680636532960907
44.16  0.2710091441443597
44.28  0.27357967928696414
44.4  0.2757551616031817
44.519999999999996  0.2775160592774348
44.64  0.2788434705465067
44.76  0.2797191874747134
44.879999999999995  0.280125758583873
45.0  0.2800465501668521
45.12  0.27946580611591076
45.239999999999995  0.27836870609977915
45.36  0.27674142192675705
45.48  0.27457117193462766
45.6  0.27184627325231425
45.72  0.2685561917825774
45.839999999999996  0.26469158975990614
45.96  0.2602443707429148
46.08  0.2552077219061313
46.199999999999996  0.2495761535019589
46.32  0.2433455353698262
46.44  0.23651313037612678
46.559999999999995  0.2290776246753902
46.68  0.22103915469034138
46.8  0.21239933071590822
46.92  0.20316125705997468
47.04  0.19332954864161783
47.16  0.1829103439757485
47.28  0.17191131448146407
47.4  0.16034167005999195
47.519999999999996  0.14821216089685058
47.64  0.13553507545174326
47.76  0.12232423460872655
47.879999999999995  0.10859498196831391
48.0  0.09436417027239197
48.12  0.07965014396213188
48.239999999999995  0.06447271787833325
48.36  0.04885315212307967
48.48  0.032814123110840476
48.6  0.016379690846521466
48.72  0.0
48.839999999999996  0.0
48.96  0.0
49.08  0.0
49.199999999999996  0.0
49.32  0.0
49.44  0.0
49.559999999999995  0.0
49.68  0.0
49.8  0.0
49.92  0.0
50.04  0.0
50.16  0.0
50.28  0.0
50.4  0.0
50.519999999999996  0.0
50.64  0.0
50.76  0.0
50.879999999999995  0.0
51.0  0.0
51.12  0.0
51.239999999999995  0.0
51.36  0.0
51.48  0.0
51.6  0.0
51.72  0.0
51.839999999999996  0.0
51.96  0.0
52.08  0.0
52.199999999999996  0.0
52.32  0.0
52.44  0.0
52.559999999999995  0.0
52.68  0.0
52.8  0.0
52.919999999999995  0.0
53.04  0.0
53.16  0.0
53.28  0.0
53.4  0.0
53.519999999999996  0.0
53.64  0.0
53.76  0.0
53.879999999999995  0.0
54.0  0.0
54.12  0.0
54.239999999999995  0.0
54.36  0.0
54.48  0.0
54.6  0.0
54.72  0.0
54.839999999999996  0.0
54.96  0.0
55.08  0.0
55.199999999999996  0.0
55.32  0.0
55.44  0.0
55.559999999999995  0.0
55.68  0.0
55.8  0.0
55.919999999999995  0.0
56.04  0.0
56.16  0.0
56.28  0.0
56.4  0.0
56.519999999999996  0.0
56.64  0.0
56.76  0.0
56.879999999999995  0.0
57.0  0.0
57.12  0.0
57.239999999999995  0.0
57.36  0.0
57.48  0.0
57.599999999999994  0.0
57.72  0.0
57.839999999999996  0.0
57.96  0.00798665846489427
58.08  0.03789534427971303
58.199999999999996  0.06802056632188114
58.32  0.09830761573793939
58.44  0.12870096826921568
58.559999999999995  0.15914439017305138
58.68  0.18958104640749024
58.8  0.2199536108640473
58.919999999999995  0.2502043784276101
59.04  0.2802753786373715
59.16  0.31010849071802954
59.28  0.33964555974637434
59.4  0.368828513714597
59.519999999999996  0.39759948124858
59.64  0.4259009097366456
59.76  0.45367568362216154
59.879999999999995  0.48086724261174196
60.0  0.5074196995496348
60.12  0.5332779577083842
60.239999999999995  0.5583878272457655
60.36  0.5826961405785163
60.48  0.606150866424417
60.599999999999994  0.6287012222658851
60.72  0.6502977849903113
60.839999999999996  0.6708925994650687
60.96  0.690439284808309
61.08  0.7088931381203181
61.199999999999996  0.7262112354445178
61.32  0.7423525297318634
61.44  0.7572779455876929
61.559999999999995  0.7709504705857966
61.68  0.7833352429407194
61.8  0.7943996353359868
61.919999999999995  0.8041133347131353
62.04  0.8124484178340021
62.16  0.8193794224367709
62.28  0.8248834138147481
62.4  0.8289400466556429
62.519999999999996  0.8315316219884061
62.64  0.8326431390942148
62.76  0.832262342248191
62.879999999999995  0.830379762168631
63.0  0.8269887520611178
63.12  0.8220855181557263
63.239999999999995  0.8156691446465992
63.36  0.8077416129545112
63.48  0.7983078152446005
63.599999999999994  0.7873755621431322
63.72  0.7749555846090666
63.839999999999996  0.7610615299282526
63.96  0.7457099518101475
64.08  0.728920294579273
64.2  0.7107148714657819
64.32  0.6911188370119945
64.44  0.6701601536239132
64.56  0.6478695523091955
64.67999999999999  0.6242804876552114
64.8  0.5994290871130785
64.92  0.5733540946656737
65.03999999999999  0.5460968089695352
65.16  0.5177010160724634
65.28  0.48821291682029255
65.39999999999999  0.4576810490776831
65.52  0.4261562048991132
65.64  0.39369134279719986
65.75999999999999  0.36034149526616577
65.88  0.3261636717287111
66.0  0.29121675708470224
66.12  0.2555614060497199
66.24  0.21925993348104247
66.36  0.1823762008975471
66.48  0.14497549940873192
66.6  0.10712442927609825
66.72  0.06889077633801197
66.84  0.030343385536427347
66.96  0.0
67.08  0.0
67.2  0.0
67.32  0.0
67.44  0.0
67.56  0.0
67.67999999999999  0.0
67.8  0.0
67.92  0.0
68.03999999999999  0.0
68.16  0.0
68.28  0.0
68.39999999999999  0.0
68.52  0.0
68.64  0.0
68.75999999999999  0.0
68.88  0.0
69.0  0.0
69.12  0.0
69.24  0.0
69.36  0.0
69.48  0.0
69.6  0.0
69.72  0.0
69.84  0.0
69.96  0.0
70.08  0.0
70.2  0.0
70.32  0.0
70.44  0.0
70.56  0.0
70.67999999999999  0.0
70.8  0.0
70.92  0.0
71.03999999999999  0.0
71.16  0.0
71.28  0.0
71.39999999999999  0.0
71.52  0.0
71.64  0.0
71.75999999999999  0.0
71.88  0.0
72.0  0.0
72.11999999999999  0.0
72.24  0.0
72.36  0.0
72.48  0.0
72.6  0.0
72.72  0.0
72.84  0.0
72.96  0.0
73.08  0.0
73.2  0.0
73.32  0.0
73.44  0.0
73.56  0.0
73.67999999999999  0.0
73.8  0.0
73.92  0.0
74.03999999999999  0.0
74.16  0.0
74.28  0.0
74.39999999999999  0.0
74.52  0.0
74.64  0.0
74.75999999999999  0.0
74.88  0.0
75.0  0.0
75.11999999999999  0.0
75.24  0.0
75.36  0.0
75.48  0.0
75.6  0.0
75.72  0.0
75.84  0.0
75.96  0.026804759010720866
76.08  0.0706667717645368
76.2  0.11447155856693532
76.32  0.15813854646164646
76.44  0.20158729793809343
76.56  0.24473766505800698
76.67999999999999  0.28750994322511597
76.8  0.32982502429243454
76.92  0.3716045487026663
77.03999999999999  0.41277105635900707
77.16  0.4532481359257279
77.28  0.4929605722607743
77.39999999999999  0.5318344916862371
77.52  0.5697975048064341
77.64  0.6067788465881112
77.75999999999999  0.6427095134225115
77.88  0.6775223968949106
78.0  0.7111524139934736
78.11999999999999  0.7435366334964869
78.24  0.774614398284262
78.36  0.8043274433300864
78.48  0.8326200091332114
78.6  0.8594389503657266
78.72  0.8847338395147046
78.84  0.908457065310914
78.96  0.9305639257457687
79.08  0.9510127154889471
79.2  0.9697648075301801
79.32  0.9867847288803842
79.44  1.0020402301790325
79.56  1.015502349066881
79.67999999999999  1.0271454671956712
79.8  1.0369473607591135
79.92  1.0448892444424378
80.03999999999999  1.0509558087010313
80.16  1.055135250291995
80.28  1.0574192959960345
80.39999999999999  1.057803219480738
80.52  1.056285851270082
80.64  1.0528695817988258
80.75999999999999  1.0475603575443728
80.88  1.0403676702425524
81.0  1.031304539207706
81.11999999999999  1.0203874867912819
81.24  1.0076365070269488
81.36  0.9930750275239439
81.48  0.9767298646838868
81.6  0.9586311723297656
81.72  0.9388123838489679
81.84  0.9173101479653275
81.96  0.8941642582678546
82.08  0.8694175766364248
82.2  0.8431159507169064
82.32  0.8153081256101324
82.44  0.786045649950682
82.56  0.7553827765628021
82.67999999999999  0.7233763578914102
82.8  0.690085736416803
82.92  0.6555726302715538
83.03999999999999  0.6199010142877072
83.16  0.583136996711408
83.28  0.545348691830893
83.39999999999999  0.5066060887715883
83.52  0.4669809167199216
83.64  0.42654650684438244
83.75999999999999  0.3853776511888051
83.88  0.343550458818917
84.0  0.3011422095084942
84.11999999999999  0.2582312052562219
84.24  0.21489661992848252
84.36  0.1712183473271519
84.47999999999999  0.127276847983971
84.6  0.08315299498586855
84.72  0.038927919137070645
84.84  0.0
84.96  0.0
85.08  0.0
85.2  0.0
85.32  0.0
85.44  0.0
85.56  0.0
85.67999999999999  0.0
85.8  0.0
85.92  0.0
86.03999999999999  0.0
86.16  0.0
86.28  0.0
86.39999999999999  0.0
86.52  0.0
86.64  0.0
86.75999999999999  0.0
86.88  0.0
87.0  0.0
87.11999999999999  0.0
87.24  0.0
87.36  0.0
87.47999999999999  0.0
87.6  0.0
87.72  0.0
87.84  0.0
87.96  0.0
88.08  0.0
88.2  0.0
88.32  0.0
88.44  0.0
88.56  0.0
88.67999999999999  0.0
88.8  0.0
88.92  0.0
89.03999999999999  0.0
89.16  0.0
89.28  0.0
89.39999999999999  0.0
89.52  0.0
89.64  0.0
89.75999999999999  0.0
89.88  0.0
90.0  0.0
90.11999999999999  0.0
90.24  0.0
90.36  0.0
90.47999999999999  0.0
90.6  0.0
90.72  0.0
90.84  0.0
90.96  0.0
91.08  0.0
91.2  0.0
91.32  0.0
91.44  0.0
91.56  0.0
91.67999999999999  0.0
91.8  0.0
91.92  0.0
92.03999999999999  0.0
92.16  0.0
92.28  0.0
92.39999999999999  0.0
92.52  0.0
92.64  0.0
92.75999999999999  0.0
92.88  0.0
93.0  0.0
93.11999999999999  0.0
93.24  0.0
93.36  0.0
93.47999999999999  0.0
93.6  0.0
93.72  0.0
93.84  0.021977247736312905
93.96  0.061771286441460405
94.08  0.10128301647933136
94.2  0.14044098848175124
94.32  0.179174725160242
94.44  0.2174148534363437
94.56  0.2550932338881323
94.67999999999999  0.29214308726200544
94.8  0.32849911780560725
94.92  0.3640976331848993
95.03999999999999  0.3988766607563874
95.16  0.4327760599734618
95.28  0.46573763071457985
95.39999999999999  0.49770521733005463
95.52  0.5286248082136766
95.64  0.5584446307150808
95.75999999999999  0.5871152412192084
95.88  0.6145896102294869
96.0  0.6408232023022106
96.11999999999999  0.6657740506908513
96.24  0.6894028265702303
96.36  0.7116729027220875
96.47999999999999  0.732550411575527
96.6  0.7520042975076723
96.72  0.7700063633220571
96.84  0.7865313108346139
96.96  0.8015567755094468
97.08  0.8150633550991027
97.2  0.8270346322565312
97.32  0.8374571910985564
97.44  0.8463206277131525
97.56  0.8536175546154231
97.67999999999999  0.8593435991696098
97.8  0.8634973960069047
97.92  0.866080573481084
98.03999999999999  0.8670977342162198
98.16  0.8665564298126478
98.28  0.8644671297893027
98.39999999999999  0.8608431848520842
98.52  0.8557007845893144
98.64  0.84905890970659
98.75999999999999  0.8409392789240399
98.88  0.8313662906697424
99.0  0.8203669597131718
99.11999999999999  0.8079708488925645
99.24  0.7942099960995268
99.36  0.7791188366935611
99.47999999999999  0.762734121527723
99.6  0.7450948307752286
99.72  0.7262420837545729
99.84  0.706219044958306
99.96  0.6850708264976151
100.08  0.6628443871813252
100.2  0.6395884284541922
100.32  0.6153532874246226
100.44  0.590190827217305
100.56  0.5641543248905568
100.67999999999999  0.5372983571623104
100.8  0.5096786841920299
100.92  0.4813521316689785
101.03999999999999  0.45237647145934445
101.16  0.4228103010668739
101.28  0.39271292216282094
101.39999999999999  0.3621442184416649
101.52  0.3311645330594894
101.64  0.2998345459113453
101.75999999999999  0.2682151510031271
101.88  0.23636733417199374
102.0  0.2043520514075332
102.11999999999999  0.17223010802308664
102.24  0.14006203892394653
102.36  0.10790799021536474
102.47999999999999  0.07582760238932434
102.6  0.04387989532454378
102.72  0.012123155329085034
102.83999999999999  0.0
102.96  0.0
103.08  0.0
103.2  0.0
103.32  0.0
103.44  0.0
103.56  0.0
103.67999999999999  0.0
103.8  0.0
103.92  0.0
104.03999999999999  0.0
104.16  0.0
104.28  0.0
104.39999999999999  0.0
104.52  0.0
104.64  0.0
104.75999999999999  0.0
104.88  0.0
105.0  0.0
105.11999999999999  0.0
105.24  0.0
105.36  0.0
105.47999999999999  0.0
105.6  0.0
105.72  0.0
105.83999999999999  0.0
105.96  0.0
106.08  0.0
106.2  0.0
106.32  0.0
106.44  0.0
106.56  0.0
106.67999999999999  0.0
106.8  0.0
106.92  0.0
107.03999999999999  0.0
107.16  0.0
107.28  0.0
107.39999999999999  0.0
107.52  0.0
107.64  0.0
107.75999999999999  0.0
107.88  0.0
108.0  0.0
108.11999999999999  0.0
108.24  0.0
108.36  0.0
108.47999999999999  0.0
108.6  0.0
108.72  0.0
108.83999999999999  0.0
108.96  0.0
109.08  0.0
109.2  0.0
109.32  0.0
109.44  0.0
109.56  0.0
109.67999999999999  0.0
109.8  0.0
109.92  0.0
110.03999999999999  0.0
110.16  0.0
110.28  0.0
110.39999999999999  0.0
110.52  0.0
110.64  0.0
110.75999999999999  0.0
110.88  0.0
111.0  0.0
111.11999999999999  0.0
111.24  0.0
111.36  0.0
111.47999999999999  0.0
111.6  0.0
111.72  0.0
111.83999999999999  0.0
111.96  0.007344888407999073
112.08  0.02643830177719525
112.2  0.0451505018765847
112.32  0.06345153296094058
112.44  0.08131280438918614
112.56  0.09870713639417827
112.67999999999999  0.11560880209175461
112.8  0.13199356566266462
112.92  0.14783871665046244
113.03999999999999  0.16312310032788202
113.16  0.17782714409363265
113.28  0.19193287987118823
113.39999999999999  0.205423962490725
113.52  0.2182856840448011
113.64  0.2305049842180665
113.75999999999999  0.24207045660069798
113.88  0.25297235100466603
114.0  0.26320257181130535
114.11999999999999  0.27275467238793094
114.24  0.28162384562015574
114.36  0.2898069106157256
114.47999999999999  0.29730229564427624
114.6  0.3041100173860431
114.72  0.3102316565708976
114.83999999999999  0.31567033009725787
114.96  0.3204306597281658
115.08  0.3245187374695345
115.19999999999999  0.3279420877429126
115.32  0.33070962647193125
115.44  0.33283161720859633
115.56  0.33431962443170005
115.67999999999999  0.33518646415576825
115.8  0.33544615199470085
115.92  0.335113848829312
116.03999999999999  0.334205804233255
116.16  0.33273929781600314
116.28  0.3307325786458974
116.39999999999999  0.32820480291990284
116.52  0.32517597005010024
116.64  0.3216668573396195
116.75999999999999  0.3176989534235136
116.88  0.3132943906516711
117.0  0.3084758765928625
117.11999999999999  0.30326662483982175
117.24  0.297690285296186
117.36  0.2917708741262664
117.47999999999999  0.2855327035485318
117.6  0.2790003116529747
117.72  0.2721983924215603
117.83999999999999  0.26515172612949967
117.96  0.2578851103030242
118.08  0.25042329140727837
118.19999999999999  0.24279089743492666
118.32  0.23501237156313343
118.44  0.22711190704291861
118.56  0.2191133834810206
118.67999999999999  0.21104030467004237
118.8  0.20291573811799912
118.92  0.1947622564234166
119.03999999999999  0.18660188063661132
119.16  0.17845602574227615
119.28  0.17034544839232285
119.39999999999999  0.16229019701172992
119.52  0.15430956439348165
119.64  0.14642204289192107
119.75999999999999  0.13864528231661466
119.88  0.13099605062161795
120.0  0.12349019747740081
