0.0  34.23283731348378
1.68  34.09088402077198
3.36  32.20737660100566
5.04  32.912362105323574
6.72  34.585129953012384
8.4  33.380108095822195
10.08  32.067554449663675
11.76  33.664934719936184
13.44  1.1666541018337535
15.12  0.0
16.8  0.0
18.48  0.9682972665656974
20.16  0.6738291277381772
21.84  0.0
23.52  0.0
25.2  1.2666256669187326
26.88  0.0
28.56  0.0
30.24  0.4282252718913986
31.919999999999998  1.1223369606011369
33.6  0.0
35.28  0.0
36.96  1.0309756161513228
38.64  0.5858522399557637
40.32  0.0
42.0  0.0
43.68  1.2734557904730655
45.36  0.0
47.04  0.0
48.72  0.5221448528543253
50.4  1.0709320996644531
52.08  0.0
53.76  0.0
55.44  1.087143206093878
57.12  0.49417561082065703
58.8  0.0
60.48  0.0
62.16  1.2722438571271608
63.839999999999996  0.0
65.52  0.0
67.2  0.6127670137982573
68.88  1.012764148131124
70.56  0.0
72.24  0.0
73.92  1.1364453299656667
75.6  0.3993781914620722
77.28  0.0
78.96  0.0
80.64  1.2629975204148125
82.32  0.0
84.0  0.0
85.67999999999999  0.699519462712576
87.36  0.9482004450006597
89.03999999999999  0.0
90.72  0.0
92.39999999999999  1.1785706377469634
94.08  0.30205864124940407
95.75999999999999  0.0
97.44  0.07723981768004307
99.11999999999999  1.2457751722853272
100.8  0.0
102.47999999999999  0.0
104.16  0.7818543453760481
105.83999999999999  0.8776487193659661
107.52  0.0
109.2  0.0
110.88  1.2132531020462882
112.56  0.20283154717199448
114.24  0.0
115.92  0.17796775351587668
117.6  1.2206855743499379
119.28  0.0
120.96  0.0
122.64  0.8592517051350976
124.32  0.8015545155452242
126.0  0.0
127.67999999999999  0.0
129.35999999999999  1.2402736981016997
131.04  0.10232354263371302
132.72  0.0
134.4  0.27757179733214443
136.07999999999998  1.187887171036578
137.76  0.0
139.44  0.0
141.12  0.9312227665051603
142.79999999999998  0.720398379405462
144.48  0.0
146.16  0.0
147.84  1.259461786953786
149.51999999999998  0.0011693501725401623
151.2  0.0
152.88  0.37542293523303566
154.56  1.1475870889904018
156.23999999999998  0.0
157.92  0.0
159.6  0.9973130218581597
161.28  0.6346928236459701
162.96  0.0
164.64  0.0
166.32  1.270696193055255
168.0  0.0
