0.0  29.943089629312244
1.68  37.967694760488826
3.36  30.973529222995225
5.04  31.62688046062436
6.72  37.810405543119145
8.4  29.484893762012938
10.08  33.6311825218008
11.76  36.81221884589591
13.44  0.0
15.12  2.246208298486823
16.8  1.8272838327043335
18.48  0.0
20.16  3.772677653568779
21.84  0.0
23.52  0.0
25.2  4.59055108199767
26.88  0.0
28.56  0.0
30.24  4.546213079582679
31.919999999999998  0.0
33.6  0.03706845747087506
35.28  3.647991346379864
36.96  0.0
38.64  2.013869296415721
40.32  2.0645926524406675
42.0  0.0
43.68  3.6124190067750304
45.36  0.0934158130950502
47.04  0.0
48.72  4.532473062690214
50.4  0.0
52.08  0.0
53.76  4.601224080072866
55.44  0.0
57.12  0.0
58.8  3.8057590312688485
60.48  0.0
62.16  1.7752710826752538
63.839999999999996  2.2954846096499635
65.52  0.0
67.2  3.440932771754959
68.88  0.35406520469170655
70.56  0.0
72.24  4.460307878771079
73.92  0.0
75.6  0.0
77.28  4.641934234174187
78.96  0.0
80.64  0.0
82.32  3.951698216968906
84.0  0.0
85.67999999999999  1.5311552330600149
87.36  2.519242079988029
89.03999999999999  0.0
90.72  3.2587519367443125
92.39999999999999  0.6136141430142619
94.08  0.0
95.75999999999999  4.374279823426601
97.44  0.0
99.11999999999999  0.0
100.8  4.6682170125870215
102.47999999999999  0.0
104.16  0.0
105.83999999999999  4.085355316816868
107.52  0.0
109.2  1.2822804724672072
110.88  2.7351696134712933
112.56  0.0
114.24  3.0664427293580627
115.92  0.8712559363143471
117.6  0.0
119.28  4.274656276376446
120.96  0.0
122.64  0.0
124.32  4.6799907270540295
126.0  0.0
127.67999999999999  0.0
129.35999999999999  4.206314917518331
131.04  0.0
132.72  1.0294203167391802
134.4  2.9425960959712145
136.07999999999998  0.0
137.76  2.8646028567249395
139.44  1.1261898203508345
141.12  0.0
142.79999999999998  4.16174687284325
144.48  0.0
146.16  0.0
147.84  4.677218784251535
149.51999999999998  0.0
151.2  0.0
152.88  4.3142010702737625
154.56  0.0
156.23999999999998  0.7733606685361778
157.92  3.140876835073261
159.6  0.0
161.28  2.653859647782671
162.96  1.3776234472066562
164.64  0.0
166.32  4.035902541190584
168.0  0.0
