0.0  40.582054117693886
1.68  40.188191974446426
3.36  19.273318595579678
5.04  40.44913380887986
6.72  40.32277064707587
8.4  19.272515519692703
10.08  40.315353108348674
11.76  40.4565042069182
13.44  0.0
15.12  6.847394858572787
16.8  7.256043150534175
18.48  0.0
20.16  6.7119420041012665
21.84  7.38803807862484
23.52  0.0
25.2  6.575677589591461
26.88  7.519139697973817
28.56  0.0
30.24  6.438618091162066
31.919999999999998  7.649332156710603
33.6  0.0
35.28  6.300780081067869
36.96  7.778599712893973
38.64  0.0
40.32  6.162180225695227
42.0  7.906926736415268
43.68  0.0
45.36  6.022835283547962
47.04  8.034297710888312
48.72  0.0
50.4  5.882762103220104
52.08  8.160697235525628
53.76  0.0
55.44  5.741977621359035
57.12  8.286110027000262
58.8  0.0
60.48  5.600498860617909
62.16  8.41052092129422
63.839999999999996  0.0
65.52  5.458342927596843
67.2  8.533914875531515
68.88  0.0
70.56  5.31552701077506
72.24  8.656276969797918
73.92  0.0
75.6  5.1720683784315655
77.28  8.777592408943377
78.96  0.0
80.64  5.027984376559042
82.32  8.89784652437252
84.0  0.0
85.67999999999999  4.883292426764643
87.36  9.017024775817505
89.03999999999999  0.0
90.72  4.738010024164423
92.39999999999999  9.135112753096411
94.08  0.0
95.75999999999999  4.592154735267579
97.44  9.25209617785488
99.11999999999999  0.0
100.8  4.445744195853381
102.47999999999999  9.36796090529419
104.16  0.0
105.83999999999999  4.298796108836694
107.52  9.482692925879459
109.2  0.0
110.88  4.151328242130125
112.56  9.596278367034925
114.24  0.0
115.92  4.003358426493947
117.6  9.708703494822027
119.28  0.0
120.96  3.8549045533791695
122.64  9.819954715597252
124.32  0.0
126.0  3.705984572767866
127.67999999999999  9.930018577658693
129.35999999999999  0.0
131.04  3.556616490998964
132.72  10.038881772871088
134.4  0.0
136.07999999999998  3.4068183685929645
137.76  10.146531138275215
139.44  0.0
141.12  3.2566083180681957
142.79999999999998  10.252953657679477
144.48  0.0
146.16  3.106004501748833
147.84  10.358136463233725
149.51999999999998  0.0
151.2  2.9550251295727294
152.88  10.462066836985143
154.56  0.0
156.23999999999998  2.803688456885318
157.92  10.564732212416018
159.6  0.0
161.28  2.6520127822362163
162.96  10.666120175962927
164.64  0.0
166.32  2.5000164451623803
168.0  10.766218468518995
