0.0  24.578707870752673
1.68  34.10857059247437
3.36  42.22356649884931
5.04  34.113212374292104
6.72  24.579519830397807
8.4  31.02220108303777
10.08  41.68287403855846
11.76  37.10500172562882
13.44  0.0
15.12  0.0
16.8  6.794733574796568
18.48  6.305360180837175
20.16  0.0
21.84  0.0
23.52  4.414654822712659
25.2  8.073218436057973
26.88  0.0
28.56  0.0
30.24  1.498382958053657
31.919999999999998  8.860523444067326
33.6  0.051536394875439706
35.28  0.0
36.96  0.0
38.64  8.571651075744517
40.32  3.0992674192220058
42.0  0.0
43.68  0.0
45.36  7.241687058179929
47.04  5.77056904853059
48.72  0.0
50.4  0.0
52.08  5.032165548590552
53.76  7.740991559602729
55.44  0.0
57.12  0.0
58.8  2.2114495930367752
60.48  8.771212282438459
62.16  0.0
63.839999999999996  0.0
65.52  0.0
67.2  8.736103142884708
68.88  2.406018828865523
70.56  0.0
72.24  0.0
73.92  7.639928410646135
75.6  5.196961448086125
77.28  0.0
78.96  0.0
80.64  5.615826771579127
82.32  7.356693916867454
84.0  0.0
85.67999999999999  0.0
87.36  2.909640630493069
89.03999999999999  8.622900443540383
90.72  0.0
92.39999999999999  0.0
94.08  0.0
95.75999999999999  8.841790698857366
97.44  1.6965858462203809
99.11999999999999  0.0
100.8  0.0
102.47999999999999  7.9867788109837585
104.16  4.588395824131842
105.83999999999999  0.0
107.52  0.0
109.2  6.161712420076866
110.88  6.9229105349228455
112.56  0.0
114.24  0.0
115.92  3.58825959942791
117.6  8.416585565859114
119.28  0.0
120.96  0.0
122.64  0.5789855966909371
124.32  8.888002822847895
126.0  0.975740562658495
127.67999999999999  0.0
129.35999999999999  0.0
131.04  8.279905125770414
132.72  3.9489657708962134
134.4  0.0
136.07999999999998  0.0
137.76  6.666150524698537
139.44  6.442559312971469
141.12  0.0
142.79999999999998  0.0
144.48  4.242741682859489
146.16  8.153655452713227
147.84  0.0
149.51999999999998  0.0
151.2  1.3040198754223273
152.88  8.874428663114713
154.56  0.2483318358481592
156.23999999999998  0.0
157.92  0.0
159.6  8.51733560349206
161.28  3.282972496124681
162.96  0.0
164.64  0.0
166.32  7.1257479182450485
168.0  5.918871394726208
