0.0  1000.0  100.0
0.12  1000.0
0.24  1000.0
0.36  1000.0
0.48  1000.0
0.6  1000.0
0.72  1000.0
0.84  1000.0
0.96  1000.0
1.08  1000.0
1.2  1000.0
1.3199999999999998  1000.0
1.44  1000.0
1.56  1000.0
1.68  1000.0
1.7999999999999998  1000.0
1.92  1000.0
2.04  1000.0
2.16  1000.0
2.28  1000.0
2.4  1000.0
2.52  1000.0
2.6399999999999997  1000.0
2.76  1000.0
2.88  1000.0
3.0  1000.0
3.12  1000.0
3.2399999999999998  999.1221146436031
3.36  985.0738258774364
3.48  970.7192714018306
3.5999999999999996  956.0629366711826
3.7199999999999998  941.1094005638031
3.84  925.8633339163359
3.96  910.3294980306422
4.08  894.5127431537026
4.2  878.4180069310885
4.32  862.0503128345688
4.4399999999999995  845.4147685644152
4.56  828.5165644269799
4.68  811.3609716881203
4.8  793.953340903052
4.92  776.2991002232134
5.04  758.4037536807308
5.16  740.2728794510751
5.279999999999999  721.9121280945017
5.3999999999999995  703.3272207768729
5.52  684.5239474704606
5.64  665.5081651353313
5.76  646.2857958819143
5.88  626.8628251153579
6.0  607.2452996622824
6.12  587.4393258805313
6.24  567.4510677525316
6.359999999999999  547.2867449628721
6.4799999999999995  526.9526309607024
6.6  506.4550510075691
6.72  485.8003802112898
6.84  464.9950415464782
6.96  444.0455038623264
7.08  422.9582798782481
7.199999999999999  401.73992416799547
7.319999999999999  380.397031132849
7.4399999999999995  358.9362329644876
7.56  337.36419759813896
7.68  315.6876266566175
7.8  293.9132533858429
7.92  272.0478405824423
8.04  250.0981785140328
8.16  228.07108283277663
8.28  205.97339248280872
8.4  183.8119676021174
8.52  161.5936874194823
8.64  139.3254481470415
8.76  117.01416086908779
8.879999999999999  94.6667494276677
9.0  72.29014830556783
9.12  49.89130050727304
9.24  27.477155438462077
9.36  5.054666784630088
9.48  0.0
9.6  0.0
9.719999999999999  0.0
9.84  0.0
9.959999999999999  0.0
10.08  0.0
10.2  0.0
10.32  0.0
10.44  0.0
10.559999999999999  0.0
10.68  0.0
10.799999999999999  0.0
10.92  0.0
11.04  0.0
11.16  0.0
11.28  0.0
11.4  0.0
11.52  0.0
11.639999999999999  0.0
11.76  0.0
11.879999999999999  0.0
12.0  0.0
12.12  0.0
12.24  0.0
12.36  0.0
12.48  0.0
12.6  0.0
12.719999999999999  0.0
12.84  0.0
12.959999999999999  0.0
13.08  0.0
13.2  0.0
13.32  0.0
13.44  0.0
13.559999999999999  0.0
13.68  0.0
13.799999999999999  0.0
13.92  0.0
14.04  0.0
14.16  0.0
14.28  0.0
14.399999999999999  0.0
14.52  0.0
14.639999999999999  0.0
14.76  0.0
14.879999999999999  0.0
15.0  0.0
15.12  0.0
15.24  0.0
15.36  0.0
15.479999999999999  0.0
15.6  0.0
15.719999999999999  0.0
15.84  0.0
15.959999999999999  0.0
16.08  0.0
16.2  0.0
16.32  0.0
16.439999999999998  0.0
16.56  0.0
16.68  0.0
16.8  0.0
16.919999999999998  0.0
17.04  0.0
17.16  0.0
17.28  0.0
17.4  0.0
17.52  0.0
17.64  0.0
17.759999999999998  0.0
17.88  0.0
18.0  0.0
18.12  0.0
18.24  0.0
18.36  0.0
18.48  0.0
18.599999999999998  0.0
18.72  0.0
18.84  0.0
18.96  0.0
19.08  0.0
19.2  0.0
19.32  0.0
19.439999999999998  0.0
19.56  0.0
19.68  0.0
19.8  0.0
19.919999999999998  0.0
20.04  0.0
20.16  0.0
20.279999999999998  0.0
20.4  0.0
20.52  0.0
20.64  0.0
20.759999999999998  0.0
20.88  0.0
21.0  0.0
21.119999999999997  0.0
21.24  0.0
21.36  0.0
21.48  0.0
21.599999999999998  0.0
21.72  0.0
21.84  0.0
21.96  0.0
22.08  0.0
22.2  0.0
22.32  0.0
22.439999999999998  0.0
22.56  0.0
22.68  0.0
22.8  0.0
22.919999999999998  0.0
23.04  0.0
23.16  0.0
23.279999999999998  0.0
23.4  0.0
23.52  0.0
23.64  0.0
23.759999999999998  0.0
23.88  0.0
24.0  0.0
24.119999999999997  0.0
24.24  0.0
24.36  0.0
24.48  0.0
24.599999999999998  0.0
24.72  0.0
24.84  0.0
24.96  0.0
25.08  0.0
25.2  0.0
25.32  0.0
25.439999999999998  0.0
25.56  0.0
25.68  0.0
25.8  0.0
25.919999999999998  0.0
26.04  0.0
26.16  0.0
26.279999999999998  0.0
26.4  0.0
26.52  0.0
26.64  0.0
26.759999999999998  0.0
26.88  0.0
27.0  0.0
27.119999999999997  0.0
27.24  0.0
27.36  0.0
27.48  0.0
27.599999999999998  0.0
27.72  0.0
27.84  0.0
27.959999999999997  0.0
28.08  0.0
28.2  0.0
28.32  0.0
28.439999999999998  0.0
28.56  0.0
28.68  0.0
28.799999999999997  0.0
28.919999999999998  0.0
29.04  0.0
29.16  0.0
29.279999999999998  0.0
29.4  0.0
29.52  0.0
29.64  0.0
29.759999999999998  0.0
29.88  0.0
30.0  0.0
30.119999999999997  0.0
30.24  0.0
30.36  0.0
30.48  0.0
30.599999999999998  0.0
30.72  0.0
30.84  15.051564846447503
30.959999999999997  37.481595026136915
31.08  59.89949275199573
31.2  82.29828566911036
31.32  104.67100837034133
31.439999999999998  127.01070455691593
31.56  149.31042919407034
31.68  171.56325066106209
31.799999999999997  193.76225289491677
31.919999999999998  215.90053752728153
32.04  237.9712260137231
32.16  259.9674617548784
32.28  281.8824122088103
32.4  303.70927099396124
32.519999999999996  325.4412599821247
32.64  347.0716313807939
32.76  368.593669804324
32.879999999999995  390.00069433332425
33.0  411.2860605616875
33.12  432.44316263069527
33.24  453.46543524964704
33.36  474.34635570243324
33.48  495.07944583953514
33.6  515.6582740548868
33.72  536.0764572470704
33.839999999999996  556.3276627643454
33.96  576.4056103329528
34.08  596.3040739682104
34.199999999999996  616.016883867898
34.32  635.5379282874179
34.44  654.8611553962562
34.56  673.9805751152658
34.68  692.8902609342792
34.8  711.5843517096055
34.92  730.0570534409401
35.04  748.3026410272254
35.16  766.3154600010394
35.28  784.0899282410494
35.4  801.6205376621057
35.519999999999996  818.9018558825605
35.64  835.928527868372
35.76  852.6952775535925
35.879999999999995  869.1969094368366
36.0  885.4283101533202
36.12  901.3844500220742
36.24  917.0603845679648
36.36  932.4512560181066
36.48  947.5522947723227
36.6  962.3588208472612
36.72  976.8662452938099
36.839999999999996  991.07007158746
36.96  1000.0
37.08  1000.0
37.199999999999996  1000.0
37.32  1000.0
37.44  1000.0
37.559999999999995  1000.0
37.68  1000.0
37.8  1000.0
37.92  1000.0
38.04  1000.0
38.16  1000.0
38.28  1000.0
38.4  1000.0
38.519999999999996  1000.0
38.64  1000.0
38.76  1000.0
38.879999999999995  1000.0
39.0  1000.0
39.12  1000.0
39.24  1000.0
39.36  1000.0
39.48  1000.0
39.6  1000.0
39.72  1000.0
39.839999999999996  1000.0
39.96  1000.0
40.08  1000.0
40.199999999999996  1000.0
40.32  1000.0
40.44  1000.0
40.559999999999995  1000.0
40.68  1000.0
40.8  1000.0
40.92  1000.0
41.04  1000.0
41.16  1000.0
41.28  1000.0
41.4  1000.0
41.519999999999996  1000.0
41.64  1000.0
41.76  1000.0
41.879999999999995  1000.0
42.0  1000.0
42.12  1000.0
42.239999999999995  1000.0
42.36  1000.0
42.48  1000.0
42.6  1000.0
42.72  1000.0
42.839999999999996  1000.0
42.96  1000.0
43.08  1000.0
43.199999999999996  1000.0
43.32  1000.0
43.44  1000.0
43.559999999999995  1000.0
43.68  1000.0
43.8  1000.0
43.92  1000.0
44.04  1000.0
44.16  1000.0
44.28  1000.0
44.4  1000.0
44.519999999999996  1000.0
44.64  1000.0
44.76  1000.0
44.879999999999995  1000.0
45.0  1000.0
45.12  1000.0
45.239999999999995  1000.0
45.36  1000.0
45.48  1000.0
45.6  1000.0
45.72  1000.0
45.839999999999996  1000.0
45.96  1000.0
46.08  988.5588897190227
46.199999999999996  974.286950384738
46.32  959.7114597207769
46.44  944.836945363754
46.559999999999995  929.6680289446487
46.68  914.2094246636314
46.8  898.465937834002
46.92  882.4424633956557
47.04  866.1439843985498
47.16  849.5755704565906
47.28  832.7423761724508
47.4  815.6496395337821
47.519999999999996  798.30268028132
47.64  780.7068982494065
47.76  762.8677716794524
47.879999999999995  744.7908555068648
48.0  726.4817796220115
48.12  707.9462471057814
48.239999999999995  689.1900324402958
48.36  670.2189796953952
48.48  651.0390006914782
48.6  631.6560731393035
48.72  612.0762387573994
48.839999999999996  592.3056013676878
48.96  572.3503249699907
49.08  552.2166317960671
49.199999999999996  531.9108003438371
49.32  511.43916339248386
49.44  490.8081059991188
49.559999999999995  470.02406347767595
49.68  449.09351936078065
49.8  428.0230033452782
49.92  406.81908922213495
50.04  385.4883927914671
50.16  364.03756976339764
50.28  342.47331364550877
50.4  320.80235361762504
50.519999999999996  299.0314523946726
50.64  277.1674040783884
50.76  255.21703199864132
50.879999999999995  233.1871865451058
51.0  211.08474299010174
51.12  188.91659930334984
51.239999999999995  166.68967395941831
51.36  144.41090373866072
51.48  122.0872415224197
51.6  99.72565408327029
51.72  77.33311987111753
51.839999999999996  54.916626795910126
51.96  32.48317000776872
52.08  10.039749675329722
52.199999999999996  0.0
52.32  0.0
52.44  0.0
52.559999999999995  0.0
52.68  0.0
52.8  0.0
52.919999999999995  0.0
53.04  0.0
53.16  0.0
53.28  0.0
53.4  0.0
53.519999999999996  0.0
53.64  0.0
53.76  0.0
53.879999999999995  0.0
54.0  0.0
54.12  0.0
54.239999999999995  0.0
54.36  0.0
54.48  0.0
54.6  0.0
54.72  0.0
54.839999999999996  0.0
54.96  0.0
55.08  0.0
55.199999999999996  0.0
55.32  0.0
55.44  0.0
55.559999999999995  0.0
55.68  0.0
55.8  0.0
55.919999999999995  0.0
56.04  0.0
56.16  0.0
56.28  0.0
56.4  0.0
56.519999999999996  0.0
56.64  0.0
56.76  0.0
56.879999999999995  0.0
57.0  0.0
57.12  0.0
57.239999999999995  0.0
57.36  0.0
57.48  0.0
57.599999999999994  0.0
57.72  0.0
57.839999999999996  0.0
57.96  0.0
58.08  0.0
58.199999999999996  0.0
58.32  0.0
58.44  0.0
58.559999999999995  0.0
58.68  0.0
58.8  0.0
58.919999999999995  0.0
59.04  0.0
59.16  0.0
59.28  0.0
59.4  0.0
59.519999999999996  0.0
59.64  0.0
59.76  0.0
59.879999999999995  0.0
60.0  0.0
60.12  0.0
60.239999999999995  0.0
60.36  0.0
60.48  0.0
60.599999999999994  0.0
60.72  0.0
60.839999999999996  0.0
60.96  0.0
61.08  0.0
61.199999999999996  0.0
61.32  0.0
61.44  0.0
61.559999999999995  0.0
61.68  0.0
61.8  0.0
61.919999999999995  0.0
62.04  0.0
62.16  0.0
62.28  0.0
62.4  0.0
62.519999999999996  0.0
62.64  0.0
62.76  0.0
62.879999999999995  0.0
63.0  0.0
63.12  0.0
63.239999999999995  0.0
63.36  0.0
63.48  0.0
63.599999999999994  0.0
63.72  0.0
63.839999999999996  0.0
63.96  0.0
64.08  0.0
64.2  0.0
64.32  0.0
64.44  0.0
64.56  0.0
64.67999999999999  0.0
64.8  0.0
64.92  0.0
65.03999999999999  0.0
65.16  0.0
65.28  0.0
65.39999999999999  0.0
65.52  0.0
65.64  0.0
65.75999999999999  0.0
65.88  0.0
66.0  0.0
66.12  0.0
66.24  0.0
66.36  0.0
66.48  0.0
66.6  0.0
66.72  0.0
66.84  0.0
66.96  0.0
67.08  0.0
67.2  0.0
67.32  0.0
67.44  0.0
67.56  0.0
67.67999999999999  0.0
67.8  0.0
67.92  0.0
68.03999999999999  0.0
68.16  0.0
68.28  0.0
68.39999999999999  0.0
68.52  0.0
68.64  0.0
68.75999999999999  0.0
68.88  0.0
69.0  0.0
69.12  0.0
69.24  0.0
69.36  0.0
69.48  0.0
69.6  0.0
69.72  0.0
69.84  0.0
69.96  0.0
70.08  0.0
70.2  0.0
70.32  0.0
70.44  0.0
70.56  0.0
70.67999999999999  0.0
70.8  0.0
70.92  0.0
71.03999999999999  0.0
71.16  0.0
71.28  0.0
71.39999999999999  0.0
71.52  0.0
71.64  0.0
71.75999999999999  0.0
71.88  0.0
72.0  0.0
72.11999999999999  0.0
72.24  0.0
72.36  0.0
72.48  0.0
72.6  0.0
72.72  0.0
72.84  0.0
72.96  0.0
73.08  0.0
73.2  0.0
73.32  0.0
73.44  0.0
73.56  9.634835735267496
73.67999999999999  32.07558401593232
73.8  54.506675715108365
73.92  76.92111606140723
74.03999999999999  99.31191480969377
74.16  121.6720884520924
74.28  143.99466242823442
74.39999999999999  166.27267333394786
74.52  188.4991711276564
74.64  210.66722133367216
74.75999999999999  232.76990724162732
74.88  254.80033210130614
75.0  276.75162131201307
75.11999999999999  298.6169246058138
75.24  320.3894182237842
75.36  342.06230708454376
75.48  363.62882694427566
75.6  385.08224654748295
75.72  406.4158697677155
75.84  427.6230377374482
75.96  448.69713096644057
76.08  469.6315714477341
76.2  490.41982475058177
76.32  511.05540209952915
76.44  531.5318624389498
76.56  551.8428144822107
76.67999999999999  571.9819187448251
76.8  591.9428895608214
76.92  611.7194970815701
77.03999999999999  631.3055692564423
77.16  650.6949937945097
77.28  669.8817201066349
77.39999999999999  688.8597612272324
77.52  707.6231957150637
77.64  726.166169532315
77.75999999999999  744.4828979013874
77.88  762.56766713867
78.0  780.4148364646966
78.11999999999999  798.0188397900259
78.24  815.3741874762565
78.36  832.4754680715273
78.48  849.3173500199249
78.6  865.894583344224
78.72  882.2020013013523
78.84  898.2345220100477
78.96  913.9871500501334
79.08  929.4549780329137
79.2  944.6331881421017
79.32  959.5170536448398
79.44  974.1019403722819
79.56  988.3833081692321
79.67999999999999  1000.0
79.8  1000.0
79.92  1000.0
80.03999999999999  1000.0
80.16  1000.0
80.28  1000.0
80.39999999999999  1000.0
80.52  1000.0
80.64  1000.0
80.75999999999999  1000.0
80.88  1000.0
81.0  1000.0
81.11999999999999  1000.0
81.24  1000.0
81.36  1000.0
81.48  1000.0
81.6  1000.0
81.72  1000.0
81.84  1000.0
81.96  1000.0
82.08  1000.0
82.2  1000.0
82.32  1000.0
82.44  1000.0
82.56  1000.0
82.67999999999999  1000.0
82.8  1000.0
82.92  1000.0
83.03999999999999  1000.0
83.16  1000.0
83.28  1000.0
83.39999999999999  1000.0
83.52  1000.0
83.64  1000.0
83.75999999999999  1000.0
83.88  1000.0
84.0  1000.0
84.11999999999999  1000.0
84.24  1000.0
84.36  1000.0
84.47999999999999  1000.0
84.6  1000.0
84.72  1000.0
84.84  1000.0
84.96  1000.0
85.08  1000.0
85.2  1000.0
85.32  1000.0
85.44  1000.0
85.56  1000.0
85.67999999999999  1000.0
85.8  1000.0
85.92  1000.0
86.03999999999999  1000.0
86.16  1000.0
86.28  1000.0
86.39999999999999  1000.0
86.52  1000.0
86.64  1000.0
86.75999999999999  1000.0
86.88  1000.0
87.0  1000.0
87.11999999999999  1000.0
87.24  1000.0
87.36  1000.0
87.47999999999999  1000.0
87.6  1000.0
87.72  1000.0
87.84  1000.0
87.96  1000.0
88.08  1000.0
88.2  1000.0
88.32  1000.0
88.44  1000.0
88.56  1000.0
88.67999999999999  1000.0
88.8  991.2005725410297
88.92  976.9966353266759
89.03999999999999  962.4891826275258
89.16  947.6827186209279
89.28  932.5818396009572
89.39999999999999  917.1912325700367
89.52  901.5156738042078
89.64  885.5600273925118
89.75999999999999  869.3292437507989
89.88  852.8283581104415
90.0  836.0624889823154
90.11999999999999  819.0368365964927
90.24  801.7566813180179
90.36  784.2273820392595
90.47999999999999  766.4543745491894
90.6  748.4431698800488
90.72  730.1993526318702
90.84  711.728579275216
90.96  693.0365764326579
91.08  674.1291391393639
91.2  655.012129083333
91.32  635.6914728256478
91.44  616.173160001243
91.56  596.4632415006886
91.67999999999999  576.5678276333764
91.8  556.4930862726585
91.92  536.2452409833743
92.03999999999999  515.8305691322748
92.16  495.2553999817876
92.28  474.5261127676969
92.39999999999999  453.6491347611392
92.52  432.630939315493
92.64  411.47804389864507
92.75999999999999  390.19700811112534
92.88  368.79443169067014
93.0  347.2769525037051
93.11999999999999  325.6512445243037
93.24  303.9240158011069
93.36  282.10200641283194
93.47999999999999  260.19198641280923
93.6  238.20075376318403
93.72  216.13513225929304
93.84  194.0019694448006
93.96  171.80813451814456
94.08  149.56051623085747
94.2  127.26602077840205
94.32  104.93156968400365
94.44  82.564097676161
94.56  60.170550560374835
94.67999999999999  37.75788308572909
94.8  15.333056806875172
94.92  0.0
95.03999999999999  0.0
95.16  0.0
95.28  0.0
95.39999999999999  0.0
95.52  0.0
95.64  0.0
95.75999999999999  0.0
95.88  0.0
96.0  0.0
96.11999999999999  0.0
96.24  0.0
96.36  0.0
96.47999999999999  0.0
96.6  0.0
96.72  0.0
96.84  0.0
96.96  0.0
97.08  0.0
97.2  0.0
97.32  0.0
97.44  0.0
97.56  0.0
97.67999999999999  0.0
97.8  0.0
97.92  0.0
98.03999999999999  0.0
98.16  0.0
98.28  0.0
98.39999999999999  0.0
98.52  0.0
98.64  0.0
98.75999999999999  0.0
98.88  0.0
99.0  0.0
99.11999999999999  0.0
99.24  0.0
99.36  0.0
99.47999999999999  0.0
99.6  0.0
99.72  0.0
99.84  0.0
99.96  0.0
100.08  0.0
100.2  0.0
100.32  0.0
100.44  0.0
100.56  0.0
100.67999999999999  0.0
100.8  0.0
100.92  0.0
101.03999999999999  0.0
101.16  0.0
101.28  0.0
101.39999999999999  0.0
101.52  0.0
101.64  0.0
101.75999999999999  0.0
101.88  0.0
102.0  0.0
102.11999999999999  0.0
102.24  0.0
102.36  0.0
102.47999999999999  0.0
102.6  0.0
102.72  0.0
102.83999999999999  0.0
102.96  0.0
103.08  0.0
103.2  0.0
103.32  0.0
103.44  0.0
103.56  0.0
103.67999999999999  0.0
103.8  0.0
103.92  0.0
104.03999999999999  0.0
104.16  0.0
104.28  0.0
104.39999999999999  0.0
104.52  0.0
104.64  0.0
104.75999999999999  0.0
104.88  0.0
105.0  0.0
105.11999999999999  0.0
105.24  0.0
105.36  0.0
105.47999999999999  0.0
105.6  0.0
105.72  0.0
105.83999999999999  0.0
105.96  0.0
106.08  0.0
106.2  0.0
106.32  0.0
106.44  0.0
106.56  0.0
106.67999999999999  0.0
106.8  0.0
106.92  0.0
107.03999999999999  0.0
107.16  0.0
107.28  0.0
107.39999999999999  0.0
107.52  0.0
107.64  0.0
107.75999999999999  0.0
107.88  0.0
108.0  0.0
108.11999999999999  0.0
108.24  0.0
108.36  0.0
108.47999999999999  0.0
108.6  0.0
108.72  0.0
108.83999999999999  0.0
108.96  0.0
109.08  0.0
109.2  0.0
109.32  0.0
109.44  0.0
109.56  0.0
109.67999999999999  0.0
109.8  0.0
109.92  0.0
110.03999999999999  0.0
110.16  0.0
110.28  0.0
110.39999999999999  0.0
110.52  0.0
110.64  0.0
110.75999999999999  0.0
110.88  0.0
111.0  0.0
111.11999999999999  0.0
111.24  0.0
111.36  0.0
111.47999999999999  0.0
111.6  0.0
111.72  0.0
111.83999999999999  0.0
111.96  0.0
112.08  0.0
112.2  0.0
112.32  0.0
112.44  0.0
112.56  0.0
112.67999999999999  0.0
112.8  0.0
112.92  0.0
113.03999999999999  0.0
113.16  0.0
113.28  0.0
113.39999999999999  0.0
113.52  0.0
113.64  0.0
113.75999999999999  0.0
113.88  0.0
114.0  0.0
114.11999999999999  0.0
114.24  0.0
114.36  0.0
114.47999999999999  0.0
114.6  0.0
114.72  0.0
114.83999999999999  0.0
114.96  0.0
115.08  0.0
115.19999999999999  0.0
115.32  0.0
115.44  0.0
115.56  0.0
115.67999999999999  0.0
115.8  0.0
115.92  0.0
116.03999999999999  0.0
116.16  0.0
116.28  4.857953481834227
116.39999999999999  27.279450982740947
116.52  49.69246314993302
116.64  72.09003902222757
116.75999999999999  94.46523239095163
116.88  116.81110391430809
117.0  139.12072322985694
117.11999999999999  161.38717106450798
117.24  183.60354134142247
117.36  205.76294328337858
117.47999999999999  227.85850351190294
117.6  249.88336814175486
117.72  271.83070487006626
117.83999999999999  293.69370505969124
117.96  315.46558581616256
118.08  337.13959205765804
118.19999999999999  358.7089985774977
118.32  380.1671120985735
118.44  401.5072733191152
118.56  422.72285894931167
118.67999999999999  443.8072837381893
118.8  464.7540024901481
118.92  485.5565120707014
119.03999999999999  506.2083534007304
119.16  526.7031134388291
119.28  547.0344271510512
119.39999999999999  567.1959794676042
119.52  587.1815072258916
119.64  606.9848010993071
119.75999999999999  626.5997075112967
119.88  646.020130534095
120.0  665.2400337715407
