0.0  1000.0  100.0
0.12  1000.0
0.24  1000.0
0.36  1000.0
0.48  1000.0
0.6  1000.0
0.72  1000.0
0.84  1000.0
0.96  1000.0
1.08  1000.0
1.2  1000.0
1.3199999999999998  1000.0
1.44  1000.0
1.56  1000.0
1.68  1000.0
1.7999999999999998  1000.0
1.92  1000.0
2.04  1000.0
2.16  1000.0
2.28  1000.0
2.4  1000.0
2.52  1000.0
2.6399999999999997  1000.0
2.76  1000.0
2.88  1000.0
3.0  1000.0
3.12  1000.0
3.2399999999999998  999.1171641266264
3.36  985.0914948757347
3.48  970.7595221447375
3.5999999999999996  956.1256831154856
3.7199999999999998  941.1945085776763
3.84  925.9706215660708
3.96  910.4587359695639
4.08  894.6636551124394
4.2  878.590270308148
4.32  862.243559385956
4.4399999999999995  845.628585190821
4.56  828.7504940568546
4.68  811.6145142547471
4.8  794.2259544135289
4.92  776.5902019170612
5.04  758.7127212756487
5.16  740.5990524731808
5.279999999999999  722.254809290213
5.3999999999999995  703.6856776034138
5.52  684.8974136618026
5.64  665.8958423402253
5.76  646.6868553705101
5.88  627.2764095507638
6.0  607.6705249332767
6.12  587.8752829915101
6.24  567.8968247666496
6.359999999999999  547.7413489942263
6.4799999999999995  527.4151102112969
6.6  506.92441684470845
6.72  486.2756292809595
6.84  465.47515791819467
6.96  444.5294612008711
7.08  423.44504363764423
7.199999999999999  402.22845380303613
7.319999999999999  380.8862823234502
7.4399999999999995  359.4251598481101
7.56  337.8517550055083
7.68  316.17277234596145
7.8  294.3949502708706
7.92  272.52505894930357
8.04  250.56989822251643
8.16  228.53629549704422
8.28  206.43110362700077
8.4  184.26119878622475
8.52  162.03347833093775
8.64  139.75485865356094
8.76  117.43227302837231
8.879999999999999  95.07266944967051
9.0  72.68300846313154
9.12  50.27026099105271
9.24  27.841406152168933
9.36  5.403429076758284
9.48  0.0
9.6  0.0
9.719999999999999  0.0
9.84  0.0
9.959999999999999  0.0
10.08  0.0
10.2  0.0
10.32  0.0
10.44  0.0
10.559999999999999  0.0
10.68  0.0
10.799999999999999  0.0
10.92  0.0
11.04  0.0
11.16  0.0
11.28  0.0
11.4  0.0
11.52  0.0
11.639999999999999  0.0
11.76  0.0
11.879999999999999  0.0
12.0  0.0
12.12  0.0
12.24  0.0
12.36  0.0
12.48  0.0
12.6  0.0
12.719999999999999  0.0
12.84  0.0
12.959999999999999  0.0
13.08  0.0
13.2  0.0
13.32  0.0
13.44  0.0
13.559999999999999  0.0
13.68  0.0
13.799999999999999  0.0
13.92  0.0
14.04  0.0
14.16  0.0
14.28  0.0
14.399999999999999  0.0
14.52  0.0
14.639999999999999  0.0
14.76  0.0
14.879999999999999  0.0
15.0  0.0
15.12  0.0
15.24  0.0
15.36  0.0
15.479999999999999  0.0
15.6  0.0
15.719999999999999  0.0
15.84  0.0
15.959999999999999  0.0
16.08  0.0
16.2  0.0
16.32  0.0
16.439999999999998  0.0
16.56  0.0
16.68  0.0
16.8  0.0
16.919999999999998  0.0
17.04  0.0
17.16  0.0
17.28  0.0
17.4  0.0
17.52  0.0
17.64  0.0
17.759999999999998  0.0
17.88  0.0
18.0  0.0
18.12  0.0
18.24  0.0
18.36  0.0
18.48  0.0
18.599999999999998  0.0
18.72  0.0
18.84  0.0
18.96  0.0
19.08  0.0
19.2  0.0
19.32  0.0
19.439999999999998  0.0
19.56  0.0
19.68  0.0
19.8  0.0
19.919999999999998  0.0
20.04  0.0
20.16  0.0
20.279999999999998  0.0
20.4  0.0
20.52  0.0
20.64  0.0
20.759999999999998  0.0
20.88  0.0
21.0  0.0
21.119999999999997  0.0
21.24  0.0
21.36  0.0
21.48  0.0
21.599999999999998  0.0
21.72  0.0
21.84  0.0
21.96  0.0
22.08  0.0
22.2  0.0
22.32  0.0
22.439999999999998  0.0
22.56  0.0
22.68  0.0
22.8  0.0
22.919999999999998  0.0
23.04  0.0
23.16  0.0
23.279999999999998  0.0
23.4  0.0
23.52  0.0
23.64  0.0
23.759999999999998  0.0
23.88  0.0
24.0  0.0
24.119999999999997  0.0
24.24  0.0
24.36  0.0
24.48  0.0
24.599999999999998  0.0
24.72  0.0
24.84  0.0
24.96  0.0
25.08  0.0
25.2  0.0
25.32  0.0
25.439999999999998  0.0
25.56  0.0
25.68  0.0
25.8  0.0
25.919999999999998  0.0
26.04  0.0
26.16  0.0
26.279999999999998  0.0
26.4  0.0
26.52  0.0
26.64  0.0
26.759999999999998  0.0
26.88  0.0
27.0  0.0
27.119999999999997  0.0
27.24  0.0
27.36  0.0
27.48  0.0
27.599999999999998  0.0
27.72  0.0
27.84  0.0
27.959999999999997  0.0
28.08  0.0
28.2  0.0
28.32  0.0
28.439999999999998  0.0
28.56  0.0
28.68  0.0
28.799999999999997  0.0
28.919999999999998  0.0
29.04  0.0
29.16  0.0
29.279999999999998  0.0
29.4  0.0
29.52  0.0
29.64  0.0
29.759999999999998  0.0
29.88  0.0
30.0  0.0
30.119999999999997  0.0
30.24  0.0
30.36  0.0
30.48  0.0
30.599999999999998  0.0
30.72  0.0
30.84  14.595525950112226
30.959999999999997  37.017851090776276
31.08  59.42903511379661
31.2  81.82212001600867
31.32  104.19015259218291
31.439999999999998  126.52618656953365
31.56  148.82328474192892
31.68  171.0745211031677
31.799999999999997  193.27298297872466
31.919999999999998  215.41177315536004
32.04  237.48401200794876
32.16  259.4828396229408
32.28  281.4014179178019
32.4  303.232932755811
32.519999999999996  324.97059605561014
32.64  346.6076478948294
32.76  368.137358607179
32.879999999999995  389.55303087236894
33.0  410.8480017981985
33.12  432.0156449941784
33.24  453.0493726360507
33.36  473.94263752053115
33.48  494.6889351096549
33.6  515.2818055640486
33.72  535.7148357644791
33.839999999999996  555.9816613210519
33.96  576.0759685693605
34.08  595.9914965529609
34.199999999999996  615.7220389915146
34.32  635.2614462339288
34.44  654.6036271958478
34.56  673.74255128085
34.68  692.6722502846727
34.8  711.3868202818377
34.92  729.8804234940153
35.04  748.1472901394679
35.16  766.1817202629522
35.28  783.9780855454105
35.4  801.5308310928211
35.519999999999996  818.8344772035792
35.64  835.8836211137559
35.76  852.6729387196176
35.879999999999995  869.1971862767841
36.0  885.4512020753949
36.12  901.4299080906694
36.24  917.1283116082716
36.36  932.5415068238419
36.48  947.6646764161342
36.6  962.493093093144
36.72  977.0221211106548
36.839999999999996  991.2472177626336
36.96  1000.0
37.08  1000.0
37.199999999999996  1000.0
37.32  1000.0
37.44  1000.0
37.559999999999995  1000.0
37.68  1000.0
37.8  1000.0
37.92  1000.0
38.04  1000.0
38.16  1000.0
38.28  1000.0
38.4  1000.0
38.519999999999996  1000.0
38.64  1000.0
38.76  1000.0
38.879999999999995  1000.0
39.0  1000.0
39.12  1000.0
39.24  1000.0
39.36  1000.0
39.48  1000.0
39.6  1000.0
39.72  1000.0
39.839999999999996  1000.0
39.96  1000.0
40.08  1000.0
40.199999999999996  1000.0
40.32  1000.0
40.44  1000.0
40.559999999999995  1000.0
40.68  1000.0
40.8  1000.0
40.92  1000.0
41.04  1000.0
41.16  1000.0
41.28  1000.0
41.4  1000.0
41.519999999999996  1000.0
41.64  1000.0
41.76  1000.0
41.879999999999995  1000.0
42.0  1000.0
42.12  1000.0
42.239999999999995  1000.0
42.36  1000.0
42.48  1000.0
42.6  1000.0
42.72  1000.0
42.839999999999996  1000.0
42.96  1000.0
43.08  1000.0
43.199999999999996  1000.0
43.32  1000.0
43.44  1000.0
43.559999999999995  1000.0
43.68  1000.0
43.8  1000.0
43.92  1000.0
44.04  1000.0
44.16  1000.0
44.28  1000.0
44.4  1000.0
44.519999999999996  1000.0
44.64  1000.0
44.76  1000.0
44.879999999999995  1000.0
45.0  1000.0
45.12  1000.0
45.239999999999995  1000.0
45.36  1000.0
45.48  1000.0
45.6  1000.0
45.72  1000.0
45.839999999999996  1000.0
45.96  1000.0
46.08  988.2115753140286
46.199999999999996  973.9240782760638
46.32  959.3338056129119
46.44  944.4453165603732
46.559999999999995  929.2632626228556
46.68  913.7923860843414
46.8  898.0375184922914
46.92  882.00357911503
47.04  865.6955733732065
47.16  849.1185912458598
47.28  832.277805651702
47.4  815.1784708061774
47.519999999999996  797.8259205548769
47.64  780.2255666839098
47.76  762.382897207816
47.879999999999995  744.3034746356026
48.0  725.9929342155182
48.12  707.4569821591596
48.239999999999995  688.7013938454904
48.36  669.7320120054115
48.48  650.5547448874614
48.6  631.1755644052542
48.72  611.6005042672812
48.839999999999996  591.8356580896578
48.96  571.8871774924474
49.08  551.7612701801615
49.199999999999996  531.4641980070385
49.32  511.0022750277248
49.44  490.381865533967
49.559999999999995  469.60938207789604
49.68  448.69128348255293
49.8  427.6340728402393
49.92  406.44429549928975
50.04  385.1285370399023
50.16  363.6934212395961
50.28  342.1456080289247
50.4  320.491791438037
50.519999999999996  298.73869753467494
50.64  276.8930823542226
50.76  254.96172982240086
50.879999999999995  232.95144967117494
51.0  210.8690753485072
51.12  188.72146192251944
51.239999999999995  166.51548398064983
51.36  144.25803352440724
51.48  121.95601786029764
51.6  99.61635748749215
51.72  77.24598398284226
51.839999999999996  54.85183788379297
51.96  32.440866569778485
52.08  10.020022142684386
52.199999999999996  0.0
52.32  0.0
52.44  0.0
52.559999999999995  0.0
52.68  0.0
52.8  0.0
52.919999999999995  0.0
53.04  0.0
53.16  0.0
53.28  0.0
53.4  0.0
53.519999999999996  0.0
53.64  0.0
53.76  0.0
53.879999999999995  0.0
54.0  0.0
54.12  0.0
54.239999999999995  0.0
54.36  0.0
54.48  0.0
54.6  0.0
54.72  0.0
54.839999999999996  0.0
54.96  0.0
55.08  0.0
55.199999999999996  0.0
55.32  0.0
55.44  0.0
55.559999999999995  0.0
55.68  0.0
55.8  0.0
55.919999999999995  0.0
56.04  0.0
56.16  0.0
56.28  0.0
56.4  0.0
56.519999999999996  0.0
56.64  0.0
56.76  0.0
56.879999999999995  0.0
57.0  0.0
57.12  0.0
57.239999999999995  0.0
57.36  0.0
57.48  0.0
57.599999999999994  0.0
57.72  0.0
57.839999999999996  0.0
57.96  0.0
58.08  0.0
58.199999999999996  0.0
58.32  0.0
58.44  0.0
58.559999999999995  0.0
58.68  0.0
58.8  0.0
58.919999999999995  0.0
59.04  0.0
59.16  0.0
59.28  0.0
59.4  0.0
59.519999999999996  0.0
59.64  0.0
59.76  0.0
59.879999999999995  0.0
60.0  0.0
60.12  0.0
60.239999999999995  0.0
60.36  0.0
60.48  0.0
60.599999999999994  0.0
60.72  0.0
60.839999999999996  0.0
60.96  0.0
61.08  0.0
61.199999999999996  0.0
61.32  0.0
61.44  0.0
61.559999999999995  0.0
61.68  0.0
61.8  0.0
61.919999999999995  0.0
62.04  0.0
62.16  0.0
62.28  0.0
62.4  0.0
62.519999999999996  0.0
62.64  0.0
62.76  0.0
62.879999999999995  0.0
63.0  0.0
63.12  0.0
63.239999999999995  0.0
63.36  0.0
63.48  0.0
63.599999999999994  0.0
63.72  0.0
63.839999999999996  0.0
63.96  0.0
64.08  0.0
64.2  0.0
64.32  0.0
64.44  0.0
64.56  0.0
64.67999999999999  0.0
64.8  0.0
64.92  0.0
65.03999999999999  0.0
65.16  0.0
65.28  0.0
65.39999999999999  0.0
65.52  0.0
65.64  0.0
65.75999999999999  0.0
65.88  0.0
66.0  0.0
66.12  0.0
66.24  0.0
66.36  0.0
66.48  0.0
66.6  0.0
66.72  0.0
66.84  0.0
66.96  0.0
67.08  0.0
67.2  0.0
67.32  0.0
67.44  0.0
67.56  0.0
67.67999999999999  0.0
67.8  0.0
67.92  0.0
68.03999999999999  0.0
68.16  0.0
68.28  0.0
68.39999999999999  0.0
68.52  0.0
68.64  0.0
68.75999999999999  0.0
68.88  0.0
69.0  0.0
69.12  0.0
69.24  0.0
69.36  0.0
69.48  0.0
69.6  0.0
69.72  0.0
69.84  0.0
69.96  0.0
70.08  0.0
70.2  0.0
70.32  0.0
70.44  0.0
70.56  0.0
70.67999999999999  0.0
70.8  0.0
70.92  0.0
71.03999999999999  0.0
71.16  0.0
71.28  0.0
71.39999999999999  0.0
71.52  0.0
71.64  0.0
71.75999999999999  0.0
71.88  0.0
72.0  0.0
72.11999999999999  0.0
72.24  0.0
72.36  0.0
72.48  0.0
72.6  0.0
72.72  0.0
72.84  0.0
72.96  0.0
73.08  0.0
73.2  0.0
73.32  0.0
73.44  0.0
73.56  10.088748622248705
73.67999999999999  32.520570779117854
73.8  54.94178511514521
73.92  77.34541797358513
74.03999999999999  99.72450221225432
74.16  122.07207936515138
74.28  144.3812017991727
74.39999999999999  166.64493486524032
74.52  188.8563590432318
74.64  211.00857208002773
74.75999999999999  233.09469112006192
74.88  255.10785482778275
75.0  277.0412255013158
75.11999999999999  298.8879911768273
75.24  320.6413677228911
75.36  342.29460092431106
75.48  363.84096855478225
75.6  385.27378243782755
75.72  406.5863904954349
75.84  427.7721787837744
75.96  448.8245735155251
76.08  469.73704306817467
76.2  490.5030999777931
76.32  511.11630291771445
76.44  531.5702586616412
76.56  551.8586240305667
76.67999999999999  571.9751078230887
76.8  591.9134727285646
76.92  611.6675372225699
77.03999999999999  631.2311774442559
77.16  650.5983290550345
77.28  669.7629890781617
77.39999999999999  688.7192177187193
77.52  707.4611401635734
77.64  725.9829483607767
77.75999999999999  744.2789027780553
77.88  762.3433341398619
78.0  780.1706451426021
78.11999999999999  797.7553121475775
78.24  815.0918868512535
78.36  832.1749979324013
78.48  848.999352675716
78.6  865.5597385715299
78.72  881.8510248911839
78.84  897.8681642376959
78.96  913.6061940713216
79.08  929.0602382096605
79.2  944.2255083018762
79.32  959.0973052767276
79.44  973.671020764021
79.56  987.9421384890983
79.67999999999999  1000.0
79.8  1000.0
79.92  1000.0
80.03999999999999  1000.0
80.16  1000.0
80.28  1000.0
80.39999999999999  1000.0
80.52  1000.0
80.64  1000.0
80.75999999999999  1000.0
80.88  1000.0
81.0  1000.0
81.11999999999999  1000.0
81.24  1000.0
81.36  1000.0
81.48  1000.0
81.6  1000.0
81.72  1000.0
81.84  1000.0
81.96  1000.0
82.08  1000.0
82.2  1000.0
82.32  1000.0
82.44  1000.0
82.56  1000.0
82.67999999999999  1000.0
82.8  1000.0
82.92  1000.0
83.03999999999999  1000.0
83.16  1000.0
83.28  1000.0
83.39999999999999  1000.0
83.52  1000.0
83.64  1000.0
83.75999999999999  1000.0
83.88  1000.0
84.0  1000.0
84.11999999999999  1000.0
84.24  1000.0
84.36  1000.0
84.47999999999999  1000.0
84.6  1000.0
84.72  1000.0
84.84  1000.0
84.96  1000.0
85.08  1000.0
85.2  1000.0
85.32  1000.0
85.44  1000.0
85.56  1000.0
85.67999999999999  1000.0
85.8  1000.0
85.92  1000.0
86.03999999999999  1000.0
86.16  1000.0
86.28  1000.0
86.39999999999999  1000.0
86.52  1000.0
86.64  1000.0
86.75999999999999  1000.0
86.88  1000.0
87.0  1000.0
87.11999999999999  1000.0
87.24  1000.0
87.36  1000.0
87.47999999999999  1000.0
87.6  1000.0
87.72  1000.0
87.84  1000.0
87.96  1000.0
88.08  1000.0
88.2  1000.0
88.32  1000.0
88.44  1000.0
88.56  1000.0
88.67999999999999  1000.0
88.8  991.6896465290765
88.92  977.4858267645908
89.03999999999999  962.9774457805017
89.16  948.1690097385342
89.28  933.065119148344
89.39999999999999  917.670467450128
89.52  901.989839566132
89.64  886.0281104215507
89.75999999999999  869.7902434351715
89.88  853.2812889802915
90.0  836.5063828163311
90.11999999999999  819.470744491654
90.24  802.1796757180476
90.36  784.638558717442
90.47999999999999  766.8528545413179
90.6  748.8281013633697
90.72  730.5699127460077
90.84  712.0839758811848
90.96  693.3760498062018
91.08  674.4519635950046
91.2  655.3176145256523
91.32  635.9789662244917
91.44  616.4420467876911
91.56  596.7129468808055
91.67999999999999  576.7978178169376
91.8  556.702869614223
91.92  536.4343690332655
92.03999999999999  515.9986375952221
92.16  495.4020495811805
92.28  474.65103001360364
92.39999999999999  453.7520526204478
92.52  432.7116377827426
92.64  411.53635046632735
92.75999999999999  390.2327981384502
92.88  368.8076286700081
93.0  347.26752822413584
93.11999999999999  325.61921913192225
93.24  303.86945775595757
93.36  282.02503234256267
93.47999999999999  260.09276086335905
93.6  238.07948884703646
93.72  215.99208720204737
93.84  193.8374500310306
93.96  171.62249243772882
94.08  149.3541483271789
94.2  127.03936820002377
94.32  104.68511694163438
94.44  82.29837160692624
94.56  59.88611920160757
94.67999999999999  37.455354460687694
94.8  15.01307762498419
94.92  0.0
95.03999999999999  0.0
95.16  0.0
95.28  0.0
95.39999999999999  0.0
95.52  0.0
95.64  0.0
95.75999999999999  0.0
95.88  0.0
96.0  0.0
96.11999999999999  0.0
96.24  0.0
96.36  0.0
96.47999999999999  0.0
96.6  0.0
96.72  0.0
96.84  0.0
96.96  0.0
97.08  0.0
97.2  0.0
97.32  0.0
97.44  0.0
97.56  0.0
97.67999999999999  0.0
97.8  0.0
97.92  0.0
98.03999999999999  0.0
98.16  0.0
98.28  0.0
98.39999999999999  0.0
98.52  0.0
98.64  0.0
98.75999999999999  0.0
98.88  0.0
99.0  0.0
99.11999999999999  0.0
99.24  0.0
99.36  0.0
99.47999999999999  0.0
99.6  0.0
99.72  0.0
99.84  0.0
99.96  0.0
100.08  0.0
100.2  0.0
100.32  0.0
100.44  0.0
100.56  0.0
100.67999999999999  0.0
100.8  0.0
100.92  0.0
101.03999999999999  0.0
101.16  0.0
101.28  0.0
101.39999999999999  0.0
101.52  0.0
101.64  0.0
101.75999999999999  0.0
101.88  0.0
102.0  0.0
102.11999999999999  0.0
102.24  0.0
102.36  0.0
102.47999999999999  0.0
102.6  0.0
102.72  0.0
102.83999999999999  0.0
102.96  0.0
103.08  0.0
103.2  0.0
103.32  0.0
103.44  0.0
103.56  0.0
103.67999999999999  0.0
103.8  0.0
103.92  0.0
104.03999999999999  0.0
104.16  0.0
104.28  0.0
104.39999999999999  0.0
104.52  0.0
104.64  0.0
104.75999999999999  0.0
104.88  0.0
105.0  0.0
105.11999999999999  0.0
105.24  0.0
105.36  0.0
105.47999999999999  0.0
105.6  0.0
105.72  0.0
105.83999999999999  0.0
105.96  0.0
106.08  0.0
106.2  0.0
106.32  0.0
106.44  0.0
106.56  0.0
106.67999999999999  0.0
106.8  0.0
106.92  0.0
107.03999999999999  0.0
107.16  0.0
107.28  0.0
107.39999999999999  0.0
107.52  0.0
107.64  0.0
107.75999999999999  0.0
107.88  0.0
108.0  0.0
108.11999999999999  0.0
108.24  0.0
108.36  0.0
108.47999999999999  0.0
108.6  0.0
108.72  0.0
108.83999999999999  0.0
108.96  0.0
109.08  0.0
109.2  0.0
109.32  0.0
109.44  0.0
109.56  0.0
109.67999999999999  0.0
109.8  0.0
109.92  0.0
110.03999999999999  0.0
110.16  0.0
110.28  0.0
110.39999999999999  0.0
110.52  0.0
110.64  0.0
110.75999999999999  0.0
110.88  0.0
111.0  0.0
111.11999999999999  0.0
111.24  0.0
111.36  0.0
111.47999999999999  0.0
111.6  0.0
111.72  0.0
111.83999999999999  0.0
111.96  0.0
112.08  0.0
112.2  0.0
112.32  0.0
112.44  0.0
112.56  0.0
112.67999999999999  0.0
112.8  0.0
112.92  0.0
113.03999999999999  0.0
113.16  0.0
113.28  0.0
113.39999999999999  0.0
113.52  0.0
113.64  0.0
113.75999999999999  0.0
113.88  0.0
114.0  0.0
114.11999999999999  0.0
114.24  0.0
114.36  0.0
114.47999999999999  0.0
114.6  0.0
114.72  0.0
114.83999999999999  0.0
114.96  0.0
115.08  0.0
115.19999999999999  0.0
115.32  0.0
115.44  0.0
115.56  0.0
115.67999999999999  0.0
115.8  0.0
115.92  0.0
116.03999999999999  0.0
116.16  0.0
116.28  4.651718747758843
116.39999999999999  27.09394479193857
116.52  49.528082055298064
116.64  71.94713441795655
116.75999999999999  94.34410976137475
116.88  116.71202218086152
117.0  139.04389419759156
117.11999999999999  161.33275896931795
117.24  183.57166249896142
117.36  205.753665840414
117.47999999999999  227.8718473006401
117.6  249.91930463744202
117.72  271.8891572519713
117.83999999999999  293.77454837532
117.96  315.5686472483672
118.08  337.2646512940648
118.19999999999999  358.8557882814643
118.32  380.33531848066934
118.44  401.6965368079029
118.56  422.9327749599956
118.67999999999999  444.03740353748856
118.8  465.0038341555447
118.92  485.8255215420134
119.03999999999999  506.4959656217615
119.16  527.008713586655
119.28  547.357361950314
119.39999999999999  567.5355585870067
119.52  587.5370047539044
119.64  607.3554570959353
119.75999999999999  626.9847296325886
119.88  646.4186957259197
120.0  665.6512900290153
