0.0  35.10011589411804
1.68  27.983941348815126
3.36  34.33608736589631
5.04  38.163570244649286
6.72  29.82982446374507
8.4  30.316965371521334
10.08  38.398504065319656
11.76  33.727314352033105
13.44  0.0
15.12  2.33400999752015
16.8  4.060761022518762
18.48  0.0
20.16  0.0
21.84  5.349615030172919
23.52  0.0
25.2  0.0
26.88  3.5058078003943107
28.56  3.0138563780619316
30.24  0.0
31.919999999999998  0.0
33.6  5.268576840508402
35.28  0.0
36.96  0.0
38.64  4.438090918643682
40.32  1.761046874869048
42.0  0.0
43.68  1.008719785297123
45.36  4.8275926434689325
47.04  0.0
48.72  0.0
50.4  5.067166329215633
52.08  0.38792370622185435
53.76  0.0
55.44  2.3394768654408424
57.12  4.056790214703405
58.8  0.0
60.48  0.0
62.16  5.350055977651111
63.839999999999996  0.0
65.52  0.0
67.2  3.5104022903666614
68.88  3.0088303134848062
70.56  0.0
72.24  0.0
73.92  5.267433012968429
75.6  0.0
77.28  0.0
78.96  4.4414991378704745
80.64  1.755308931245197
82.32  0.0
84.0  1.0146842448260458
85.67999999999999  4.82494218652181
87.36  0.0
89.03999999999999  0.0
90.72  5.069155430205068
92.39999999999999  0.3818658964156314
94.08  0.0
95.75999999999999  2.3449407340909367
97.44  4.052814205976826
99.11999999999999  0.0
100.8  0.0
102.47999999999999  5.350490066217492
104.16  0.0
105.83999999999999  0.0
107.52  3.514992279911342
109.2  3.0038003915083955
110.88  0.0
112.56  0.0
114.24  5.266282432441464
115.92  0.0
117.6  0.0
119.28  4.44490166297915
120.96  1.7495687372693844
122.64  0.0
124.32  1.0206474035032802
126.0  4.822285543872454
127.67999999999999  0.0
129.35999999999999  0.0
131.04  5.071138032404537
132.72  0.3758075970471817
134.4  0.0
136.07999999999998  2.350401596465696
137.76  4.048833001436346
139.44  0.0
141.12  0.0
142.79999999999998  5.35091729531555
144.48  0.0
146.16  0.0
147.84  3.5195777631440253
149.51999999999998  2.9987666185813797
151.2  0.0
152.88  0.0
154.56  5.265125100402553
156.23999999999998  0.0
157.92  0.0
159.6  4.448298489607542
161.28  1.7438263003005812
162.96  0.0
164.64  1.026609253683677
166.32  4.819622718926801
168.0  0.0
