0.0  0.6209500548145143  100.0
0.12  0.6297820664316963
0.24  0.6377995986335436
0.36  0.6449890251665346
0.48  0.6513378900642272
0.6  0.6568349267438415
0.72  0.6614700753750902
0.84  0.6652344984953975
0.96  0.6681205948482221
1.08  0.670122011423786
1.2  0.6712336536841681
1.3199999999999998  0.6714516939573522
1.44  0.6707735779875272
1.56  0.6691980296316187
1.68  0.6667250536947569
1.7999999999999998  0.6633559369001112
1.92  0.6590932469912498
2.04  0.6539408299679286
2.16  0.6479038054589366
2.28  0.6409885602383679
2.4  0.6332027398944002
2.52  0.6245552386623755
2.6399999999999997  0.6150561874366617
2.76  0.6047169399784539
2.88  0.5935500573393047
3.0  0.581569290522802
3.12  0.568789561409386
3.2399999999999998  0.555226941971848
3.36  0.5408986318115596
3.48  0.5258229340479408
3.5999999999999996  0.5100192295960924
3.7199999999999998  0.49350794986988034
3.84  0.47631054795006955
3.96  0.45844946825935423
4.08  0.43994811478832474
4.2  0.4208308179185313
4.32  0.40112279989086785
4.4399999999999995  0.3808501389694831
4.56  0.3600397323533407
4.68  0.3387192578893867
4.8  0.3169171346430436
4.92  0.29466248238342163
5.04  0.2719850800422357
5.16  0.24891532320692128
5.279999999999999  0.22548418070985615
5.3999999999999995  0.20172315037692656
5.52  0.17766421399991067
5.64  0.15333979159828556
5.76  0.12878269503711448
5.88  0.10402608106861497
6.0  0.07910340386585243
6.12  0.05404836711775372
6.24  0.02889487575527843
6.359999999999999  0.0036769873791300187
6.4799999999999995  0.0
6.6  0.0
6.72  0.0
6.84  0.0
6.96  0.0
7.08  0.0
7.199999999999999  0.0
7.319999999999999  0.0
7.4399999999999995  0.0
7.56  0.0
7.68  0.0
7.8  0.0
7.92  0.0
8.04  0.0
8.16  0.0
8.28  0.0
8.4  0.0
8.52  0.0
8.64  0.0
8.76  0.0
8.879999999999999  0.0
9.0  0.0
9.12  0.0
9.24  0.0
9.36  0.0
9.48  0.0
9.6  0.0
9.719999999999999  0.0
9.84  0.0
9.959999999999999  0.0
10.08  0.0
10.2  0.0
10.32  0.0
10.44  0.0
10.559999999999999  0.0
10.68  0.0
10.799999999999999  0.0
10.92  0.0
11.04  0.0
11.16  0.0
11.28  0.0
11.4  0.0
11.52  0.0
11.639999999999999  0.0
11.76  0.0
11.879999999999999  0.0
12.0  0.0
12.12  0.0
12.24  0.0
12.36  0.0
12.48  0.0
12.6  0.0
12.719999999999999  0.0
12.84  0.0
12.959999999999999  0.0
13.08  0.0
13.2  0.0
13.32  0.0
13.44  0.0
13.559999999999999  0.0
13.68  0.0
13.799999999999999  0.0
13.92  0.0
14.04  0.0
14.16  0.0
14.28  0.0
14.399999999999999  0.0
14.52  0.0
14.639999999999999  0.0
14.76  0.0
14.879999999999999  0.0
15.0  0.0
15.12  0.0
15.24  0.0
15.36  0.0
15.479999999999999  0.0
15.6  0.0
15.719999999999999  0.0
15.84  0.0
15.959999999999999  0.0
16.08  0.0
16.2  0.0
16.32  0.0
16.439999999999998  0.0
16.56  0.0
16.68  0.0
16.8  0.0
16.919999999999998  0.0
17.04  0.0068629625410830675
17.16  0.029926916537580672
17.28  0.05281964753217626
17.4  0.07550884496160437
17.52  0.0979625504785536
17.64  0.12014920431145856
17.759999999999998  0.1420376910166083
17.88  0.16359738455562448
18.0  0.1847981926323619
18.12  0.20561060022439515
18.24  0.22600571224543017
18.36  0.2459552952762799
18.48  0.2654318183033997
18.599999999999998  0.2844084924054751
18.72  0.3028593093300792
18.84  0.3207590789040655
18.96  0.33808346522309407
19.08  0.354809021567472
19.2  0.3709132239933832
19.32  0.386374503550522
19.439999999999998  0.40117227707918496
19.56  0.41528697654196156
19.68  0.42870007684731315
19.8  0.44139412212458007
19.919999999999998  0.4533527504122088
20.04  0.4645607167233471
20.16  0.47500391445533285
20.279999999999998  0.4846693951120562
20.4  0.493545386310643
20.52  0.5016213080464417
20.64  0.5088877871928617
20.759999999999998  0.5153366702152046
20.88  0.5209610340802616
21.0  0.5257551953461028
21.119999999999997  0.5297147174191674
21.24  0.5328364159684562
21.36  0.5351183624893385
21.48  0.5365598860122143
21.599999999999998  0.5371615729539929
21.72  0.5369252651130911
21.84  0.5358540558113742
21.96  0.5339522841891976
22.08  0.5312255276624176
22.2  0.527680592552947
22.32  0.5233255029071103
22.439999999999998  0.5181694875187289
22.56  0.5122229651764922
22.68  0.5054975281577969
22.8  0.49800592399379934
22.919999999999998  0.48976203553297903
23.04  0.4807808593330048
23.16  0.47107848241315753
23.279999999999998  0.4606720574019688
23.4  0.44957977611709277
23.52  0.43782084161673956
23.64  0.425415438764233
23.759999999999998  0.41238470334944866
23.88  0.3987506898130047
24.0  0.38453633762113265
24.119999999999997  0.36976543634113346
24.24  0.3544625894692311
24.36  0.33865317706448306
24.48  0.322363317244133
24.599999999999998  0.30561982659748854
24.72  0.28845017957697694
24.84  0.27088246692654455
24.96  0.2529453532089665
25.08  0.23466803349496562
25.2  0.21608018927825667
25.32  0.19721194368179046
25.439999999999998  0.1780938160214679
25.56  0.15875667579458835
25.68  0.1392316961611
25.8  0.11955030698646446
25.919999999999998  0.09974414751562424
26.04  0.07984501874804278
26.16  0.059884835584278186
26.279999999999998  0.039895578814849356
26.4  0.019909247022375814
26.52  0.0
26.64  0.0
26.759999999999998  0.0
26.88  0.0
27.0  0.0
27.119999999999997  0.0
27.24  0.0
27.36  0.0
27.48  0.0
27.599999999999998  0.0
27.72  0.0
27.84  0.0
27.959999999999997  0.0
28.08  0.0
28.2  0.0
28.32  0.0
28.439999999999998  0.0
28.56  0.0
28.68  0.0
28.799999999999997  0.0
28.919999999999998  0.0
29.04  0.0
29.16  0.0
29.279999999999998  0.0
29.4  0.0
29.52  0.0
29.64  0.0
29.759999999999998  0.0
29.88  0.0
30.0  0.0
30.119999999999997  0.0
30.24  0.0
30.36  0.0
30.48  0.0
30.599999999999998  0.0
30.72  0.0
30.84  0.0
30.959999999999997  0.0
31.08  0.0
31.2  0.0
31.32  0.0
31.439999999999998  0.0
31.56  0.0
31.68  0.0
31.799999999999997  0.0
31.919999999999998  0.0
32.04  0.0
32.16  0.0
32.28  0.0
32.4  0.0
32.519999999999996  0.0
32.64  0.0
32.76  0.0
32.879999999999995  0.0
33.0  0.0
33.12  0.0
33.24  0.0
33.36  0.0
33.48  0.0
33.6  0.0
33.72  0.0
33.839999999999996  0.0
33.96  0.0
34.08  0.0
34.199999999999996  0.0
34.32  0.0
34.44  0.0
34.56  0.0
34.68  0.0
34.8  0.0
34.92  0.0
35.04  0.0
35.16  0.0
35.28  0.0
35.4  0.00785594816824367
35.519999999999996  0.028801840162432826
35.64  0.0498323631207014
35.76  0.07091530331248667
35.879999999999995  0.09201831688512108
36.0  0.11310897795091245
36.12  0.13415482681692403
36.24  0.1551234182864179
36.36  0.17598236996067113
36.48  0.19669941047004197
36.6  0.2172424275630831
36.72  0.23757951598283178
36.839999999999996  0.25767902505964657
36.96  0.2775096059503689
37.08  0.2970402584541207
37.199999999999996  0.3162403773356561
37.32  0.3350797980878841
37.44  0.3535288420660117
37.559999999999995  0.3715583609266777
37.68  0.38913978030643126
37.8  0.4062451426750469
37.92  0.4228471493003695
38.04  0.43891920126265305
38.16  0.4544354394577892
38.28  0.4693707835302571
38.4  0.4837009696782182
38.519999999999996  0.4974025872748261
38.64  0.5104531142515384
38.76  0.5228309511910438
38.879999999999995  0.5345154540793108
39.0  0.5454869656682079
39.12  0.5557268454021902
39.24  0.565217497864677
39.36  0.573942399701846
39.48  0.5818861249838916
39.6  0.5890343689659947
39.72  0.5953739702136658
39.839999999999996  0.6008929310594834
39.96  0.6055804363607072
40.08  0.6094268705297354
40.199999999999996  0.6124238328119104
40.32  0.6145641507877441
40.44  0.6158418920792401
40.559999999999995  0.6162523742426238
40.68  0.6157921728324511
40.8  0.6144591276247504
40.92  0.6122523469895534
41.04  0.6091722104058849
41.16  0.6052203691150054
41.28  0.6003997449104399
41.4  0.5947145270660524
41.519999999999996  0.5881701674061611
41.64  0.5807733735244208
41.76  0.572532100160913
41.879999999999995  0.5634555387495837
42.0  0.5535541051508643
42.12  0.5428394255869778
42.239999999999995  0.5313243208000444
42.36  0.5190227884557596
42.48  0.5059499838179464
42.6  0.49212219872184915
42.72  0.47755683887653594
42.839999999999996  0.4622723995292126
42.96  0.4462884395266844
43.08  0.42962555381153666
43.199999999999996  0.4123053443929058
43.32  0.3943503898339736
43.44  0.3757842133004793
43.559999999999995  0.3566312492166561
43.68  0.3369168085770715
43.8  0.3166670429648012
43.92  0.29590890732827346
44.04  0.27467012157097204
44.16  0.2529791310098839
44.28  0.2308650657602989
44.4  0.20835769910610769
44.519999999999996  0.18548740491624569
44.64  0.1622851141693564
44.76  0.1387822706500414
44.879999999999995  0.11501078588127807
45.0  0.09100299335873935
45.12  0.06679160215377684
45.239999999999995  0.04240964995269739
45.36  0.017890455600919827
45.48  0.0
45.6  0.0
45.72  0.0
45.839999999999996  0.0
45.96  0.0
46.08  0.0
46.199999999999996  0.0
46.32  0.0
46.44  0.0
46.559999999999995  0.0
46.68  0.0
46.8  0.0
46.92  0.0
47.04  0.0
47.16  0.0
47.28  0.0
47.4  0.0
47.519999999999996  0.0
47.64  0.0
47.76  0.0
47.879999999999995  0.0
48.0  0.0
48.12  0.0
48.239999999999995  0.0
48.36  0.0
48.48  0.0
48.6  0.0
48.72  0.0
48.839999999999996  0.0
48.96  0.0
49.08  0.0
49.199999999999996  0.0
49.32  0.0
49.44  0.0
49.559999999999995  0.0
49.68  0.0
49.8  0.0
49.92  0.0
50.04  0.0
50.16  0.0
50.28  0.0
50.4  0.0
50.519999999999996  0.0
50.64  0.0
50.76  0.0
50.879999999999995  0.0
51.0  0.0
51.12  0.0
51.239999999999995  0.0
51.36  0.0
51.48  0.0
51.6  0.0
51.72  0.0
51.839999999999996  0.0
51.96  0.0
52.08  0.0
52.199999999999996  0.0
52.32  0.0
52.44  0.0
52.559999999999995  0.0
52.68  0.0
52.8  0.0
52.919999999999995  0.0
53.04  0.0
53.16  0.0
53.28  0.0
53.4  0.0
53.519999999999996  0.0
53.64  0.0
53.76  0.0
53.879999999999995  0.0
54.0  0.0
54.12  0.0
54.239999999999995  0.0
54.36  0.0
54.48  0.0
54.6  0.0
54.72  0.0
54.839999999999996  0.0
54.96  0.0
55.08  0.0
55.199999999999996  0.0
55.32  0.0
55.44  0.0
55.559999999999995  0.0
55.68  0.0
55.8  0.0
55.919999999999995  0.0
56.04  0.0
56.16  0.0
56.28  0.02381877275805934
56.4  0.04801394466609585
56.519999999999996  0.07205036217381117
56.64  0.0958950240405306
56.76  0.11951524701219897
56.879999999999995  0.14287871283460574
57.0  0.16595351471557152
57.12  0.18870820316826364
57.239999999999995  0.21111183116877813
57.36  0.23313399856208114
57.48  0.25474489565151726
57.599999999999994  0.2759153459083494
57.72  0.29661684773903363
57.839999999999996  0.3168216152493315
57.96  0.3365026179458948
58.08  0.35563361931742044
58.199999999999996  0.37418921423926144
58.32  0.39214486514695834
58.44  0.40947693692609055
58.559999999999995  0.4261627304676841
58.68  0.44218051484037796
58.8  0.45750955803257876
58.919999999999995  0.4721301562199731
59.04  0.4860236615159004
59.16  0.49917250816431974
59.28  0.511560237137433
59.4  0.5231715191023215
59.519999999999996  0.5339921757233935
59.64  0.5440091992698501
59.76  0.5532107704999054
59.879999999999995  0.5615862747959988
60.0  0.569126316527819
60.12  0.5758227316225699
60.239999999999995  0.5816685983245345
60.36  0.5866582461286487
60.48  0.5907872628754934
60.599999999999994  0.5940524999978044
60.72  0.5964520759113128
60.839999999999996  0.5979853775454604
60.96  0.5986530600122646
61.08  0.5984570444143366
61.199999999999996  0.5974005137957951
61.32  0.5954879072425434
61.44  0.5927249121410866
61.559999999999995  0.5891184546077812
61.68  0.5846766881030895
61.8  0.579408980248068
61.919999999999995  0.5733258978629663
62.04  0.5664391902504288
62.16  0.5587617707483395
62.28  0.5503076965799222
62.4  0.5410921470311876
62.519999999999996  0.531131399988273
62.64  0.5204428068696253
62.76  0.5090447659903524
62.879999999999995  0.4969566943983285
63.0  0.48419899822390866
63.12  0.47079304158729435
63.239999999999995  0.4567611141096658
63.36  0.4421263970762785
63.48  0.426912928301699
63.599999999999994  0.4111455657492206
63.72  0.39484994995835254
63.839999999999996  0.3780524653360387
63.96  0.3607802003688553
64.08  0.3430609068151266
64.2  0.32492295793724496
64.32  0.306395305836057
64.44  0.28750743795031697
64.56  0.2682893327855753
64.67999999999999  0.24877141493788713
64.8  0.22898450947881172
64.92  0.2089597957691134
65.03999999999999  0.18872876076934536
65.16  0.16832315191629138
65.28  0.14777492963485822
65.39999999999999  0.1271162195555002
65.52  0.10637926450772556
65.64  0.0855963763605556
65.75999999999999  0.0647998877809798
65.88  0.04402210398160232
66.0  0.02329525452869584
66.12  0.0026514452817161804
66.24  0.0
66.36  0.0
66.48  0.0
66.6  0.0
66.72  0.0
66.84  0.0
66.96  0.0
67.08  0.0
67.2  0.0
67.32  0.0
67.44  0.0
67.56  0.0
67.67999999999999  0.0
67.8  0.0
67.92  0.0
68.03999999999999  0.0
68.16  0.0
68.28  0.0
68.39999999999999  0.0
68.52  0.0
68.64  0.0
68.75999999999999  0.0
68.88  0.0
69.0  0.0
69.12  0.0
69.24  0.0
69.36  0.0
69.48  0.0
69.6  0.0
69.72  0.0
69.84  0.0
69.96  0.0
70.08  0.0
70.2  0.0
70.32  0.0
70.44  0.0
70.56  0.0
70.67999999999999  0.0
70.8  0.0
70.92  0.0
71.03999999999999  0.0
71.16  0.0
71.28  0.0
71.39999999999999  0.0
71.52  0.0
71.64  0.0
71.75999999999999  0.0
71.88  0.0
72.0  0.0
72.11999999999999  0.0
72.24  0.0
72.36  0.0
72.48  0.0
72.6  0.0
72.72  0.0
72.84  0.0
72.96  0.0
73.08  0.0
73.2  0.0
73.32  0.0
73.44  0.0
73.56  0.0
73.67999999999999  0.0
73.8  0.0
73.92  0.0
74.03999999999999  0.0
74.16  0.0
74.28  0.0
74.39999999999999  0.0
74.52  0.0
74.64  0.0
74.75999999999999  0.0
74.88  0.0
75.0  0.011738083415199024
75.11999999999999  0.0318721824042167
75.24  0.052040070872412914
75.36  0.07220971205581028
75.48  0.09234903354107231
75.6  0.11242597540653698
75.72  0.1324085383584664
75.84  0.15226483179134545
75.96  0.17196312170122446
76.08  0.1914718783812652
76.2  0.21075982382896563
76.32  0.22979597879499775
76.44  0.24854970940407872
76.56  0.2669907732789052
76.67999999999999  0.28508936509896887
76.8  0.30281616152683366
76.92  0.3201423654353977
77.03999999999999  0.3370397493707152
77.16  0.35348069818603867
77.28  0.3694382507839539
77.39999999999999  0.3848861409048232
77.52  0.39979883690112067
77.64  0.414151580438714
77.75999999999999  0.4279204240677772
77.88  0.441082267607632
78.0  0.45361489329152777
78.11999999999999  0.46549699961930124
78.24  0.47670823386762085
78.36  0.48722922320955675
78.48  0.49704160439727724
78.6  0.5061280519637433
78.72  0.5144723049014547
78.84  0.5220591917785368
78.96  0.5288746542547812
79.08  0.5349057689625712
79.2  0.5401407677200116
79.32  0.544569056046087
79.44  0.548181229950118
79.56  0.5509690909703322
79.67999999999999  0.5529256594389561
79.8  0.5540451859538186
79.92  0.5543231610391046
80.03999999999999  0.5537563229805551
80.16  0.5523426638230916
80.28  0.5500814335215498
80.39999999999999  0.5469731422379125
80.52  0.5430195607811653
80.64  0.538223719188626
80.75999999999999  0.5325899034503309
80.88  0.5261236503807878
81.0  0.5188317406451444
81.11999999999999  0.5107221899495141
81.24  0.5018042384079122
81.36  0.49208833810095187
81.48  0.48158613884407236
81.6  0.4703104721857476
81.72  0.45827533365869194
81.84  0.4454958633096867
81.96  0.43198832453614366
82.08  0.41777008126004095
82.2  0.4028595734723246
82.32  0.38727629118322254
82.44  0.37104074681630916
82.56  0.3541744460864431
82.67999999999999  0.33669985740390457
82.8  0.31864037984925586
82.92  0.30002030976556915
83.03999999999999  0.2808648060166503
83.16  0.2611998539618991
83.28  0.24105222820034322
83.39999999999999  0.22044945413814693
83.52  0.19941976843566925
83.64  0.17799207839184483
83.75999999999999  0.1561959203250874
83.88  0.13406141701155205
84.0  0.11161923424293094
84.11999999999999  0.08890053656719796
84.24  0.06593694227698121
84.36  0.042760477711427436
84.47999999999999  0.019403530938255156
84.6  0.0
84.72  0.0
84.84  0.0
84.96  0.0
85.08  0.0
85.2  0.0
85.32  0.0
85.44  0.0
85.56  0.0
85.67999999999999  0.0
85.8  0.0
85.92  0.0
86.03999999999999  0.0
86.16  0.0
86.28  0.0
86.39999999999999  0.0
86.52  0.0
86.64  0.0
86.75999999999999  0.0
86.88  0.0
87.0  0.0
87.11999999999999  0.0
87.24  0.0
87.36  0.0
87.47999999999999  0.0
87.6  0.0
87.72  0.0
87.84  0.0
87.96  0.0
88.08  0.0
88.2  0.0
88.32  0.0
88.44  0.0
88.56  0.0
88.67999999999999  0.0
88.8  0.0
88.92  0.0
89.03999999999999  0.0
89.16  0.0
89.28  0.0
89.39999999999999  0.0
89.52  0.0
89.64  0.0
89.75999999999999  0.0
89.88  0.0
90.0  0.0
90.11999999999999  0.0
90.24  0.0
90.36  0.0
90.47999999999999  0.0
90.6  0.0
90.72  0.0
90.84  0.0
90.96  0.0
91.08  0.0
91.2  0.0
91.32  0.0
91.44  0.0
91.56  0.0
91.67999999999999  0.0
91.8  0.0
91.92  0.0
92.03999999999999  0.0
92.16  0.0
92.28  0.0
92.39999999999999  0.0
92.52  0.0
92.64  0.0
92.75999999999999  0.0
92.88  0.0
93.0  0.0
93.11999999999999  0.0
93.24  0.0
93.36  0.0
93.47999999999999  0.0
93.6  0.0
93.72  0.0
93.84  0.0
93.96  0.0
94.08  0.0
94.2  0.0
94.32  0.0
94.44  0.0
94.56  0.0
94.67999999999999  0.0
94.8  0.0
94.92  0.0
95.03999999999999  0.0
95.16  0.0
95.28  0.00724041474543323
95.39999999999999  0.032328933289299755
95.52  0.05733212467888598
95.64  0.0822160848041394
95.75999999999999  0.10694709948864949
95.88  0.1314916928073717
96.0  0.15581667504865207
96.11999999999999  0.17988919025065334
96.24  0.20367676324288694
96.36  0.22714734612418572
96.47999999999999  0.2502693641094838
96.6  0.2730117606785216
96.72  0.2953440419606777
96.84  0.3172363202912997
96.96  0.338659356876048
97.08  0.3595846035011368
97.2  0.37998424322870156
97.32  0.3998312300180845
97.44  0.4190993272153485
97.56  0.43776314485499324
97.67999999999999  0.45579817571965003
97.8  0.4731808301052841
97.92  0.4898884692413686
98.03999999999999  0.5058994373174748
98.16  0.5211930920697593
98.28  0.5357498338829161
98.39999999999999  0.5495511333654024
98.52  0.5625795573579303
98.64  0.5748187933375238
98.75999999999999  0.5862536721818358
98.88  0.5968701892607793
99.0  0.6066555238249866
99.11999999999999  0.6155980566631456
99.24  0.6236873860027616
99.36  0.6309143416314743
99.47999999999999  0.6372709972186988
99.6  0.6427506808199704
99.72  0.6473479835490352
99.84  0.6510587664054484
99.96  0.653880165248104
100.08  0.6558105939078758
100.2  0.656849745435246
100.32  0.6569985914815578
100.44  0.656259379815251
100.56  0.6546356299771702
100.67999999999999  0.6521321270817713
100.8  0.6487549137737713
100.92  0.6445112803524773
101.03999999999999  0.6394097530787198
101.16  0.6334600806819933
101.28  0.6266732190880242
101.39999999999999  0.6190613143895902
101.52  0.6106376840860219
101.64  0.6014167966193161
101.75999999999999  0.5914142492372885
101.88  0.5806467442166756
102.0  0.5691320634814728
102.11999999999999  0.5568890416541121
102.24  0.543937537579462
102.36  0.5302984043637918
102.47999999999999  0.5159934579730183
102.6  0.5010454444367287
102.72  0.48547800570644295
102.83999999999999  0.46931564421854594
102.96  0.452583686214288
103.08  0.4353082438709963
103.2  0.4175161763003624
103.32  0.3992350494714507
103.44  0.3804930951174498
103.56  0.3613191686868637
103.67999999999999  0.34174270640111826
103.8  0.3217936814818485
103.92  0.30150255961245903
104.03999999999999  0.2809002536995552
104.16  0.2600180780008362
104.28  0.23888770168717277
104.39999999999999  0.21754110190709422
104.52  0.19601051642287085
104.64  0.1743283958879988
104.75999999999999  0.1525273558361908
104.88  0.13064012845260595
105.0  0.10869951419837087
105.11999999999999  0.08673833335939085
105.24  0.06478937759089035
105.36  0.04288536152888903
105.47999999999999  0.02105887453974653
105.6  0.0
105.72  0.0
105.83999999999999  0.0
105.96  0.0
106.08  0.0
106.2  0.0
106.32  0.0
106.44  0.0
106.56  0.0
106.67999999999999  0.0
106.8  0.0
106.92  0.0
107.03999999999999  0.0
107.16  0.0
107.28  0.0
107.39999999999999  0.0
107.52  0.0
107.64  0.0
107.75999999999999  0.0
107.88  0.0
108.0  0.0
108.11999999999999  0.0
108.24  0.0
108.36  0.0
108.47999999999999  0.0
108.6  0.0
108.72  0.0
108.83999999999999  0.0
108.96  0.0
109.08  0.0
109.2  0.0
109.32  0.0
109.44  0.0
109.56  0.0
109.67999999999999  0.0
109.8  0.0
109.92  0.0
110.03999999999999  0.0
110.16  0.0
110.28  0.0
110.39999999999999  0.0
110.52  0.0
110.64  0.0
110.75999999999999  0.0
110.88  0.0
111.0  0.0
111.11999999999999  0.0
111.24  0.0
111.36  0.0
111.47999999999999  0.0
111.6  0.0
111.72  0.0
111.83999999999999  0.0
111.96  0.0
112.08  0.0
112.2  0.0
112.32  0.0
112.44  0.0
112.56  0.0
112.67999999999999  0.0
112.8  0.0
112.92  0.0
113.03999999999999  0.0
113.16  0.0
113.28  0.0
113.39999999999999  0.0
113.52  0.0
113.64  0.0
113.75999999999999  0.0
113.88  0.0
114.0  0.0
114.11999999999999  0.0
114.24  0.0
114.36  0.0
114.47999999999999  0.0
114.6  0.0
114.72  0.01604519720977128
114.83999999999999  0.03577762877705608
114.96  0.05546880544352864
115.08  0.07508689750232599
115.19999999999999  0.09460017904016006
115.32  0.11397707576553869
115.44  0.13318621261528418
115.56  0.1521964610689333
115.67999999999999  0.17097698610091824
115.8  0.18949729270117888
115.92  0.20772727189519194
116.03999999999999  0.22563724619546938
116.16  0.24319801441717787
116.28  0.2603808957914758
116.39999999999999  0.2771577733113908
116.52  0.2935011362459884
116.64  0.3093841217598162
116.75999999999999  0.32478055557612856
116.88  0.33966499162352004
117.0  0.35401275060729503
117.11999999999999  0.36779995744842947
117.24  0.38100357753458014
117.36  0.3936014517294341
117.47999999999999  0.40557233008849325
117.6  0.41689590423124223
117.72  0.4275528383216773
117.83999999999999  0.4375247986112416
117.96  0.4467944815002318
118.08  0.455345640076023
118.19999999999999  0.4631631090886642
118.32  0.47023282832665664
118.44  0.47654186435814483
118.56  0.4820784306051291
118.67999999999999  0.48683190572073043
118.8  0.4907928502421064
118.92  0.49395302149408127
119.03999999999999  0.4963053867211743
119.16  0.4978441344283115
119.28  0.4985646839131258
119.39999999999999  0.49846369297542337
119.52  0.49753906379209323
119.64  0.4957899469484002
119.75999999999999  0.493216743619359
119.88  0.4898211058975758
120.0  0.4856059352666976
