0.0  0.7033372819751265  100.0
0.12  0.7098118148989
0.24  0.7154380125660929
0.36  0.7202032603550322
0.48  0.724096127825562
0.6  0.727106387381786
0.72  0.7292250312013656
0.84  0.7304442864056959
0.96  0.7307576284478658
1.08  0.7301597926978962
1.2  0.7286467842074029
1.3199999999999998  0.7262158856384751
1.44  0.722865663344258
1.56  0.7185959715914214
1.68  0.7134079549174189
1.7999999999999998  0.7073040486181684
1.92  0.7002879773645195
2.04  0.6923647519486142
2.16  0.6835406641639786
2.28  0.6738232798259212
2.4  0.6632214299415282
2.52  0.6517452000412651
2.6399999999999997  0.6394059176868709
2.76  0.6262161381729211
2.88  0.6121896284420598
3.0  0.5973413492365371
3.12  0.5816874355112569
3.2399999999999998  0.5652451751360964
3.36  0.5480329859177607
3.48  0.5300703909739009
3.5999999999999996  0.5113779924946372
3.7199999999999998  0.49197744392899484
3.84  0.4718914206360666
3.96  0.45114358904297003
4.08  0.42975857435385667
4.2  0.4077619268563526
4.32  0.3851800868738725
4.4399999999999995  0.362040348414232
4.56  0.338370821566899
4.68  0.3142003937030591
4.8  0.28955868953443137
4.92  0.26447603008844267
5.04  0.2389833906589628
5.16  0.21311235779331095
5.279999999999999  0.18689508537765295
5.3999999999999995  0.16036424988424114
5.52  0.13355300484518262
5.64  0.10649493461855229
5.76  0.07922400751371782
5.88  0.05177452834368422
6.0  0.024181090473111372
6.12  0.0
6.24  0.0
6.359999999999999  0.0
6.4799999999999995  0.0
6.6  0.0
6.72  0.0
6.84  0.0
6.96  0.0
7.08  0.0
7.199999999999999  0.0
7.319999999999999  0.0
7.4399999999999995  0.0
7.56  0.0
7.68  0.0
7.8  0.0
7.92  0.0
8.04  0.0
8.16  0.0
8.28  0.0
8.4  0.0
8.52  0.0
8.64  0.0
8.76  0.0
8.879999999999999  0.0
9.0  0.0
9.12  0.0
9.24  0.0
9.36  0.0
9.48  0.0
9.6  0.0
9.719999999999999  0.0
9.84  0.0
9.959999999999999  0.0
10.08  0.0
10.2  0.0
10.32  0.0
10.44  0.0
10.559999999999999  0.0
10.68  0.0
10.799999999999999  0.0
10.92  0.0
11.04  0.0
11.16  0.0
11.28  0.0
11.4  0.0
11.52  0.0
11.639999999999999  0.0
11.76  0.0
11.879999999999999  0.0
12.0  0.0
12.12  0.0
12.24  0.0
12.36  0.0
12.48  0.0
12.6  0.0
12.719999999999999  0.0
12.84  0.0
12.959999999999999  0.0
13.08  0.0
13.2  0.0
13.32  0.0
13.44  0.0
13.559999999999999  0.0
13.68  0.0
13.799999999999999  0.0
13.92  0.0
14.04  0.0
14.16  0.0
14.28  0.0
14.399999999999999  0.0
14.52  0.0
14.639999999999999  0.0
14.76  0.0
14.879999999999999  0.0
15.0  0.0
15.12  0.0
15.24  0.0
15.36  0.0
15.479999999999999  0.0
15.6  0.0
15.719999999999999  0.0
15.84  0.0
15.959999999999999  0.0
16.08  0.0
16.2  0.0
16.32  0.0
16.439999999999998  0.0
16.56  0.0
16.68  0.0
16.8  0.0
16.919999999999998  0.0
17.04  0.0
17.16  0.0
17.28  0.0
17.4  0.0
17.52  0.0006443494484286716
17.64  0.024935063727306
17.759999999999998  0.04896789033562621
17.88  0.07271129609194579
18.0  0.09613426490096266
18.12  0.11920634167580763
18.24  0.14189767539814152
18.36  0.16417906125352913
18.48  0.18602198178091384
18.599999999999998  0.20739864697651347
18.72  0.22828203329397595
18.84  0.24864592148428283
18.96  0.2684649332206166
19.08  0.2877145664551879
19.2  0.30637122945691253
19.32  0.3244122734807623
19.439999999999998  0.34181602402165395
19.56  0.3585618106078236
19.68  0.37462999509077977
19.8  0.39000199839117927
19.919999999999998  0.4046603256622175
20.04  0.41858858983448
20.16  0.43177153350857833
20.279999999999998  0.4441950491643467
20.4  0.45584619765783946
20.52  0.4667132249799054
20.64  0.4767855772526777
20.759999999999998  0.4860539139429113
20.88  0.494510119273729
21.0  0.5021473118189896
21.119999999999997  0.5089598522671741
21.24  0.5149433493443776
21.36  0.5200946638887012
21.48  0.5244119110710722
21.599999999999998  0.5278944607602346
21.72  0.5305429360323961
21.84  0.532359209828739
21.96  0.533346399766732
22.08  0.5335088611138952
22.2  0.5328521779353735
22.32  0.5313831524293576
22.439999999999998  0.5291097924670591
22.56  0.5260412973565827
22.68  0.5221880418526543
22.8  0.5175615584367366
22.919999999999998  0.5121745178946064
23.04  0.5060407082209741
23.16  0.4991750118831766
23.279999999999998  0.4915933814783907
23.4  0.4833128138211681
23.52  0.4743513225004021
23.64  0.4647279089470806
23.759999999999998  0.45446253205636356
23.88  0.4435760764096485
24.0  0.43209031914433893
24.119999999999997  0.42002789552101344
24.24  0.4074122632395975
24.36  0.3942676655579926
24.48  0.380619093268342
24.599999999999998  0.36649224558781335
24.72  0.3519134900223476
24.84  0.33690982126334235
24.96  0.32150881917863605
25.08  0.3057386059604975
25.2  0.2896278024945409
25.32  0.2732054840146505
25.439999999999998  0.2565011351099943
25.56  0.23954460415120427
25.68  0.2223660572036045
25.8  0.20499593149611803
25.919999999999998  0.1874648885151596
26.04  0.169803766793308
26.16  0.1520435344630421
26.279999999999998  0.13421524164612814
26.4  0.11634997274947095
26.52  0.0984787987384162
26.64  0.08063272945843153
26.759999999999998  0.06284266607609751
26.88  0.04513935371008124
27.0  0.027553334322522743
27.119999999999997  0.010114899940841887
27.24  0.0
27.36  0.0
27.48  0.0
27.599999999999998  0.0
27.72  0.0
27.84  0.0
27.959999999999997  0.0
28.08  0.0
28.2  0.0
28.32  0.0
28.439999999999998  0.0
28.56  0.0
28.68  0.0
28.799999999999997  0.0
28.919999999999998  0.0
29.04  0.0
29.16  0.0
29.279999999999998  0.0
29.4  0.0
29.52  0.0
29.64  0.0
29.759999999999998  0.0
29.88  0.0
30.0  0.0
30.119999999999997  0.0
30.24  0.0
30.36  0.0
30.48  0.0
30.599999999999998  0.0
30.72  0.0
30.84  0.0
30.959999999999997  0.0
31.08  0.0
31.2  0.0
31.32  0.0
31.439999999999998  0.0
31.56  0.0
31.68  0.0
31.799999999999997  0.0
31.919999999999998  0.0
32.04  0.0
32.16  0.0
32.28  0.0
32.4  0.0
32.519999999999996  0.0
32.64  0.0
32.76  0.0
32.879999999999995  0.0
33.0  0.0
33.12  0.0
33.24  0.0
33.36  0.0
33.48  0.0
33.6  0.0
33.72  0.0
33.839999999999996  0.0
33.96  0.0
34.08  0.0
34.199999999999996  0.0
34.32  0.0
34.44  0.0
34.56  0.0
34.68  0.0012633029477795432
34.8  0.019370227476928542
34.92  0.03770150745288017
35.04  0.05622742883018478
35.16  0.07491788592633608
35.28  0.09374242686352782
35.4  0.11267029956309438
35.519999999999996  0.13167049822455476
35.64  0.15071181022042274
35.76  0.16976286333734472
35.879999999999995  0.18879217329359443
36.0  0.2077681914625203
36.12  0.22665935273120852
36.24  0.2454341234234822
36.36  0.26406104921610757
36.48  0.28250880297724645
36.6  0.30074623245611787
36.72  0.3187424077531704
36.839999999999996  0.33646666850030116
36.96  0.3538886706810801
37.08  0.37097843302146605
37.199999999999996  0.38770638288210957
37.32  0.40404340158404606
37.44  0.4199608691004114
37.559999999999995  0.4354307080477364
37.68  0.4504254269113663
37.8  0.4649181624406868
37.92  0.4788827211510435
38.04  0.49229361987051745
38.16  0.5051261252711451
38.28  0.5173562923256199
38.4  0.5289610016320976
38.519999999999996  0.5399179955513772
38.64  0.5502059131024527
38.76  0.5598043235642536
38.879999999999995  0.5686937587332855
39.0  0.5768557437888368
39.12  0.5842728267194491
39.24  0.5909286062664929
39.36  0.5968077583427835
39.48  0.6018960608865019
39.6  0.6061804171128781
39.72  0.6096488771285191
39.839999999999996  0.6122906578756158
39.96  0.614096161375726
40.08  0.6150569912453234
40.199999999999996  0.6151659674578284
40.32  0.614417139329417
40.44  0.6128057967084992
40.559999999999995  0.6103284793513964
40.68  0.6069829844694107
40.8  0.6027683724351562
40.92  0.5976849706387276
41.04  0.591734375486995
41.16  0.5849194525420367
41.28  0.5772443347974596
41.4  0.5687144190940892
41.519999999999996  0.5593363606792321
41.64  0.5491180659164634
41.76  0.5380686831555881
41.879999999999995  0.526198591775132
42.0  0.5135193894124154
42.12  0.500043877398919
42.239999999999995  0.4857860444212697
42.36  0.47076104843083133
42.48  0.4549851968274097
42.6  0.4384759249451435
42.72  0.42125177287116283
42.839999999999996  0.4033323606300134
42.96  0.3847383617692918
43.08  0.36549147538426385
43.199999999999996  0.3456143966215317
43.32  0.32513078570408804
43.44  0.304065235522242
43.559999999999995  0.2824432378370181
43.68  0.26029114814469984
43.8  0.2376361492531382
43.92  0.2145062136223443
44.04  0.19093006452374484
44.16  0.16693713607416338
44.28  0.14255753220231782
44.4  0.11782198460715598
44.519999999999996  0.09276180976885012
44.64  0.06740886507469804
44.76  0.041795504123464416
44.879999999999995  0.015954531272909744
45.0  0.0
45.12  0.0
45.239999999999995  0.0
45.36  0.0
45.48  0.0
45.6  0.0
45.72  0.0
45.839999999999996  0.0
45.96  0.0
46.08  0.0
46.199999999999996  0.0
46.32  0.0
46.44  0.0
46.559999999999995  0.0
46.68  0.0
46.8  0.0
46.92  0.0
47.04  0.0
47.16  0.0
47.28  0.0
47.4  0.0
47.519999999999996  0.0
47.64  0.0
47.76  0.0
47.879999999999995  0.0
48.0  0.0
48.12  0.0
48.239999999999995  0.0
48.36  0.0
48.48  0.0
48.6  0.0
48.72  0.0
48.839999999999996  0.0
48.96  0.0
49.08  0.0
49.199999999999996  0.0
49.32  0.0
49.44  0.0
49.559999999999995  0.0
49.68  0.0
49.8  0.0
49.92  0.0
50.04  0.0
50.16  0.0
50.28  0.0
50.4  0.0
50.519999999999996  0.0
50.64  0.0
50.76  0.0
50.879999999999995  0.0
51.0  0.0
51.12  0.0
51.239999999999995  0.0
51.36  0.0
51.48  0.0
51.6  0.0
51.72  0.0
51.839999999999996  0.0
51.96  0.0
52.08  0.0
52.199999999999996  0.0
52.32  0.0
52.44  0.0
52.559999999999995  0.0
52.68  0.0
52.8  0.0
52.919999999999995  0.0
53.04  0.0
53.16  0.0
53.28  0.0
53.4  0.0
53.519999999999996  0.0
53.64  0.0
53.76  0.0
53.879999999999995  0.0
54.0  0.0
54.12  0.0
54.239999999999995  0.0
54.36  0.0
54.48  0.0
54.6  0.0
54.72  0.0
54.839999999999996  0.0
54.96  0.0
55.08  0.0
55.199999999999996  0.0
55.32  0.0
55.44  0.0
55.559999999999995  0.0
55.68  0.0
55.8  0.0
55.919999999999995  0.0
56.04  0.0
56.16  0.0
56.28  0.0
56.4  0.0
56.519999999999996  0.022062570427619804
56.64  0.04861780963765494
56.76  0.07496861013877
56.879999999999995  0.10108149853131022
57.0  0.12692340490543297
57.12  0.15246170917646826
57.239999999999995  0.177664286737713
57.36  0.20249955336453707
57.48  0.22693650930480025
57.599999999999994  0.25094478249183605
57.72  0.2744946708174863
57.839999999999996  0.2975571834040804
57.96  0.32010408081577735
58.08  0.3421079141511517
58.199999999999996  0.36354206296069613
58.32  0.3843807719344843
58.44  0.40459918630717695
58.559999999999995  0.42417338592939374
58.68  0.44308041795642755
58.8  0.4612983281073193
58.919999999999995  0.4788061904494395
59.04  0.49558413566586307
59.16  0.51161337776505
59.28  0.5268762391946793
59.4  0.541356174323769
59.519999999999996  0.5550377912596698
59.64  0.5679068719689127
59.76  0.5799503906734379
59.879999999999995  0.5911565304962205
60.0  0.6015146983328995
60.12  0.6110155379286228
60.239999999999995  0.6196509411419548
60.36  0.6274140573803377
60.48  0.6342993011943092
60.599999999999994  0.6403023580203626
60.72  0.6454201880650502
60.839999999999996  0.6496510283256687
60.96  0.6529943927455923
61.08  0.6554510705050507
61.199999999999996  0.657023122450894
61.32  0.657713875671603
61.44  0.6575279162265275
61.559999999999995  0.6564710800410422
61.68  0.6545504419819954
61.8  0.6517743031304882
61.919999999999995  0.6481521762716611
62.04  0.6436947696237967
62.16  0.6384139688315853
62.28  0.6323228172509808
62.4  0.6254354945555556
62.519999999999996  0.6177672936967167
62.64  0.609334596252556
62.76  0.6001548462024842
62.879999999999995  0.5902465221670579
63.0  0.5796291081546886
63.12  0.5683230628591018
63.239999999999995  0.5563497875535028
63.36  0.5437315926294803
63.48  0.5304916628306648
63.599999999999994  0.5166540212330294
63.72  0.5022434920255692
63.839999999999996  0.48728566214687014
63.96  0.47180684183466826
64.08  0.4558340241471953
64.2  0.4393948435164617
64.32  0.4225175333951959
64.44  0.4052308830603174
64.56  0.387564193637174
64.67999999999999  0.36954723340981116
64.8  0.3512101924836178
64.92  0.3325836368676435
65.03999999999999  0.31369846204465485
65.16  0.2945858460977976
65.28  0.2752772024633471
65.39999999999999  0.25580413237953215
65.52  0.23619837710188146
65.64  0.21649176995586722
65.75999999999999  0.1967161882978051
65.88  0.176903505455115
66.0  0.15708554271708014
66.12  0.13729402144707928
66.24  0.1175605153871461
66.36  0.09791640322535236
66.48  0.07839282149615331
66.6  0.059020617883272036
66.72  0.03983030499411441
66.84  0.020852014674056618
66.96  0.002115452927968886
67.08  0.0
67.2  0.0
67.32  0.0
67.44  0.0
67.56  0.0
67.67999999999999  0.0
67.8  0.0
67.92  0.0
68.03999999999999  0.0
68.16  0.0
68.28  0.0
68.39999999999999  0.0
68.52  0.0
68.64  0.0
68.75999999999999  0.0
68.88  0.0
69.0  0.0
69.12  0.0
69.24  0.0
69.36  0.0
69.48  0.0
69.6  0.0
69.72  0.0
69.84  0.0
69.96  0.0
70.08  0.0
70.2  0.0
70.32  0.0
70.44  0.0
70.56  0.0
70.67999999999999  0.0
70.8  0.0
70.92  0.0
71.03999999999999  0.0
71.16  0.0
71.28  0.0
71.39999999999999  0.0
71.52  0.0
71.64  0.0
71.75999999999999  0.0
71.88  0.0
72.0  0.0
72.11999999999999  0.0
72.24  0.0
72.36  0.0
72.48  0.0
72.6  0.0
72.72  0.0
72.84  0.0
72.96  0.0
73.08  0.0
73.2  0.0
73.32  0.0
73.44  0.0
73.56  0.0
73.67999999999999  0.0
73.8  0.0
73.92  0.0
74.03999999999999  0.0
74.16  0.0
74.28  0.0
74.39999999999999  0.0
74.52  0.0
74.64  0.006508922171083037
74.75999999999999  0.023677446990236495
74.88  0.04095318866861852
75.0  0.05830564533428373
75.11999999999999  0.07570414454481081
75.24  0.09311789053033225
75.36  0.11051601164125016
75.48  0.12786760793003402
75.6  0.14514179879625616
75.72  0.1623077706239376
75.84  0.17933482434025974
75.96  0.19619242282483884
76.08  0.21285023809894016
76.2  0.22927819822432585
76.32  0.24544653384187592
76.44  0.26132582428062767
76.56  0.2768870431684748
76.67999999999999  0.29210160347656455
76.8  0.3069414019301852
76.92  0.3213788627198949
77.03999999999999  0.33538698044767495
77.16  0.34893936224399164
77.28  0.3620102689928608
77.39999999999999  0.37457465560334074
77.52  0.38660821026726455
77.64  0.3980873926444801
77.75999999999999  0.40898947091850246
77.88  0.4192925576670903
78.0  0.4289756444939831
78.11999999999999  0.43801863536994634
78.24  0.4464023786330509
78.36  0.4541086976001486
78.48  0.46112041974354817
78.6  0.46742140438898905
78.72  0.47299656889316893
78.84  0.4778319132613381
78.96  0.48191454316777255
79.08  0.4852326913442728
79.2  0.4877757373042193
79.32  0.48953422537220687
79.44  0.4904998809917409
79.56  0.4906656252860103
79.67999999999999  0.4900255878493521
79.8  0.48857511774958784
79.92  0.4863107927240836
80.03999999999999  0.4832304265550134
80.16  0.4793330746120025
80.28  0.4746190375530354
80.39999999999999  0.46908986317719553
80.52  0.4627483464255597
80.64  0.455598527529277
80.75999999999999  0.44764568830660345
80.88  0.43889634661337673
81.0  0.42935824895416697
81.11999999999999  0.41904036126401156
81.24  0.407952857873365
81.36  0.3961071086715855
81.48  0.383515664486891
81.6  0.37019224070340406
81.72  0.356151699138457
81.84  0.3414100282059473
81.96  0.325984321394006
82.08  0.3098927540877707
82.2  0.2931545587705072
82.32  0.27578999863866493
82.44  0.25782033966885337
82.56  0.23926782117699597
82.67999999999999  0.2201556249121249
82.8  0.20050784272946864
82.92  0.18034944288960997
83.03999999999999  0.1597062350324602
83.16  0.1386048338768139
83.28  0.1170726216981402
83.39999999999999  0.09513770963901774
83.52  0.07282889790840355
83.64  0.050175634927609375
83.75999999999999  0.027207975482289093
83.88  0.003956537941366967
84.0  0.0
84.11999999999999  0.0
84.24  0.0
84.36  0.0
84.47999999999999  0.0
84.6  0.0
84.72  0.0
84.84  0.0
84.96  0.0
85.08  0.0
85.2  0.0
85.32  0.0
85.44  0.0
85.56  0.0
85.67999999999999  0.0
85.8  0.0
85.92  0.0
86.03999999999999  0.0
86.16  0.0
86.28  0.0
86.39999999999999  0.0
86.52  0.0
86.64  0.0
86.75999999999999  0.0
86.88  0.0
87.0  0.0
87.11999999999999  0.0
87.24  0.0
87.36  0.0
87.47999999999999  0.0
87.6  0.0
87.72  0.0
87.84  0.0
87.96  0.0
88.08  0.0
88.2  0.0
88.32  0.0
88.44  0.0
88.56  0.0
88.67999999999999  0.0
88.8  0.0
88.92  0.0
89.03999999999999  0.0
89.16  0.0
89.28  0.0
89.39999999999999  0.0
89.52  0.0
89.64  0.0
89.75999999999999  0.0
89.88  0.0
90.0  0.0
90.11999999999999  0.0
90.24  0.0
90.36  0.0
90.47999999999999  0.0
90.6  0.0
90.72  0.0
90.84  0.0
90.96  0.0
91.08  0.0
91.2  0.0
91.32  0.0
91.44  0.0
91.56  0.0
91.67999999999999  0.0
91.8  0.0
91.92  0.0
92.03999999999999  0.0
92.16  0.0
92.28  0.0
92.39999999999999  0.0
92.52  0.0
92.64  0.0
92.75999999999999  0.0
92.88  0.0
93.0  0.0
93.11999999999999  0.0
93.24  0.0
93.36  0.0
93.47999999999999  0.0
93.6  0.0
93.72  0.0
93.84  0.0
93.96  0.0
94.08  0.0
94.2  0.0
94.32  0.0
94.44  0.0
94.56  0.0
94.67999999999999  0.0
94.8  0.0
94.92  0.0
95.03999999999999  0.0
95.16  0.0
95.28  0.006756800234508323
95.39999999999999  0.03473452054167954
95.52  0.06262589603324276
95.64  0.09039580077970465
95.75999999999999  0.11800929973260729
95.88  0.1454316975587269
96.0  0.17262858711796172
96.11999999999999  0.19956589751477577
96.24  0.22620994165370137
96.36  0.252527463230002
96.47999999999999  0.27848568308765753
96.6  0.3040523448775686
96.72  0.3291957599499618
96.84  0.3538848514161633
96.96  0.378089197316031
97.08  0.4017790728287258
97.2  0.42492549146582753
97.32  0.4475002451873905
97.44  0.46947594338303145
97.56  0.4908260506618126
97.67999999999999  0.5115249233965025
97.8  0.5315478449695215
97.92  0.5508710596698503
98.03999999999999  0.5694718051921275
98.16  0.5873283436912329
98.28  0.6044199913477117
98.39999999999999  0.620727146401665
98.52  0.6362313156148969
98.64  0.6509151391234261
98.75999999999999  0.6647624136448728
98.88  0.6777581140075817
99.0  0.6898884129708098
99.11999999999999  0.7011406993078516
99.24  0.7115035941264634
99.36  0.7209669654035401
99.47999999999999  0.7295219407136435
99.6  0.737160918133583
99.72  0.7438775753079239
99.84  0.7496668766630223
99.96  0.7545250787598401
100.08  0.7584497337785658
100.2  0.7614396911307562
100.32  0.7634950971974814
100.44  0.764617393194686
100.56  0.7648093111696994
100.67999999999999  0.7640748681355845
100.8  0.7624193583527274
100.92  0.7598493437697611
101.03999999999999  0.7563726426386219
101.16  0.7519983163212072
101.28  0.7467366543077264
101.39999999999999  0.7405991574694508
101.52  0.7335985195711701
101.64  0.7257486070711695
101.75999999999999  0.7170644372390483
101.88  0.707562154624174
102.0  0.6972590059099633
102.11999999999999  0.6861733131914869
102.24  0.674324445716291
102.36  0.6617327901304801
102.47999999999999  0.6484197192742953
102.6  0.6344075595735983
102.72  0.6197195570756421
102.83999999999999  0.6043798421794873
102.96  0.5884133931133899
103.08  0.5718459982132362
103.2  0.5547042170578275
103.32  0.5370153405186043
103.44  0.5188073497827754
103.56  0.5001088744104987
103.67999999999999  0.4809491494880491
103.8  0.4613579719401934
103.92  0.44136565606633194
104.03999999999999  0.4210029883659707
104.16  0.40030118172009066
104.28  0.37929182899611097
104.39999999999999  0.3580068561446563
104.52  0.33647847485729754
104.64  0.314739134855066
104.75999999999999  0.292821475877838
104.88  0.27075827944532527
105.0  0.24858242046072504
105.11999999999999  0.2263268187280392
105.24  0.20402439045451473
105.36  0.18170799980942928
105.47999999999999  0.159410410610377
105.6  0.137164238208107
105.72  0.11500190164054094
105.83999999999999  0.09295557612618188
105.96  0.07105714596671617
106.08  0.04933815792787419
106.2  0.027829775166894916
106.32  0.006562731774247099
106.44  0.0
106.56  0.0
106.67999999999999  0.0
106.8  0.0
106.92  0.0
107.03999999999999  0.0
107.16  0.0
107.28  0.0
107.39999999999999  0.0
107.52  0.0
107.64  0.0
107.75999999999999  0.0
107.88  0.0
108.0  0.0
108.11999999999999  0.0
108.24  0.0
108.36  0.0
108.47999999999999  0.0
108.6  0.0
108.72  0.0
108.83999999999999  0.0
108.96  0.0
109.08  0.0
109.2  0.0
109.32  0.0
109.44  0.0
109.56  0.0
109.67999999999999  0.0
109.8  0.0
109.92  0.0
110.03999999999999  0.0
110.16  0.0
110.28  0.0
110.39999999999999  0.0
110.52  0.0
110.64  0.0
110.75999999999999  0.0
110.88  0.0
111.0  0.0
111.11999999999999  0.0
111.24  0.0
111.36  0.0
111.47999999999999  0.0
111.6  0.0
111.72  0.0
111.83999999999999  0.0
111.96  0.0
112.08  0.0
112.2  0.0
112.32  0.0
112.44  0.0
112.56  0.0
112.67999999999999  0.0
112.8  0.0
112.92  0.0
113.03999999999999  0.0
113.16  0.0
113.28  0.0
113.39999999999999  0.0
113.52  0.0
113.64  0.0
113.75999999999999  0.0
113.88  0.0
114.0  0.0
114.11999999999999  0.0
114.24  0.0
114.36  0.0
114.47999999999999  0.0
114.6  0.0
114.72  0.0
114.83999999999999  0.006824165615648636
114.96  0.02369438395579357
115.08  0.040504959561943596
115.19999999999999  0.05722535421455173
115.32  0.07382517512696289
115.44  0.09027422205211129
115.56  0.10654253409992141
115.67999999999999  0.12260043619553775
115.8  0.13841858510922678
115.92  0.1539680149891596
116.03999999999999  0.16922018232932137
116.16  0.18414701030540903
116.28  0.198720932412521
116.39999999999999  0.2129149353396542
116.52  0.2267026010169629
116.64  0.24005814777296586
116.75999999999999  0.2529564705403926
116.88  0.26537318005049737
117.0  0.27728464095735994
117.11999999999999  0.2886680088352139
117.24  0.29950126599344584
117.36  0.30976325605574867
117.47999999999999  0.3194337172516947
117.6  0.328493314370869
117.72  0.3369236693317039
117.83999999999999  0.34470739031924913
117.96  0.3518280994480984
118.08  0.35827045890900266
118.19999999999999  0.3640201955598764
118.32  0.3690641239241772
118.44  0.3733901675620499
118.56  0.37698737878199606
118.67999999999999  0.3798459566632556
118.8  0.38195726336164826
118.92  0.3833138386740878
119.03999999999999  0.3839094128395925
119.16  0.3837389175572177
119.28  0.3827984952039568
119.39999999999999  0.38108550623831366
119.52  0.3785985347779606
119.64  0.3753373923425408
119.75999999999999  0.3713031197554427
119.88  0.36649798720104126
120.0  0.3609254924366721
