0.0  0.0
1.68  9.257070896257726
3.36  33.1492754663762
5.04  57.14644296283144
6.72  67.56367653300575
8.4  58.46032643486104
10.08  35.02777232288277
11.76  10.62892821861843
13.44  0.0
15.12  0.0
16.8  0.0
18.48  21.551496686643212
20.16  34.014313645489
21.84  27.079742399253444
23.52  4.702370181445647
25.2  0.0
26.88  0.0
28.56  0.0
30.24  0.0
31.919999999999998  19.12212831573452
33.6  33.53351891844918
35.28  28.82170476910012
36.96  7.67369843415263
38.64  0.0
40.32  0.0
42.0  0.0
43.68  0.0
45.36  16.54391455986039
47.04  32.79170149298118
48.72  30.33932089093082
50.4  10.585295124625672
52.08  0.0
53.76  0.0
55.44  0.0
57.12  0.0
58.8  13.836924064763647
60.48  31.794635626973356
62.16  31.620777740998573
63.839999999999996  13.41449657635829
65.52  0.0
67.2  0.0
68.88  0.0
70.56  0.0
72.24  11.022227865827197
73.92  30.55008241533165
75.6  32.6561005437442
77.28  16.139280471945522
78.96  0.0
80.64  0.0
82.32  0.0
84.0  0.0
85.67999999999999  8.121735372525661
87.36  29.067729378128824
89.03999999999999  33.43723041479066
90.72  18.738437273349458
92.39999999999999  0.0
94.08  0.0
95.75999999999999  0.0
97.44  0.0
99.11999999999999  5.158023827027086
100.8  27.359115053588212
102.47999999999999  33.9580870907675
104.16  21.191735315542406
105.83999999999999  0.0
107.52  0.0
109.2  0.0
110.88  0.0
112.56  2.154162564430179
114.24  25.437539182862697
115.92  34.21461625767958
117.6  23.480078288454074
119.28  0.0
120.96  0.0
122.64  0.0
124.32  0.0
126.0  0.0
127.67999999999999  23.317959185727727
129.35999999999999  34.204821109419655
131.04  25.58565388138808
132.72  2.3757215422118616
134.4  0.0
136.07999999999998  0.0
137.76  0.0
139.44  0.0
141.12  21.016873733012886
142.79999999999998  33.92877789077538
144.48  27.49207243287335
146.16  5.377426002806713
147.84  0.0
149.51999999999998  0.0
151.2  0.0
152.88  0.0
154.56  18.552194322036108
156.23999999999998  33.388635303945016
157.92  29.18449450670689
159.6  8.337272934245027
161.28  0.0
162.96  0.0
164.64  0.0
166.32  0.0
168.0  15.94310585469122
