0.0  11.612011002235668
1.68  21.3011514434135
3.36  37.85190036816799
5.04  51.82584001730757
6.72  55.25403310890394
8.4  46.18147937651804
10.08  29.781996189882065
11.76  15.407738793088981
13.44  0.0
15.12  0.0
16.8  2.577193043201615
18.48  17.323782498336207
20.16  22.191115302787583
21.84  14.403491058326756
23.52  0.0
25.2  0.0
26.88  0.0
28.56  0.0
30.24  0.6157583509858489
31.919999999999998  16.020211132904862
33.6  22.288796652850348
35.28  15.846720249538265
36.96  0.3677134627026737
38.64  0.0
40.32  0.0
42.0  0.0
43.68  0.0
45.36  14.591939501167763
47.04  22.212983480575872
48.72  17.1665996160318
50.4  2.3305959936440876
52.08  0.0
53.76  0.0
55.44  0.0
57.12  0.0
58.8  13.050085175256612
60.48  21.964265910694323
62.16  18.352855303915547
63.839999999999996  4.275337319163878
65.52  0.0
67.2  0.0
68.88  0.0
70.56  0.0
72.24  11.406649847499253
73.92  21.54457994435714
75.6  19.396253577194585
77.28  6.186799701115139
78.96  0.0
80.64  0.0
82.32  0.0
84.0  0.0
85.67999999999999  9.674425910038934
87.36  20.957192389431675
89.03999999999999  20.288672692562105
90.72  8.050104442451971
92.39999999999999  0.0
94.08  0.0
95.75999999999999  0.0
97.44  0.0
99.11999999999999  7.866896879697586
100.8  20.206675431884637
102.47999999999999  21.023166118513704
104.16  9.85074770202447
105.83999999999999  0.0
107.52  0.0
109.2  0.0
110.88  0.0
112.56  5.998132443170912
114.24  19.2988710461879
115.92  21.59401660669004
117.6  11.574713391522373
119.28  0.0
120.96  0.0
122.64  0.0
124.32  0.0
126.0  4.082678939515513
127.67999999999999  18.240845521774904
129.35999999999999  21.996780694560844
131.04  13.208582275780865
132.72  0.0
134.4  0.0
136.07999999999998  0.0
137.76  0.0
139.44  2.1354461324055705
141.12  17.04083445951006
142.79999999999998  22.228323293043957
144.48  14.739636427221873
146.16  0.0
147.84  0.0
149.51999999999998  0.0
151.2  0.0
152.88  0.17159115351628085
154.56  15.708178666314682
156.23999999999998  22.286842089831975
157.92  16.155958221362596
159.6  0.8117944169503346
161.28  0.0
162.96  0.0
164.64  0.0
166.32  0.0
168.0  14.25325144694264
