0.0  14.924973162623605
1.68  33.3571306478052
3.36  51.775717206586215
5.04  59.67714081023404
6.72  52.55544603627093
8.4  34.471931303016774
10.08  15.739106780429392
11.76  7.039765401785722
13.44  0.0
15.12  0.0
16.8  16.711814485029407
18.48  26.1921366200584
20.16  20.73583392017234
21.84  3.4544794348001293
23.52  0.0
25.2  0.0
26.88  0.0
28.56  0.0
30.24  14.85116143564521
31.919999999999998  25.8365879001504
33.6  22.088148774503043
35.28  5.743471459952824
36.96  0.0
38.64  0.0
40.32  0.0
42.0  0.0
43.68  12.874907925654671
45.36  25.279928884950273
47.04  23.26853093634111
48.72  7.987756682265552
50.4  0.0
52.08  0.0
53.76  0.0
55.44  0.0
57.12  10.798436981969216
58.8  24.526492571499155
60.48  24.267792388830586
62.16  10.169865733665052
63.839999999999996  0.0
65.52  0.0
67.2  0.0
68.88  0.0
70.56  8.637911717390937
72.24  23.582143658342623
73.92  25.07815494676526
75.6  12.272813221289933
77.28  0.0
78.96  0.0
80.64  0.0
82.32  0.0
84.0  6.410149518008719
85.67999999999999  22.454232895104408
87.36  25.693310801469046
89.03999999999999  14.2802299406671
90.72  0.0
92.39999999999999  0.0
94.08  0.0
95.75999999999999  0.0
97.44  4.132491137775881
99.11999999999999  21.151539864736176
100.8  26.108471620362124
102.47999999999999  16.17649029251982
104.16  0.0
105.83999999999999  0.0
107.52  0.0
109.2  0.0
110.88  1.8226657192242879
112.56  19.684204643823293
114.24  26.320405819026213
115.92  17.946833911401004
117.6  0.0
119.28  0.0
120.96  0.0
122.64  0.0
124.32  0.0
126.0  18.063648872897815
127.67999999999999  26.327463715644164
129.35999999999999  19.577480559404076
131.04  1.66302134034731
132.72  0.0
134.4  0.0
136.07999999999998  0.0
137.76  0.0
139.44  16.302486851142273
141.12  26.129590372014473
142.79999999999998  21.055737390625065
144.48  3.974400843140794
146.16  0.0
147.84  0.0
149.51999999999998  0.0
151.2  0.0
152.88  14.414427347517229
154.56  25.72832602118651
156.23999999999998  22.370097751437882
157.92  6.2548438720366
159.6  0.0
161.28  0.0
162.96  0.0
164.64  0.0
166.32  12.414166892608328
168.0  25.126794078388123
