0.0  27.40903569218695
1.68  27.148090908407823
3.36  30.334145446711105
5.04  35.19162980162487
6.72  39.013496435135224
8.4  39.669841490651095
10.08  36.79488771871526
11.76  31.990829992554612
13.44  0.0
15.12  0.0
16.8  0.0
18.48  0.8178147927997381
20.16  5.080850840683208
21.84  6.512358518254207
23.52  4.314566993724779
25.2  0.0
26.88  0.0
28.56  0.0
30.24  0.0
31.919999999999998  0.0
33.6  4.34709887856466
35.28  6.515891375793854
36.96  5.053415830138784
38.64  0.7747012846196477
40.32  0.0
42.0  0.0
43.68  0.0
45.36  0.0
47.04  3.498322348361649
48.72  6.347013250256582
50.4  5.658550898025677
52.08  1.8166113221921236
53.76  0.0
55.44  0.0
57.12  0.0
58.8  0.0
60.48  2.556979941839451
62.16  6.010192669732382
63.839999999999996  6.113960277307068
65.52  2.810453685541054
67.2  0.0
68.88  0.0
70.56  0.0
72.24  0.0
73.92  1.5479796509150914
75.6  5.5143419324870555
77.28  6.407593801051674
78.96  3.729931229885076
80.64  0.0
82.32  0.0
84.0  0.0
85.67999999999999  0.0
87.36  0.4980197002903237
89.03999999999999  4.872581286869984
90.72  6.531681903812004
92.39999999999999  4.550714509229122
94.08  0.033660612185120176
95.75999999999999  0.0
97.44  0.0
99.11999999999999  0.0
100.8  0.0
102.47999999999999  4.101891768541449
104.16  6.4829412049189665
105.83999999999999  5.2510855353619945
107.52  1.0928306987088985
109.2  0.0
110.88  0.0
112.56  0.0
114.24  0.0
115.92  3.2226658809731905
117.6  6.262661386985005
119.28  5.812512437481967
120.96  2.1230844015432573
122.64  0.0
124.32  0.0
126.0  0.0
127.67999999999999  0.0
129.35999999999999  2.2581680082500446
131.04  5.876671070803772
132.72  6.220139816912564
134.4  3.097161129085265
136.07999999999998  0.0
137.76  0.0
139.44  0.0
141.12  0.0
142.79999999999998  1.2339188376920345
144.48  5.335183589599043
146.16  6.463181822085117
147.84  3.9892867367856493
149.51999999999998  0.0
151.2  0.0
152.88  0.0
154.56  0.0
156.23999999999998  0.17702008051959384
157.92  4.652526743448243
159.6  6.53520754299452
161.28  4.775855512980135
162.96  0.3549472197439174
164.64  0.0
166.32  0.0
168.0  0.0
