0.0  49.658388222638386
1.68  54.4650192990028
3.36  58.601480221221706
5.04  61.936587293949465
6.72  64.36457095272004
8.4  65.80843013924095
10.08  66.2223743124656
11.76  65.59327564952036
13.44  30.60775204806239
15.12  27.98486772640024
16.8  24.474471487874858
18.48  20.18789201644011
20.16  15.261073866155499
21.84  9.850266116464441
23.52  4.127067089883795
25.2  0.0
26.88  0.0
28.56  0.0
30.24  0.0
31.919999999999998  0.0
33.6  0.0
35.28  0.0
36.96  0.0
38.64  0.0
40.32  0.0
42.0  0.0
43.68  0.0
45.36  0.0
47.04  0.0
48.72  0.0
50.4  0.0
52.08  0.0
53.76  0.0
55.44  3.9607546267118625
57.12  9.690245189128298
58.8  15.112419377325628
60.48  20.055318393628625
62.16  24.362183170111347
63.839999999999996  27.89642582467917
65.52  30.545961408291753
67.2  32.22676256632302
68.88  32.88552438155076
70.56  32.50135488596194
72.24  31.08643762849322
73.92  28.685645286037534
75.6  25.37511657165498
77.28  21.259841571911448
78.96  16.470332091942208
80.64  11.1584826048946
82.32  5.492753071574366
84.0  0.0
85.67999999999999  0.0
87.36  0.0
89.03999999999999  0.0
90.72  0.0
92.39999999999999  0.0
94.08  0.0
95.75999999999999  0.0
97.44  0.0
99.11999999999999  0.0
100.8  0.0
102.47999999999999  0.0
104.16  0.0
105.83999999999999  0.0
107.52  0.0
109.2  0.0
110.88  0.0
112.56  0.0
114.24  2.5870815213126317
115.92  8.362731479938496
117.6  13.873165825664723
119.28  18.943626678742262
120.96  23.41330947596597
122.64  27.14046272556839
124.32  30.006883513126624
126.0  31.921666188037896
127.67999999999999  32.824085344743686
129.35999999999999  32.68552166785497
131.04  31.510369564938184
132.72  29.335897802301687
134.4  26.231067563578403
136.07999999999998  22.294345415187205
137.76  17.650580538272404
139.44  12.447045262568372
141.12  6.848764472671936
142.79999999999998  1.0332820099032034
144.48  0.0
146.16  0.0
147.84  0.0
149.51999999999998  0.0
151.2  0.0
152.88  0.0
154.56  0.0
156.23999999999998  0.0
157.92  0.0
159.6  0.0
161.28  0.0
162.96  0.0
164.64  0.0
166.32  0.0
168.0  0.0
