0.0  33.91552747544703
1.68  31.634873780948407
3.36  34.78010821211918
5.04  33.303484781383204
6.72  31.922215345605323
8.4  35.048894493460644
10.08  32.695052827897875
11.76  32.38025802125238
13.44  1.776818235157129
15.12  0.0
16.8  0.0
18.48  1.623135915036014
20.16  0.0
21.84  0.23953130309197557
23.52  1.2731049505107905
25.2  0.0
26.88  0.8298271686830874
28.56  0.7690681329320309
30.24  0.0
31.919999999999998  1.319739919002544
33.6  0.17199814175594352
35.28  0.0
36.96  1.6500054446739112
38.64  0.0
40.32  0.0
42.0  1.7806719538242661
43.68  0.0
45.36  0.0
47.04  1.695932888479615
48.72  0.0
50.4  0.0381393876610554
52.08  1.4060390233621332
53.76  0.0
55.44  0.6460156930821864
57.12  0.9460584429800645
58.8  0.0
60.48  1.1757443188016967
62.16  0.3716344009720213
63.839999999999996  0.0
65.52  1.563244680686966
67.2  0.0
68.88  0.0
70.56  1.7616413630334882
72.24  0.0
73.92  0.0
75.6  1.7469345767464781
77.28  0.0
78.96  0.0
80.64  1.5209033826699745
82.32  0.0
84.0  0.4539019454073247
85.67999999999999  1.1108904809062088
87.36  0.0
89.03999999999999  1.0166386379500718
90.72  0.5664945998818597
92.39999999999999  0.0
94.08  1.4563938743121294
95.75999999999999  0.0
97.44  0.0
99.11999999999999  1.7199710344634151
100.8  0.0
102.47999999999999  0.0
104.16  1.7754855315297569
105.83999999999999  0.0
107.52  0.0
109.2  1.6162218488727689
110.88  0.0
112.56  0.2559548759013497
114.24  1.2614459074192585
115.92  0.0
117.6  0.8444676234485511
119.28  0.7540744922186371
120.96  0.0
122.64  1.330826218918142
124.32  0.1554836646722818
126.0  0.0
127.67999999999999  1.6561964944316143
129.35999999999999  0.0
131.04  0.0
132.72  1.7812188301724303
134.4  0.0
136.07999999999998  0.0
137.76  1.690769436496394
139.44  0.0
141.12  0.054718401755309065
142.79999999999998  1.3957898591304811
144.48  0.0
146.16  0.6614439314616332
147.84  0.931963394591075
149.51999999999998  0.0
151.2  1.1881554474992813
152.88  0.3553985281304161
154.56  0.0
156.23999999999998  1.5711373415769259
157.92  0.0
159.6  0.0
161.28  1.764060791174623
162.96  0.0
164.64  0.0
166.32  1.7435880970575677
168.0  0.0
