0.0  30.986241871340955
1.68  32.522076869234674
3.36  36.64954662772343
5.04  30.183062405410944
6.72  33.78041373128922
8.4  35.94952485027995
10.08  29.760967123789378
11.76  34.98466785802561
13.44  1.5996924481713086
15.12  0.0
16.8  2.6558288578233076
18.48  0.38968066074301433
20.16  0.0
21.84  3.3390510219558838
23.52  0.0
25.2  0.0
26.88  3.6183525188887304
28.56  0.0
30.24  0.0
31.919999999999998  3.4599466091413236
33.6  0.0
35.28  0.0373219981386963
36.96  2.882995449965179
38.64  0.0
40.32  1.2757794293414015
42.0  1.957292074058425
43.68  0.0
45.36  2.3599074792585766
47.04  0.7948176170091834
48.72  0.0
50.4  3.1585605851620473
52.08  0.0
53.76  0.0
55.44  3.575126717682848
57.12  0.0
58.8  0.0
60.48  3.5592144125773393
62.16  0.0
63.839999999999996  0.0
65.52  3.11274856073597
67.2  0.0
68.88  0.8838286519007259
70.56  2.289737556631226
72.24  0.0
73.92  2.0336577446306094
75.6  1.1897399729548757
77.28  0.0
78.96  2.9374779001906552
80.64  0.0
82.32  0.0
84.0  3.485955167748239
85.67999999999999  0.0
87.36  0.0
89.03999999999999  3.61274096430803
90.72  0.0
92.39999999999999  0.0
94.08  3.3024981766599844
95.75999999999999  0.0
97.44  0.48051934863252077
99.11999999999999  2.592756472052907
100.8  0.0
102.47999999999999  1.6812724531080754
104.16  1.5693723830702417
105.83999999999999  0.0
107.52  2.6786442116448392
109.2  0.3561433543467143
110.88  0.0
112.56  3.3519838574513314
114.24  0.0
115.92  0.0
117.6  3.619838367738292
119.28  0.0
120.96  0.0
122.64  3.4498057301386584
124.32  0.0
126.0  0.07103464991827879
127.67999999999999  2.862454572077846
129.35999999999999  0.0
131.04  1.3072802850257088
132.72  1.9288360006172538
134.4  0.0
136.07999999999998  2.385385921231501
137.76  0.7618886422752367
139.44  0.0
141.12  3.174934519375599
142.79999999999998  0.0
144.48  0.0
146.16  3.5804154105726305
147.84  0.0
149.51999999999998  0.0
151.2  3.5527780978305357
152.88  0.0
154.56  0.0
156.23999999999998  3.095365830991559
157.92  0.0
159.6  0.9164876015387471
161.28  2.2635111781392023
162.96  0.0
164.64  2.0614718385029933
166.32  1.1578425166730235
168.0  0.0
