0.0  0.8856296986603585  100.0
0.12  0.9117879399854162
0.24  0.9366070327294409
0.36  0.9600505249375721
0.48  0.9820839850079557
0.6  1.00267505226165
0.72  1.0217934844709562
0.84  1.0394112022763626
0.96  1.0555023304268756
1.08  1.07004323578316
1.2  1.0830125620276765
1.3199999999999998  1.0943912610308373
1.44  1.104162620827112
1.56  1.1123122901599947
1.68  1.1188282995597825
1.7999999999999998  1.1237010789232098
1.92  1.1269234715691192
2.04  1.128490744749521
2.16  1.128400596600612
2.28  1.1266531595235356
2.4  1.1232509999899234
2.52  1.1181991147725032
2.6399999999999997  1.1115049236063073
2.76  1.1031782582912624
2.88  1.0932313482521634
3.0  1.081678802577243
3.12  1.068537588561713
3.2399999999999998  1.0538270067877917
3.36  1.0375686627778218
3.48  1.0197864352621044
3.5999999999999996  1.0005064411080613
3.7199999999999998  0.9797569969622296
3.84  0.9575685776614293
3.96  0.9339737714741808
4.08  0.9090072322381142
4.2  0.8827056284636638
4.32  0.8551075894788007
4.4399999999999995  0.8262536486938992
4.56  0.796186184070067
4.68  0.7649493558783719
4.8  0.7325890418413791
4.92  0.6991527697522567
5.04  0.6646896476704108
5.16  0.6292502917961775
5.279999999999999  0.5928867521304955
5.3999999999999995  0.5556524360287466
5.52  0.517602029761046
5.64  0.4787914181941777
5.76  0.43927760271314487
5.88  0.39911861750288485
6.0  0.3583734443131027
6.12  0.31710192583141056
6.24  0.2753646777920024
6.359999999999999  0.2332229999489524
6.4799999999999995  0.19073878604488415
6.6  0.14797443290725276
6.72  0.10499274880573523
6.84  0.06185686120533751
6.96  0.01863012405069908
7.08  0.0
7.199999999999999  0.0
7.319999999999999  0.0
7.4399999999999995  0.0
7.56  0.0
7.68  0.0
7.8  0.0
7.92  0.0
8.04  0.0
8.16  0.0
8.28  0.0
8.4  0.0
8.52  0.0
8.64  0.0
8.76  0.0
8.879999999999999  0.0
9.0  0.0
9.12  0.0
9.24  0.0
9.36  0.0
9.48  0.0
9.6  0.0
9.719999999999999  0.0
9.84  0.0
9.959999999999999  0.0
10.08  0.0
10.2  0.0
10.32  0.0
10.44  0.0
10.559999999999999  0.0
10.68  0.0
10.799999999999999  0.0
10.92  0.0
11.04  0.0
11.16  0.0
11.28  0.0
11.4  0.0
11.52  0.0
11.639999999999999  0.0
11.76  0.0
11.879999999999999  0.0
12.0  0.0
12.12  0.0
12.24  0.0
12.36  0.0
12.48  0.0
12.6  0.0
12.719999999999999  0.0
12.84  0.0
12.959999999999999  0.0
13.08  0.0
13.2  0.0
13.32  0.0
13.44  0.0
13.559999999999999  0.0
13.68  0.0
13.799999999999999  0.0
13.92  0.0
14.04  0.0
14.16  0.0
14.28  0.0
14.399999999999999  0.0
14.52  0.0
14.639999999999999  0.0
14.76  0.0
14.879999999999999  0.0
15.0  0.0
15.12  0.0
15.24  0.0
15.36  0.0
15.479999999999999  0.0
15.6  0.0
15.719999999999999  0.0
15.84  0.0
15.959999999999999  0.0
16.08  0.0
16.2  0.0
16.32  0.0
16.439999999999998  0.0
16.56  0.0
16.68  0.0
16.8  0.0
16.919999999999998  0.025914043700069778
17.04  0.06912992331156043
17.16  0.11224427137755688
17.28  0.15519376558866826
17.4  0.1979153257573777
17.52  0.24034620646430793
17.64  0.28242408921280004
17.759999999999998  0.3240871739564778
17.88  0.3652742698653604
18.0  0.4059248851972067
18.12  0.4459793161421148
18.24  0.4853787345098737
18.36  0.5240652741312968
18.48  0.5619821158466116
18.599999999999998  0.5990735709561168
18.72  0.6352851630105213
18.84  0.670563707820837
18.96  0.7048573915703287
19.08  0.7381158469137857
19.2  0.7702902269523558
19.32  0.8013332769752828
19.439999999999998  0.8311994038631939
19.56  0.8598447430510008
19.68  0.8872272229520487
19.8  0.9133066267489214
19.919999999999998  0.9380446514601276
20.04  0.9614049641959286
20.16  0.9833532555206745
20.279999999999998  1.0038572898432867
20.4  1.02288695276187
20.52  1.0404142952929187
20.64  1.0564135749201629
20.759999999999998  1.0708612934027606
20.88  1.0837362312873102
21.0  1.0950194790729915
21.119999999999997  1.1046944649840662
21.24  1.11274697930895
21.36  1.1191651952700998
21.48  1.123939686394078
21.599999999999998  1.1270634403562712
21.72  1.1285318692799349
21.84  1.1283428164744356
21.96  1.1264965596027972
22.08  1.122995810273894
22.2  1.1178457100598955
22.32  1.1110538229448061
22.439999999999998  1.1026301242151968
22.56  1.0925869858094375
22.68  1.0809391581469578
22.8  1.067703748464213
22.919999999999998  1.0529001956891804
23.04  1.0365502418912858
23.16  1.0186779003486919
23.279999999999998  0.9993094202798494
23.4  0.9784732482911043
23.52  0.9561999865969957
23.64  0.9325223480745908
23.759999999999998  0.9074751082178836
23.88  0.8810950540628067
24.0  0.8534209301578908
24.119999999999997  0.8244933816599033
24.24  0.7943548946380528
24.36  0.763049733674443
24.48  0.7306238768524036
24.599999999999998  0.6971249482281963
24.72  0.6626021478852667
24.84  0.6271061796737818
24.96  0.5906891767415695
25.08  0.5534046249658441
25.2  0.5153072843981608
25.32  0.47645310883800407
25.439999999999998  0.4368991636530821
25.56  0.39670354196707414
25.68  0.355925279337907
25.8  0.3146242670518531
25.919999999999998  0.2728611641608432
26.04  0.23069730839212932
26.16  0.1881946260611908
26.279999999999998  0.14541554112018013
26.4  0.1024228834754572
26.52  0.059279796708945454
26.64  0.01604964533873876
26.759999999999998  0.0
26.88  0.0
27.0  0.0
27.119999999999997  0.0
27.24  0.0
27.36  0.0
27.48  0.0
27.599999999999998  0.0
27.72  0.0
27.84  0.0
27.959999999999997  0.0
28.08  0.0
28.2  0.0
28.32  0.0
28.439999999999998  0.0
28.56  0.0
28.68  0.0
28.799999999999997  0.0
28.919999999999998  0.0
29.04  0.0
29.16  0.0
29.279999999999998  0.0
29.4  0.0
29.52  0.0
29.64  0.0
29.759999999999998  0.0
29.88  0.0
30.0  0.0
30.119999999999997  0.0
30.24  0.0
30.36  0.0
30.48  0.0
30.599999999999998  0.0
30.72  0.0
30.84  0.0
30.959999999999997  0.0
31.08  0.0
31.2  0.0
31.32  0.0
31.439999999999998  0.0
31.56  0.0
31.68  0.0
31.799999999999997  0.0
31.919999999999998  0.0
32.04  0.0
32.16  0.0
32.28  0.0
32.4  0.0
32.519999999999996  0.0
32.64  0.0
32.76  0.0
32.879999999999995  0.0
33.0  0.0
33.12  0.0
33.24  0.0
33.36  0.0
33.48  0.0
33.6  0.0
33.72  0.0
33.839999999999996  0.0
33.96  0.0
34.08  0.0
34.199999999999996  0.0
34.32  0.0
34.44  0.0
34.56  0.0
34.68  0.0
34.8  0.0
34.92  0.0
35.04  0.0
35.16  0.0
35.28  0.0
35.4  0.0
35.519999999999996  0.0
35.64  0.0
35.76  0.0
35.879999999999995  0.0
36.0  0.0
36.12  0.0
36.24  0.0
36.36  0.0
36.48  0.0
36.6  0.028494077229996417
36.72  0.07170567870361766
36.839999999999996  0.11481196560388596
36.96  0.157749627460896
37.08  0.20045560146537983
37.199999999999996  0.24286716508945572
37.32  0.28492202820758683
37.44  0.3265584245824671
37.559999999999995  0.367715202581488
37.68  0.40833191499051286
37.8  0.4483489077930681
37.92  0.4877074077845791
38.04  0.5263496088929243
38.16  0.5642187570785828
38.28  0.6012592336896376
38.4  0.637416637149228
38.519999999999996  0.6726378628554925
38.64  0.7068711811766201
38.76  0.7400663134264748
38.879999999999995  0.7721745057092222
39.0  0.8031486005244783
39.12  0.8329431060278031
39.24  0.8615142628448833
39.36  0.8888201083411641
39.48  0.9148205382526581
39.6  0.939477365587308
39.72  0.9627543767104602
39.839999999999996  0.98461738453206
39.96  1.0050342787174378
40.08  1.0239750728479537
40.199999999999996  1.0414119484622415
40.32  1.057319295913352
40.44  1.0716737519817965
40.559999999999995  1.0844542341892578
40.68  1.095641971762553
40.8  1.1052205332023823
40.92  1.1131758504163778
41.04  1.119496239380994
41.16  1.1241724173019074
41.28  1.127197516247714
41.4  1.1285670932369003
41.519999999999996  1.1282791367632807
41.64  1.1263340697503073
41.76  1.1227347489299193
41.879999999999995  1.1174864606468453
42.0  1.1105969130945121
42.12  1.10207622499398
42.239999999999995  1.0919369107325065
42.36  1.080193861983594
42.48  1.066864325835497
42.6  1.0519678794603124
42.72  1.0355264013608727
42.839999999999996  1.0175640392376468
42.96  0.9981071745228669
43.08  0.9771843836339571
43.199999999999996  0.954826396003169
43.32  0.9310660489450759
43.44  0.9059382394282102
43.559999999999995  0.8794798728216628
43.68  0.8517298086919433
43.8  0.8227288037296981
43.92  0.7925194518900984
44.04  0.7611461218348454
44.16  0.7286548917676333
44.28  0.6950934817588107
44.4  0.6605111836586232
44.519999999999996  0.6249587887019594
44.64  0.5884885129109546
44.76  0.5511539204050018
44.879999999999995  0.5130098447307901
45.0  0.4741123083279325
45.12  0.43451844024848707
45.239999999999995  0.3942863922511296
45.36  0.35347525339333147
45.48  0.3121449632468929
45.6  0.27035622386431174
45.72  0.22817041062531884
45.839999999999996  0.18564948209446613
45.96  0.14285588902220464
46.08  0.09985248262308827
46.199999999999996  0.05670242226579447
46.32  0.013469082710575009
46.44  0.0
46.559999999999995  0.0
46.68  0.0
46.8  0.0
46.92  0.0
47.04  0.0
47.16  0.0
47.28  0.0
47.4  0.0
47.519999999999996  0.0
47.64  0.0
47.76  0.0
47.879999999999995  0.0
48.0  0.0
48.12  0.0
48.239999999999995  0.0
48.36  0.0
48.48  0.0
48.6  0.0
48.72  0.0
48.839999999999996  0.0
48.96  0.0
49.08  0.0
49.199999999999996  0.0
49.32  0.0
49.44  0.0
49.559999999999995  0.0
49.68  0.0
49.8  0.0
49.92  0.0
50.04  0.0
50.16  0.0
50.28  0.0
50.4  0.0
50.519999999999996  0.0
50.64  0.0
50.76  0.0
50.879999999999995  0.0
51.0  0.0
51.12  0.0
51.239999999999995  0.0
51.36  0.0
51.48  0.0
51.6  0.0
51.72  0.0
51.839999999999996  0.0
51.96  0.0
52.08  0.0
52.199999999999996  0.0
52.32  0.0
52.44  0.0
52.559999999999995  0.0
52.68  0.0
52.8  0.0
52.919999999999995  0.0
53.04  0.0
53.16  0.0
53.28  0.0
53.4  0.0
53.519999999999996  0.0
53.64  0.0
53.76  0.0
53.879999999999995  0.0
54.0  0.0
54.12  0.0
54.239999999999995  0.0
54.36  0.0
54.48  0.0
54.6  0.0
54.72  0.0
54.839999999999996  0.0
54.96  0.0
55.08  0.0
55.199999999999996  0.0
55.32  0.0
55.44  0.0
55.559999999999995  0.0
55.68  0.0
55.8  0.0
55.919999999999995  0.0
56.04  0.0
56.16  0.0
56.28  0.03107396177751376
56.4  0.07428105917970373
56.519999999999996  0.11737905953131933
56.64  0.1603046645329665
56.76  0.20299482908335498
56.879999999999995  0.2453868538740404
57.0  0.2874184774762966
57.12  0.3290279677848385
57.239999999999995  0.37015421268415744
57.36  0.4107368098042749
57.48  0.4507161552340527
57.599999999999994  0.49003353106183806
57.72  0.5286311916148335
57.839999999999996  0.5664524482704979
57.96  0.6034417527155091
58.08  0.6395447785298728
58.199999999999996  0.6747085009765159
58.32  0.7088812748790214
58.44  0.7420129104732156
58.559999999999995  0.774054747121191
58.68  0.8049597247794948
58.8  0.8346824531164877
58.919999999999995  0.8631792781774136
59.04  0.8904083464992402
59.16  0.9163296665810827
59.28  0.9409051676199796
59.4  0.9640987554257106
59.519999999999996  0.9858763654325657
59.64  1.0062060127301704
59.76  1.0250578390399285
59.879999999999995  1.042404156568064
60.0  1.0582194886708454
60.12  1.0724806072722959
60.239999999999995  1.0851665669794137
60.36  1.0962587358447948
60.48  1.105740822731491
60.599999999999994  1.1135989012399075
60.72  1.1198214301615876
60.839999999999996  1.1243992704298553
60.96  1.1273256985424256
61.08  1.1285964164362476
61.199999999999996  1.1282095578000995
61.32  1.1261656908156505
61.44  1.1224678173229692
61.559999999999995  1.1171213684117016
61.68  1.1101341964443967
61.8  1.1015165635236959
61.919999999999995  1.0912811264203124
62.04  1.0794429179839615
62.16  1.0660193250645187
62.28  1.0510300629758413
62.4  1.0344971465397728
62.519999999999996  1.0164448577528349
62.64  0.9968997101231036
62.76  0.9758904097296663
62.879999999999995  0.9534478130618209
63.0  0.9296048816999529
63.12  0.9043966339046721
63.239999999999995  0.8778600931852694
63.36  0.8500342339230532
63.48  0.8209599241294494
63.599999999999994  0.7906798654228933
63.72  0.7592385303126903
63.839999999999996  0.7266820968819859
63.96  0.6930583809657038
64.08  0.6584167659231707
64.2  0.6228081301084266
64.32  0.5862847721449109
64.44  0.5489003341141212
64.56  0.5107097227711804
64.67999999999999  0.47176902890293615
64.8  0.43213544494706463
64.92  0.3918671809932056
65.03999999999999  0.35102337928943345
65.16  0.30966402737966087
65.28  0.26784986999958443
65.39999999999999  0.22564231986050515
65.52  0.1831033674520885
65.64  0.1402954899965715
65.75999999999999  0.0972815596880705
65.88  0.054124751351787403
66.0  0.010888449658778443
66.12  0.0
66.24  0.0
66.36  0.0
66.48  0.0
66.6  0.0
66.72  0.0
66.84  0.0
66.96  0.0
67.08  0.0
67.2  0.0
67.32  0.0
67.44  0.0
67.56  0.0
67.67999999999999  0.0
67.8  0.0
67.92  0.0
68.03999999999999  0.0
68.16  0.0
68.28  0.0
68.39999999999999  0.0
68.52  0.0
68.64  0.0
68.75999999999999  0.0
68.88  0.0
69.0  0.0
69.12  0.0
69.24  0.0
69.36  0.0
69.48  0.0
69.6  0.0
69.72  0.0
69.84  0.0
69.96  0.0
70.08  0.0
70.2  0.0
70.32  0.0
70.44  0.0
70.56  0.0
70.67999999999999  0.0
70.8  0.0
70.92  0.0
71.03999999999999  0.0
71.16  0.0
71.28  0.0
71.39999999999999  0.0
71.52  0.0
71.64  0.0
71.75999999999999  0.0
71.88  0.0
72.0  0.0
72.11999999999999  0.0
72.24  0.0
72.36  0.0
72.48  0.0
72.6  0.0
72.72  0.0
72.84  0.0
72.96  0.0
73.08  0.0
73.2  0.0
73.32  0.0
73.44  0.0
73.56  0.0
73.67999999999999  0.0
73.8  0.0
73.92  0.0
74.03999999999999  0.0
74.16  0.0
74.28  0.0
74.39999999999999  0.0
74.52  0.0
74.64  0.0
74.75999999999999  0.0
74.88  0.0
75.0  0.0
75.11999999999999  0.0
75.24  0.0
75.36  0.0
75.48  0.0
75.6  0.0
75.72  0.0
75.84  0.0
75.96  0.033653683853594685
76.08  0.07685605127433626
76.2  0.11994553973770827
76.32  0.1628588634457674
76.44  0.2055329953348473
76.56  0.24790525964377202
76.67999999999999  0.2899134239661457
76.8  0.3314957906514839
76.92  0.3725912874209111
77.03999999999999  0.4131395570644055
77.16  0.4530810460878176
77.28  0.492357092179432
77.39999999999999  0.5309100103676796
77.52  0.5686831777434211
77.64  0.6056211166223429
77.75999999999999  0.6416695760253817
77.88  0.6767756113574999
78.0  0.7108876621676856
78.11999999999999  0.7439556278761461
78.24  0.7759309413573442
78.36  0.8067666402708037
78.48  0.836417436035003
78.6  0.8648397803430004
78.72  0.891991929122111
78.84  0.9178340038436575
78.96  0.9423280500928192
79.08  0.9654380933125425
79.2  0.9871301916395581
79.32  1.0073724857550244
79.44  1.0261352456765085
79.56  1.0433909144225844
79.67999999999999  1.0591141484859474
79.8  1.0732818550555838
79.92  1.0858732259333164
80.03999999999999  1.0968697680949393
80.16  1.1062553308510386
80.28  1.1140161295676034
80.39999999999999  1.1201407659116072
80.52  1.1246202445918114
80.64  1.1274479865702003
80.75999999999999  1.128619838724659
80.88  1.1281340799486883
81.0  1.1259914236792032
81.11999999999999  1.1221950168487058
81.24  1.116750435263364
81.36  1.1096656754137924
81.48  1.1009511427305556
81.6  1.0906196363016507
81.72  1.0786863300744018
81.84  1.065168750569397
81.96  1.050086751139177
82.08  1.0334624828094867
82.2  1.0153203617459394
82.32  0.9956870333938352
82.44  0.974591333343828
82.56  0.9520642449809249
82.67999999999999  0.9281388539789925
82.8  0.9028502997076169
82.92  0.8762357236227063
83.03999999999999  0.8483342147166
83.16  0.819186752107816
83.28  0.7888361448547809
83.39999999999999  0.7573269690818972
83.52  0.7247055025102909
83.64  0.6910196564894825
83.75999999999999  0.6563189056296576
83.88  0.6206542151379936
84.0  0.5840779659657764
84.11999999999999  0.5466438778761693
84.24  0.5084069305456226
84.36  0.46942328281493856
84.47999999999999  0.4297501902084072
84.6  0.3894459208422571
84.72  0.3485696698459338
84.84  0.3071814724218338
84.96  0.2653421156712393
85.08  0.22311304931591058
85.2  0.18055629544652446
85.32  0.13773435743043422
85.44  0.0947101281125759
85.56  0.051546797444382286
85.67999999999999  0.00830775967629882
85.8  0.0
85.92  0.0
86.03999999999999  0.0
86.16  0.0
86.28  0.0
86.39999999999999  0.0
86.52  0.0
86.64  0.0
86.75999999999999  0.0
86.88  0.0
87.0  0.0
87.11999999999999  0.0
87.24  0.0
87.36  0.0
87.47999999999999  0.0
87.6  0.0
87.72  0.0
87.84  0.0
87.96  0.0
88.08  0.0
88.2  0.0
88.32  0.0
88.44  0.0
88.56  0.0
88.67999999999999  0.0
88.8  0.0
88.92  0.0
89.03999999999999  0.0
89.16  0.0
89.28  0.0
89.39999999999999  0.0
89.52  0.0
89.64  0.0
89.75999999999999  0.0
89.88  0.0
90.0  0.0
90.11999999999999  0.0
90.24  0.0
90.36  0.0
90.47999999999999  0.0
90.6  0.0
90.72  0.0
90.84  0.0
90.96  0.0
91.08  0.0
91.2  0.0
91.32  0.0
91.44  0.0
91.56  0.0
91.67999999999999  0.0
91.8  0.0
91.92  0.0
92.03999999999999  0.0
92.16  0.0
92.28  0.0
92.39999999999999  0.0
92.52  0.0
92.64  0.0
92.75999999999999  0.0
92.88  0.0
93.0  0.0
93.11999999999999  0.0
93.24  0.0
93.36  0.0
93.47999999999999  0.0
93.6  0.0
93.72  0.0
93.84  0.0
93.96  0.0
94.08  0.0
94.2  0.0
94.32  0.0
94.44  0.0
94.56  0.0
94.67999999999999  0.0
94.8  0.0
94.92  0.0
95.03999999999999  0.0
95.16  0.0
95.28  0.0
95.39999999999999  0.0
95.52  0.0
95.64  0.03623322997006451
95.75999999999999  0.07943064152406554
95.88  0.12251139280409767
96.0  0.16541221084457286
96.11999999999999  0.2080700869489524
96.24  0.2504223692310552
96.36  0.2924068546322077
96.47999999999999  0.33396188027929213
96.6  0.37502641404939574
96.72  0.4155401442080456
96.84  0.4554435679894391
96.96  0.4946780789885174
97.08  0.5331860532365691
97.2  0.5709109338338867
97.32  0.6077973140152467
97.44  0.643791018526177
97.56  0.6788391831904683
97.67999999999999  0.7128903325521262
97.8  0.745894455477701
97.92  0.7778030786079293
98.03999999999999  0.8085693375508662
98.16  0.8381480457119154
98.28  0.8664957606596426
98.39999999999999  0.8935708479299526
98.52  0.91933354217489
98.64  0.9437460055662374
98.75999999999999  0.966772383368175
98.88  0.988378856597358
99.0  1.0085336916930552
99.11999999999999  1.0272072871244309
99.24  1.0443722168665017
99.36  1.0600032706808986
99.47999999999999  1.0740774911423048
99.6  1.0865742073561722
99.72  1.097475065318184
99.84  1.1067640548708995
99.96  1.1144275332179685
100.08  1.1204542449613948
100.2  1.124835338632403
100.32  1.1275643796916501
100.44  1.1286373599796706
100.56  1.1280527036036858
100.67999999999999  1.1258112692521278
100.8  1.1219163489334767
100.92  1.116373663141271
101.03999999999999  1.1091913524523798
101.16  1.100379965570886
101.28  1.089952443835148
101.39999999999999  1.077924102210765
101.52  1.064312606797397
101.64  1.0491379488824621
101.75999999999999  1.032422415579796
101.88  1.0141905570964354
102.0  0.9944691506755893
102.11999999999999  0.9732871612687151
102.24  0.9506756989945255
102.36  0.9266679734473786
102.47999999999999  0.9012992449221152
102.6  0.874606772627059
102.72  0.8466297599612015
102.83999999999999  0.8174092969358994
102.96  0.7869882998257337
103.08  0.7554114481371309
103.2  0.7227251189872548
103.32  0.688977318989696
103.44  0.6542176137468194
103.56  0.6184970550524748
103.67999999999999  0.5818681059119329
103.8  0.5443845634891059
103.92  0.5061014800943389
104.03999999999999  0.46707508232877093
104.16  0.4273626885039006
104.28  0.38702262445791946
104.39999999999999  0.3461141378921529
104.52  0.30469731135354666
104.64  0.2628329739911513
104.75999999999999  0.22058261221593017
104.88  0.178008279395239
105.0  0.13517250471476544
105.11999999999999  0.09213820134143996
105.24  0.04896857402251087
105.36  0.005727026256365453
105.47999999999999  0.0
105.6  0.0
105.72  0.0
105.83999999999999  0.0
105.96  0.0
106.08  0.0
106.2  0.0
106.32  0.0
106.44  0.0
106.56  0.0
106.67999999999999  0.0
106.8  0.0
106.92  0.0
107.03999999999999  0.0
107.16  0.0
107.28  0.0
107.39999999999999  0.0
107.52  0.0
107.64  0.0
107.75999999999999  0.0
107.88  0.0
108.0  0.0
108.11999999999999  0.0
108.24  0.0
108.36  0.0
108.47999999999999  0.0
108.6  0.0
108.72  0.0
108.83999999999999  0.0
108.96  0.0
109.08  0.0
109.2  0.0
109.32  0.0
109.44  0.0
109.56  0.0
109.67999999999999  0.0
109.8  0.0
109.92  0.0
110.03999999999999  0.0
110.16  0.0
110.28  0.0
110.39999999999999  0.0
110.52  0.0
110.64  0.0
110.75999999999999  0.0
110.88  0.0
111.0  0.0
111.11999999999999  0.0
111.24  0.0
111.36  0.0
111.47999999999999  0.0
111.6  0.0
111.72  0.0
111.83999999999999  0.0
111.96  0.0
112.08  0.0
112.2  0.0
112.32  0.0
112.44  0.0
112.56  0.0
112.67999999999999  0.0
112.8  0.0
112.92  0.0
113.03999999999999  0.0
113.16  0.0
113.28  0.0
113.39999999999999  0.0
113.52  0.0
113.64  0.0
113.75999999999999  0.0
113.88  0.0
114.0  0.0
114.11999999999999  0.0
114.24  0.0
114.36  0.0
114.47999999999999  0.0
114.6  0.0
114.72  0.0
114.83999999999999  0.0
114.96  0.0
115.08  0.0
115.19999999999999  0.0
115.32  0.03881258663965648
115.44  0.08200481646755642
115.56  0.12507660531484327
115.67999999999999  0.16796469337908942
115.8  0.2106060906603982
115.92  0.25293816947510256
116.03999999999999  0.2948987564374783
116.16  0.33642622377422754
116.28  0.3774595798374748
116.39999999999999  0.4179385586836268
116.52  0.4578037085863782
116.64  0.4969964793537336
116.75999999999999  0.5354593083211181
116.88  0.5731357048939874
117.0  0.6099703335158936
117.11999999999999  0.6459090949401998
117.24  0.6808992056859576
117.36  0.7148892755613117
117.47999999999999  0.7478293831406312
117.6  0.7796711490843966
117.72  0.8103678071942167
117.83999999999999  0.8398742730986692
117.96  0.8681472104689766
118.08  0.8951450946673254
118.19999999999999  0.9208282737343895
118.32  0.9451590266263913
118.44  0.9681016186162195
118.56  0.9896223537772735
118.67999999999999  1.0096896244728466
118.8  1.0282739577784843
118.92  1.0453480587690387
119.03999999999999  1.0608868506068843
119.16  1.0748675113724442
119.28  1.0872695075828733
119.39999999999999  1.0980746243497055
119.52  1.1072669921311875
119.64  1.114833110039964
119.75999999999999  1.1207618656719112
119.88  1.1250445514270027
120.0  1.1276748772982095
