0.0  0.5678582465617065  100.0
0.12  0.5996689318639664
0.24  0.6305988797008811
0.36  0.6606026630669584
0.48  0.689636215220187
0.6  0.7176568944031329
0.72  0.7446235464711513
0.84  0.7704965653357336
0.96  0.7952379511342142
1.08  0.8188113660404039
1.2  0.841182187634179
1.3199999999999998  0.8623175597516444
1.44  0.8821864407411837
1.56  0.9007596490545262
1.68  0.9180099061058651
1.7999999999999998  0.933911876336087
1.92  0.9484422044232625
2.04  0.961579549584753
2.16  0.9733046169205493
2.28  0.9836001857518106
2.4  0.9924511349129825
2.52  0.9998444649603453
2.6399999999999997  1.0057693172643782
2.76  1.0102169899578946
2.88  1.0131809507165292
3.0  1.014656846352803
3.12  1.0146425092096756
3.2399999999999998  1.013137960344198
3.36  1.0101454094965847
3.48  1.0056692518447554
3.5999999999999996  0.9997160615491101
3.7199999999999998  0.9922945820970179
3.84  0.9834157134612048
3.96  0.9730924960908952
4.08  0.9613400917592239
4.2  0.9481757612950462
4.32  0.9336188392318523
4.4399999999999995  0.9176907054110175
4.56  0.9004147535810983
4.68  0.8818163570392884
4.8  0.861922831365501
4.92  0.8407633943038075
5.04  0.818369122850156
5.16  0.7947729076093959
5.279999999999999  0.7700094044886432
5.3999999999999995  0.7441149837979346
5.52  0.7171276768329304
5.64  0.6890871200181141
5.76  0.6600344966925308
5.88  0.6300124766235633
6.0  0.5990651533375814
6.12  0.5672379793595065
6.24  0.5345776994564074
6.359999999999999  0.5011322819831732
6.4799999999999995  0.4669508484310919
6.6  0.432083601282816
6.72  0.39658175027966264
6.84  0.3604974372095516
6.96  0.3238836593260404
7.08  0.28679419151092833
7.199999999999999  0.24928350729475646
7.319999999999999  0.21140669885119684
7.4399999999999995  0.1732193960828356
7.56  0.134777684917194
7.68  0.09613802493297663
7.8  0.05735716643754091
7.92  0.01849206711737167
8.04  0.0
8.16  0.0
8.28  0.0
8.4  0.0
8.52  0.0
8.64  0.0
8.76  0.0
8.879999999999999  0.0
9.0  0.0
9.12  0.0
9.24  0.0
9.36  0.0
9.48  0.0
9.6  0.0
9.719999999999999  0.0
9.84  0.0
9.959999999999999  0.0
10.08  0.0
10.2  0.0
10.32  0.0
10.44  0.0
10.559999999999999  0.0
10.68  0.0
10.799999999999999  0.0
10.92  0.0
11.04  0.0
11.16  0.0
11.28  0.0
11.4  0.0
11.52  0.0
11.639999999999999  0.0
11.76  0.0
11.879999999999999  0.0
12.0  0.0
12.12  0.0
12.24  0.0
12.36  0.0
12.48  0.0
12.6  0.0
12.719999999999999  0.0
12.84  0.0
12.959999999999999  0.0
13.08  0.0
13.2  0.0
13.32  0.0
13.44  0.0
13.559999999999999  0.0
13.68  0.0
13.799999999999999  0.0
13.92  0.0
14.04  0.0
14.16  0.0
14.28  0.0
14.399999999999999  0.0
14.52  0.0
14.639999999999999  0.0
14.76  0.0
14.879999999999999  0.0
15.0  0.0
15.12  0.0
15.24  0.0
15.36  0.0
15.479999999999999  0.0
15.6  0.0
15.719999999999999  0.0
15.84  0.0
15.959999999999999  0.0
16.08  0.0
16.2  0.0
16.32  0.0
16.439999999999998  0.0
16.56  0.0
16.68  0.0
16.8  0.0
16.919999999999998  0.0
17.04  0.0
17.16  0.0
17.28  0.0
17.4  0.0
17.52  0.0
17.64  0.0
17.759999999999998  0.0
17.88  0.021560205913175534
18.0  0.060420731809836425
18.12  0.09919251740437235
18.24  0.13781861833572345
18.36  0.17624230421080017
18.48  0.21440714192475097
18.599999999999998  0.25225707854461915
18.72  0.2897365236346333
18.84  0.3267904309022181
18.96  0.3633643790448281
19.08  0.39940465167884964
19.2  0.4348583162331882
19.32  0.4696733016916578
19.439999999999998  0.503798475070006
19.56  0.5371837165152493
19.68  0.5697799929170013
19.8  0.6015394299227113
19.919999999999998  0.6324153822510191
20.04  0.6623625021999716
20.16  0.6913368062494675
20.279999999999998  0.7192957396601278
20.4  0.7461982389737067
20.52  0.7720047923232416
20.64  0.7966774974643795
20.759999999999998  0.8201801174426363
20.88  0.8424781338148377
21.0  0.8635387973465665
21.119999999999997  0.8833311761111675
21.24  0.9018262009196614
21.36  0.9189967080148379
21.48  0.9348174789668364
21.599999999999998  0.9492652777116092
21.72  0.9623188846778732
21.84  0.9739591279524236
21.96  0.9841689114380427
22.08  0.9929332399626426
22.2  1.0002392413027688
22.32  1.0060761850891113
22.439999999999998  1.0104354985662671
22.56  1.0133107791835982
22.68  1.0146978039986967
22.8  1.0145945358796464
22.919999999999998  1.0130011264969723
23.04  1.0099199161008792
23.16  1.0053554300841134
23.279999999999998  0.9993143723354908
23.4  0.991805615393851
23.52  0.9828401874169084
23.64  0.9724312559841264
23.759999999999998  0.9605941087574132
23.88  0.9473461310280376
24.0  0.9327067801827444
24.119999999999997  0.916697557126572
24.24  0.8993419747043361
24.36  0.880665523167174
24.48  0.860695632734853
24.599999999999998  0.8394616333088374
24.72  0.8169947113952799
24.84  0.7933278643012094
24.96  0.7684958516711811
25.08  0.7425351444355732
25.2  0.7154838712455005
25.32  0.6873817624730393
25.439999999999998  0.6582700918589746
25.56  0.628191615893805
25.68  0.5971905110210265
25.8  0.5653123087549062
25.919999999999998  0.5326038288080785
26.04  0.4991131103271322
26.16  0.46488934133722476
26.279999999999998  0.4299827864993315
26.4  0.3944447132862102
26.52  0.35832731668556944
26.64  0.3216836425409484
26.759999999999998  0.2845675096429732
26.88  0.24703343068535577
27.0  0.2091365322017671
27.119999999999997  0.17093247360116376
27.24  0.13247736542045835
27.36  0.09382768691463295
27.48  0.05504020310531377
27.599999999999998  0.01617188140962217
27.72  0.0
27.84  0.0
27.959999999999997  0.0
28.08  0.0
28.2  0.0
28.32  0.0
28.439999999999998  0.0
28.56  0.0
28.68  0.0
28.799999999999997  0.0
28.919999999999998  0.0
29.04  0.0
29.16  0.0
29.279999999999998  0.0
29.4  0.0
29.52  0.0
29.64  0.0
29.759999999999998  0.0
29.88  0.0
30.0  0.0
30.119999999999997  0.0
30.24  0.0
30.36  0.0
30.48  0.0
30.599999999999998  0.0
30.72  0.0
30.84  0.0
30.959999999999997  0.0
31.08  0.0
31.2  0.0
31.32  0.0
31.439999999999998  0.0
31.56  0.0
31.68  0.0
31.799999999999997  0.0
31.919999999999998  0.0
32.04  0.0
32.16  0.0
32.28  0.0
32.4  0.0
32.519999999999996  0.0
32.64  0.0
32.76  0.0
32.879999999999995  0.0
33.0  0.0
33.12  0.0
33.24  0.0
33.36  0.0
33.48  0.0
33.6  0.0
33.72  0.0
33.839999999999996  0.0
33.96  0.0
34.08  0.0
34.199999999999996  0.0
34.32  0.0
34.44  0.0
34.56  0.0
34.68  0.0
34.8  0.0
34.92  0.0
35.04  0.0
35.16  0.0
35.28  0.0
35.4  0.0
35.519999999999996  0.0
35.64  0.0
35.76  0.0
35.879999999999995  0.0
36.0  0.0
36.12  0.0
36.24  0.0
36.36  0.0
36.48  0.0
36.6  0.0
36.72  0.0
36.839999999999996  0.0
36.96  0.0
37.08  0.0
37.199999999999996  0.0
37.32  0.0
37.44  0.0
37.559999999999995  0.023880148444891225
37.68  0.06273698005750239
37.8  0.10150166947987443
37.92  0.1401172827731445
38.04  0.17852710494747476
38.16  0.21667472325972037
38.28  0.254504110067169
38.4  0.2919597051156801
38.519999999999996  0.3289864971413844
38.64  0.36553010466606173
38.76  0.4015368558675486
38.879999999999995  0.436953867407884
39.0  0.47172912210339746
39.12  0.5058115453226456
39.24  0.5391510800000738
39.36  0.5716987601551006
39.48  0.6034067828087887
39.6  0.6342285781923558
39.72  0.664118878144483
39.839999999999996  0.6930337825969523
39.96  0.7209308240509413
40.08  0.7477690299492996
40.199999999999996  0.7735089828532027
40.32  0.7981128783347851
40.44  0.8215445805007326
40.559999999999995  0.8437696750653002
40.68  0.864755519894782
40.8  0.8844712929492116
40.92  0.9028880375508899
41.04  0.9199787049132286
41.16  0.9357181938674777
41.28  0.9500833877289621
41.4  0.9630531882486997
41.519999999999996  0.9746085466005321
41.64  0.9847324913582528
41.76  0.9934101534216433
41.879999999999995  1.0006287878548155
42.0  1.006377792604777
42.12  1.0106487240727298
42.239999999999995  1.013435309515239
42.36  1.0147334562570482
42.48  1.0145412577020165
42.6  1.0128589961333494
42.72  1.0096891422990066
42.839999999999996  1.0050363517829004
42.96  0.9989074581672089
43.08  0.991311462995854
43.199999999999996  0.9822595225538764
43.32  0.9717649314821311
43.44  0.9598431032513677
43.559999999999995  0.9465115475243691
43.68  0.9317898444394008
43.8  0.9156996158527447
43.92  0.8982644935825398
44.04  0.8795100847005907
44.16  0.8594639339230974
44.28  0.8381554831555631
44.4  0.8156160282512886
44.519999999999996  0.7918786730469531
44.64  0.766978280742808
44.76  0.740951422698882
44.879999999999995  0.7138363247223942
45.0  0.6856728109252711
45.12  0.6565022452342453
45.239999999999995  0.6263674706393754
45.36  0.5953127462702994
45.48  0.5633836823925761
45.6  0.5306271734195969
45.72  0.4970913290384825
45.839999999999996  0.4628254035510792
45.96  0.42787972353386383
46.08  0.39230561392299673
46.199999999999996  0.35615532263306
46.32  0.31948194382022765
46.44  0.2823393399025559
46.559999999999995  0.24478206245190642
46.68  0.20686527207372069
46.8  0.1686446573923035
46.92  0.13017635326058385
47.04  0.09151685831452416
47.16  0.05272295199321131
47.28  0.013851611146550202
47.4  0.0
47.519999999999996  0.0
47.64  0.0
47.76  0.0
47.879999999999995  0.0
48.0  0.0
48.12  0.0
48.239999999999995  0.0
48.36  0.0
48.48  0.0
48.6  0.0
48.72  0.0
48.839999999999996  0.0
48.96  0.0
49.08  0.0
49.199999999999996  0.0
49.32  0.0
49.44  0.0
49.559999999999995  0.0
49.68  0.0
49.8  0.0
49.92  0.0
50.04  0.0
50.16  0.0
50.28  0.0
50.4  0.0
50.519999999999996  0.0
50.64  0.0
50.76  0.0
50.879999999999995  0.0
51.0  0.0
51.12  0.0
51.239999999999995  0.0
51.36  0.0
51.48  0.0
51.6  0.0
51.72  0.0
51.839999999999996  0.0
51.96  0.0
52.08  0.0
52.199999999999996  0.0
52.32  0.0
52.44  0.0
52.559999999999995  0.0
52.68  0.0
52.8  0.0
52.919999999999995  0.0
53.04  0.0
53.16  0.0
53.28  0.0
53.4  0.0
53.519999999999996  0.0
53.64  0.0
53.76  0.0
53.879999999999995  0.0
54.0  0.0
54.12  0.0
54.239999999999995  0.0
54.36  0.0
54.48  0.0
54.6  0.0
54.72  0.0
54.839999999999996  0.0
54.96  0.0
55.08  0.0
55.199999999999996  0.0
55.32  0.0
55.44  0.0
55.559999999999995  0.0
55.68  0.0
55.8  0.0
55.919999999999995  0.0
56.04  0.0
56.16  0.0
56.28  0.0
56.4  0.0
56.519999999999996  0.0
56.64  0.0
56.76  0.0
56.879999999999995  0.0
57.0  0.0
57.12  0.0
57.239999999999995  0.026199966118308493
57.36  0.06505290028239047
57.48  0.10381029084989168
57.599999999999994  0.14241521460181533
57.72  0.1808109722481297
57.839999999999996  0.21894117170234034
57.96  0.25674981090492793
58.08  0.2941813600738773
58.199999999999996  0.33118084326165587
58.32  0.3676939190987044
58.44  0.4036669606049376
58.559999999999995  0.4390471339520288
58.68  0.4737824760607897
58.8  0.5078219709196458
58.919999999999995  0.5411156245121782
59.04  0.5736145382436537
59.16  0.6052709807586738
59.28  0.6360384580445239
59.4  0.6658717817172116
59.519999999999996  0.694727135389936
59.64  0.7225621390264695
59.76  0.7493359111849871
59.879999999999995  0.7750091290609001
60.0  0.7995440862404868
60.12  0.822904748080544
60.239999999999995  0.8450568046326948
60.36  0.8659677210346104
60.48  0.8856067852941691
60.599999999999994  0.9039451533963531
60.72  0.9209558916666278
60.839999999999996  0.9366140163285873
60.96  0.9508965301977995
61.08  0.9637824564578961
61.199999999999996  0.975252869469364
61.32  0.985290922565741
61.44  0.9938818727964228
61.559999999999995  1.0010131025797269
61.68  1.0066741382344087
61.8  1.0108566653624247
61.919999999999995  1.0135545410603402
62.04  1.0147638029414483
62.16  1.0144826749553528
62.28  1.012711569996464
62.4  1.0094530892975775
62.519999999999996  1.0047120186094294
62.64  0.9984953211718317
62.76  0.990812127486722
62.879999999999995  0.9816737219081376
63.0  0.9710935260688129
63.12  0.9590870791677487
63.239999999999995  0.9456720151476928
63.36  0.9308680367960557
63.48  0.9146968868073113
63.599999999999994  0.8971823158493649
63.72  0.8783500476807948
63.839999999999996  0.8582277413702208
63.96  0.8368449506732434
64.08  0.8142330806266826
64.2  0.7904253414237798
64.32  0.7654566996382052
64.44  0.7393638268684157
64.56  0.7121850458778685
64.67999999999999  0.6839602743101338
64.8  0.6547309660615976
64.92  0.6245400503978835
65.03999999999999  0.5934318689033673
65.16  0.5614521103564094
65.28  0.528647743625981
65.39999999999999  0.49506694868818707
65.52  0.46075904586402927
65.64  0.42577442338236315
65.75999999999999  0.39016446337438737
65.88  0.3539814664083786
66.0  0.31727857467554443
66.12  0.2801096939397459
66.24  0.24252941436577452
66.36  0.20459293034242748
66.48  0.1663559594181881
66.6  0.12787466046851054
66.72  0.08920555121490531
66.84  0.0504054252170687
66.96  0.011531268459787747
67.08  0.0
67.2  0.0
67.32  0.0
67.44  0.0
67.56  0.0
67.67999999999999  0.0
67.8  0.0
67.92  0.0
68.03999999999999  0.0
68.16  0.0
68.28  0.0
68.39999999999999  0.0
68.52  0.0
68.64  0.0
68.75999999999999  0.0
68.88  0.0
69.0  0.0
69.12  0.0
69.24  0.0
69.36  0.0
69.48  0.0
69.6  0.0
69.72  0.0
69.84  0.0
69.96  0.0
70.08  0.0
70.2  0.0
70.32  0.0
70.44  0.0
70.56  0.0
70.67999999999999  0.0
70.8  0.0
70.92  0.0
71.03999999999999  0.0
71.16  0.0
71.28  0.0
71.39999999999999  0.0
71.52  0.0
71.64  0.0
71.75999999999999  0.0
71.88  0.0
72.0  0.0
72.11999999999999  0.0
72.24  0.0
72.36  0.0
72.48  0.0
72.6  0.0
72.72  0.0
72.84  0.0
72.96  0.0
73.08  0.0
73.2  0.0
73.32  0.0
73.44  0.0
73.56  0.0
73.67999999999999  0.0
73.8  0.0
73.92  0.0
74.03999999999999  0.0
74.16  0.0
74.28  0.0
74.39999999999999  0.0
74.52  0.0
74.64  0.0
74.75999999999999  0.0
74.88  0.0
75.0  0.0
75.11999999999999  0.0
75.24  0.0
75.36  0.0
75.48  0.0
75.6  0.0
75.72  0.0
75.84  0.0
75.96  0.0
76.08  0.0
76.2  0.0
76.32  0.0
76.44  0.0
76.56  0.0
76.67999999999999  0.0
76.8  0.0
76.92  0.02851964680417185
77.03999999999999  0.06736848037562032
77.16  0.10611836944370151
77.28  0.14471240180691747
77.39999999999999  0.1830938941714753
77.52  0.2212064754024024
77.64  0.258994169316159
77.75999999999999  0.2964014768932114
77.88  0.333373457789814
78.0  0.36985581102917464
78.11999999999999  0.40579495475367755
78.24  0.4411381049208942
78.36  0.47583335282779904
78.48  0.5098297413494167
78.6  0.5430773397798723
78.72  0.5755273171659396
78.84  0.6071320140253331
78.96  0.6378450123444905
79.08  0.6676212037530318
79.2  0.696416855774654
79.32  0.7241896760573134
79.44  0.7508988744882691
79.56  0.7765052231027572
79.67999999999999  0.8009711136983537
79.8  0.8242606130703805
79.92  0.8463395157872109
80.03999999999999  0.8671753944280063
80.16  0.886737647209074
80.28  0.904997542928885
80.39999999999999  0.9219282631657735
80.52  0.9375049416663225
80.64  0.9517047008665744
80.75999999999999  0.964506685492456
80.88  0.9758920931900514
81.0  0.985844202140728
81.11999999999999  0.9943483956205788
81.24  1.0013921834680977
81.36  1.0069652204285513
81.48  1.0110593213481223
81.6  1.013668473195494
81.72  1.0147888438932278
81.84  1.0144187879459572
81.96  1.012558848857139
82.08  1.009211758330804
82.2  1.0043824322594888
82.32  0.9980779635042336
82.44  0.990307611477251
82.56  0.9810827885425729
82.67999999999999  0.9704170432546417
82.8  0.9583260404594589
82.92  0.9448275382875362
83.03999999999999  0.929941362072417
83.16  0.9136893752330814
83.28  0.8960954471630161
83.39999999999999  0.8771854181730874
83.52  0.8569870615397012
83.64  0.8355300427140501
83.75999999999999  0.8128458757522597
83.88  0.7889678770304952
84.0  0.7639311163130138
84.11999999999999  0.7377723652449829
84.24  0.7105300433457087
84.36  0.682244161581689
84.47999999999999  0.6529562636022405
84.6  0.6227093647240786
84.72  0.5915478887544721
84.84  0.5595176027457116
84.96  0.5266655497767639
85.08  0.4930399798607984
85.2  0.4586902790801125
85.32  0.4236668970524794
85.44  0.3880212728354721
85.56  0.3518057593776217
85.67999999999999  0.31507354662730835
85.8  0.27787858341234545
85.92  0.24027549820502309
86.03999999999999  0.2023195188889234
86.16  0.1640663916453759
86.28  0.12557229907871753
86.39999999999999  0.0868937777005444
86.52  0.04808763489417667
86.64  0.009210865481325492
86.75999999999999  0.0
86.88  0.0
87.0  0.0
87.11999999999999  0.0
87.24  0.0
87.36  0.0
87.47999999999999  0.0
87.6  0.0
87.72  0.0
87.84  0.0
87.96  0.0
88.08  0.0
88.2  0.0
88.32  0.0
88.44  0.0
88.56  0.0
88.67999999999999  0.0
88.8  0.0
88.92  0.0
89.03999999999999  0.0
89.16  0.0
89.28  0.0
89.39999999999999  0.0
89.52  0.0
89.64  0.0
89.75999999999999  0.0
89.88  0.0
90.0  0.0
90.11999999999999  0.0
90.24  0.0
90.36  0.0
90.47999999999999  0.0
90.6  0.0
90.72  0.0
90.84  0.0
90.96  0.0
91.08  0.0
91.2  0.0
91.32  0.0
91.44  0.0
91.56  0.0
91.67999999999999  0.0
91.8  0.0
91.92  0.0
92.03999999999999  0.0
92.16  0.0
92.28  0.0
92.39999999999999  0.0
92.52  0.0
92.64  0.0
92.75999999999999  0.0
92.88  0.0
93.0  0.0
93.11999999999999  0.0
93.24  0.0
93.36  0.0
93.47999999999999  0.0
93.6  0.0
93.72  0.0
93.84  0.0
93.96  0.0
94.08  0.0
94.2  0.0
94.32  0.0
94.44  0.0
94.56  0.0
94.67999999999999  0.0
94.8  0.0
94.92  0.0
95.03999999999999  0.0
95.16  0.0
95.28  0.0
95.39999999999999  0.0
95.52  0.0
95.64  0.0
95.75999999999999  0.0
95.88  0.0
96.0  0.0
96.11999999999999  0.0
96.24  0.0
96.36  0.0
96.47999999999999  0.0
96.6  0.0308391783739283
96.72  0.06968370823008979
96.84  0.10842589319342572
96.96  0.14700883237750423
97.08  0.18537585878116414
97.2  0.22347062251566807
97.32  0.26123717356614345
97.44  0.2986200439657247
97.56  0.33556432926167845
97.67999999999999  0.37201576915392326
97.8  0.4079208271874769
97.92  0.44322676938175914
98.03999999999999  0.47788174168132447
98.16  0.5118348461142438
98.28  0.5450362155462504
98.39999999999999  0.5774370869209182
98.52  0.6089898728782732
98.64  0.6396482316466249
98.75999999999999  0.6693671351050213
98.88  0.6981029349163375
99.0  0.7258134266338404
99.11999999999999  0.7524579116871302
99.24  0.7779972571563881
99.36  0.8023939532471236
99.47999999999999  0.8256121683810486
99.6  0.8476178018221439
99.72  0.8683785337606085
99.84  0.8878638727811716
99.96  0.9060452006460205
100.08  0.9228958143265877
100.2  0.9383909652224445
100.32  0.9525078955097332
100.44  0.9652258715657203
100.56  0.9765262144203882
100.67999999999999  0.9863923271903685
100.8  0.9948097194548786
100.92  1.0017660285378884
101.03999999999999  1.0072510376652697
101.16  1.0112566909702276
101.28  1.0137771053250022
101.39999999999999  1.0148085789814594
101.52  1.014349597007866
101.64  1.0124008335138832
101.75999999999999  1.008965150660495
101.88  1.0040475944563352
102.0  0.9976553873465857
102.11999999999999  0.9897979176053232
102.24  0.9804867255469027
102.36  0.9697354865766346
102.47999999999999  0.95755999110562
102.6  0.9439781213592823
102.72  0.9290098251136398
102.83999999999999  0.9126770863978696
102.96  0.8950038932062334
103.08  0.876016202266774
103.2  0.8557419009184848
103.32  0.8342107661530301
103.44  0.8114544208810689
103.56  0.7875062874874998
103.67999999999999  0.762401538743813
103.8  0.7361770461495961
103.92  0.7088713257791481
104.03999999999999  0.6805244817127036
104.16  0.651178147135266
104.28  0.6208754231897586
104.39999999999999  0.5896608156740809
104.52  0.5575801696751304
104.64  0.5246806022359107
104.75999999999999  0.4910104331544063
104.88  0.45661911401595623
105.0  0.421557155563489
105.11999999999999  0.385876053512011
105.24  0.3496282129165578
105.36  0.3128668712045867
105.47999999999999  0.2756460199857971
105.6  0.23802032575433985
105.72  0.20004504959982083
105.83999999999999  0.16177596604495537
105.96  0.12326928112920316
106.08  0.08458154985863137
106.2  0.045769593143179355
106.32  0.006890414343492912
106.44  0.0
106.56  0.0
106.67999999999999  0.0
106.8  0.0
106.92  0.0
107.03999999999999  0.0
107.16  0.0
107.28  0.0
107.39999999999999  0.0
107.52  0.0
107.64  0.0
107.75999999999999  0.0
107.88  0.0
108.0  0.0
108.11999999999999  0.0
108.24  0.0
108.36  0.0
108.47999999999999  0.0
108.6  0.0
108.72  0.0
108.83999999999999  0.0
108.96  0.0
109.08  0.0
109.2  0.0
109.32  0.0
109.44  0.0
109.56  0.0
109.67999999999999  0.0
109.8  0.0
109.92  0.0
110.03999999999999  0.0
110.16  0.0
110.28  0.0
110.39999999999999  0.0
110.52  0.0
110.64  0.0
110.75999999999999  0.0
110.88  0.0
111.0  0.0
111.11999999999999  0.0
111.24  0.0
111.36  0.0
111.47999999999999  0.0
111.6  0.0
111.72  0.0
111.83999999999999  0.0
111.96  0.0
112.08  0.0
112.2  0.0
112.32  0.0
112.44  0.0
112.56  0.0
112.67999999999999  0.0
112.8  0.0
112.92  0.0
113.03999999999999  0.0
113.16  0.0
113.28  0.0
113.39999999999999  0.0
113.52  0.0
113.64  0.0
113.75999999999999  0.0
113.88  0.0
114.0  0.0
114.11999999999999  0.0
114.24  0.0
114.36  0.0
114.47999999999999  0.0
114.6  0.0
114.72  0.0
114.83999999999999  0.0
114.96  0.0
115.08  0.0
115.19999999999999  0.0
115.32  0.0
115.44  0.0
115.56  0.0
115.67999999999999  0.0
115.8  0.0
115.92  0.0
116.03999999999999  0.0
116.16  0.0
116.28  0.03315854869983348
116.39999999999999  0.0719985717405352
116.52  0.11073285003408523
116.64  0.1493044943066087
116.75999999999999  0.18765685414585065
116.88  0.2257336012039584
117.0  0.26347881192725237
117.11999999999999  0.30083704969153763
117.24  0.33775344622219483
117.36  0.3741737821795338
117.47999999999999  0.41004456679111445
117.6  0.44531311641395244
117.72  0.47992763191129345
117.83999999999999  0.5138372747303638
117.96  0.5469922415692468
118.08  0.5793438375232827
118.19999999999999  0.6108445476036121
118.32  0.6414481065227153
118.44  0.6711095666445094
118.56  0.6997853639992577
118.67999999999999  0.7274333822661986
118.8  0.7540130146300826
118.92  0.7794852234206364
119.03999999999999  0.8038125974474174
119.16  0.8269594069458879
119.28  0.8488916560539264
119.39999999999999  0.8695771327417493
119.52  0.8889854561219419
119.64  0.9070881210700429
119.75999999999999  0.9238585400901868
119.88  0.9392720823643443
120.0  0.9533061099277461
