0.0  0.0  100.0
0.12  0.0
0.24  0.0
0.36  0.0
0.48  0.0
0.6  0.0
0.72  0.0
0.84  0.0
0.96  0.0
1.08  0.0
1.2  0.0
1.3199999999999998  0.0
1.44  0.0
1.56  0.0
1.68  0.0
1.7999999999999998  0.0
1.92  0.0
2.04  0.0
2.16  0.0
2.28  0.0
2.4  0.0
2.52  0.0
2.6399999999999997  0.0
2.76  0.0
2.88  0.0
3.0  0.0
3.12  0.0
3.2399999999999998  0.0
3.36  0.0
3.48  0.0
3.5999999999999996  0.0
3.7199999999999998  0.0
3.84  0.0
3.96  0.0
4.08  0.005923732255043529
4.2  0.012524751233253868
4.32  0.01910737503194241
4.4399999999999995  0.02566193571086464
4.56  0.03217880654625338
4.68  0.03864841616964758
4.8  0.04506126262542018
4.92  0.051407927326359085
5.04  0.05767908888680459
5.16  0.0638655368130258
5.279999999999999  0.06995818503072981
5.3999999999999995  0.07594808522983534
5.52  0.0818264400069107
5.64  0.0875846157859747
5.76  0.09321415549868325
5.88  0.09870679100527754
6.0  0.10405445523805222
6.12  0.1092492940495075
6.24  0.11428367774778417
6.359999999999999  0.11915021230243907
6.4799999999999995  0.12384175020410348
6.6  0.12835140096207398
6.72  0.13267254122441902
6.84  0.13679882450573677
6.96  0.14072419050827709
7.08  0.14444287402273892
7.199999999999999  0.14794941339566825
7.319999999999999  0.15123865855102256
7.4399999999999995  0.1543057785541193
7.56  0.15714626870685927
7.68  0.15975595716380492
7.8  0.1621310110593954
7.92  0.16426794213729962
8.04  0.1661636118736402
8.16  0.1678152360865629
8.28  0.16922038902538142
8.4  0.1703770069332926
8.52  0.17128339107842883
8.64  0.17193821024879594
8.76  0.17234050270743256
8.879999999999999  0.1724896776049191
9.0  0.17238551584716194
9.12  0.17202817041717824
9.24  0.17141816615040892
9.36  0.17055639896388955
9.48  0.16944413454041146
9.6  0.16808300646960575
9.719999999999999  0.16647501384867983
9.84  0.16462251834633113
9.959999999999999  0.16252824073414995
10.08  0.16019525689060482
10.2  0.15762699328348148
10.32  0.15482722193740794
10.44  0.15180005489385887
10.559999999999999  0.14854993817177486
10.68  0.14508164523766665
10.799999999999999  0.1414002699947959
10.92  0.13751121930172755
11.04  0.1334202050312434
11.16  0.12913323568127927
11.28  0.12465660755020701
11.4  0.1199968954894219
11.52  0.11516094324681822
11.639999999999999  0.11015585341533411
11.76  0.10498897700132946
11.879999999999999  0.09966790262811773
12.0  0.09420044539050754
12.12  0.08859463537672521
12.24  0.08285870587457381
12.36  0.07700108127915335
12.48  0.07103036471989896
12.6  0.06495532542511205
12.719999999999999  0.05878488584254012
12.84  0.052528108534922596
12.959999999999999  0.04619418286974945
13.08  0.039792411522779944
13.2  0.03333219681514556
13.32  0.02682302690410216
13.44  0.02027446184771601
13.559999999999999  0.013696119563946105
13.68  0.007097661704749729
13.799999999999999  0.0004887794659540964
13.92  0.0
14.04  0.0
14.16  0.0
14.28  0.0
14.399999999999999  0.0
14.52  0.0
14.639999999999999  0.0
14.76  0.0
14.879999999999999  0.0
15.0  0.0
15.12  0.0
15.24  0.0
15.36  0.0
15.479999999999999  0.0
15.6  0.0
15.719999999999999  0.0
15.84  0.0
15.959999999999999  0.0
16.08  0.0
16.2  0.0
16.32  0.0
16.439999999999998  0.0
16.56  0.0
16.68  0.0
16.8  0.0
16.919999999999998  0.0
17.04  0.0
17.16  0.0
17.28  0.0
17.4  0.0
17.52  0.0
17.64  0.0
17.759999999999998  0.0
17.88  0.0
18.0  0.0
18.12  0.0
18.24  0.0
18.36  0.0
18.48  0.0
18.599999999999998  0.0
18.72  0.0
18.84  0.0
18.96  0.0
19.08  0.0
19.2  0.0
19.32  0.0
19.439999999999998  0.0
19.56  0.0
19.68  0.0
19.8  0.0
19.919999999999998  0.0
20.04  0.0
20.16  0.0
20.279999999999998  0.0
20.4  0.0
20.52  0.0
20.64  0.0
20.759999999999998  0.0
20.88  0.0
21.0  0.0
21.119999999999997  0.0
21.24  0.0
21.36  0.0
21.48  0.0
21.599999999999998  0.0
21.72  0.0
21.84  0.0
21.96  0.0
22.08  0.0
22.2  0.0
22.32  0.0
22.439999999999998  0.0
22.56  0.0
22.68  0.0
22.8  0.0
22.919999999999998  0.0
23.04  0.0
23.16  0.0
23.279999999999998  0.0
23.4  0.0
23.52  0.0
23.64  0.0
23.759999999999998  0.006317901036742304
23.88  0.012918094280873267
24.0  0.019499314640118115
24.119999999999997  0.02605189623547219
24.24  0.032566215249861176
24.36  0.039032704062698945
24.48  0.04544186530191222
24.599999999999998  0.05178428579278914
24.72  0.058050650383167764
24.84  0.06423175562465665
24.96  0.07031852328979703
25.08  0.07630201370531112
25.2  0.0821734388818567
25.32  0.08792417542099912
25.439999999999998  0.09354577718045207
25.56  0.09902998767897805
25.68  0.1043687522227326
25.8  0.1095542297352447
25.919999999999998  0.11457880427365223
26.04  0.11943509621428602
26.16  0.12411597309116795
26.279999999999998  0.12861456007150704
26.4  0.1329242500528111
26.52  0.13703871336677614
26.64  0.14095190707571165
26.759999999999998  0.1446580838478389
26.88  0.14815180039843384
27.0  0.15142792548441247
27.119999999999997  0.15448164744061887
27.24  0.1573084812467483
27.36  0.15990427511452399
27.48  0.16226521658545368
27.599999999999998  0.16438783813021185
27.72  0.16626902224142087
27.84  0.1679060060123536
27.959999999999997  0.16929638519483117
28.08  0.17043811773035783
28.2  0.17132952674930435
28.32  0.17196930303373684
28.439999999999998  0.17235650694027352
28.56  0.17249056978014446
28.68  0.17237129465442838
28.799999999999997  0.17199885674323948
28.919999999999998  0.1713738030484389
29.04  0.17049705159025028
29.16  0.16936989005895736
29.279999999999998  0.16799397392366539
29.4  0.16637132400090346
29.52  0.16450432348663896
29.64  0.16239571445606252
29.759999999999998  0.16004859383628578
29.88  0.1574664088578648
30.0  0.15465295199183166
30.119999999999997  0.1516123553796689
30.24  0.14834908476440736
30.36  0.14486793293176192
30.48  0.1411740126709382
30.599999999999998  0.13727274926544644
30.72  0.13316987252495457
30.84  0.1288714083698812
30.959999999999997  0.12438366998108982
31.08  0.11971324852767981
31.2  0.11486700348649623
31.32  0.10985205256757455
31.439999999999998  0.10467576126031455
31.56  0.09934573201574126
31.68  0.09386979308073876
31.799999999999997  0.08825598700065435
31.919999999999998  0.08251255880716327
32.04  0.07664794390873944
32.16  0.07067075570151984
32.28  0.06458977291875453
32.4  0.05841392673742912
32.519999999999996  0.052152287660987943
32.64  0.045814052197430434
32.76  0.039408529352344006
32.879999999999995  0.03294512695670808
33.0  0.02643333784955565
33.12  0.01988272593578276
33.24  0.013302912139580202
33.36  0.006703560274125123
33.48  9.436284827709501e-05
33.6  0.0
33.72  0.0
33.839999999999996  0.0
33.96  0.0
34.08  0.0
34.199999999999996  0.0
34.32  0.0
34.44  0.0
34.56  0.0
34.68  0.0
34.8  0.0
34.92  0.0
35.04  0.0
35.16  0.0
35.28  0.0
35.4  0.0
35.519999999999996  0.0
35.64  0.0
35.76  0.0
35.879999999999995  0.0
36.0  0.0
36.12  0.0
36.24  0.0
36.36  0.0
36.48  0.0
36.6  0.0
36.72  0.0
36.839999999999996  0.0
36.96  0.0
37.08  0.0
37.199999999999996  0.0
37.32  0.0
37.44  0.0
37.559999999999995  0.0
37.68  0.0
37.8  0.0
37.92  0.0
38.04  0.0
38.16  0.0
38.28  0.0
38.4  0.0
38.519999999999996  0.0
38.64  0.0
38.76  0.0
38.879999999999995  0.0
39.0  0.0
39.12  0.0
39.24  0.0
39.36  0.0
39.48  0.0
39.6  0.0
39.72  0.0
39.839999999999996  0.0
39.96  0.0
40.08  0.0
40.199999999999996  0.0
40.32  0.0
40.44  0.0
40.559999999999995  0.0
40.68  0.0
40.8  0.0
40.92  0.0
41.04  0.0
41.16  0.0
41.28  0.0
41.4  0.0
41.519999999999996  0.0
41.64  0.0
41.76  0.0
41.879999999999995  0.0
42.0  0.0
42.12  0.0
42.239999999999995  0.0
42.36  0.0
42.48  0.0
42.6  0.0
42.72  0.0
42.839999999999996  0.0
42.96  0.0
43.08  0.0
43.199999999999996  0.0
43.32  0.00010284577446839638
43.44  0.006712036785045956
43.559999999999995  0.013311369785726307
43.68  0.01989115229535698
43.8  0.026441720546711615
43.92  0.03295345367972667
44.04  0.03941678787171569
44.16  0.045822230383816796
44.28  0.05216037350303608
44.4  0.058421908359412876
44.519999999999996  0.06459763859801637
44.64  0.07067849388568805
44.76  0.0766555432326951
44.879999999999995  0.08252000810973181
45.0  0.08826327534100012
45.12  0.09387690975443051
45.239999999999995  0.09935266657047659
45.36  0.1046825035112701
45.48  0.10985859261236465
45.6  0.11487333171971695
45.72  0.11971935565501543
45.839999999999996  0.12438954703296494
45.96  0.12887704671463363
46.08  0.13317526388151207
46.199999999999996  0.1372778857154906
46.32  0.1411788866705333
46.44  0.14487253732243438
46.559999999999995  0.14835341278366
46.68  0.15161640067091345
46.8  0.15465670861372371
46.92  0.15746987129303058
47.04  0.16005175699942534
47.16  0.16239857370141858
47.28  0.16450687461482028
47.4  0.16637356326505226
47.519999999999996  0.16799589803496054
47.64  0.16937149619144484
47.76  0.17049833738499334
47.879999999999995  0.17137476661698278
48.0  0.17199949667038517
48.12  0.17237161000031095
48.239999999999995  0.17249056008161343
48.36  0.1723561722115732
48.48  0.17196864376648532
48.6  0.1713285439117715
48.72  0.17043681276604325
48.839999999999996  0.16929476002034402
48.96  0.16790406301459757
49.08  0.16626676427408896
49.199999999999996  0.16438526850959453
49.32  0.16226233908556856
49.44  0.15990109396157298
49.559999999999995  0.15730500111291054
49.68  0.15447787343718813
49.8  0.15142386315429113
49.92  0.14814745570799118
50.04  0.14465346317814862
50.16  0.1409470172131801
50.28  0.13703356149317442
50.4  0.13291884373472762
50.519999999999996  0.12860890724923513
50.64  0.12411008206704183
50.76  0.11942897564048958
50.879999999999995  0.1145724631395103
51.0  0.10954767735401973
51.12  0.1043619982179476
51.239999999999995  0.0990230419702818
51.36  0.09353864996904965
51.48  0.08791687717466962
51.6  0.08216598031957964
51.72  0.07629440578152377
51.839999999999996  0.07031077717830314
51.96  0.0642238827022183
52.08  0.058042662212795346
52.199999999999996  0.05177619410675785
52.32  0.04543368198453002
52.44  0.039024441132855935
52.559999999999995  0.03255788484337349
52.68  0.026043510587258706
52.8  0.01949088606623188
52.919999999999995  0.012909635160413727
53.04  0.0063094237936713385
53.16  0.0
53.28  0.0
53.4  0.0
53.519999999999996  0.0
53.64  0.0
53.76  0.0
53.879999999999995  0.0
54.0  0.0
54.12  0.0
54.239999999999995  0.0
54.36  0.0
54.48  0.0
54.6  0.0
54.72  0.0
54.839999999999996  0.0
54.96  0.0
55.08  0.0
55.199999999999996  0.0
55.32  0.0
55.44  0.0
55.559999999999995  0.0
55.68  0.0
55.8  0.0
55.919999999999995  0.0
56.04  0.0
56.16  0.0
56.28  0.0
56.4  0.0
56.519999999999996  0.0
56.64  0.0
56.76  0.0
56.879999999999995  0.0
57.0  0.0
57.12  0.0
57.239999999999995  0.0
57.36  0.0
57.48  0.0
57.599999999999994  0.0
57.72  0.0
57.839999999999996  0.0
57.96  0.0
58.08  0.0
58.199999999999996  0.0
58.32  0.0
58.44  0.0
58.559999999999995  0.0
58.68  0.0
58.8  0.0
58.919999999999995  0.0
59.04  0.0
59.16  0.0
59.28  0.0
59.4  0.0
59.519999999999996  0.0
59.64  0.0
59.76  0.0
59.879999999999995  0.0
60.0  0.0
60.12  0.0
60.239999999999995  0.0
60.36  0.0
60.48  0.0
60.599999999999994  0.0
60.72  0.0
60.839999999999996  0.0
60.96  0.0
61.08  0.0
61.199999999999996  0.0
61.32  0.0
61.44  0.0
61.559999999999995  0.0
61.68  0.0
61.8  0.0
61.919999999999995  0.0
62.04  0.0
62.16  0.0
62.28  0.0
62.4  0.0
62.519999999999996  0.0
62.64  0.0
62.76  0.0
62.879999999999995  0.0
63.0  0.0004972623588805694
63.12  0.007106137439200501
63.239999999999995  0.013704575691556857
63.36  0.020282885948920498
63.48  0.02683140660637103
63.599999999999994  0.03334051981115756
63.72  0.03980066558850018
63.839999999999996  0.04620235588237983
63.96  0.05253618849071015
64.08  0.058792860874402705
64.2  0.0649631838200718
64.32  0.07103809493628202
64.44  0.07700867196354363
64.56  0.08286614587848631
64.67999999999999  0.08860191377297964
64.8  0.094207551489279
64.92  0.09967482599263491
65.03999999999999  0.10499570746320369
65.16  0.11016238108949487
65.28  0.11516725854603019
65.39999999999999  0.12000298913836566
65.52  0.1246624705991031
65.64  0.12913885951903162
65.75999999999999  0.1334255813980863
65.88  0.13751634030135818
66.0  0.14140512810597047
66.12  0.14508623332524725
66.24  0.14855424949720855
66.36  0.15180408312507576
66.48  0.15483096115811987
66.6  0.1576304380018714
66.72  0.16019840204739427
66.84  0.16253108171002742
66.96  0.16462505096873753
67.08  0.16647723439793727
67.2  0.16808491168438
67.32  0.1694457216225014
67.44  0.17055766558233815
67.56  0.1714191104449258
67.67999999999999  0.17202879100087218
67.8  0.17238581180857793
67.92  0.17248964850937673
68.03999999999999  0.1723401485976646
68.16  0.1719375316448856
68.28  0.17128238897704584
68.39999999999999  0.17037568280622956
68.52  0.16921874481739183
68.64  0.1678132742125052
68.75999999999999  0.16616133521493107
68.88  0.16426535403768155
69.0  0.16212811532002636
69.12  0.1597527580376752
69.24  0.15714277089254536
69.36  0.15430198718888247
69.48  0.1512345792032644
69.6  0.14794505205675226
69.72  0.14443823709819023
69.84  0.1407192848083754
69.96  0.13679365723551412
70.08  0.13266711997307692
70.2  0.12834573369183766
70.32  0.12383584523852818
70.44  0.11914407831418382
70.56  0.11427732374587533
70.67999999999999  0.10924272936610747
70.8  0.10404768951475156
70.92  0.09869983417893587
71.03999999999999  0.09320701778683493
71.16  0.0875773076718207
71.28  0.08181897222392343
71.39999999999999  0.07594046874599435
71.52  0.06995043103241141
71.64  0.06385765668857521
71.75999999999999  0.05767109420981044
71.88  0.051399829838651184
72.0  0.04505307421982927
72.11999999999999  0.03864014887253679
72.24  0.03217047249985187
72.36  0.02565354715543719
72.48  0.019098944287812822
72.6  0.01251629068270934
72.72  0.005915254324145761
72.84  0.0
72.96  0.0
73.08  0.0
73.2  0.0
73.32  0.0
73.44  0.0
73.56  0.0
73.67999999999999  0.0
73.8  0.0
73.92  0.0
74.03999999999999  0.0
74.16  0.0
74.28  0.0
74.39999999999999  0.0
74.52  0.0
74.64  0.0
74.75999999999999  0.0
74.88  0.0
75.0  0.0
75.11999999999999  0.0
75.24  0.0
75.36  0.0
75.48  0.0
75.6  0.0
75.72  0.0
75.84  0.0
75.96  0.0
76.08  0.0
76.2  0.0
76.32  0.0
76.44  0.0
76.56  0.0
76.67999999999999  0.0
76.8  0.0
76.92  0.0
77.03999999999999  0.0
77.16  0.0
77.28  0.0
77.39999999999999  0.0
77.52  0.0
77.64  0.0
77.75999999999999  0.0
77.88  0.0
78.0  0.0
78.11999999999999  0.0
78.24  0.0
78.36  0.0
78.48  0.0
78.6  0.0
78.72  0.0
78.84  0.0
78.96  0.0
79.08  0.0
79.2  0.0
79.32  0.0
79.44  0.0
79.56  0.0
79.67999999999999  0.0
79.8  0.0
79.92  0.0
80.03999999999999  0.0
80.16  0.0
80.28  0.0
80.39999999999999  0.0
80.52  0.0
80.64  0.0
80.75999999999999  0.0
80.88  0.0
81.0  0.0
81.11999999999999  0.0
81.24  0.0
81.36  0.0
81.48  0.0
81.6  0.0
81.72  0.0
81.84  0.0
81.96  0.0
82.08  0.0
82.2  0.0
82.32  0.0
82.44  0.0
82.56  0.0
82.67999999999999  0.000891676343336853
82.8  0.007500200938634495
82.92  0.014097709942472773
83.03999999999999  0.02067451355261378
83.16  0.027220952376961045
83.28  0.03372741162036477
83.39999999999999  0.040184335205932176
83.52  0.04658223981010132
83.64  0.052911728790847566
83.75999999999999  0.059163505988596925
83.88  0.06532838937955412
84.0  0.07139732456139189
84.11999999999999  0.0773613980515089
84.24  0.08321185037832333
84.36  0.08894008894635407
84.47999999999999  0.09453770065622318
84.6  0.09999646426102803
84.72  0.10530836244093415
84.84  0.11046559357826463
84.96  0.11546058321578309
85.08  0.1202859951813478
85.2  0.12493474236259014
85.32  0.12939999711580186
85.44  0.1336752012937387
85.56  0.1377540758776093
85.67999999999999  0.1416306301991102
85.8  0.1452991707389585
85.92  0.14875430948899648
86.03999999999999  0.15199097186559374
86.16  0.15500440416272027
86.28  0.1577901805337422
86.39999999999999  0.16034420949169098
86.52  0.16266273991845617
86.64  0.16474236657407454
86.75999999999999  0.16658003509802752
86.88  0.16817304649520015
87.0  0.16951906109991072
87.11999999999999  0.17061610201219257
87.24  0.17146255800127988
87.36  0.17205718587203156
87.47999999999999  0.1723991122908197
87.6  0.17248783506820056
87.72  0.17232322389648272
87.84  0.1719055205411112
87.96  0.1712353384855849
88.08  0.1703136620304294
88.2  0.1691418448475492
88.32  0.16772160799208105
88.44  0.16605503737466945
88.56  0.16414458069787735
88.67999999999999  0.16199304386123015
88.8  0.15960358684017292
88.92  0.1569797190449962
89.03999999999999  0.15412529416654283
89.16  0.1510445045162677
89.28  0.14774187486896534
89.39999999999999  0.1442222558172051
89.52  0.14049081664723292
89.64  0.13655303774681418
89.75999999999999  0.13241470255615034
89.88  0.12808188907370355
90.0  0.12356096092940655
90.11999999999999  0.11885855803835957
90.24  0.11398158684874082
90.36  0.10893721019827028
90.47999999999999  0.10373283679410215
90.6  0.09837611033160995
90.72  0.09287489826804667
90.84  0.0872372802675599
90.96  0.08147153633454013
91.08  0.0755861346527249
91.2  0.06958971914792844
91.32  0.06349109679265269
91.44  0.05729922467123068
91.56  0.05102319682450482
91.67999999999999  0.044672230893351254
91.8  0.03825565458067204
91.92  0.03178289195174364
92.03999999999999  0.025263449593032436
92.16  0.01870690264981048
92.28  0.012122880763084203
92.39999999999999  0.005521053926479329
92.52  0.0
92.64  0.0
92.75999999999999  0.0
92.88  0.0
93.0  0.0
93.11999999999999  0.0
93.24  0.0
93.36  0.0
93.47999999999999  0.0
93.6  0.0
93.72  0.0
93.84  0.0
93.96  0.0
94.08  0.0
94.2  0.0
94.32  0.0
94.44  0.0
94.56  0.0
94.67999999999999  0.0
94.8  0.0
94.92  0.0
95.03999999999999  0.0
95.16  0.0
95.28  0.0
95.39999999999999  0.0
95.52  0.0
95.64  0.0
95.75999999999999  0.0
95.88  0.0
96.0  0.0
96.11999999999999  0.0
96.24  0.0
96.36  0.0
96.47999999999999  0.0
96.6  0.0
96.72  0.0
96.84  0.0
96.96  0.0
97.08  0.0
97.2  0.0
97.32  0.0
97.44  0.0
97.56  0.0
97.67999999999999  0.0
97.8  0.0
97.92  0.0
98.03999999999999  0.0
98.16  0.0
98.28  0.0
98.39999999999999  0.0
98.52  0.0
98.64  0.0
98.75999999999999  0.0
98.88  0.0
99.0  0.0
99.11999999999999  0.0
99.24  0.0
99.36  0.0
99.47999999999999  0.0
99.6  0.0
99.72  0.0
99.84  0.0
99.96  0.0
100.08  0.0
100.2  0.0
100.32  0.0
100.44  0.0
100.56  0.0
100.67999999999999  0.0
100.8  0.0
100.92  0.0
101.03999999999999  0.0
101.16  0.0
101.28  0.0
101.39999999999999  0.0
101.52  0.0
101.64  0.0
101.75999999999999  0.0
101.88  0.0
102.0  0.0
102.11999999999999  0.0
102.24  0.0
102.36  0.00128608566562817
102.47999999999999  0.007894225222971056
102.6  0.014490770482954884
102.72  0.021066033058796445
102.83999999999999  0.02761035582172589
102.96  0.03411412708446772
103.08  0.040567794717981706
103.2  0.04696188018074226
103.32  0.05328699243992131
103.44  0.05953384176406465
103.56  0.06569325336697424
103.67999999999999  0.07175618088277001
103.8  0.07771371965235027
103.92  0.08355711980171593
104.03999999999999  0.08927779909296032
104.16  0.09486735552906686
104.28  0.10031757969396002
104.39999999999999  0.1056204668097321
104.52  0.11076822849331566
104.64  0.11575330419531804
104.75999999999999  0.12056837230425319
104.88  0.1252063608998426
105.0  0.1296604581395771
105.11999999999999  0.13392412226332143
105.24  0.13799109120123426
105.36  0.14185539177090684
105.47999999999999  0.1455113484502172
105.6  0.14895359171300243
105.72  0.1521770659153129
105.83999999999999  0.1551770367206718
105.96  0.15794909805342214
106.08  0.160489178569956
106.2  0.16279354763832554
106.32  0.1648588208174414
106.44  0.16668196482782544
106.56  0.16826030200660524
106.67999999999999  0.169591514240214
106.8  0.17067364636901933
106.92  0.17150510905887786
107.03999999999999  0.17208468113539932
107.16  0.17241151137749422
107.28  0.17248511976756653
107.39999999999999  0.17230539819651902
107.52  0.17187261062253356
107.64  0.17118739268339384
107.75999999999999  0.1702507507629211
107.88  0.16906406051289097
108.0  0.16762906483260545
108.11999999999999  0.16594787130908695
108.24  0.16402294912165066
108.36  0.16185712541540626
108.47999999999999  0.15945358114901353
108.6  0.15681584642278681
108.72  0.15394779529401542
108.83999999999999  0.15085364008711383
108.96  0.14753792520695141
109.08  0.14400552046445855
109.2  0.1402616139243071
109.32  0.13631170428516415
109.44  0.13216159280372078
109.56  0.1278173747743532
109.67999999999999  0.12328543057692168
109.8  0.11857241630586912
109.92  0.11368525399437703
110.03999999999999  0.10863112144792728
110.16  0.10341744170221828
110.28  0.09805187212090488
110.39999999999999  0.09254229314918483
110.52  0.08689679673973441
110.64  0.08112367446801041
110.75999999999999  0.07523140535436526
110.88  0.06922864341085114
111.0  0.063124204931022
111.11999999999999  0.056927055541392345
111.24  0.05064629703355934
111.36  0.04429115399634856
111.47999999999999  0.03787096026760705
111.6  0.031395145225530836
111.72  0.02487321993968252
111.83999999999999  0.01831476320202822
111.96  0.011729407458499451
112.08  0.005126824661763792
112.2  0.0
112.32  0.0
112.44  0.0
112.56  0.0
112.67999999999999  0.0
112.8  0.0
112.92  0.0
113.03999999999999  0.0
113.16  0.0
113.28  0.0
113.39999999999999  0.0
113.52  0.0
113.64  0.0
113.75999999999999  0.0
113.88  0.0
114.0  0.0
114.11999999999999  0.0
114.24  0.0
114.36  0.0
114.47999999999999  0.0
114.6  0.0
114.72  0.0
114.83999999999999  0.0
114.96  0.0
115.08  0.0
115.19999999999999  0.0
115.32  0.0
115.44  0.0
115.56  0.0
115.67999999999999  0.0
115.8  0.0
115.92  0.0
116.03999999999999  0.0
116.16  0.0
116.28  0.0
116.39999999999999  0.0
116.52  0.0
116.64  0.0
116.75999999999999  0.0
116.88  0.0
117.0  0.0
117.11999999999999  0.0
117.24  0.0
117.36  0.0
117.47999999999999  0.0
117.6  0.0
117.72  0.0
117.83999999999999  0.0
117.96  0.0
118.08  0.0
118.19999999999999  0.0
118.32  0.0
118.44  0.0
118.56  0.0
118.67999999999999  0.0
118.8  0.0
118.92  0.0
119.03999999999999  0.0
119.16  0.0
119.28  0.0
119.39999999999999  0.0
119.52  0.0
119.64  0.0
119.75999999999999  0.0
119.88  0.0
120.0  0.0
