0.0  0.0  100.0
0.12  0.0
0.24  0.0
0.36  0.0
0.48  0.0
0.6  0.0
0.72  0.0
0.84  0.0
0.96  0.0
1.08  0.0
1.2  0.0
1.3199999999999998  0.0
1.44  0.0
1.56  0.0
1.68  0.0
1.7999999999999998  0.0
1.92  0.0
2.04  0.0
2.16  0.0
2.28  0.0
2.4  0.0
2.52  0.0
2.6399999999999997  0.0
2.76  0.0
2.88  0.0
3.0  0.0
3.12  0.0
3.2399999999999998  0.0
3.36  0.0
3.48  0.0
3.5999999999999996  0.0
3.7199999999999998  0.0
3.84  0.0
3.96  0.0
4.08  0.0
4.2  0.0
4.32  0.0
4.4399999999999995  0.0
4.56  0.0
4.68  0.0
4.8  0.0
4.92  0.0
5.04  0.0
5.16  0.0
5.279999999999999  0.0
5.3999999999999995  0.0
5.52  0.0
5.64  0.0
5.76  0.0
5.88  0.0
6.0  0.0
6.12  0.0
6.24  0.0
6.359999999999999  0.0
6.4799999999999995  0.0
6.6  0.0
6.72  0.0
6.84  0.0
6.96  0.0
7.08  0.0
7.199999999999999  0.0
7.319999999999999  0.0
7.4399999999999995  0.0
7.56  0.0
7.68  0.0
7.8  0.0
7.92  0.0
8.04  0.0
8.16  0.0
8.28  0.000636580141365306
8.4  0.027529924701691577
8.52  0.05438283589151127
8.64  0.08115587467424779
8.76  0.1078097193224199
8.879999999999999  0.1343052231697096
9.0  0.16060347210591155
9.12  0.1866658417303257
9.24  0.21245405407965684
9.36  0.2379302338470914
9.48  0.26305696400999845
9.6  0.287797340784539
9.719999999999999  0.3121150278264832
9.84  0.33597430959862407
9.959999999999999  0.3593401438264051
10.08  0.3821782129647282
10.2  0.40445497460034185
10.32  0.4261377107157933
10.44  0.4471945757425801
10.559999999999999  0.4675946433329354
10.68  0.487307951781546
10.799999999999999  0.5063055480304921
10.92  0.5245595301927847
11.04  0.5420430885320373
11.16  0.5587305448380937
11.28  0.5745973901407713
11.4  0.58962032070634
11.52  0.6037772722638566
11.639999999999999  0.6170474524110987
11.76  0.6294113711524932
11.879999999999999  0.6408508695241923
12.0  0.6513491462642578
12.12  0.6608907824887763
12.24  0.6694617643376715
12.36  0.6770495035569448
12.48  0.6836428559871236
12.6  0.6892321379307556
12.719999999999999  0.6938091403749163
12.84  0.6973671410478366
12.959999999999999  0.6999009142919448
13.08  0.7014067387388219
13.2  0.7018824027747989
13.32  0.7013272077891672
13.44  0.6997419692002327
13.559999999999999  0.6971290152577054
13.68  0.6934921836231851
13.799999999999999  0.6888368157337641
13.92  0.683169748957025
14.04  0.6764993065489576
14.16  0.6688352854295404
14.28  0.6601889417939447
14.399999999999999  0.6505729745804905
14.52  0.6400015068196369
14.639999999999999  0.6284900648914019
14.76  0.6160555557216695
14.879999999999999  0.6027162419508855
15.0  0.5884917151116033
15.12  0.5734028668542799
15.24  0.5574718582635783
15.36  0.5407220873102473
15.479999999999999  0.523178154486376
15.6  0.5048658266745
15.719999999999999  0.4858119993036216
15.84  0.4660446568477257
15.959999999999999  0.4455928317248127
16.08  0.42448656165680343
16.2  0.40275684555295443
16.32  0.380435597981567
16.439999999999998  0.3575556022968636
16.56  0.334150462489872
16.68  0.310254553834038
16.8  0.28590297239804807
16.919999999999998  0.2611314835000171
17.04  0.23597646917874043
17.16  0.21047487475917592
17.28  0.18466415459061172
17.4  0.1585822170372343
17.52  0.1322673688018769
17.64  0.10575825866473254
17.759999999999998  0.07909382071964949
17.88  0.05231321719138554
18.0  0.025455780917809978
18.12  0.0
18.24  0.0
18.36  0.0
18.48  0.0
18.599999999999998  0.0
18.72  0.0
18.84  0.0
18.96  0.0
19.08  0.0
19.2  0.0
19.32  0.0
19.439999999999998  0.0
19.56  0.0
19.68  0.0
19.8  0.0
19.919999999999998  0.0
20.04  0.0
20.16  0.0
20.279999999999998  0.0
20.4  0.0
20.52  0.0
20.64  0.0
20.759999999999998  0.0
20.88  0.0
21.0  0.0
21.119999999999997  0.0
21.24  0.0
21.36  0.0
21.48  0.0
21.599999999999998  0.0
21.72  0.0
21.84  0.0
21.96  0.0
22.08  0.0
22.2  0.0
22.32  0.0
22.439999999999998  0.0
22.56  0.0
22.68  0.0
22.8  0.0
22.919999999999998  0.0
23.04  0.0
23.16  0.0
23.279999999999998  0.0
23.4  0.0
23.52  0.0
23.64  0.0
23.759999999999998  0.0
23.88  0.0
24.0  0.0
24.119999999999997  0.0
24.24  0.0
24.36  0.0
24.48  0.0
24.599999999999998  0.0
24.72  0.0
24.84  0.0
24.96  0.0
25.08  0.0
25.2  0.0
25.32  0.0
25.439999999999998  0.0
25.56  0.0
25.68  0.0
25.8  0.0
25.919999999999998  0.0
26.04  0.0
26.16  0.0
26.279999999999998  0.0
26.4  0.0
26.52  0.0
26.64  0.0
26.759999999999998  0.0
26.88  0.0
27.0  0.0
27.119999999999997  0.0
27.24  0.0
27.36  0.0
27.48  0.0
27.599999999999998  0.0
27.72  0.0
27.84  0.0
27.959999999999997  0.0022415028145718052
28.08  0.029133542713433547
28.2  0.05598279399810879
28.32  0.08274982300734221
28.439999999999998  0.10939531684024634
28.56  0.13588014109539812
28.68  0.1621653973477723
28.799999999999997  0.18821248027910614
28.919999999999998  0.21398313437776362
29.04  0.2394395101248447
29.16  0.2645442195840024
29.279999999999998  0.28926039131334313
29.4  0.3135517245187377
29.52  0.33738254236901866
29.64  0.3607178443947702
29.759999999999998  0.38352335789372544
29.88  0.4057655882673033
30.0  0.4274118682143292
30.119999999999997  0.44843040570969905
30.24  0.4687903306975293
30.36  0.48846174043019536
30.48  0.507415743386679
30.599999999999998  0.5256245017057298
30.72  0.5430612720715
30.84  0.559700444991619
30.959999999999997  0.5755175824100107
31.08  0.5904894535992218
31.2  0.6045940692795321
31.32  0.6178107139147435
31.439999999999998  0.6301199761372207
31.56  0.6415037772574841
31.68  0.6519453978164912
31.799999999999997  0.6614295021416129
31.919999999999998  0.6699421608702285
32.04  0.6774708714078671
32.16  0.6840045762908444
32.28  0.6895336794264305
32.4  0.6940500601866872
32.519999999999996  0.6975470853352874
32.64  0.7000196187697889
32.76  0.7014640290650591
32.879999999999995  0.701878194806773
33.0  0.701261507707147
33.12  0.6996148734983346
33.24  0.6969407106021719
33.36  0.6932429465782274
33.48  0.6885270123553702
33.6  0.6827998342553303
33.72  0.6760698238199707
33.839999999999996  0.6683468654571989
33.96  0.6596423019236793
34.08  0.6499689176656563
34.199999999999996  0.6393409200423574
34.32  0.6277739184595574
34.44  0.6152849014439502
34.56  0.60189221169199
34.68  0.5876155191298649
34.8  0.5724757920241502
34.92  0.5564952661855879
35.04  0.5396974123112156
35.16  0.5221069015128056
35.28  0.5037495690822511
35.4  0.48465237654711735
35.519999999999996  0.46484337207207377
35.64  0.4443516492643841
35.76  0.42320730444394783
35.879999999999995  0.4014413924406456
36.0  0.37908588098391544
36.12  0.35617360375156587
36.24  0.3327382121467276
36.36  0.308814125873855
36.48  0.2844364823862703
36.6  0.2596410852795833
36.72  0.23446435170672802
36.839999999999996  0.20894325889185875
36.96  0.1831152898216762
37.08  0.157018378193937
37.199999999999996  0.13069085270398995
37.32  0.10417138075118831
37.44  0.07749891164784495
37.559999999999995  0.050712619414129245
37.68  0.023851845242945702
37.8  0.0
37.92  0.0
38.04  0.0
38.16  0.0
38.28  0.0
38.4  0.0
38.519999999999996  0.0
38.64  0.0
38.76  0.0
38.879999999999995  0.0
39.0  0.0
39.12  0.0
39.24  0.0
39.36  0.0
39.48  0.0
39.6  0.0
39.72  0.0
39.839999999999996  0.0
39.96  0.0
40.08  0.0
40.199999999999996  0.0
40.32  0.0
40.44  0.0
40.559999999999995  0.0
40.68  0.0
40.8  0.0
40.92  0.0
41.04  0.0
41.16  0.0
41.28  0.0
41.4  0.0
41.519999999999996  0.0
41.64  0.0
41.76  0.0
41.879999999999995  0.0
42.0  0.0
42.12  0.0
42.239999999999995  0.0
42.36  0.0
42.48  0.0
42.6  0.0
42.72  0.0
42.839999999999996  0.0
42.96  0.0
43.08  0.0
43.199999999999996  0.0
43.32  0.0
43.44  0.0
43.559999999999995  0.0
43.68  0.0
43.8  0.0
43.92  0.0
44.04  0.0
44.16  0.0
44.28  0.0
44.4  0.0
44.519999999999996  0.0
44.64  0.0
44.76  0.0
44.879999999999995  0.0
45.0  0.0
45.12  0.0
45.239999999999995  0.0
45.36  0.0
45.48  0.0
45.6  0.0
45.72  0.0
45.839999999999996  0.0
45.96  0.0
46.08  0.0
46.199999999999996  0.0
46.32  0.0
46.44  0.0
46.559999999999995  0.0
46.68  0.0
46.8  0.0
46.92  0.0
47.04  0.0
47.16  0.0
47.28  0.0
47.4  0.0
47.519999999999996  0.0
47.64  0.003846413767993606
47.76  0.030737008399298882
47.879999999999995  0.05758245939645504
48.0  0.08434333867972013
48.12  0.1109803423803386
48.239999999999995  0.13745434856640068
48.36  0.1637264747014486
48.48  0.18975813475150022
48.6  0.21551109585660316
48.72  0.24094753448366274
48.839999999999996  0.26603009197810673
48.96  0.2907219294327691
49.08  0.31498678179341677
49.199999999999996  0.3387890111214659
49.32  0.36209365893563905
49.44  0.384866497555699
49.559999999999995  0.4070740803728614
49.68  0.4286837909730316
49.8  0.4496638910407315
49.92  0.4699835669733657
50.04  0.489612975137343
50.16  0.5085232856996106
50.28  0.5266867249702091
50.4  0.5440766161936551
50.519999999999996  0.5606674187292621
50.64  0.5764347655628412
50.76  0.5913554990946759
50.879999999999995  0.6054077051512377
51.0  0.6185707451706708
51.12  0.630825286514768
51.239999999999995  0.6421533308629406
51.36  0.6525382406464646
51.48  0.6619647634841759
51.6  0.6704190545837398
51.72  0.6778886970755823
51.839999999999996  0.6843627202496249
51.96  0.6898316156680306
52.08  0.6942873511303079
52.199999999999996  0.697723382470254
52.32  0.7001346631674099
52.44  0.7015176517589169
52.559999999999995  0.7018703170408861
52.68  0.7011921410516386
52.8  0.6994841198324402
52.919999999999995  0.6967487619646087
53.04  0.6929900848851451
53.16  0.6882136089862994
53.28  0.6824263495077362
53.4  0.6756368062332097
53.519999999999996  0.6678549510068754
53.64  0.6590922130875864
53.76  0.6493614623626667
53.879999999999995  0.6386769904458269
54.0  0.6270544896869871
54.12  0.614511030124824
54.239999999999995  0.6010650344158951
54.36  0.586736250777177
54.48  0.5715457239817328
54.6  0.5555157644501206
54.72  0.5386699154829488
54.839999999999996  0.5210329186826808
54.96  0.5026306776154859
55.08  0.48349021976652296
55.199999999999996  0.4636396568444927
55.32  0.44310814349380917
55.44  0.42192583447498855
55.559999999999995  0.4001238403761601
55.68  0.3777341819207643
55.8  0.35478974293851373
55.919999999999995  0.33132422206870205
56.04  0.30737208326681686
56.16  0.2829685051871097
56.28  0.25814932951548164
56.4  0.23295100832859178
56.519999999999996  0.20741055055646
56.64  0.18156546762721604
56.76  0.15545371837384692
56.879999999999995  0.12911365328381752
57.0  0.1025839581734656
57.12  0.07590359736991875
57.239999999999995  0.04911175648393895
57.36  0.022247784857766517
57.48  0.0
57.599999999999994  0.0
57.72  0.0
57.839999999999996  0.0
57.96  0.0
58.08  0.0
58.199999999999996  0.0
58.32  0.0
58.44  0.0
58.559999999999995  0.0
58.68  0.0
58.8  0.0
58.919999999999995  0.0
59.04  0.0
59.16  0.0
59.28  0.0
59.4  0.0
59.519999999999996  0.0
59.64  0.0
59.76  0.0
59.879999999999995  0.0
60.0  0.0
60.12  0.0
60.239999999999995  0.0
60.36  0.0
60.48  0.0
60.599999999999994  0.0
60.72  0.0
60.839999999999996  0.0
60.96  0.0
61.08  0.0
61.199999999999996  0.0
61.32  0.0
61.44  0.0
61.559999999999995  0.0
61.68  0.0
61.8  0.0
61.919999999999995  0.0
62.04  0.0
62.16  0.0
62.28  0.0
62.4  0.0
62.519999999999996  0.0
62.64  0.0
62.76  0.0
62.879999999999995  0.0
63.0  0.0
63.12  0.0
63.239999999999995  0.0
63.36  0.0
63.48  0.0
63.599999999999994  0.0
63.72  0.0
63.839999999999996  0.0
63.96  0.0
64.08  0.0
64.2  0.0
64.32  0.0
64.44  0.0
64.56  0.0
64.67999999999999  0.0
64.8  0.0
64.92  0.0
65.03999999999999  0.0
65.16  0.0
65.28  0.0
65.39999999999999  0.0
65.52  0.0
65.64  0.0
65.75999999999999  0.0
65.88  0.0
66.0  0.0
66.12  0.0
66.24  0.0
66.36  0.0
66.48  0.0
66.6  0.0
66.72  0.0
66.84  0.0
66.96  0.0
67.08  0.0
67.2  0.0
67.32  0.0054513046102853124
67.44  0.03234031337549936
67.56  0.059181823722640664
67.67999999999999  0.08593641335961713
67.8  0.11256478765532774
67.92  0.13902783735191565
68.03999999999999  0.16528669600478454
68.16  0.1913027970659925
68.28  0.21703793052716552
68.39999999999999  0.24245429903877955
68.52  0.2675145734233686
68.64  0.29218194750110416
68.75999999999999  0.3164201921472661
68.88  0.34019370850218855
69.0  0.36346758025551174
69.12  0.3862076249279914
69.24  0.4083804440755133
69.36  0.42995347234160264
69.48  0.4508950252863516
69.6  0.471174345921559
69.72  0.49076164988371357
69.84  0.5096281691784621
69.96  0.527746194432346
70.08  0.5450891155897342
70.2  0.5616314609951658
70.32  0.5773489348037342
70.44  0.5922184526645475
70.56  0.606218175624849
70.67999999999999  0.6193275422050273
70.8  0.6315272985973907
70.92  0.6427995269443469
71.03999999999999  0.6531276716544756
71.16  0.6624965637178291
71.28  0.6708924429847464
71.39999999999999  0.6783029783754726
71.52  0.6847172859908941
71.64  0.6901259450977839
71.75999999999999  0.6945210119650931
71.88  0.6978960315309599
72.0  0.7002460468832937
72.11999999999999  0.7015676065400271
72.24  0.7018587695183269
72.36  0.7011191081853279
72.48  0.6993497088861997
72.6  0.6965531703486262
72.72  0.6927335998660351
72.84  0.6878966072651936
72.96  0.6820492966670229
73.08  0.6752002560527237
73.2  0.667359544650565
73.32  0.6585386781618285
73.44  0.6487506118476255
73.56  0.6380097215014287
73.67999999999999  0.6263317823352544
73.8  0.6137339458105074
73.92  0.6002347144475296
74.03999999999999  0.5858539146508314
74.16  0.570612667589925
74.28  0.5545333581785397
74.39999999999999  0.5376396021977572
74.52  0.5199562116113632
74.64  0.5015091581243719
74.75999999999999  0.48232553503821896
74.88  0.462433517458655
75.0  0.4418623209148061
75.11999999999999  0.42064215845013936
75.24  0.3988041962483737
75.36  0.3763805078595248
75.48  0.3534040270932766
75.6  0.3299084996488951
75.72  0.3059284335527033
75.84  0.2814990484759421
75.96  0.2566562240074154
76.08  0.23143644695690951
76.2  0.20587675776680386
76.32  0.1800146961105377
76.44  0.15388824575785198
76.56  0.12753577878780725
76.67999999999999  0.10099599923146624
76.8  0.07430788622703732
76.92  0.04751063677098771
77.03999999999999  0.020643608149165604
77.16  0.0
77.28  0.0
77.39999999999999  0.0
77.52  0.0
77.64  0.0
77.75999999999999  0.0
77.88  0.0
78.0  0.0
78.11999999999999  0.0
78.24  0.0
78.36  0.0
78.48  0.0
78.6  0.0
78.72  0.0
78.84  0.0
78.96  0.0
79.08  0.0
79.2  0.0
79.32  0.0
79.44  0.0
79.56  0.0
79.67999999999999  0.0
79.8  0.0
79.92  0.0
80.03999999999999  0.0
80.16  0.0
80.28  0.0
80.39999999999999  0.0
80.52  0.0
80.64  0.0
80.75999999999999  0.0
80.88  0.0
81.0  0.0
81.11999999999999  0.0
81.24  0.0
81.36  0.0
81.48  0.0
81.6  0.0
81.72  0.0
81.84  0.0
81.96  0.0
82.08  0.0
82.2  0.0
82.32  0.0
82.44  0.0
82.56  0.0
82.67999999999999  0.0
82.8  0.0
82.92  0.0
83.03999999999999  0.0
83.16  0.0
83.28  0.0
83.39999999999999  0.0
83.52  0.0
83.64  0.0
83.75999999999999  0.0
83.88  0.0
84.0  0.0
84.11999999999999  0.0
84.24  0.0
84.36  0.0
84.47999999999999  0.0
84.6  0.0
84.72  0.0
84.84  0.0
84.96  0.0
85.08  0.0
85.2  0.0
85.32  0.0
85.44  0.0
85.56  0.0
85.67999999999999  0.0
85.8  0.0
85.92  0.0
86.03999999999999  0.0
86.16  0.0
86.28  0.0
86.39999999999999  0.0
86.52  0.0
86.64  0.0
86.75999999999999  0.0
86.88  0.0
87.0  0.007056166950220655
87.11999999999999  0.033943449259095315
87.24  0.06078087861432244
87.36  0.08752903871758785
87.47999999999999  0.11414864438087896
87.6  0.14060059922489113
87.72  0.16684605310010622
87.84  0.19284645914625753
87.96  0.21856363040633656
88.08  0.243959795912022
88.2  0.26899765615812055
88.32  0.29364043788458744
88.44  0.3178519480856476
88.56  0.34159662716667305
88.67999999999999  0.36483960117078634
88.8  0.387546732998463
88.92  0.40968467254488705
89.03999999999999  0.4312209056814631
89.16  0.4521238020095237
89.28  0.47236266131607896
89.39999999999999  0.49190775866341396
89.52  0.5107303880463022
89.64  0.5288029045526643
89.75999999999999  0.5460987649658431
89.88  0.562592566748792
90.0  0.5782600853529216
90.11999999999999  0.5930783097968492
90.24  0.6070254764627849
90.36  0.62008110106087
90.47999999999999  0.6322260087145901
90.6  0.6434423621230384
90.72  0.653713687758661
90.84  0.6630249000620345
90.96  0.671362323598118
91.08  0.6787137131414518
91.2  0.6850682716607917
91.32  0.6904166661767772
91.44  0.6947510414693385
91.56  0.6980650316147023
91.67999999999999  0.700353769335066
91.8  0.701613893147199
91.92  0.7018435522994725
92.03999999999999  0.7010424094900704
92.16  0.699211641362387
92.28  0.6963539367768827
92.39999999999999  0.6924734928619396
92.52  0.6875760088495104
92.64  0.6816686777046241
92.75999999999999  0.674760175561033
92.88  0.6668606489785188
93.0  0.6579817000405821
93.11999999999999  0.6481363693143886
93.24  0.6373391166980041
93.36  0.6256058001830593
93.47999999999999  0.6129536525640166
93.6  0.599401256128254
93.72  0.5849685153641531
93.84  0.5696766277272479
93.96  0.553548052507395
94.08  0.5366064778426688
94.2  0.5188767859284564
94.32  0.5003850164728184
94.44  0.48115832845180434
94.56  0.46122496022090637
94.67999999999999  0.44061418804120733
94.8  0.4193562830811499
94.92  0.39748246695709494
95.03999999999999  0.3750248658779355
95.16  0.3520164634611287
95.28  0.3284910522894665
95.39999999999999  0.304483184279695
95.52  0.2800281199358843
95.64  0.2551617765621432
95.75999999999999  0.2299206755106264
95.88  0.20434188854239368
96.0  0.17846298337990885
96.11999999999999  0.15232196853108904
96.24  0.12595723746594573
96.36  0.09940751222789623
96.47999999999999  0.07271178656244048
96.6  0.04590926864680078
96.72  0.019039323504644212
96.84  0.0
96.96  0.0
97.08  0.0
97.2  0.0
97.32  0.0
97.44  0.0
97.56  0.0
97.67999999999999  0.0
97.8  0.0
97.92  0.0
98.03999999999999  0.0
98.16  0.0
98.28  0.0
98.39999999999999  0.0
98.52  0.0
98.64  0.0
98.75999999999999  0.0
98.88  0.0
99.0  0.0
99.11999999999999  0.0
99.24  0.0
99.36  0.0
99.47999999999999  0.0
99.6  0.0
99.72  0.0
99.84  0.0
99.96  0.0
100.08  0.0
100.2  0.0
100.32  0.0
100.44  0.0
100.56  0.0
100.67999999999999  0.0
100.8  0.0
100.92  0.0
101.03999999999999  0.0
101.16  0.0
101.28  0.0
101.39999999999999  0.0
101.52  0.0
101.64  0.0
101.75999999999999  0.0
101.88  0.0
102.0  0.0
102.11999999999999  0.0
102.24  0.0
102.36  0.0
102.47999999999999  0.0
102.6  0.0
102.72  0.0
102.83999999999999  0.0
102.96  0.0
103.08  0.0
103.2  0.0
103.32  0.0
103.44  0.0
103.56  0.0
103.67999999999999  0.0
103.8  0.0
103.92  0.0
104.03999999999999  0.0
104.16  0.0
104.28  0.0
104.39999999999999  0.0
104.52  0.0
104.64  0.0
104.75999999999999  0.0
104.88  0.0
105.0  0.0
105.11999999999999  0.0
105.24  0.0
105.36  0.0
105.47999999999999  0.0
105.6  0.0
105.72  0.0
105.83999999999999  0.0
105.96  0.0
106.08  0.0
106.2  0.0
106.32  0.0
106.44  0.0
106.56  0.0
106.67999999999999  0.008660992396705813
106.8  0.03554640766802625
106.92  0.062379615710782405
107.03999999999999  0.0891212064265203
107.16  0.11573190427573496
107.28  0.1421726259620831
107.39999999999999  0.1684045378342475
107.52  0.1943891129211899
107.64  0.22008818751693643
107.75999999999999  0.2454640172318343
107.88  0.27047933242799893
108.0  0.2950973929574466
108.11999999999999  0.31928204212256306
108.24  0.34299775977969704
108.36  0.3662097145077996
108.47999999999999  0.3888838147655356
108.6  0.4109867589617664
108.72  0.4324860843657897
108.83999999999999  0.45335021478554094
108.96  0.47354850694376527
109.08  0.4930512954839763
109.2  0.5118299365401379
109.32  0.5298568498061087
109.44  0.5471055590429968
109.56  0.5635507309649669
109.67999999999999  0.5791682124464121
109.8  0.5939350659957892
109.92  0.607829603444046
110.03999999999999  0.6208314177981864
110.16  0.6329214132131353
110.28  0.6440818330379295
110.39999999999999  0.6542962858950125
110.52  0.663549769754364
110.64  0.6718286939670677
110.75999999999999  0.6791208992259771
110.88  0.6854156754241745
111.0  0.6907037773849654
111.11999999999999  0.6949774384403251
111.24  0.6982303818378576
111.36  0.7004578299594961
111.47999999999999  0.7016565113384213
111.6  0.7018246654638866
111.72  0.7009620453668881
111.83999999999999  0.6990699179828928
111.96  0.6961510622910799
112.08  0.692209765232838
112.2  0.6872518154155095
112.32  0.6812844946106236
112.44  0.6743165670591149
112.56  0.6663582665992328
112.67999999999999  0.6574212816360328
112.8  0.6475187379745466
112.92  0.6366651795418372
113.03999999999999  0.624876547026233
113.16  0.6121701544651443
113.28  0.5985646638158383
113.39999999999999  0.5840800575464922
113.52  0.5687376092878255
113.64  0.5525598525883961
113.75999999999999  0.5355705478194219
113.88  0.5177946472777838
114.0  0.4992582585384443
114.11999999999999  0.47998860611007027
114.24  0.4600139914502394
114.36  0.4393637513989251
114.47999999999999  0.4180682150912766
114.6  0.3961586594130418
114.72  0.3736672630640237
114.83999999999999  0.35062705929700144
114.96  0.32707188740159965
115.08  0.303036343004328
115.19999999999999  0.27855572725774447
115.32  0.25366599499344733
115.44  0.2284037019150063
115.56  0.20280595090834194
115.67999999999999  0.17691033754853044
115.8  0.15075489488289295
115.92  0.1243780375716862
116.03999999999999  0.09781850546822501
116.16  0.0711153067213911
116.28  0.044307660484182054
116.39999999999999  0.017434939312270414
116.52  0.0
116.64  0.0
116.75999999999999  0.0
116.88  0.0
117.0  0.0
117.11999999999999  0.0
117.24  0.0
117.36  0.0
117.47999999999999  0.0
117.6  0.0
117.72  0.0
117.83999999999999  0.0
117.96  0.0
118.08  0.0
118.19999999999999  0.0
118.32  0.0
118.44  0.0
118.56  0.0
118.67999999999999  0.0
118.8  0.0
118.92  0.0
119.03999999999999  0.0
119.16  0.0
119.28  0.0
119.39999999999999  0.0
119.52  0.0
119.64  0.0
119.75999999999999  0.0
119.88  0.0
120.0  0.0
