0.0  36.40897974921608
2.4  0.0
4.8  0.0
7.199999999999999  17.52667399674865
9.6  25.725028060644856
12.0  20.797333907578547
14.399999999999999  54.41108535836573
16.8  31.626536853810315
19.2  0.0
21.599999999999998  0.0
24.0  0.0
26.4  0.0
28.799999999999997  0.0
31.2  27.103953255009703
33.6  27.093255731235526
36.0  37.36796480450619
38.4  32.48587085504049
40.8  0.0
43.199999999999996  0.0
45.6  0.0
48.0  0.0
50.4  0.0
52.8  40.347300322113554
55.199999999999996  47.410557756726305
57.599999999999994  17.306291122445668
60.0  6.37606441915067
62.4  0.0
64.8  0.0
67.2  0.0
69.6  3.516218963458911
72.0  14.4200130482331
74.39999999999999  31.345156807935822
76.8  50.2270453490221
79.2  15.8059104850147
81.6  0.0
84.0  0.0
86.39999999999999  0.0
88.8  0.0
91.2  11.040340760219273
93.6  44.712084067456445
96.0  30.98989405087987
98.39999999999999  23.885164577199784
100.8  11.659354624156066
103.2  0.0
105.6  0.0
108.0  0.0
110.39999999999999  0.0
112.8  11.749978360207718
115.19999999999999  49.08955987328355
117.6  42.75338291636512
120.0  0.0
122.39999999999999  0.0
124.8  0.0
127.19999999999999  0.0
129.6  0.0
132.0  25.20337351596962
134.4  31.018554234535063
136.79999999999998  31.389821448515743
139.2  35.830366861633486
141.6  0.0
144.0  0.0
146.4  0.0
148.79999999999998  0.0
151.2  0.0
153.6  29.07978904566501
156.0  53.220833731508414
158.4  23.954914881707417
160.79999999999998  3.175660823401154
163.2  0.0
165.6  0.0
168.0  0.0
170.4  0.0
172.79999999999998  17.99490002592273
175.2  25.190962926894453
177.6  46.86964400046626
180.0  28.458354909228202
182.4  0.0
184.79999999999998  0.0
187.2  0.0
189.6  0.0
192.0  0.0
194.4  43.52946591969034
196.79999999999998  38.091880429534854
199.2  20.664774068396543
201.6  14.91349938339934
204.0  0.0
206.4  0.0
208.79999999999998  0.0
211.2  0.0
213.6  7.430660733925831
216.0  39.80340505334929
218.4  50.54914520425617
220.79999999999998  8.076725131437989
223.2  0.0
225.6  0.0
228.0  0.0
230.39999999999998  0.0
232.79999999999998  17.750517897108132
235.2  36.4622948711645
237.6  28.67960742710698
240.0  33.98998838944375
