0.0  46.40873440053675
1.68  48.24369862537951
3.36  13.507290377955322
5.04  27.399174420531214
6.72  55.84605638964865
8.4  29.07489613570303
10.08  12.748610293209367
11.76  46.91146799573741
13.44  14.437246246634786
15.12  0.0
16.8  0.0
18.48  22.527905889213763
20.16  0.0
21.84  0.0
23.52  14.070466671669443
25.2  13.953067489323566
26.88  0.0
28.56  0.0
30.24  22.525831127098236
31.919999999999998  0.0
33.6  0.0
35.28  14.552019942037848
36.96  13.45819992724202
38.64  0.0
40.32  0.0
42.0  22.50650035934879
43.68  0.0
45.36  0.0
47.04  15.02242557764455
48.72  12.95302265572261
50.4  0.0
52.08  0.0
53.76  22.469928394379632
55.44  0.0
57.12  0.0
58.8  15.481323222316865
60.48  12.437922667893101
62.16  0.0
63.839999999999996  0.0
65.52  22.416143248295004
67.2  0.0
68.88  0.0
70.56  15.928361335625613
72.24  11.91329455821906
73.92  0.0
75.6  0.0
77.28  22.34518612342739
78.96  0.0
80.64  0.0
82.32  16.363197462183873
84.0  11.379540220222461
85.67999999999999  0.0
87.36  0.0
89.03999999999999  22.257111376774407
90.72  0.0
92.39999999999999  0.0
94.08  16.785498493988335
95.75999999999999  10.837068538611286
97.44  0.0
99.11999999999999  0.0
100.8  22.151986478358
102.47999999999999  0.0
104.16  0.0
105.83999999999999  17.194940925595056
107.52  10.286295076048505
109.2  0.0
110.88  0.0
112.56  22.029891959539295
114.24  0.0
115.92  0.0
117.6  17.59121110194478
119.28  9.727641754812234
120.96  0.0
122.64  0.2307299751267955
124.32  21.89092135132703
126.0  0.0
127.67999999999999  0.0
129.35999999999999  17.974005458637563
131.04  9.161536533578484
132.72  0.0
134.4  0.8541038688030707
136.07999999999998  21.73518111272724
137.76  0.0
139.44  0.0
141.12  18.343030754482335
142.79999999999998  8.588413079581644
144.48  0.0
146.16  1.476823472695175
147.84  21.562790549190744
149.51999999999998  0.0
151.2  0.0
152.88  18.698004296131078
154.56  8.0087104364007
156.23999999999998  0.0
157.92  2.098411749889193
159.6  21.373881721218364
161.28  0.0
162.96  0.0
164.64  19.03865415464218
166.32  7.42287268763345
168.0  0.0
