0.0  30.419294862236786
1.68  36.18910155018514
3.36  33.15612437860081
5.04  30.66938626005973
6.72  36.39415149843802
8.4  32.68407514786877
10.08  30.97530949259729
11.76  36.535051863690505
13.44  0.0
15.12  0.0
16.8  3.2755162787509944
18.48  0.0
20.16  0.0
21.84  3.28066473402822
23.52  0.0
25.2  0.0
26.88  3.2170559932552782
28.56  0.0
30.24  0.0
31.919999999999998  3.0860231882863567
33.6  0.0
35.28  0.0
36.96  2.89031254556965
38.64  0.0
40.32  0.2276564722409864
42.0  2.6340258298758163
43.68  0.0
45.36  0.6987275770979344
47.04  2.322534378230926
48.72  0.0
50.4  1.1551545311808442
52.08  1.9623665257576008
53.76  0.0
55.44  1.587371395843518
57.12  1.561070782788704
58.8  0.0
60.48  1.98631963505466
62.16  1.1270576308303824
63.839999999999996  0.0
65.52  2.343637967025006
67.2  0.6694232530640101
68.88  0.0
70.56  2.6518376025623294
72.24  0.1977588936985586
73.92  0.0
75.6  2.9044591974539467
77.28  0.0
78.96  0.0
80.64  3.0962082294202773
82.32  0.0
84.0  0.0
85.67999999999999  3.2230659623659097
87.36  0.0
89.03999999999999  0.0
90.72  3.2823736723060404
92.39999999999999  0.0
94.08  0.0
95.75999999999999  3.2728883697338724
97.44  0.0
99.11999999999999  0.0
100.8  3.194808850582978
102.47999999999999  0.0
104.16  0.0
105.83999999999999  3.0497715298000525
107.52  0.0
109.2  0.0
110.88  2.8408161448492866
112.56  0.0
114.24  0.3283780969317036
115.92  2.5723220479454474
117.6  0.0
119.28  0.7971590406180756
120.96  2.249916422222451
122.64  0.0
124.32  1.2492328761776343
126.0  1.8803563454716268
127.67999999999999  0.0
129.35999999999999  1.6751248989818526
131.04  1.4713871731955903
132.72  0.0
134.4  2.0659091310102644
136.07999999999998  1.0315802090282544
137.76  0.0
139.44  2.4133953942857036
141.12  0.5701530646765436
142.79999999999998  0.0
144.48  2.7103009631822683
146.16  0.09677647433623204
147.84  0.0
149.51999999999998  2.9504031980632037
151.2  0.0
152.88  0.0
154.56  3.128669961305677
156.23999999999998  0.0
157.92  0.0
159.6  3.2413650824127753
161.28  0.0
162.96  0.0
164.64  3.286126661841593
166.32  0.0
168.0  0.0
