0.0  0.6923275552260435
1.68  0.0
3.36  14.695584293356081
5.04  49.725884769539725
6.72  72.89216156374752
8.4  67.4279425633689
10.08  37.287927796418344
11.76  4.285795893814086
13.44  0.0
15.12  0.0
16.8  11.273381137439788
18.48  37.70066959168961
20.16  36.84229488344742
21.84  9.319501234897063
23.52  0.0
25.2  0.0
26.88  0.0
28.56  5.957895242453663
30.24  35.18598835885299
31.919999999999998  38.94840575126839
33.6  14.522117437527418
35.28  0.0
36.96  0.0
38.64  0.0
40.32  0.5386580644695513
42.0  32.0585753999241
43.68  40.376265843777155
45.36  19.471844279959594
47.04  0.0
48.72  0.0
50.4  0.0
52.08  0.0
53.76  28.372891744133685
55.44  41.10101028663291
57.12  24.082486807516943
58.8  0.0
60.48  0.0
62.16  0.0
63.839999999999996  0.0
65.52  24.193120193033803
67.2  41.11001831986388
68.88  28.273754907967714
70.56  0.0
72.24  0.0
73.92  0.0
75.6  0.0
77.28  19.59204763585599
78.96  40.40313307683057
80.64  31.97266149021482
82.32  0.40214275646066255
84.0  0.0
85.67999999999999  0.0
87.36  0.0
89.03999999999999  14.649797532571577
90.72  38.992664315914595
92.39999999999999  35.11479348756568
94.08  5.822773852337566
95.75999999999999  0.0
97.44  0.0
99.11999999999999  0.0
100.8  9.45243463730055
102.47999999999999  36.903174057362655
104.16  37.645433552230735
105.83999999999999  11.142006680335768
107.52  0.0
109.2  0.0
110.88  0.0
112.56  4.090466259528693
114.24  34.171048858224665
115.92  39.520512907766374
117.6  16.267211677830637
119.28  0.0
120.96  0.0
122.64  0.0
124.32  0.0
126.0  30.843866173824658
127.67999999999999  40.70737876641071
129.35999999999999  21.109138098967446
131.04  0.0
132.72  0.0
134.4  0.0
136.07999999999998  0.0
137.76  26.97956583999843
139.44  41.18536294744363
141.12  25.583468234565192
142.79999999999998  0.0
144.48  0.0
146.16  0.0
147.84  0.0
149.51999999999998  22.645441103976054
151.2  40.946141794604685
152.88  29.612285727718866
154.56  0.0
156.23999999999998  0.0
157.92  0.0
159.6  0.0
161.28  17.916966774182697
162.96  39.99388112493452
164.64  33.125432415708616
166.32  2.28262460899483
168.0  0.0
