0.0  41.413409087217865
1.68  35.618372812470376
3.36  28.16955112181417
5.04  24.457989898782078
6.72  27.169912237961896
8.4  34.342578477933685
10.08  40.78480880357848
11.76  41.83407258654154
13.44  3.397637298180726
15.12  0.0
16.8  0.0
18.48  0.0
20.16  0.0
21.84  6.745991021011902
23.52  8.773370172558375
25.2  4.4510683788876175
26.88  0.0
28.56  0.0
30.24  0.0
31.919999999999998  0.0
33.6  5.923031323382875
35.28  8.89322089444322
36.96  5.42698818485254
38.64  0.0
40.32  0.0
42.0  0.0
43.68  0.0
45.36  4.996927465940534
47.04  8.858204328429327
48.72  6.30840196745176
50.4  0.0
52.08  0.0
53.76  0.0
55.44  0.0
57.12  3.9838066982400986
58.8  8.668930255907991
60.48  7.0799607138081795
62.16  0.3669064980708905
63.839999999999996  0.0
65.52  0.0
67.2  0.0
68.88  2.9013115895453603
70.56  8.328694711311389
72.24  7.728228435777467
73.92  1.5344971008903654
75.6  0.0
77.28  0.0
78.96  0.0
80.64  1.7682927996606794
82.32  7.84342258469494
84.0  8.241916145362394
85.67999999999999  2.6753658436409116
87.36  0.0
89.03999999999999  0.0
90.72  0.0
92.39999999999999  0.6044808119745766
94.08  7.221564445209469
95.75999999999999  8.612078442088364
97.44  3.7696455432022806
99.11999999999999  0.0
100.8  0.0
102.47999999999999  0.0
104.16  0.0
105.83999999999999  6.473949382187511
107.52  8.832269288950672
109.2  4.798280321925122
110.88  0.0
112.56  0.0
114.24  0.0
115.92  0.0
117.6  5.613596426481569
119.28  8.898654264238843
120.96  5.7433574482682435
122.64  0.0
124.32  0.0
126.0  0.0
127.67999999999999  0.0
129.35999999999999  4.655487835978413
131.04  8.810077334475011
132.72  6.588419270594516
134.4  0.0
136.07999999999998  0.0
137.76  0.0
139.44  0.0
141.12  3.6163081933155055
142.79999999999998  8.568080985676955
144.48  7.318749812084889
146.16  0.772511599284079
147.84  0.0
149.51999999999998  0.0
151.2  0.0
152.88  2.5141538591708317
154.56  8.176879362378529
156.23999999999998  7.921631035981526
157.92  1.9331435261356353
159.6  0.0
161.28  0.0
162.96  0.0
164.64  1.3682178407353565
166.32  7.643284882166047
168.0  8.386564318537312
