0.0  14.721892085865337  100.0
0.12  14.804118217009878
0.24  14.872224129560133
0.36  14.926130437432727
0.48  14.965782243464387
0.6  14.991149175162032
0.72  15.002225372451788
0.84  14.999029427601526
0.96  14.98160427759161
1.08  14.950017049307872
1.2  14.904358858029006
1.3199999999999998  14.844744559777405
1.44  14.771312458197789
1.56  14.684223966721692
1.68  14.583663226867355
1.7999999999999998  14.469836683614304
1.92  14.342972618879031
2.04  14.203320644202929
2.16  14.051151153845703
2.28  13.88675473955667
2.4  13.710441568372497
2.52  13.522540724863
2.6399999999999997  13.323399519316188
2.76  13.113382763420026
2.88  12.892872015060885
3.0  12.662264793917632
3.12  12.421973769585147
3.2399999999999998  12.172425924012213
3.36  11.914061690085699
3.48  11.647334068235695
3.5999999999999996  11.37270772297498
3.7199999999999998  11.090658061320426
3.84  10.801670295073855
3.96  10.50623848896547
4.08  10.204864596683976
4.2  9.898057486834086
4.32  9.58633196087423
4.4399999999999995  9.270207765094781
4.56  8.950208598700168
4.68  8.626861120056773
4.8  8.300693953162533
4.92  7.972236696383764
5.04  7.642018935489834
5.16  7.31056926299718
5.279999999999999  6.978414305810512
5.3999999999999995  6.646077763121419
5.52  6.314079456492563
5.64  5.982934394019626
5.76  5.653151850423303
5.88  5.325234464879586
6.0  4.999677358349105
6.12  4.676967272114942
6.24  4.357581729183529
6.359999999999999  4.041988220145138
6.4799999999999995  3.7306434150289998
6.6  3.4239924026236683
6.72  3.122467958665749
6.84  2.826489844230062
6.96  2.53646413558139
7.08  2.25278258667291
7.199999999999999  1.9758220253988727
7.319999999999999  1.7059437846296515
7.4399999999999995  1.443493168975904
7.56  1.188798958145561
7.68  0.9421729476727505
7.8  0.703909527712077
7.92  0.4742853005046097
8.04  0.25355873703422155
8.16  0.04196987330438147
8.28  0.0
8.4  0.0
8.52  0.0
8.64  0.0
8.76  0.0
8.879999999999999  0.0
9.0  0.0
9.12  0.0
9.24  0.0
9.36  0.0
9.48  0.0
9.6  0.0
9.719999999999999  0.0
9.84  0.0
9.959999999999999  0.0
10.08  0.0
10.2  0.0
10.32  0.0
10.44  0.0
10.559999999999999  0.0
10.68  0.0
10.799999999999999  0.0
10.92  0.0
11.04  0.0
11.16  0.0
11.28  0.0
11.4  0.0
11.52  0.0
11.639999999999999  0.0
11.76  0.0
11.879999999999999  0.0
12.0  0.0
12.12  0.0
12.24  0.0
12.36  0.0
12.48  0.0
12.6  0.0
12.719999999999999  0.0
12.84  0.0
12.959999999999999  0.0
13.08  0.0
13.2  0.0
13.32  0.0
13.44  0.15587725594360213
13.559999999999999  0.3183916092365342
13.68  0.48369603738000033
13.799999999999999  0.6514581834196238
13.92  0.821348107432292
14.04  0.9930389443464464
14.16  1.1662075455048173
14.28  1.3405351026624264
14.399999999999999  1.515707753164997
14.52  1.6914171651074414
14.639999999999999  1.8673611013294154
14.76  2.0432439611643405
14.879999999999999  2.2187772989199495
15.0  2.3936803181321578
15.12  2.5676803406994084
15.24  2.740513250072026
15.36  2.9119239077396375
15.479999999999999  3.0816665423298537
15.6  3.2495051107026116
15.719999999999999  3.415213630496707
15.84  3.5785764836581713
15.959999999999999  3.7393886905536666
16.08  3.8974561543462922
16.2  4.052595875385531
16.32  4.204636135437525
16.439999999999998  4.353416651656321
16.56  4.4987887002709215
16.68  4.640615210036431
16.8  4.778770825571152
16.919999999999998  4.913141940773279
17.04  5.04362670258271
17.16  5.170134985423266
17.28  5.292588336730079
17.4  5.410919894034016
17.52  5.5250742741412235
17.64  5.635007435009904
17.759999999999998  5.740686510988867
17.88  5.842089622142581
18.0  5.9392056584455215
18.12  6.0320340396845396
18.24  6.120584451961187
18.36  6.204876561736919
18.48  6.284939708412175
18.599999999999998  6.360812576475817
18.72  6.43254284830399
18.84  6.500186838727114
18.96  6.563809112520287
19.08  6.623482086006009
19.2  6.67928561398837
19.32  6.731306563265098
19.439999999999998  6.779638373987683
19.56  6.824380610160354
19.68  6.865638500585895
19.8  6.903522471580159
19.919999999999998  6.938147672787546
20.04  6.969633497436771
20.16  6.998103098379935
20.279999999999998  7.0236829012580735
20.4  7.046502116133364
20.52  7.066692248921619
20.64  7.084386613948884
20.759999999999998  7.099719848942922
20.88  7.112827433754132
21.0  7.123845214080736
21.119999999999997  7.132908931450738
21.24  7.140153760687377
21.36  7.145713856056149
21.48  7.149721907260128
21.599999999999998  7.1523087064158775
21.72  7.153602727105426
21.84  7.153729716560077
21.96  7.152812301989966
22.08  7.150969612028682
22.2  7.148316914215828
22.32  7.144965269391571
22.439999999999998  7.141021203826413
22.56  7.13658639985709
22.68  7.131757405744947
22.8  7.126625365417511
22.919999999999998  7.121275768696651
23.04  7.115788222558109
23.16  7.110236243907787
23.279999999999998  7.104687074299284
23.4  7.0992015169560325
23.52  7.093833796399199
23.64  7.088631440920046
23.759999999999998  7.0836351880726225
23.88  7.078878913299492
24.0  7.074389581740471
24.119999999999997  7.0701872232111125
24.24  7.066284930275462
24.36  7.062688879275263
24.48  7.059398374116454
24.599999999999998  7.056405912553135
24.72  7.053697274649298
24.84  7.051251633040056
24.96  7.049041684556602
25.08  7.047033802723024
25.2  7.045188210578519
25.32  7.043459173225612
25.439999999999998  7.0417952094537375
25.56  7.040139321738307
25.68  7.038429243868038
25.8  7.036597705408169
25.919999999999998  7.034572712164216
26.04  7.032277841770349
26.16  7.029632553488296
26.279999999999998  7.026552511266892
26.4  7.0229499190796005
26.52  7.018733867526536
26.64  7.013810690660416
26.759999999999998  7.008084331970487
26.88  7.001456718437021
27.0  6.993828141549525
27.119999999999997  6.985097644166021
27.24  6.975163412077501
27.36  6.9639231691316095
27.48  6.951274574762622
27.599999999999998  6.937115622770695
27.72  6.921345040192422
27.84  6.903862685106917
27.959999999999997  6.884569942226583
28.08  6.86337011512996
28.2  6.84016881400517
28.32  6.814874337786328
28.439999999999998  6.78739804958252
28.56  6.757654744318454
28.68  6.725563007528703
28.799999999999997  6.691045564272656
28.919999999999998  6.654029617165309
29.04  6.614447172549632
29.16  6.572235353869274
29.279999999999998  6.527336701335834
29.4  6.479699457022811
29.52  6.42927783455823
29.64  6.376032272630222
29.759999999999998  6.319929671563729
29.88  6.2609436122727775
30.0  6.1990545569402595
30.119999999999997  6.134250030826755
30.24  6.066524784660662
30.36  5.995880937114335
30.48  5.9223280969242476
30.599999999999998  5.845883464268006
30.72  5.766571911066376
30.84  5.684426039935113
30.959999999999997  5.599486221568144
31.08  5.511800610391449
31.2  5.42142513838481
31.32  5.3284234870267255
31.439999999999998  5.232867037376107
31.56  5.134834798362484
31.68  5.034413313414335
31.799999999999997  4.931696545612877
31.919999999999998  4.826785741615444
32.04  4.719789274649244
32.16  4.61082246693171
32.28  4.5000073919282
32.4  4.387472656911688
32.519999999999996  4.273353166340929
32.64  4.1577898666250155
32.76  4.040929472891447
32.879999999999995  3.9229241784227185
33.0  3.803931347472811
33.12  3.6841131922190007
33.24  3.5636364346468925
33.36  3.442671954206884
33.48  3.3213944221182548
33.6  3.199981923233172
33.72  3.0786155664061567
33.839999999999996  2.957479084345706
33.96  2.8367584239535093
34.08  2.7166413281824195
34.199999999999996  2.597316910467745
34.32  2.4789752228072137
34.44  2.3618068185826484
34.56  2.246002311231385
34.68  2.1317519298880763
34.8  2.01924507312636
34.92  1.9086698619367117
35.04  1.800212693080384
35.16  1.6940577939594983
35.28  1.5903867801418348
35.4  1.4893782166729186
35.519999999999996  1.391207184300573
35.64  1.2960448517256595
35.76  1.204058054979289
35.879999999999995  1.115408885009935
36.0  1.0302542845446956
36.12  0.9487456552667405
36.24  0.8710284763261676
36.36  0.7972419351744999
36.48  0.7275185716825971
36.6  0.6619839364699752
36.72  0.6007562643384999
36.839999999999996  0.5439461636665616
36.96  0.49165632258057856
37.08  0.44398123267956857
37.199999999999996  0.4010069310450447
37.32  0.3628107612236535
37.44  0.32946115382277585
37.559999999999995  0.3010174273110494
37.68  0.2775296095655182
37.8  0.2590382806558337
37.92  0.24557443730303763
38.04  0.23715937939678544
38.16  0.2338046188998948
38.28  0.235511811413467
38.4  0.24227271061940314
38.519999999999996  0.25406914576013107
38.64  0.27087302225789633
38.76  0.2926463455183125
38.879999999999995  0.3193412679050307
39.0  0.35090015881438197
39.12  0.3872556977213163
39.24  0.4283309900104627
39.36  0.4740397053491582
39.48  0.5242862383029464
39.6  0.5789658908383126
39.72  0.6379650763026559
39.839999999999996  0.7011615444177943
39.96  0.7684246267704331
40.08  0.8396155022317456
40.199999999999996  0.9145874816883626
40.32  0.993186311418321
40.44  1.0752504943988643
40.559999999999995  1.1606116287880957
40.68  1.2490947627788564
40.8  1.3405187649825538
40.92  1.4346967094612761
41.04  1.5314362744895484
41.16  1.6305401540928994
41.28  1.7318064813775282
41.4  1.8350292626363083
41.519999999999996  1.9399988211884571
41.64  2.046502249886015
41.76  2.1543238711979815
41.879999999999995  2.263245703763922
42.0  2.3730479342921713
42.12  2.4835093936640247
42.239999999999995  2.594408036094842
42.36  2.705521420194472
42.48  2.8166271907646148
42.6  2.9275035601687196
42.72  3.0379297881102567
42.839999999999996  3.147686658659499
42.96  3.2565569533748775
43.08  3.3643259193748545
43.199999999999996  3.4707817312285676
43.32  3.5757159455481595
43.44  3.6789239471844404
43.559999999999995  3.7802053859475735
43.68  3.8793646027982702
43.8  3.976211044480856
43.92  4.070559665598407
44.04  4.162231317161181
44.16  4.251053120673181
44.28  4.336858826857765
44.4  4.419489158161267
44.519999999999996  4.49879213421423
44.64  4.574623379472018
44.76  4.646846412301232
44.879999999999995  4.715332914824616
45.0  4.779962982884967
45.12  4.840625355538441
45.239999999999995  4.897217623538707
45.36  4.949646416325743
45.48  4.997827567087045
45.6  5.041686255513715
45.72  5.081157127929718
45.839999999999996  5.116184394529224
45.96  5.146721903514292
46.08  5.17273319198301
46.199999999999996  5.194191513476358
46.32  5.211079842150661
46.44  5.223390853601077
46.559999999999995  5.231126882420027
46.68  5.234299856632974
46.8  5.232931209211794
46.92  5.22705176692376
47.04  5.216701616830779
47.16  5.201929950809828
47.28  5.182794888520811
47.4  5.1593632793019175
47.519999999999996  5.131710483525872
47.64  5.099920134001904
47.76  5.0640838780584385
47.879999999999995  5.0243011009902245
48.0  4.980678631600352
48.12  4.9333304306128145
48.239999999999995  4.882377262774293
48.36  4.827946353504826
48.48  4.77017103099626
48.6  4.709190354693434
48.72  4.64514873112809
48.839999999999996  4.578195518106592
48.96  4.508484618282462
49.08  4.436174063171193
49.199999999999996  4.361425588688708
49.32  4.2844042033166705
49.44  4.205277750015722
49.559999999999995  4.124216463023973
49.68  4.041392520690572
49.8  3.9569795955041984
49.92  3.8711524024832125
50.04  3.7840862470982324
50.16  3.6959565738989326
50.28  3.606938517014762
50.4  3.517206453694411
50.519999999999996  3.42693356204105
50.64  3.3362913840890247
50.76  3.245449395354544
50.879999999999995  3.1545745819753703
51.0  3.0638310265357664
51.12  2.9733795036497392
51.239999999999995  2.8833770863510098
51.36  2.7939767643101105
51.48  2.7053270748682525
51.6  2.6175717478448686
51.72  2.5308493650398978
51.839999999999996  2.4452930353140996
51.96  2.3610300860902296
52.08  2.2781817720755653
52.199999999999996  2.1968630019616295
52.32  2.1171820838103486
52.44  2.039240489787524
52.559999999999995  1.9631326408540637
52.68  1.8889457119738675
52.8  1.8167594583437119
52.919999999999995  1.7466460630955551
53.04  1.6786700068662896
53.16  1.6128879595721959
53.28  1.549348694667882
53.4  1.4880930261102976
53.519999999999996  1.4291537681891497
53.64  1.3725557183248198
53.76  1.3183156628747315
53.879999999999995  1.2664424059282988
54.0  1.2169368210101128
54.12  1.1697919255504463
54.239999999999995  1.1249929779216816
54.36  1.0825175967796756
54.48  1.0423359023894705
54.6  1.0044106795562215
54.72  0.9686975617244425
54.839999999999996  0.9351452357518808
54.96  0.9036956668087046
55.08  0.8742843427983356
55.199999999999996  0.846840537643402
55.32  0.8212875927289345
55.44  0.7975432157452943
55.559999999999995  0.7755197961256108
55.68  0.7551247362264983
55.8  0.7362607973573881
55.919999999999995  0.7188264597218573
56.04  0.7027162952954824
56.16  0.6878213526277099
56.28  0.674029552520777
56.4  0.6612260935074932
56.519999999999996  0.6492938660199987
56.64  0.6381138741160729
56.76  0.6275656636054078
56.879999999999995  0.6175277553985766
57.0  0.6078780828832477
57.12  0.598494432117943
57.239999999999995  0.5892548836224665
57.36  0.580038254535289
57.48  0.5707245399035483
57.599999999999994  0.561195351868865
57.72  0.5513343555136395
57.839999999999996  0.5410277001367916
57.96  0.5301644447350964
58.08  0.5186369764776162
58.199999999999996  0.5063414209739111
58.32  0.49317804315412805
58.44  0.47905163759897834
58.559999999999995  0.46387190718073656
58.68  0.44755382890272943
58.8  0.4300180058534758
58.919999999999995  0.4111910042241611
59.04  0.3910056743725298
59.16  0.36940145495387233
59.28  0.34632465918029337
59.4  0.3217287423117431
59.519999999999996  0.2955745495280576
59.64  0.26783054337823053
59.76  0.23847301005372773
59.879999999999995  0.20748624378385236
60.0  0.17486270870582
60.12  0.14060317761770963
60.239999999999995  0.10471684708013129
60.36  0.06722142839180881
60.48  0.028143214024948265
60.599999999999994  0.0
60.72  0.0
60.839999999999996  0.0
60.96  0.0
61.08  0.0
61.199999999999996  0.0
61.32  0.0
61.44  0.0
61.559999999999995  0.0
61.68  0.0
61.8  0.0
61.919999999999995  0.0
62.04  0.0
62.16  0.0
62.28  0.0
62.4  0.0
62.519999999999996  0.0
62.64  0.0
62.76  0.0
62.879999999999995  0.0
63.0  0.0
63.12  0.0
63.239999999999995  0.0
63.36  0.0
63.48  0.0
63.599999999999994  0.0
63.72  0.0
63.839999999999996  0.0
63.96  0.0
64.08  0.0
64.2  0.0
64.32  0.0
64.44  0.0
64.56  0.0
64.67999999999999  0.0
64.8  0.0
64.92  0.0
65.03999999999999  0.0
65.16  0.0
65.28  0.0
65.39999999999999  0.0
65.52  0.0
65.64  0.0
65.75999999999999  0.0
65.88  0.0
66.0  0.0
66.12  0.0
66.24  0.0
66.36  0.0
66.48  0.0
66.6  0.0
66.72  0.0
66.84  0.0
66.96  0.0
67.08  0.0
67.2  0.0
67.32  0.0
67.44  0.0
67.56  0.0
67.67999999999999  0.0
67.8  0.0
67.92  0.0
68.03999999999999  0.0
68.16  0.0
68.28  0.0764194361459436
68.39999999999999  0.21414724563826315
68.52  0.3567312771018589
68.64  0.5040141720557185
68.75999999999999  0.6558252761471246
68.88  0.811980810402313
69.0  0.9722840753306716
69.12  1.1365256877126755
69.24  1.3044838498224247
69.36  1.4759246507575852
69.48  1.6506023994710017
69.6  1.8282599890209408
69.72  2.00862929147951
69.84  2.1914315828626805
69.96  2.376377997370436
70.08  2.5631700101516817
70.2  2.7514999477355206
70.32  2.9410515252005256
70.44  3.131500409083995
70.56  3.3225148049655653
70.67999999999999  3.513756068595659
70.8  3.7048793393753763
70.92  3.89553419493422
71.03999999999999  4.085365325494932
71.16  4.274013226658727
71.28  4.4611149091923465
71.39999999999999  4.646304624349415
71.52  4.829214603212038
71.64  5.009475808495736
71.75999999999999  5.1867186972218065
71.88  5.360573992624744
72.0  5.5306734636298
72.11999999999999  5.696650710207607
72.24  5.8581419528872765
72.36  6.014786824687923
72.48  6.16622916371228
72.6  6.31211780463147
72.72  6.452107367281713
72.84  6.585859040587406
72.96  6.713041360024929
73.08  6.833330976843253
73.2  6.94641341726504
73.32  7.051983829902901
73.44  7.1497477196403505
73.56  7.239421666246411
73.67999999999999  7.320734026016325
73.8  7.393425614757543
73.92  7.457250370472133
74.03999999999999  7.511975994121359
74.16  7.557384566897828
74.28  7.593273142472805
74.39999999999999  7.619454312733305
74.52  7.635756745573875
74.64  7.642025693360794
74.75999999999999  7.6381234707448185
74.88  7.623929900557661
75.0  7.599342726591868
75.11999999999999  7.56427799213002
75.24  7.518670383158401
75.36  7.462473535273037
75.48  7.395660303360321
75.6  7.3182229932121095
75.72  7.230173554314332
75.84  7.1315437331302105
75.96  7.022385186282265
76.08  6.902769553122968
76.2  6.772788487270695
76.32  6.632553646775593
76.44  6.482196642669572
76.56  6.321868945745166
76.67999999999999  6.15174175149869
76.8  5.972005803265081
76.92  5.782871173664109
77.03999999999999  5.584567004569299
77.16  5.377341205903377
77.28  5.161460113656378
77.39999999999999  4.937208107612981
77.52  4.704887189367147
77.64  4.464816521292337
77.75999999999999  4.21733192722299
77.88  3.9627853556918664
78.0  3.7015443066533598
78.11999999999999  3.4339912227065614
78.24  3.160522845915242
78.36  2.881549541401716
78.48  2.5974945889694006
78.6  2.308793444085043
78.72  2.015892969623743
78.84  1.7192506398513134
78.96  1.419333718183977
79.08  1.116618410330633
79.2  0.8115889944839733
79.32  0.5047369302823306
79.44  0.19655994831951557
79.56  0.0
79.67999999999999  0.0
79.8  0.0
79.92  0.0
80.03999999999999  0.0
80.16  0.0
80.28  0.0
80.39999999999999  0.0
80.52  0.0
80.64  0.0
80.75999999999999  0.0
80.88  0.0
81.0  0.0
81.11999999999999  0.0
81.24  0.0
81.36  0.0
81.48  0.0
81.6  0.0
81.72  0.0
81.84  0.0
81.96  0.0
82.08  0.0
82.2  0.0
82.32  0.0
82.44  0.0
82.56  0.0
82.67999999999999  0.0
82.8  0.0
82.92  0.0
83.03999999999999  0.0
83.16  0.0
83.28  0.0
83.39999999999999  0.0
83.52  0.0
83.64  0.0
83.75999999999999  0.0
83.88  0.0
84.0  0.0
84.11999999999999  0.0
84.24  0.0
84.36  0.0
84.47999999999999  0.0
84.6  0.0
84.72  0.0
84.84  0.0
84.96  0.0
85.08  0.0
85.2  0.0
85.32  0.0
85.44  0.0
85.56  0.0
85.67999999999999  0.0
85.8  0.0
85.92  0.0
86.03999999999999  0.0
86.16  0.0
86.28  0.0
86.39999999999999  0.0
86.52  0.0
86.64  0.0
86.75999999999999  0.0
86.88  0.0
87.0  0.0
87.11999999999999  0.0
87.24  0.0
87.36  0.0
87.47999999999999  0.0
87.6  0.0
87.72  0.0
87.84  0.0
87.96  0.0
88.08  0.0
88.2  0.0
88.32  0.0
88.44  0.0
88.56  0.0
88.67999999999999  0.0
88.8  0.0
88.92  0.23336480904910817
89.03999999999999  0.5356781586381791
89.16  0.8359692098595192
89.28  1.1337084798036328
89.39999999999999  1.4283730030600819
89.52  1.7194473722286103
89.64  2.0064247627675322
89.75999999999999  2.2888079400048844
89.88  2.5661102461737073
90.0  2.837856565372925
90.11999999999999  3.103584264401614
90.24  3.362844107463193
90.36  3.6152011427906867
90.47999999999999  3.860235559303051
90.6  4.097543511464851
90.72  4.3267379105881805
90.84  4.54744918088706
90.96  4.759325978668566
91.08  4.962035873123034
91.2  5.155265987257002
91.32  5.338723597598134
91.44  5.512136691388061
91.56  5.675254480070629
91.67999999999999  5.827847867976367
91.8  5.969709875199664
91.92  6.100656013763387
92.03999999999999  6.220524616266292
92.16  6.329177116310328
92.28  6.426498280108922
92.39999999999999  6.512396388782325
92.52  6.5868033709527145
92.64  6.649674885358587
92.75999999999999  6.700990353316504
92.88  6.740752940966117
93.0  6.768989491343524
93.11999999999999  6.785750406436367
93.24  6.79110947948274
93.36  6.785163677883469
93.47999999999999  6.7680328772051315
93.6  6.739859546856721
93.72  6.700808388128355
93.84  6.6510659253837
93.96  6.590840051300005
94.08  6.520359527149205
94.2  6.439873439211937
94.32  6.349650612511619
94.44  6.24997898314845
94.56  6.141164930604596
94.67999999999999  6.023532571477357
94.8  5.8974230161831676
94.92  5.763193590254693
95.03999999999999  5.621217021931465
95.16  5.4718805978173455
95.28  5.3155852884491335
95.39999999999999  5.152744845684537
95.52  4.983784873881353
95.64  4.8091418768954
95.75999999999999  4.629262282978472
95.88  4.444601449705411
96.0  4.255622651103832
96.11999999999999  4.0627960491977415
96.24  3.8665976522113654
96.36  3.667508261708305
96.47999999999999  3.4660124109649497
96.6  3.262597296896704
96.72  3.057751707869354
96.84  2.851964949736319
96.96  2.6457257724470744
97.08  2.4395212995701065
97.2  2.233835963067072
97.32  2.0291504456433023
97.44  1.825940632982673
97.56  1.624676578153651
97.67999999999999  1.4258214804447933
97.8  1.2298306808577641
97.92  1.0371506764476766
98.03999999999999  0.8482181556595993
98.16  0.6634590567628019
98.28  0.4832876514344464
98.39999999999999  0.30810565548722835
98.52  0.13830136867627107
98.64  0.0
98.75999999999999  0.0
98.88  0.0
99.0  0.0
99.11999999999999  0.0
99.24  0.0
99.36  0.0
99.47999999999999  0.0
99.6  0.0
99.72  0.0
99.84  0.0
99.96  0.0
100.08  0.0
100.2  0.0
100.32  0.0
100.44  0.0
100.56  0.0
100.67999999999999  0.0
100.8  0.0
100.92  0.0
101.03999999999999  0.0
101.16  0.0
101.28  0.0
101.39999999999999  0.0
101.52  0.0
101.64  0.0
101.75999999999999  0.0
101.88  0.0
102.0  0.0
102.11999999999999  0.0
102.24  0.0
102.36  0.0
102.47999999999999  0.0
102.6  0.0
102.72  0.0
102.83999999999999  0.0
102.96  0.0
103.08  0.0
103.2  0.0
103.32  0.0
103.44  0.09035745258601069
103.56  0.24584394905972706
103.67999999999999  0.4051953226262953
103.8  0.567997285678403
103.92  0.7338276320886126
104.03999999999999  0.902257223337567
104.16  1.0728509896675942
104.28  1.2451689440111118
104.39999999999999  1.4187672064176438
104.52  1.5931990366783304
104.64  1.768015872830297
104.75999999999999  1.9427683732100647
104.88  2.117007459718162
105.0  2.2902853599543134
105.11999999999999  2.462156645886546
105.24  2.632179266724437
105.36  2.7999155736814236
105.47999999999999  2.9649333343288675
105.6  3.126806734268548
105.72  3.285117363878763
105.83999999999999  3.4394551879230852
105.96  3.589419495849993
106.08  3.7346198306535707
106.2  3.87467689421596
106.32  4.009223427102673
106.44  4.137905060841639
106.56  4.260381140776242
106.67999999999999  4.3763255176509945
106.8  4.485427306156624
106.92  4.587391608736699
107.03999999999999  4.681940203035
107.16  4.7688121914450585
107.28  4.847764611307122
107.39999999999999  4.91857300438706
107.52  4.981031944361877
107.64  5.034955521131242
107.75999999999999  5.080177780870422
107.88  5.116553120839608
108.0  5.143956638065241
108.11999999999999  5.162284431112587
108.24  5.17145385427345
108.36  5.171403723599259
108.47999999999999  5.162094474317641
108.6  5.143508269279063
108.72  5.1156490581894865
108.83999999999999  5.078542587495446
108.96  5.032236360897278
109.08  4.9767995505778115
109.2  4.9123228593426065
109.32  4.838918333978478
109.44  4.756719130245354
109.56  4.665879230025051
109.67999999999999  4.566573111256708
109.8  4.458995371394759
109.92  4.343360305228572
110.03999999999999  4.2199014380050075
110.16  4.0888710148946
110.28  3.950539447940123
110.39999999999999  3.8051947217203854
110.52  3.653141759054744
110.64  3.49470174816292
110.75999999999999  3.330211432780506
110.88  3.1600223668130867
111.0  2.984500135191641
111.11999999999999  2.804023542666363
111.24  2.618983772347794
111.36  2.4297835158725523
111.47999999999999  2.236836077132311
111.6  2.0405644515655714
111.72  1.84140038306493
111.83999999999999  1.6397834006027896
111.96  1.436159836723669
112.08  1.2309818300920035
112.2  1.0247063143189505
112.32  0.8177939953232622
112.44  0.6107083195056409
112.56  0.4039144350381686
112.67999999999999  0.19787814858354671
112.8  0.0
112.92  0.0
113.03999999999999  0.0
113.16  0.0
113.28  0.0
113.39999999999999  0.0
113.52  0.0
113.64  0.0
113.75999999999999  0.0
113.88  0.0
114.0  0.0
114.11999999999999  0.0
114.24  0.0
114.36  0.0
114.47999999999999  0.0
114.6  0.0
114.72  0.0
114.83999999999999  0.0
114.96  0.0
115.08  0.0
115.19999999999999  0.0
115.32  0.0
115.44  0.0
115.56  0.0
115.67999999999999  0.0
115.8  0.0
115.92  0.0
116.03999999999999  0.0
116.16  0.0
116.28  0.0
116.39999999999999  0.0
116.52  0.0
116.64  0.0
116.75999999999999  0.0
116.88  0.0
117.0  0.0
117.11999999999999  0.0
117.24  0.0
117.36  0.0
117.47999999999999  0.0
117.6  0.0
117.72  0.0
117.83999999999999  0.0
117.96  0.0
118.08  0.0
118.19999999999999  0.0
118.32  0.0
118.44  0.0
118.56  0.0
118.67999999999999  0.0
118.8  0.0
118.92  0.0
119.03999999999999  0.0
119.16  0.0
119.28  0.0
119.39999999999999  0.0
119.52  0.0
119.64  0.09836450724542423
119.75999999999999  0.32728580022657794
119.88  0.5591246271746348
120.0  0.7934069903969516
