0.0  15.402313452279607  100.0
0.12  15.482675401754562
0.24  15.54859587851381
0.36  15.599996531140276
0.48  15.636823648740755
0.6  15.65904819613436
0.72  15.66666580096842
0.84  15.659696692936663
0.96  15.638185595374754
1.08  15.602201569607535
1.2  15.551837812520596
1.3199999999999998  15.487211407925587
1.44  15.408463032384144
1.56  15.315756616248937
1.68  15.209278960771966
1.7999999999999998  15.089239312219917
1.92  14.955868894023613
2.04  14.809420398073328
2.16  14.65016743635385
2.28  14.478403954192375
2.4  14.294443606468562
2.52  14.098619098209033
2.6399999999999997  13.891281491058376
2.76  13.672799477184865
2.88  13.443558622241758
3.0  13.203960579063954
3.12  12.95442227383472
3.2399999999999998  12.695375066508358
3.36  12.427263887321676
3.48  12.150546351269915
3.5999999999999996  11.865691852461506
3.7199999999999998  11.573180640300304
3.84  11.273502879473895
3.96  10.96715769575213
4.08  10.654652209621169
4.2  10.336500559794839
4.32  10.013222918657272
4.4399999999999995  9.685344501698335
4.56  9.353394573006424
4.68  9.017905448881736
4.8  8.679411501627198
4.92  8.338448165563836
5.04  7.995550947302475
5.16  7.651254442284623
5.279999999999999  7.306091359581666
5.3999999999999995  6.960591556913949
5.52  6.615281087819291
5.64  6.27068126286449
5.76  5.927307726753492
5.88  5.585669553141882
6.0  5.246268358919911
6.12  4.909597439674895
6.24  4.576140927989061
6.359999999999999  4.246372976170815
6.4799999999999995  3.920756964955969
6.6  3.5997447396509905
6.72  3.2837758751229584
6.84  2.973276970970763
6.96  2.6686609781392394
7.08  2.3703265581628727
7.199999999999999  2.0786574761481753
7.319999999999999  1.794022028524397
7.4399999999999995  1.5167725065108852
7.56  1.2472446961663501
7.68  0.9857574158007254
7.8  0.7326120914446033
7.92  0.48809237098417946
8.04  0.2524637774819221
8.16  0.025973402114648353
8.28  0.0
8.4  0.0
8.52  0.0
8.64  0.0
8.76  0.0
8.879999999999999  0.0
9.0  0.0
9.12  0.0
9.24  0.0
9.36  0.0
9.48  0.0
9.6  0.0
9.719999999999999  0.0
9.84  0.0
9.959999999999999  0.0
10.08  0.0
10.2  0.0
10.32  0.0
10.44  0.0
10.559999999999999  0.0
10.68  0.0
10.799999999999999  0.0
10.92  0.0
11.04  0.0
11.16  0.0
11.28  0.0
11.4  0.0
11.52  0.0
11.639999999999999  0.0
11.76  0.0
11.879999999999999  0.0
12.0  0.0
12.12  0.0
12.24  0.0
12.36  0.0
12.48  0.0
12.6  0.0
12.719999999999999  0.0
12.84  0.0
12.959999999999999  0.0
13.08  0.0
13.2  0.0
13.32  0.0
13.44  0.0
13.559999999999999  0.0
13.68  0.0
13.799999999999999  0.05870877195999746
13.92  0.22127308585485728
14.04  0.3859224104077059
14.16  0.5523369306742139
14.28  0.7202010360416313
14.399999999999999  0.8892039238933214
14.52  1.059040183318513
14.639999999999999  1.2294103577249467
14.76  1.4000214852714743
14.879999999999999  1.570587616099287
15.0  1.7408303054041647
15.12  1.91047908145746
15.24  2.0792718877508722
15.36  2.24695549850857
15.479999999999999  2.4132859068803105
15.6  2.578028685200395
15.719999999999999  2.740959316769371
15.84  2.9018634986885177
15.959999999999999  3.0605374153505913
16.08  3.2167879822645418
16.2  3.3704330599661763
16.32  3.5213016378411894
16.439999999999998  3.6692339877614
16.56  3.8140817875091715
16.68  3.9557082140384523
16.8  4.093988006694366
16.919999999999998  4.228807500585057
17.04  4.360064630371329
17.16  4.487668904809378
17.28  4.611541352451294
17.4  4.731614438975138
17.52  4.847831956682575
17.64  4.960148886766002
17.759999999999998  5.068531235009528
17.88  5.172955841648337
18.0  5.2734101661689525
18.12  5.369892047888853
18.24  5.462409443207049
18.36  5.55098014046819
18.48  5.6356314534308165
18.599999999999998  5.716399894375817
18.72  5.79333082793368
18.84  5.866478106748807
18.96  5.935903690135595
19.08  6.001677246914689
19.2  6.063875743647932
19.32  6.122583019517824
19.439999999999998  6.177889349121021
19.56  6.22989099446601
19.68  6.278689747482209
19.8  6.3243924643616225
19.919999999999998  6.367110593064556
20.04  6.406959695327888
20.16  6.4440589645181205
20.279999999999998  6.478530740671489
20.4  6.510500024060448
20.52  6.540093988619237
20.64  6.567441496551395
20.759999999999998  6.592672615429048
20.88  6.615918139077509
21.0  6.637309113518999
21.119999999999997  6.656976369226952
21.24  6.675050060916551
21.36  6.691659216068441
21.48  6.7069312933512695
21.599999999999998  6.720991752074164
21.72  6.733963633763453
21.84  6.745967156918211
21.96  6.757119325957325
22.08  6.767533555326155
22.2  6.777319309684401
22.32  6.786581761047952
22.439999999999998  6.79542146370664
22.56  6.803934047687509
22.68  6.81220993147856
22.8  6.820334054672402
22.919999999999998  6.828385631131761
23.04  6.836437923220293
23.16  6.844558037582644
23.279999999999998  6.852806742896831
23.4  6.861238309960894
23.52  6.8699003744134775
23.64  6.878833822325617
23.759999999999998  6.888072698838106
23.88  6.897644139955654
24.0  6.907568327546332
24.119999999999997  6.917858467531499
24.24  6.9285207911892535
24.36  6.939554579432019
24.48  6.950952209857592
24.599999999999998  6.9626992263122816
24.72  6.974774430644882
24.84  6.987149996271639
24.96  6.999791603114907
25.08  7.0126585934220165
25.2  7.025704147916371
25.32  7.038875481679749
25.439999999999998  7.052114059113629
25.56  7.065355827278064
25.68  7.078531466859309
25.8  7.091566659972234
25.919999999999998  7.104382373960605
26.04  7.116895160317729
26.16  7.129017467811797
26.279999999999998  7.140657968864451
26.4  7.1517218981983675
26.52  7.162111402738767
26.64  7.171725901726772
26.759999999999998  7.180462455977049
26.88  7.188216145190834
27.0  7.194880452215877
27.119999999999997  7.200347653129204
27.24  7.204509212005207
27.36  7.2072561792216385
27.48  7.208479592149061
27.599999999999998  7.208070877065218
27.72  7.205922251134913
27.84  7.201927123298096
27.959999999999997  7.195980492913894
28.08  7.187979345016533
28.2  7.1778230410502015
28.32  7.165413703963859
28.439999999999998  7.150656596564146
28.56  7.133460492044156
28.68  7.113738035628576
28.799999999999997  7.091406096301007
28.919999999999998  7.066386107607243
29.04  7.038604396558919
29.16  7.007992499695028
29.279999999999998  6.97448746539424
29.4  6.938032141568889
29.52  6.89857544791139
29.64  6.856072631906171
29.759999999999998  6.810485507864086
29.88  6.761782678282586
30.0  6.709939736882483
30.119999999999997  6.654939452721669
30.24  6.596771934837015
30.36  6.535434776918059
30.48  6.470933181569459
30.599999999999998  6.4032800637740355
30.72  6.332496133223571
30.84  6.258609955241188
30.959999999999997  6.181657990075935
31.08  6.101684610408029
31.2  6.018742096961003
31.32  5.932890612175279
31.439999999999998  5.844198151955898
31.56  5.752740475565385
31.68  5.658601013790591
31.799999999999997  5.561870755570124
31.919999999999998  5.462648113325799
32.04  5.361038767298223
32.16  5.257155489242107
32.28  5.15111794589145
32.4  5.043052482658666
32.519999999999996  4.933091888083599
32.64  4.82137513959983
32.76  4.7080471312349355
32.879999999999995  4.593258383909254
33.0  4.477164739044129
33.12  4.359927036234688
33.24  4.241710775784707
33.36  4.122685766941461
33.48  4.003025762706493
33.6  3.88290808213433
33.72  3.7625132210645136
33.839999999999996  3.642024452263442
33.96  3.5216274159813388
34.08  3.40150970195541
34.199999999999996  3.281860423913668
34.32  3.1628697876547616
34.44  3.04472865379683
34.56  2.9276280963034735
34.68  2.811758957907518
34.8  2.697311403562188
34.92  2.584474473056127
35.04  2.473435633932338
35.16  2.3643803358513367
35.28  2.2574915675372713
35.4  2.152949417439908
35.519999999999996  2.050930639237951
35.64  1.9516082232977505
35.76  1.8551509751880721
35.879999999999995  1.761723102334759
36.0  1.671483809879973
36.12  1.5845869067885312
36.24  1.501180423219067
36.36  1.4214062401507848
36.48  1.3453997322261537
36.6  1.2732894247381439
36.72  1.2051966656555988
36.839999999999996  1.14123531354352
36.96  1.0815114421958119
37.08  1.026123062756956
37.199999999999996  0.975159864065618
37.32  0.9287029719084132
37.44  0.8868247278248544
37.559999999999995  0.8495884880562905
37.68  0.8170484431814282
37.8  0.7892494589297572
37.92  0.7662269386113367
38.04  0.7480067075477836
38.16  0.7346049198343088
38.28  0.7260279877070814
38.4  0.7222725337337819
38.519999999999996  0.7233253659882124
38.64  0.7291634763124273
38.76  0.7397540617121843
38.879999999999995  0.7550545688737169
39.0  0.7750127617318476
39.12  0.7995668119619552
39.24  0.8286454122108199
39.36  0.8621679118244387
39.48  0.9000444747745519
39.6  0.942176259429926
39.72  0.9884556197636922
39.839999999999996  1.038766327534335
39.96  1.0929838149251063
40.08  1.1509754370753593
40.199999999999996  1.2126007538874612
40.32  1.2777118304442279
40.44  1.3461535553251682
40.559999999999995  1.4177639760649545
40.68  1.492374650953928
40.8  1.5698110163398074
40.92  1.649892768550389
41.04  1.7324342595200837
41.16  1.8172449051689181
41.28  1.9041296055498118
41.4  1.9928891757508596
41.519999999999996  2.083320786511459
41.64  2.1752184134869714
41.76  2.268373294074287
41.879999999999995  2.3625743906916385
42.0  2.457608859389369
42.12  2.553262522654583
42.239999999999995  2.649320345262154
42.36  2.745566912016097
42.48  2.8417869062204724
42.6  2.937765587716988
42.72  3.033289269326742
42.839999999999996  3.1281457905377903
42.96  3.2221249872862088
43.08  3.3150191566881655
43.199999999999996  3.406623515592829
43.32  3.4967366518406244
43.44  3.5851609671300526
43.559999999999995  3.671703110416339
43.68  3.756174400788973
43.8  3.838391238801071
43.92  3.9181755052523206
44.04  3.995354946458296
44.16  4.069763545072524
44.28  4.141241875563772
44.4  4.209637443489064
44.519999999999996  4.274805007743526
44.64  4.336606885010381
44.76  4.394913235679027
44.879999999999995  4.449602330545353
45.0  4.500560797656328
45.12  4.547683848710727
45.239999999999995  4.590875484478887
45.36  4.6300486787567685
45.48  4.6651255404235075
45.6  4.696037453226365
45.72  4.722725192972747
45.839999999999996  4.745139021865627
45.96  4.76323875977598
46.08  4.776993832303717
46.199999999999996  4.78638329553671
46.32  4.791395837476106
46.44  4.792029756154673
46.559999999999995  4.788292914533351
46.68  4.7802026723196995
46.8  4.767785794909716
46.92  4.75107833971224
47.04  4.730125520171824
47.16  4.704981547862141
47.28  4.675709453077331
47.4  4.642380884402488
47.519999999999996  4.605075887797769
47.64  4.563882665782021
47.76  4.518897317352023
47.879999999999995  4.470223559322005
48.0  4.417972429814983
48.12  4.362261974682467
48.239999999999995  4.303216917672188
48.36  4.2409683152044355
48.48  4.175653196656777
48.6  4.107414191092948
48.72  4.036399141406791
48.839999999999996  3.962760706883057
48.96  3.8866559552069093
49.08  3.8082459449802935
49.199999999999996  3.727695299827252
49.32  3.6451717751920993
49.44  3.560845818952134
49.559999999999995  3.4748901269828742
49.68  3.3874791948261924
49.8  3.2987888666217637
49.92  3.2089958824690736
50.04  3.1182774253912524
50.16  3.0268106690729653
50.28  2.9347723275424955
50.4  2.8423382079632296
50.519999999999996  2.7496827676919198
50.64  2.6569786767497354
50.76  2.5643963868389186
50.879999999999995  2.472103708020311
51.0  2.3802653941482257
51.12  2.2890427381358887
51.239999999999995  2.1985931781000243
51.36  2.109069915405109
51.48  2.020621545597017
51.6  1.9333917031830052
51.72  1.8475187211791206
51.839999999999996  1.763135306308302
51.96  1.6803682306919387
52.08  1.5993380408353004
52.199999999999996  1.5201587846625453
52.32  1.442937757310401
52.44  1.3677752663411895
52.559999999999995  1.2947644169854302
52.68  1.223990917972634
52.8  1.1555329084553616
52.919999999999995  1.089460806476625
53.04  1.0258371793752952
53.16  0.9647166364663837
53.28  0.9061457442755492
53.4  0.8501629645479487
53.519999999999996  0.796798615192283
53.64  0.7460748542605886
53.76  0.6980056870041824
53.879999999999995  0.6525969959852893
54.0  0.6098465941633862
54.12  0.5697443008146925
54.239999999999995  0.5322720400827237
54.36  0.4974039618982018
54.48  0.4651065849469893
54.6  0.4353389613061418
54.72  0.40805286231035964
54.839999999999996  0.383192985154333
54.96  0.3606971796807825
55.08  0.3404966947496382
55.199999999999996  0.32251644353091646
55.32  0.30667528701245605
55.44  0.2928863349640318
55.559999999999995  0.2810572635516191
55.68  0.2710906487495466
55.8  0.2628843146548132
55.919999999999995  0.25633169576588166
56.04  0.25132221224935125
56.16  0.2477416571808888
56.28  0.245472594712284
56.4  0.2443947680852655
56.519999999999996  0.24438551638300243
56.64  0.24532019888462298
56.76  0.24707262586393153
56.879999999999995  0.24951549465380418
57.0  0.252520829779489
57.12  0.25596042594984125
57.239999999999995  0.25970629268428347
57.36  0.26363109934442386
57.48  0.26760861933463786
57.599999999999994  0.27151417223345053
57.72  0.2752250626189565
57.839999999999996  0.27862101435585973
57.96  0.2815845991188537
58.08  0.2840016579383843
58.199999999999996  0.28576171456805205
58.32  0.2867583794902602
58.44  0.2868897433966554
58.559999999999995  0.2860587590029969
58.68  0.2841736100844199
58.8  0.28114806664573744
58.919999999999995  0.27690182517395706
59.04  0.27136083295454055
59.16  0.26445759547056313
59.28  0.2561314659444027
59.4  0.2463289161238844
59.519999999999996  0.23500378746058087
59.64  0.22211752187490402
59.76  0.20763937135324667
59.879999999999995  0.19154658567360122
60.0  0.17382457761073966
60.12  0.1544670650275368
60.239999999999995  0.13347618931671257
60.36  0.1108626097165879
60.48  0.08664557308516152
60.599999999999994  0.060852958778653043
60.72  0.03352129834425244
60.839999999999996  0.004695769800606098
60.96  0.0
61.08  0.0
61.199999999999996  0.0
61.32  0.0
61.44  0.0
61.559999999999995  0.0
61.68  0.0
61.8  0.0
61.919999999999995  0.0
62.04  0.0
62.16  0.0
62.28  0.0
62.4  0.0
62.519999999999996  0.0
62.64  0.0
62.76  0.0
62.879999999999995  0.0
63.0  0.0
63.12  0.0
63.239999999999995  0.0
63.36  0.0
63.48  0.0
63.599999999999994  0.0
63.72  0.0
63.839999999999996  0.0
63.96  0.0
64.08  0.0
64.2  0.0
64.32  0.0
64.44  0.0
64.56  0.0
64.67999999999999  0.0
64.8  0.0
64.92  0.0
65.03999999999999  0.0
65.16  0.0
65.28  0.0
65.39999999999999  0.0
65.52  0.0
65.64  0.0
65.75999999999999  0.0
65.88  0.0
66.0  0.0
66.12  0.0
66.24  0.0
66.36  0.0
66.48  0.0
66.6  0.0
66.72  0.0
66.84  0.0
66.96  0.0
67.08  0.0
67.2  0.0
67.32  0.0
67.44  0.0
67.56  0.030194873599972194
67.67999999999999  0.13906214820933682
67.8  0.2531261005945087
67.92  0.372309716555445
68.03999999999999  0.49652249972455853
68.16  0.6256604469843752
68.28  0.7596060560525533
68.39999999999999  0.8982283655282701
68.52  1.0413830276182017
68.64  1.1889124136836478
68.75999999999999  1.3406457526738624
68.88  1.4963993024319628
69.0  1.6559765537816968
69.12  1.819168467225277
69.24  1.985753742003187
69.36  2.1554991171888402
69.48  2.3281597044124713
69.6  2.50347935173136
69.72  2.681191038086121
69.84  2.86101729770669
69.96  3.042670673756793
70.08  3.225854200431792
70.2  3.410261912651861
70.32  3.595579382422433
70.44  3.781484280864323
70.56  3.967646964848294
70.67999999999999  4.153731087105006
70.8  4.339394228617431
70.92  4.524288552042641
71.03999999999999  4.7080614748528005
71.16  4.890356360829216
71.28  5.070813228491486
71.39999999999999  5.249069474994881
71.52  5.424760613982551
71.64  5.5975210258363735
71.75999999999999  5.766984718731266
71.88  5.932786098861358
72.0  6.0945607481739055
72.11999999999999  6.2519462079186825
72.24  6.404582766295132
72.36  6.5521142484581105
72.48  6.694188807126787
72.6  6.830459712026714
72.72  6.960586136386816
72.84  7.084233938706724
72.96  7.201076438009837
73.08  7.310795180799213
73.2  7.413080697941081
73.32  7.50763324971171
73.44  7.5941635572583195
73.56  7.672393518744103
73.67999999999999  7.742056908471022
73.8  7.802900057300703
73.92  7.854682512725821
74.03999999999999  7.897177676978939
74.16  7.930173421605449
74.28  7.953472676969535
74.39999999999999  7.966893995209015
74.52  7.9702720852053135
74.64  7.963458318187641
74.75999999999999  7.946321202648847
74.88  7.918746827309492
75.0  7.880639270931228
75.11999999999999  7.831920977846794
75.24  7.7725330981431835
75.36  7.702435791507339
75.48  7.621608493818039
75.6  7.530050145645299
75.72  7.427779381897828
75.84  7.314834681941137
75.96  7.191274479591929
76.08  7.0571772324801705
76.2  6.912641450357037
76.32  6.757785682014813
76.44  6.592748460574565
76.56  6.417688206987823
76.67999999999999  6.232783091689279
76.8  6.038230854429423
76.92  5.834248582408406
77.03999999999999  5.62107244692399
77.16  5.398957398839007
77.28  5.168176823266023
77.39999999999999  4.929022153957366
77.52  4.681802447980135
77.64  4.426843921346119
77.75999999999999  4.164489446353804
77.88  3.8950980114887197
78.0  3.6190441448137722
78.11999999999999  3.336717301864951
78.24  3.0485212191511106
78.36  2.754873234436423
78.48  2.4562035750618163
78.6  2.152954615637989
78.72  1.8455801065146415
78.84  1.534544374502067
78.96  1.2203214973865908
79.08  0.9033944538466542
79.2  0.5842542504373739
79.32  0.263399027366919
79.44  0.0
79.56  0.0
79.67999999999999  0.0
79.8  0.0
79.92  0.0
80.03999999999999  0.0
80.16  0.0
80.28  0.0
80.39999999999999  0.0
80.52  0.0
80.64  0.0
80.75999999999999  0.0
80.88  0.0
81.0  0.0
81.11999999999999  0.0
81.24  0.0
81.36  0.0
81.48  0.0
81.6  0.0
81.72  0.0
81.84  0.0
81.96  0.0
82.08  0.0
82.2  0.0
82.32  0.0
82.44  0.0
82.56  0.0
82.67999999999999  0.0
82.8  0.0
82.92  0.0
83.03999999999999  0.0
83.16  0.0
83.28  0.0
83.39999999999999  0.0
83.52  0.0
83.64  0.0
83.75999999999999  0.0
83.88  0.0
84.0  0.0
84.11999999999999  0.0
84.24  0.0
84.36  0.0
84.47999999999999  0.0
84.6  0.0
84.72  0.0
84.84  0.0
84.96  0.0
85.08  0.0
85.2  0.0
85.32  0.0
85.44  0.0
85.56  0.0
85.67999999999999  0.0
85.8  0.0
85.92  0.0
86.03999999999999  0.0
86.16  0.0
86.28  0.0
86.39999999999999  0.0
86.52  0.0
86.64  0.0
86.75999999999999  0.0
86.88  0.0
87.0  0.0
87.11999999999999  0.0
87.24  0.0
87.36  0.0
87.47999999999999  0.0
87.6  0.0
87.72  0.0
87.84  0.0
87.96  0.0
88.08  0.0
88.2  0.0
88.32  0.0
88.44  0.0
88.56  0.0
88.67999999999999  0.0
88.8  0.0
88.92  0.0
89.03999999999999  0.0
89.16  0.26065605109419243
89.28  0.5666173733158406
89.39999999999999  0.8697724307984018
89.52  1.1696017964080228
89.64  1.4655945006632058
89.75999999999999  1.7572490407083288
89.88  2.0440743693696435
90.0  2.3255908621942654
90.11999999999999  2.601331260418948
90.24  2.870841587864204
90.36  3.133682039803822
90.47999999999999  3.3894278419187733
90.6  3.637670077506672
90.72  3.8780164811845683
90.84  4.110092197394187
90.96  4.333540502092692
91.08  4.548023486090161
91.2  4.753222698576182
91.32  4.948839749463629
91.44  5.134596869264308
91.56  5.310237425302622
91.67999999999999  5.47552639316689
91.8  5.630250782393399
91.92  5.774220015476641
92.03999999999999  5.907266259399736
92.16  6.029244708980768
92.28  6.140033821434737
92.39999999999999  6.239535501655817
92.52  6.327675237831216
92.64  6.404402187104692
92.75999999999999  6.469689211116393
92.88  6.523532861353498
93.0  6.565953314355167
93.11999999999999  6.59699425692383
93.24  6.616722721603292
93.36  6.6252288727917925
93.47999999999999  6.622625743965809
93.6  6.609048926596024
93.72  6.584656211442306
93.84  6.549627183017825
93.96  6.504162768114684
94.08  6.44848473938292
94.2  6.382835175053195
94.32  6.307475875988751
94.44  6.222687741344898
94.56  6.128770104205756
94.67999999999999  6.026040028653452
94.8  5.914831569811032
94.92  5.795494998479809
95.03999999999999  5.668395992069948
95.16  5.533914793596088
95.28  5.392445340580604
95.39999999999999  5.244394365771302
95.52  5.09018047164369
95.64  4.930233180713861
95.75999999999999  4.764991963741681
95.88  4.594905247951785
96.0  4.420429407444396
96.11999999999999  4.242027738005613
96.24  4.06016941856199
96.36  3.8753284615529147
96.47999999999999  3.6879826545182492
96.6  3.498612495218255
96.72  3.3077001226165583
96.84  3.1157282460655034
96.96  2.923179075037586
97.08  2.7305332517449203
97.2  2.5382687889819113
97.32  2.346860015514822
97.44  2.156776531324856
97.56  1.9684821749900587
97.67999999999999  1.782434005463009
97.8  1.599081300470898
97.92  1.41886457372643
98.03999999999999  1.242214613097089
98.16  1.0695515418329211
98.28  0.9012839049032786
98.39999999999999  0.7378077824356932
98.52  0.5795059321909148
98.64  0.42674696294407477
98.75999999999999  0.27988454057227785
98.88  0.13925662857765642
99.0  0.0051847646980744955
99.11999999999999  0.0
99.24  0.0
99.36  0.0
99.47999999999999  0.0
99.6  0.0
99.72  0.0
99.84  0.0
99.96  0.0
100.08  0.0
100.2  0.0
100.32  0.0
100.44  0.0
100.56  0.0
100.67999999999999  0.0
100.8  0.0
100.92  0.0
101.03999999999999  0.0
101.16  0.0
101.28  0.0
101.39999999999999  0.0
101.52  0.0
101.64  0.0
101.75999999999999  0.0
101.88  0.0
102.0  0.0
102.11999999999999  0.0
102.24  0.0
102.36  0.0
102.47999999999999  0.0
102.6  0.0
102.72  0.0
102.83999999999999  0.06701125616305803
102.96  0.1984439171866934
103.08  0.33533736818644044
103.2  0.47733064029247085
103.32  0.6240503703624385
103.44  0.775111679679761
103.56  0.930119078258965
103.67999999999999  1.088667392722762
103.8  1.250342715661783
103.92  1.4147233743417789
104.03999999999999  1.581380916579295
104.16  1.7498811115703412
104.28  1.919784963421603
104.39999999999999  2.0906497351082014
104.52  2.262029980557098
104.64  2.433478582538772
104.75999999999999  2.604547794036643
104.88  2.774790280756712
105.0  2.9437601624371754
105.11999999999999  3.1110140506217183
105.24  3.2761120805671498
105.36  3.438618934970763
105.47999999999999  3.598104857220583
105.6  3.75414665189572
105.72  3.9063286702725484
105.83999999999999  4.054243778626349
105.96  4.197494307157263
106.08  4.335692977411378
106.2  4.468463806118349
106.32  4.595442983417324
106.44  4.716279723502845
106.56  4.830637085781718
106.67999999999999  4.938192764700306
106.8  5.03863984646987
106.92  5.1316875309929255
107.03999999999999  5.217061817370731
107.16  5.2945061514542235
107.28  5.363782033984635
107.39999999999999  5.424669587959267
107.52  5.476968083948058
107.64  5.520496422181451
107.75999999999999  5.555093570325927
107.88  5.580618955963319
108.0  5.596952812890589
108.11999999999999  5.603996480460479
108.24  5.601672655288031
108.36  5.589925594754421
108.47999999999999  5.5687212718474095
108.6  5.538047480986199
108.72  5.497913894587893
108.83999999999999  5.448352070243245
108.96  5.389415408478648
109.08  5.32117906119308
109.2  5.243739790967306
109.32  5.157215781553479
109.44  5.0617463999615415
109.56  4.957491910667353
109.67999999999999  4.84463314257373
109.8  4.723371109461605
109.92  4.59392658477197
110.03999999999999  4.456539631661192
110.16  4.31146908937189
110.28  4.1589920170596475
110.39999999999999  3.9994030963098006
110.52  3.8330139936713454
110.64  3.660152684624023
110.75999999999999  3.481162740480486
110.88  3.296402579807993
111.0  3.1062446860338184
111.11999999999999  2.9110747929730865
111.24  2.711291040089396
111.36  2.507303099367194
111.47999999999999  2.299531275735968
111.6  2.088405583047474
111.72  1.874364797660245
111.83999999999999  1.6578554917358486
111.96  1.4393310483967023
112.08  1.2192506609358666
112.2  0.9980783183039261
112.32  0.7762817791296133
112.44  0.5543315365551247
112.56  0.3326997761893956
112.67999999999999  0.11185932949552879
112.8  0.0
112.92  0.0
113.03999999999999  0.0
113.16  0.0
113.28  0.0
113.39999999999999  0.0
113.52  0.0
113.64  0.0
113.75999999999999  0.0
113.88  0.0
114.0  0.0
114.11999999999999  0.0
114.24  0.0
114.36  0.0
114.47999999999999  0.0
114.6  0.0
114.72  0.0
114.83999999999999  0.0
114.96  0.0
115.08  0.0
115.19999999999999  0.0
115.32  0.0
115.44  0.0
115.56  0.0
115.67999999999999  0.0
115.8  0.0
115.92  0.0
116.03999999999999  0.0
116.16  0.0
116.28  0.0
116.39999999999999  0.0
116.52  0.0
116.64  0.0
116.75999999999999  0.0
116.88  0.0
117.0  0.0
117.11999999999999  0.0
117.24  0.0
117.36  0.0
117.47999999999999  0.0
117.6  0.0
117.72  0.0
117.83999999999999  0.0
117.96  0.0
118.08  0.0
118.19999999999999  0.0
118.32  0.0
118.44  0.0
118.56  0.0
118.67999999999999  0.0
118.8  0.0
118.92  0.0
119.03999999999999  0.0
119.16  0.0
119.28  0.0
119.39999999999999  0.0
119.52  0.0
119.64  0.0
119.75999999999999  0.0
119.88  0.0
120.0  0.11322604442282302
