0.0  13.699665692960917  100.0
0.12  13.786172410217345
0.24  13.85904084215375
0.36  13.918189347933557
0.48  13.963560548542711
0.6  13.995121363714748
0.72  14.012863000961788
0.84  14.016800896885378
0.96  14.006974611041251
1.08  13.983447672731295
1.2  13.946307381194183
1.3199999999999998  13.89566455976286
1.44  13.8316532646524
1.56  13.75443044913538
1.68  13.66417558395338
1.7999999999999998  13.561090234902876
1.92  13.445397598620913
2.04  13.31734199768059
2.16  13.177188336188479
2.28  13.025221517155153
2.4  12.861745822986194
2.52  12.68708426051399
2.6399999999999997  12.501577872060201
2.76  12.305585014085016
2.88  12.09948060504175
3.0  11.883655344114276
3.12  11.658514902569626
3.2399999999999998  11.42447908950915
3.36  11.181980993848581
3.48  10.931466104400092
3.5999999999999996  10.673391409968032
3.7199999999999998  10.408224481404293
3.84  10.13644253759911
3.96  9.858531497408626
4.08  9.57498501954156
4.2  9.286303532443887
4.32  8.992993256232415
4.4399999999999995  8.69556521873574
4.56  8.394534267704003
4.68  8.090418081247389
4.8  7.783736178557323
4.92  7.475008932953841
5.04  7.164756589287747
5.16  6.853498287706956
5.279999999999999  6.541751095772815
5.3999999999999995  6.230029050884445
5.52  5.918842214937188
5.64  5.608695743105146
5.76  5.30008896859791
5.88  4.993514505197522
6.0  4.689457369334212
6.12  4.388394123408068
6.24  4.090792042008999
6.359999999999999  3.7971083026292
6.4799999999999995  3.5077892024008808
6.6  3.2232694023275346
6.72  2.9439712004095737
6.84  2.6703038349950394
6.96  2.4026628196131985
7.08  2.1414293104737645
7.199999999999999  1.8869695077369437
7.319999999999999  1.6396340915800458
7.4399999999999995  1.399757694005026
7.56  1.1676584072482807
7.68  0.9436373295694205
7.8  0.7279781491100312
7.92  0.5209467664263943
8.04  0.3227909562124003
8.16  0.13374006864036048
8.28  0.0
8.4  0.0
8.52  0.0
8.64  0.0
8.76  0.0
8.879999999999999  0.0
9.0  0.0
9.12  0.0
9.24  0.0
9.36  0.0
9.48  0.0
9.6  0.0
9.719999999999999  0.0
9.84  0.0
9.959999999999999  0.0
10.08  0.0
10.2  0.0
10.32  0.0
10.44  0.0
10.559999999999999  0.0
10.68  0.0
10.799999999999999  0.0
10.92  0.0
11.04  0.0
11.16  0.0
11.28  0.0
11.4  0.0
11.52  0.0
11.639999999999999  0.0
11.76  0.0
11.879999999999999  0.0
12.0  0.0
12.12  0.0
12.24  0.0
12.36  0.0
12.48  0.0
12.6  0.0
12.719999999999999  0.08173723769663388
12.84  0.23406656643797175
12.959999999999999  0.39079597550441525
13.08  0.5515869104115743
13.2  0.7160992150231364
13.32  0.8839918597783227
13.44  1.054923662344104
13.559999999999999  1.2285539991332848
13.68  1.4045435061632008
13.799999999999999  1.5825547677670964
13.92  1.762252991710676
14.04  1.943306669309657
14.16  2.125388219190964
14.28  2.3081746133893417
14.399999999999999  2.4913479845235385
14.52  2.67459621285078
14.639999999999999  2.8576134920556244
14.76  3.0401008726887584
14.879999999999999  3.2217667822329776
15.0  3.4023275208374137
15.12  3.5815077318264503
15.24  3.759040846157215
15.36  3.9346695000680967
15.479999999999999  4.108145925230949
15.6  4.279232310790863
15.719999999999999  4.447701136749598
15.84  4.6133354782219405
15.959999999999999  4.775929280167794
16.08  4.935287602277129
16.2  5.091226833759256
16.32  5.243574877862439
16.439999999999998  5.39217130602435
16.56  5.536867481628098
16.68  5.677526653412123
16.8  5.814024018655793
16.919999999999998  5.946246756334455
17.04  6.07409403050955
17.16  6.197476964289304
17.28  6.316318584764934
17.4  6.430553739394547
17.52  6.540128984373144
17.64  6.6450024455912216
17.759999999999998  6.745143652846936
17.88  6.840533348037066
18.0  6.931163268110087
18.12  7.017035903620675
18.24  7.0981642337782205
18.36  7.174571438932946
18.48  7.246290591491386
18.599999999999998  7.313364326298482
18.72  7.375844491566193
18.84  7.4337917814682335
18.96  7.487275351557129
19.08  7.536372418193495
19.2  7.581167843207711
19.32  7.621753705041458
19.439999999999998  7.658228857640452
19.56  7.6906984783903365
19.68  7.71927360640491
19.8  7.744070672489826
19.919999999999998  7.765211022115327
20.04  7.782820432738669
20.16  7.797028626820672
20.279999999999998  7.807968781880967
20.4  7.815777038933614
20.52  7.820592010638229
20.64  7.822554290491981
20.759999999999998  7.821805964374851
20.88  7.8184901257443205
21.0  7.812750395755985
21.119999999999997  7.804730449564339
21.24  7.7945735500321405
21.36  7.782422090048268
21.48  7.768417144622561
21.599999999999998  7.752698033891828
21.72  7.735401898134328
21.84  7.716663285850458
21.96  7.696613755925451
22.08  7.675381494845425
22.2  7.653090949891606
22.32  7.629862479188862
22.439999999999998  7.605812019433781
22.56  7.5810507720753355
22.68  7.5556849086665565
22.8  7.529815296050074
22.919999999999998  7.503537241983104
23.04  7.476940261748791
23.16  7.45010786624154
23.279999999999998  7.423117371953033
23.4  7.3960397332245105
23.52  7.368939397068759
23.64  7.341874180802769
23.759999999999998  7.314895172669214
23.88  7.28804665556178
24.0  7.261366053906639
24.119999999999997  7.234883903689109
24.24  7.2086238455524
24.36  7.182602640832975
24.48  7.156830210335715
24.599999999999998  7.1313096955914475
24.72  7.106037542279523
24.84  7.08100360543955
24.96  7.056191276038898
25.08  7.03157762840652
25.2  7.007133587989007
25.32  6.982824118831889
25.439999999999998  6.958608430137943
25.56  6.934440201205019
25.68  6.910267823998566
25.8  6.886034662568879
25.919999999999998  6.8616793284800845
26.04  6.837135971377361
26.16  6.812334583780669
26.279999999999998  6.787201319157458
26.4  6.761658822294059
26.52  6.735626570954644
26.64  6.7090212277895125
26.759999999999998  6.681757001429065
26.88  6.653746015678414
27.0  6.62489868570803
27.119999999999997  6.595124100120102
27.24  6.564330407756957
27.36  6.532425208107875
27.48  6.4993159441635635
27.599999999999998  6.464910296563513
27.72  6.429116577880447
27.84  6.391844125888251
27.959999999999997  6.353003694664707
28.08  6.312507842388538
28.2  6.2702713147013736
28.32  6.226211422519111
28.439999999999998  6.180248413194279
28.56  6.132305833950557
28.68  6.082310886533363
28.799999999999997  6.030194772045564
28.919999999999998  5.975893024965397
29.04  5.919345835374224
29.16  5.86049835845475
29.279999999999998  5.799301010355769
29.4  5.735709749557362
29.52  5.669686342910278
29.64  5.601198615565548
29.759999999999998  5.530220684054163
29.88  5.456733171822919
30.0  5.380723406580019
30.119999999999997  5.302185598853486
30.24  5.221121001216245
30.36  5.13753804768405
30.48  5.051452472845725
30.599999999999998  4.962887410339976
30.72  4.871873470348291
30.84  4.778448795830073
30.959999999999997  4.68265909728281
31.08  4.584557665867904
31.2  4.48420536480049
31.32  4.381670598959726
31.439999999999998  4.277029262734258
31.56  4.170364666175644
31.68  4.0617674395903745
31.799999999999997  3.951335416758785
31.919999999999998  3.8391734970259006
32.04  3.7253934865658755
32.16  3.610113919177059
32.28  3.4934598570192135
32.4  3.375562671758251
32.519999999999996  3.256559806635626
32.64  3.1365945200309415
32.76  3.015815611135448
32.879999999999995  2.8943771284019535
33.0  2.7724380614830118
33.12  2.650162017413207
33.24  2.5277168818338085
33.36  2.4052744660983194
33.48  2.2830101411353674
33.6  2.161102458981439
33.72  2.0397327629291704
33.839999999999996  1.9190847872679706
33.96  1.7993442476224932
34.08  1.6806984229201034
34.199999999999996  1.5633357300418531
34.32  1.4474452922322238
34.44  1.3332165023605045
34.56  1.2208385821416425
34.68  1.1105001384369384
34.8  1.002388717763759
34.92  0.896690360150223
35.04  0.7935891534743424
35.16  0.6932667894272286
35.28  0.59590212223838
35.4  0.5016707312950872
35.519999999999996  0.4107444887805103
35.64  0.32329113344347027
35.76  0.2394738515995254
35.879999999999995  0.15945086644599904
36.0  0.08337503675437508
36.12  0.011393465981240913
36.24  0.0
36.36  0.0
36.48  0.0
36.6  0.0
36.72  0.0
36.839999999999996  0.0
36.96  0.0
37.08  0.0
37.199999999999996  0.0
37.32  0.0
37.44  0.0
37.559999999999995  0.0
37.68  0.0
37.8  0.0
37.92  0.0
38.04  0.0
38.16  0.0
38.28  0.0
38.4  0.0
38.519999999999996  0.0
38.64  0.0
38.76  0.0
38.879999999999995  0.0
39.0  0.0
39.12  0.0
39.24  0.0
39.36  0.0
39.48  0.012000629957873432
39.6  0.08646715063387367
39.72  0.16548637139652422
39.839999999999996  0.24892656374090816
39.96  0.336647475124364
40.08  0.42850059892354775
40.199999999999996  0.5243294637508984
40.32  0.6239699414618762
40.44  0.727250573137677
40.559999999999995  0.8339929122832224
40.68  0.9440118844365459
40.8  1.0571161623450591
40.92  1.1731085558247714
41.04  1.2917864153815146
41.16  1.4129420486390636
41.28  1.5363631485861093
41.4  1.6618332326249936
41.519999999999996  1.7891320913772235
41.64  1.9180362461765084
41.76  2.0483194141578425
41.879999999999995  2.1797529798320827
42.0  2.3121064720187317
42.12  2.4451480449959675
42.239999999999995  2.5786449627164596
42.36  2.712364084928949
42.48  2.8460723540408464
42.6  2.979537281555051
42.72  3.1125274329143955
42.839999999999996  3.2448129095914946
42.96  3.3761658272676343
43.08  3.5063607889542663
43.199999999999996  3.6351753519229697
43.32  3.7623904873244016
43.44  3.8877910313955057
43.559999999999995  4.0111661271743095
43.68  4.132309655665411
43.8  4.251020655425172
43.92  4.367103729564486
44.04  4.480369439197979
44.16  4.590634682402197
44.28  4.6977230577813645
44.4  4.801465211777394
44.519999999999996  4.901699168901472
44.64  4.998270644106739
44.76  5.091033336566214
44.879999999999995  5.179849204166489
45.0  5.264588718075442
45.12  5.3451310967922225
45.239999999999995  5.421364519138795
45.36  5.493186315704685
45.48  5.560503138310615
45.6  5.62323110711139
45.72  5.6812959350142656
45.839999999999996  5.734633029145719
45.96  5.783187569156817
46.08  5.826914562215371
46.199999999999996  5.865778874591192
46.32  5.899755239799383
46.44  5.928828243325251
46.559999999999995  5.9529922840128995
46.68  5.972251512258082
46.8  5.986619745203793
46.92  5.996120359194865
47.04  6.000786159804512
47.16  6.000659229802094
47.28  5.995790755486691
47.4  5.986240831864965
47.519999999999996  5.972078247205166
47.64  5.953380247550578
47.76  5.9302322818259405
47.879999999999995  5.90272772821913
48.0  5.87096760256717
48.12  5.835060249520858
48.239999999999995  5.795121017305416
48.36  5.7512719169355355
48.48  5.703641266782524
48.6  5.652363323427323
48.72  5.597577899768274
48.839999999999996  5.53942997138363
48.96  5.478069272178807
49.08  5.413649880374832
49.199999999999996  5.346329795918437
49.32  5.276270510416122
49.44  5.203636570712404
49.559999999999995  5.1285951372488165
49.68  5.051315538352728
49.8  4.97196882161514
49.92  4.890727303523555
50.04  4.807764118520116
50.16  4.723252768656247
50.28  4.637366675013018
50.4  4.5502787320516385
50.519999999999996  4.462160866050699
50.64  4.373183598775526
50.76  4.283515617511907
50.879999999999995  4.193323352578953
51.0  4.102770563417194
51.12  4.0120179343248115
51.239999999999995  3.9212226808903643
51.36  3.8305381681423967
51.48  3.7401135414055986
51.6  3.6500933708205054
51.72  3.5606173104479417
51.839999999999996  3.471819772841691
51.96  3.3838296199324516
52.08  3.2967698710238724
52.199999999999996  3.210757428656848
52.32  3.125902823051715
52.44  3.042309975789676
52.559999999999995  2.9600759833443813
52.68  2.879290921023128
52.8  2.8000376678236196
52.919999999999995  2.7223917526573427
53.04  2.6464212223353045
53.16  2.572186531654132
53.28  2.4997404558631002
53.4  2.4291280257335583
53.519999999999996  2.3603864853929415
53.64  2.2935452730254413
53.76  2.228626024481266
53.879999999999995  2.165642599775656
54.0  2.104601132398408
54.12  2.045500101294119
54.239999999999995  1.9883304253129301
54.36  1.93307557987201
54.48  1.8797117355084625
54.6  1.8282079179458246
54.72  1.7785261892386348
54.839999999999996  1.7306218495027634
54.96  1.684443658683639
55.08  1.639934077760186
55.199999999999996  1.5970295287294585
55.32  1.5556606726656779
55.44  1.5157527050977468
55.559999999999995  1.477225667901668
55.68  1.439994776858308
55.8  1.4039707639835703
55.919999999999995  1.3690602336960895
56.04  1.3351660318487841
56.16  1.3021876266135664
56.28  1.2700215001741002
56.4  1.238561550150313
56.519999999999996  1.2076994996486758
56.64  1.1773253148067995
56.76  1.1473276286767344
56.879999999999995  1.1175941702716865
57.0  1.088012197582787
57.12  1.0584689333582378
57.239999999999995  1.0288520024260521
57.36  0.9990498693328159
57.48  0.9689522750662531
57.599999999999994  0.938450671626936
57.72  0.9074386532160426
57.839999999999996  0.8758123828102826
57.96  0.8434710129023765
58.08  0.810317099196866
58.199999999999996  0.776257006064151
58.32  0.7412013025731768
58.44  0.7050651479430483
58.559999999999995  0.6677686652770257
58.68  0.6292373024686871
58.8  0.5894021791987689
58.919999999999995  0.5482004189736844
59.04  0.5055754651911994
59.16  0.4614773802562795
59.28  0.4158631268106794
59.4  0.3686968301821474
59.519999999999996  0.3199500212048487
59.64  0.2696018586096598
59.76  0.21763933023351223
59.879999999999995  0.16405743234820225
60.0  0.10885932646372032
60.12  0.05205647301667682
60.239999999999995  0.0
60.36  0.0
60.48  0.0
60.599999999999994  0.0
60.72  0.0
60.839999999999996  0.0
60.96  0.0
61.08  0.0
61.199999999999996  0.0
61.32  0.0
61.44  0.0
61.559999999999995  0.0
61.68  0.0
61.8  0.0
61.919999999999995  0.0
62.04  0.0
62.16  0.0
62.28  0.0
62.4  0.0
62.519999999999996  0.0
62.64  0.0
62.76  0.0
62.879999999999995  0.0
63.0  0.0
63.12  0.0
63.239999999999995  0.0
63.36  0.0
63.48  0.0
63.599999999999994  0.0
63.72  0.0
63.839999999999996  0.0
63.96  0.0
64.08  0.0
64.2  0.0
64.32  0.0
64.44  0.0
64.56  0.0
64.67999999999999  0.0
64.8  0.0
64.92  0.0
65.03999999999999  0.0
65.16  0.0
65.28  0.0
65.39999999999999  0.0
65.52  0.0
65.64  0.0
65.75999999999999  0.0
65.88  0.0
66.0  0.0
66.12  0.0
66.24  0.0
66.36  0.0
66.48  0.0
66.6  0.0
66.72  0.0
66.84  0.0
66.96  0.0
67.08  0.0
67.2  0.0
67.32  0.0
67.44  0.0
67.56  0.0
67.67999999999999  0.0
67.8  0.0
67.92  0.0
68.03999999999999  0.0
68.16  0.0
68.28  0.0
68.39999999999999  0.0
68.52  0.0
68.64  0.0
68.75999999999999  0.0
68.88  0.0
69.0  0.0
69.12  0.10870650806127902
69.24  0.28020688368477353
69.36  0.45567482881343446
69.48  0.6348627458007821
69.6  0.8175113924242554
69.72  1.003350277804555
69.84  1.1920980884543724
69.96  1.383463143744502
70.08  1.5771438800014028
70.2  1.77282936237716
70.32  1.9701998235628122
70.44  2.1689272283463064
70.56  2.368675862948648
70.67999999999999  2.5691029480079197
70.8  2.7698592740168957
70.92  2.97058985795969
71.03999999999999  3.170934619835777
71.16  3.3705290777036323
71.28  3.569005059824324
71.39999999999999  3.7659914324364734
71.52  3.9611148416473174
71.64  4.154000467881767
71.75999999999999  4.344272791292324
71.88  4.531556366496183
72.0  4.715476604973227
72.11999999999999  4.8956605634305115
72.24  5.071737736413187
72.36  5.243340851420346
72.48  5.410106664767969
72.6  5.571676756426487
72.72  5.727698322052118
72.84  5.877824960424837
72.96  6.021717454505635
73.08  6.159044544327463
73.2  6.289483689941779
73.32  6.412721822653644
73.44  6.528456082793052
73.56  6.6363945422896204
73.67999999999999  6.736256910341225
73.8  6.827775220493862
73.92  6.910694497481884
74.03999999999999  6.984773402212456
74.16  7.049784853317614
74.28  7.105516623739457
74.39999999999999  7.1517719108610835
74.52  7.188369878746094
74.64  7.215146171102236
74.75999999999999  7.231953393643257
74.88  7.2386615645819585
75.0  7.235158532051932
75.11999999999999  7.221350357321729
75.24  7.19716166273441
75.36  7.1625359433780496
75.48  7.11743584156728
75.6  7.061843383293388
75.72  6.995760175879768
75.84  6.919207566161495
75.96  6.8322267585909024
76.08  6.734878892756697
76.2  6.627245079890861
76.32  6.509426398025697
76.44  6.381543845552782
76.56  6.243738253026253
76.67999999999999  6.096170153143433
76.8  5.939019608927861
76.92  5.772486000231929
77.03999999999999  5.596787768768181
77.16  5.412162121970595
77.28  5.218864696079659
77.39999999999999  5.017169178935349
77.52  4.80736689305375
77.64  4.5897663396531225
77.75999999999999  4.364692704382783
77.88  4.132487325596953
78.0  3.893507126101325
78.11999999999999  3.6481240093837304
78.24  3.3967242214237494
78.36  3.139707679255784
78.48  2.877487267538152
78.6  2.6104881044567403
78.72  2.339146778364105
78.84  2.0639105566261455
78.96  1.7852365682141376
79.08  1.5035909616450323
79.2  1.2194480399339975
79.32  0.9332893742789012
79.44  0.6456028982517035
79.56  0.3568819843215456
79.67999999999999  0.06762450457935554
79.8  0.0
79.92  0.0
80.03999999999999  0.0
80.16  0.0
80.28  0.0
80.39999999999999  0.0
80.52  0.0
80.64  0.0
80.75999999999999  0.0
80.88  0.0
81.0  0.0
81.11999999999999  0.0
81.24  0.0
81.36  0.0
81.48  0.0
81.6  0.0
81.72  0.0
81.84  0.0
81.96  0.0
82.08  0.0
82.2  0.0
82.32  0.0
82.44  0.0
82.56  0.0
82.67999999999999  0.0
82.8  0.0
82.92  0.0
83.03999999999999  0.0
83.16  0.0
83.28  0.0
83.39999999999999  0.0
83.52  0.0
83.64  0.0
83.75999999999999  0.0
83.88  0.0
84.0  0.0
84.11999999999999  0.0
84.24  0.0
84.36  0.0
84.47999999999999  0.0
84.6  0.0
84.72  0.0
84.84  0.0
84.96  0.0
85.08  0.0
85.2  0.0
85.32  0.0
85.44  0.0
85.56  0.0
85.67999999999999  0.0
85.8  0.0
85.92  0.0
86.03999999999999  0.0
86.16  0.0
86.28  0.0
86.39999999999999  0.0
86.52  0.0
86.64  0.0
86.75999999999999  0.0
86.88  0.0
87.0  0.0
87.11999999999999  0.0
87.24  0.0
87.36  0.0
87.47999999999999  0.0
87.6  0.0
87.72  0.0
87.84  0.0
87.96  0.0
88.08  0.0
88.2  0.0
88.32  0.0
88.44  0.0
88.56  0.21615541323115928
88.67999999999999  0.5096730917627288
88.8  0.8023665076694362
88.92  1.0936986994212754
89.03999999999999  1.3831362252944341
89.16  1.670150234740765
89.28  1.9542175306944578
89.39999999999999  2.2348216205643
89.52  2.511453753680339
89.64  2.783613942990726
89.75999999999999  3.0508119688357462
89.88  3.312568362661935
90.0  3.5684153685793127
90.11999999999999  3.817897880711167
90.24  4.060574354334497
90.36  4.296017688864077
90.47999999999999  4.523816080791709
90.6  4.743573844754837
90.72  4.954912200975132
90.84  5.15747002737914
90.96  5.350904574787129
91.08  5.534892143634298
91.2  5.7091287207700585
91.32  5.8733305749664755
91.44  6.027234809853827
91.56  6.1705998730928515
91.67999999999999  6.303206020686417
91.8  6.424855735429292
91.92  6.535374098592751
92.03999999999999  6.634609114041565
92.16  6.7224319840825615
92.28  6.79873733644804
92.39999999999999  6.8634434019223285
92.52  6.91649214222631
92.64  6.957849327881806
92.75999999999999  6.987504565886031
92.88  7.0054712771342995
93.0  7.011786623638455
93.11999999999999  7.006511385696545
93.24  6.989729789278256
93.36  6.961549283997967
93.47999999999999  6.92210027215509
93.6  6.871535789426989
93.72  6.8100311379052245
93.84  6.737783472269179
93.96  6.655011339993282
94.08  6.5619541765837575
94.2  6.45887175693905
94.32  6.346043604023524
94.44  6.223768356136658
94.56  6.092363094151407
94.67999999999999  5.95216263018095
94.8  5.803518759219019
94.92  5.646799475378531
95.03999999999999  5.482388154431331
95.16  5.310682704424686
95.28  5.13209468622135
95.39999999999999  4.947048405873654
95.52  4.755979980805947
95.64  4.559336381835253
95.75999999999999  4.3575744531137826
95.88  4.151159912124722
96.0  3.940566331907201
96.11999999999999  3.726274107723987
96.24  3.5087694104204874
96.36  3.2885431287525737
96.47999999999999  3.066089802984345
96.6  2.8419065520766402
96.72  2.616491996800989
96.84  2.3903451811218024
96.96  2.163964494194426
97.08  1.937846595324537
97.2  1.712485344227729
97.32  1.4883707389165837
97.44  1.2659878635252935
97.56  1.045815848360864
97.67999999999999  0.8283268444410836
97.8  0.6139850147494583
97.92  0.4032455443989271
98.03999999999999  0.19655367185509176
98.16  0.0
98.28  0.0
98.39999999999999  0.0
98.52  0.0
98.64  0.0
98.75999999999999  0.0
98.88  0.0
99.0  0.0
99.11999999999999  0.0
99.24  0.0
99.36  0.0
99.47999999999999  0.0
99.6  0.0
99.72  0.0
99.84  0.0
99.96  0.0
100.08  0.0
100.2  0.0
100.32  0.0
100.44  0.0
100.56  0.0
100.67999999999999  0.0
100.8  0.0
100.92  0.0
101.03999999999999  0.0
101.16  0.0
101.28  0.0
101.39999999999999  0.0
101.52  0.0
101.64  0.0
101.75999999999999  0.0
101.88  0.0
102.0  0.0
102.11999999999999  0.0
102.24  0.0
102.36  0.0
102.47999999999999  0.0
102.6  0.0
102.72  0.0
102.83999999999999  0.0
102.96  0.0
103.08  0.0
103.2  0.0
103.32  0.0
103.44  0.0
103.56  0.0
103.67999999999999  0.0
103.8  0.0
103.92  0.0
104.03999999999999  0.0
104.16  0.058255258026232326
104.28  0.23567833918768089
104.39999999999999  0.4148596586804082
104.52  0.5953498330693977
104.64  0.776697432147119
104.75999999999999  0.9584500223448625
104.88  1.1401552114611877
105.0  1.3213616923661207
105.11999999999999  1.501620283343728
105.24  1.6804849627425171
105.36  1.8575138956176733
105.47999999999999  2.032270450067027
105.6  2.2043242009864104
105.72  2.3732519189986423
105.83999999999999  2.538638542344132
105.96  2.700078129560254
106.08  2.857174790818557
106.2  3.009543595839308
106.32  3.156811456353287
106.44  3.2986179811404273
106.56  3.434616301734219
106.67999999999999  3.564473866949258
106.8  3.6878732044572327
106.92  3.804512647712084
107.03999999999999  3.9141070266020774
107.16  4.016388320288658
107.28  4.111106270775824
107.39999999999999  4.198028955842904
107.52  4.276943320063824
107.64  4.347655662730498
107.75999999999999  4.409992081594158
107.88  4.463798871437746
108.0  4.508942876593247
108.11999999999999  4.545311796621406
108.24  4.572814444475835
108.36  4.591380956579886
108.47999999999999  4.600962954352485
108.6  4.601533656827554
108.72  4.593087944121007
108.83999999999999  4.575642371609688
108.96  4.549235134796033
109.08  4.513925984943556
109.2  4.46979609567734
109.32  4.4169478808540115
109.44  4.355504764114185
109.56  4.28561090063879
109.67999999999999  4.207430851736814
109.8  4.121149212998205
109.92  4.026970196848737
110.03999999999999  3.9251171704459304
110.16  3.8158321499544883
110.28  3.6993752523375965
110.39999999999999  3.576024105894837
110.52  3.446073220869727
110.64  3.3098333215392364
110.75999999999999  3.1676306412833153
110.88  3.0198061822150075
111.0  2.866714941031464
111.11999999999999  2.7087251028206074
111.24  2.5462172046300484
111.36  2.3795832706730042
111.47999999999999  2.209225921107665
111.6  2.0355574563870444
111.72  1.8589989192296161
111.83999999999999  1.6799791363113932
111.96  1.4989337418250837
112.08  1.316304185092891
112.2  1.132536724454054
112.32  0.948081409679771
112.44  0.7633910551926094
112.56  0.578920206389459
112.67999999999999  0.3951241013805559
112.8  0.21245763046855404
112.92  0.03137429569640737
113.03999999999999  0.0
113.16  0.0
113.28  0.0
113.39999999999999  0.0
113.52  0.0
113.64  0.0
113.75999999999999  0.0
113.88  0.0
114.0  0.0
114.11999999999999  0.0
114.24  0.0
114.36  0.0
114.47999999999999  0.0
114.6  0.0
114.72  0.0
114.83999999999999  0.0
114.96  0.0
115.08  0.0
115.19999999999999  0.0
115.32  0.0
115.44  0.0
115.56  0.0
115.67999999999999  0.0
115.8  0.0
115.92  0.0
116.03999999999999  0.0
116.16  0.0
116.28  0.0
116.39999999999999  0.0
116.52  0.0
116.64  0.0
116.75999999999999  0.0
116.88  0.0
117.0  0.0
117.11999999999999  0.0
117.24  0.0
117.36  0.0
117.47999999999999  0.0
117.6  0.0
117.72  0.0
117.83999999999999  0.0
117.96  0.0
118.08  0.0
118.19999999999999  0.0
118.32  0.0
118.44  0.0
118.56  0.0
118.67999999999999  0.0
118.8  0.0
118.92  0.0
119.03999999999999  0.025962914397569703
119.16  0.23830200411012492
119.28  0.4553231824459347
119.39999999999999  0.6765948975884039
119.52  0.9016750080291152
119.64  1.1301117211183538
119.75999999999999  1.3614445533869803
119.88  1.5952053105385193
120.0  1.8309190849673331
