0.0  44.54701432248967
1.68  14.527167423948846
3.36  11.239987361094766
5.04  39.35814850426995
6.72  58.91213035182011
8.4  42.106257561926824
10.08  12.829811997777405
11.76  12.698797111143001
13.44  8.566115153965221
15.12  25.59016957833019
16.8  6.238203451645039
18.48  0.0
20.16  0.0
21.84  11.015666187189348
23.52  25.327453926430998
25.2  3.636667250777144
26.88  0.0
28.56  0.0
30.24  13.347231904327185
31.919999999999998  24.79346392703524
33.6  0.996179857326501
35.28  0.0
36.96  0.0
38.64  15.535839642496935
40.32  23.993918978116184
42.0  0.0
43.68  0.0
45.36  0.0
47.04  17.558047916509253
48.72  22.93738275271197
50.4  0.0
52.08  0.0
53.76  0.0
55.44  19.392197493200353
57.12  21.635171476132175
58.8  0.0
60.48  0.0
62.16  0.0
63.839999999999996  21.018643376627605
65.52  20.10123272144859
67.2  0.0
68.88  0.0
70.56  0.0
72.24  22.419965219406215
73.92  18.35199602145108
75.6  0.0
77.28  0.0
78.96  0.0
80.64  23.581153906540653
82.32  16.406196897120267
84.0  0.0
85.67999999999999  0.0
87.36  0.0
89.03999999999999  24.489772313306613
90.72  14.284676187386324
92.39999999999999  0.0
94.08  0.0
95.75999999999999  2.5314686857676403
97.44  25.13608851536119
99.11999999999999  12.010156829498584
100.8  0.0
102.47999999999999  0.0
104.16  5.15277844779332
105.83999999999999  25.513180024304976
107.52  9.60700048082901
109.2  0.0
110.88  0.0
112.56  7.7188984297771555
114.24  25.617007932266205
115.92  7.100946588868457
117.6  0.0
119.28  0.0
120.96  10.202343732299685
122.64  25.446460171365253
124.32  4.518836704146799
126.0  0.0
127.67999999999999  0.0
129.35999999999999  12.576514958282743
131.04  25.003363424722025
132.72  1.8883269888724694
134.4  0.0
136.07999999999998  0.0
137.76  14.815983110715685
139.44  24.292463561430445
141.12  0.0
142.79999999999998  0.0
144.48  0.0
146.16  16.8967619546001
147.84  23.32137480505662
149.51999999999998  0.0
151.2  0.0
152.88  0.0
154.56  18.796564925925296
156.23999999999998  22.100498180098274
157.92  0.0
159.6  0.0
161.28  0.0
162.96  20.495043836005767
164.64  20.642910109900384
166.32  0.0
168.0  0.0
