0.0  42.68699138382634
1.68  0.0
3.36  3.0914339106095525
5.04  51.944517242474056
6.72  74.34209756229282
8.4  38.44636935988115
10.08  0.0
11.76  6.2073112554774035
13.44  22.357958252021483
15.12  40.06045521323258
16.8  0.8176498910635353
18.48  0.0
20.16  0.0
21.84  25.865263576271765
23.52  38.68307133352791
25.2  0.0
26.88  0.0
28.56  0.0
30.24  29.09553424398441
31.919999999999998  36.89136531289085
33.6  0.0
35.28  0.0
36.96  0.0
38.64  32.01417184782789
40.32  34.7045275477609
42.0  0.0
43.68  0.0
45.36  0.0
47.04  34.589915783642624
48.72  32.14598056570618
50.4  0.0
52.08  0.0
53.76  0.0
55.44  36.79517807288407
57.12  29.24312815413872
58.8  0.0
60.48  0.0
62.16  0.0
63.839999999999996  38.606338848734865
65.52  26.02706184701704
67.2  0.0
68.88  0.0
70.56  0.610719613148774
72.24  40.003999341025946
73.92  22.532227913258943
75.6  0.0
77.28  0.0
78.96  4.907581064578141
80.64  40.97318965032868
82.32  18.796058413654016
84.0  0.0
85.67999999999999  0.0
87.36  9.15187896757743
89.03999999999999  41.50352908581141
90.72  14.858570277896312
92.39999999999999  0.0
94.08  0.0
95.75999999999999  13.29815398985176
97.44  41.58933734953639
99.11999999999999  10.761936695914303
100.8  0.0
102.47999999999999  0.0
104.16  17.301996691175678
105.83999999999999  41.22969537633341
107.52  6.550035414167529
109.2  0.0
110.88  0.0
112.56  21.12052317885963
114.24  40.42845517761648
115.92  2.2679787749879043
117.6  0.0
119.28  0.0
120.96  24.712834423559183
122.64  39.19419858370801
124.32  0.0
126.0  0.0
127.67999999999999  0.0
129.35999999999999  28.040454315843192
131.04  37.540145326569
132.72  0.0
134.4  0.0
136.07999999999998  0.0
137.76  31.067741771628313
139.44  35.48401144743041
141.12  0.0
142.79999999999998  0.0
144.48  0.0
146.16  33.76227247255874
147.84  33.04781954588194
149.51999999999998  0.0
151.2  0.0
152.88  0.0
154.56  36.095186152623214
156.23999999999998  30.257662902772225
157.92  0.0
159.6  0.0
161.28  0.0
162.96  38.04149571133531
164.64  27.143426003329523
166.32  0.0
168.0  0.0
