0.0  29.480054276645383
1.68  29.23614861356494
3.36  29.07782296015921
5.04  29.008384345980673
6.72  29.02928317116494
8.4  29.140082911175345
10.08  29.338469234715983
11.76  29.62029834436273
13.44  0.0
15.12  0.0
16.8  0.0
18.48  0.0
20.16  0.0
21.84  0.0
23.52  0.0
25.2  0.5443794394722365
26.88  1.1576415347030657
28.56  1.7467233743399162
30.24  2.2993205022785563
31.919999999999998  2.8038905373988383
33.6  3.249894265230197
35.28  3.628015775958116
36.96  3.9303570506355427
38.64  4.150602931176701
40.32  4.284153028320013
42.0  4.328217812330475
43.68  4.281876879345473
45.36  4.146098176324796
47.04  3.92371778304343
48.72  3.619380673431076
50.4  3.2394436936068125
52.08  2.7918427831567287
53.76  2.285927213072178
55.44  1.7322643027062568
57.12  1.1424186947261643
58.8  0.5287107984593102
60.48  0.0
62.16  0.0
63.839999999999996  0.0
65.52  0.0
67.2  0.0
68.88  0.0
70.56  0.0
72.24  0.0
73.92  0.0
75.6  0.0
77.28  0.0
78.96  0.0
80.64  0.0
82.32  0.0
84.0  0.0
85.67999999999999  0.0
87.36  0.0
89.03999999999999  0.0
90.72  0.0
92.39999999999999  0.0
94.08  0.0
95.75999999999999  0.0
97.44  0.2721751604683076
99.11999999999999  0.8919997780688842
100.8  1.4931927364063018
102.47999999999999  2.063196608195744
104.16  2.590105428683676
105.83999999999999  3.0629133816720664
107.52  3.4717446836758
109.2  3.808059864504035
110.88  4.064834135576903
112.56  4.236704120306431
114.24  4.320079881708568
115.92  4.313219907267909
117.6  4.216267484807472
119.28  4.031247709562063
120.96  3.7620251849700295
122.64  3.414223300708686
124.32  2.99510677405485
126.0  2.513429907989483
127.67999999999999  1.9792537355578113
129.35999999999999  1.40373586988481
131.04  0.798897449357179
132.72  0.1773720459080268
134.4  0.0
136.07999999999998  0.0
137.76  0.0
139.44  0.0
141.12  0.0
142.79999999999998  0.0
144.48  0.0
146.16  0.0
147.84  0.0
149.51999999999998  0.0
151.2  0.0
152.88  0.0
154.56  0.0
156.23999999999998  0.0
157.92  0.0
159.6  0.0
161.28  0.0
162.96  0.0
164.64  0.0
166.32  0.0
168.0  0.0
