0.0  21.598285925366692
1.68  27.02424608603517
3.36  33.04969087510739
5.04  39.10208715288218
6.72  44.606340869885464
8.4  49.039442062102125
10.08  51.98016085637891
11.76  53.149072409703564
13.44  19.101774310013226
15.12  16.57277360814998
16.8  12.469040676619775
18.48  7.1805090692152485
20.16  1.2096910006508033
21.84  0.0
23.52  0.0
25.2  0.0
26.88  0.0
28.56  0.0
30.24  0.0
31.919999999999998  0.0
33.6  0.0
35.28  0.0
36.96  0.0
38.64  3.972738937555615
40.32  9.701088882574295
42.0  14.507648806956912
43.68  17.93570307542631
45.36  19.659520602212297
47.04  19.515305568843083
48.72  17.516761177113295
50.4  13.853787581365765
52.08  8.874437721562622
53.76  3.0518456000390657
55.44  0.0
57.12  0.0
58.8  0.0
60.48  0.0
62.16  0.0
63.839999999999996  0.0
65.52  0.0
67.2  0.0
68.88  0.0
70.56  0.0
72.24  2.1420376109334907
73.92  8.044468895925371
75.6  13.182520920059117
77.28  17.06797992313893
78.96  19.331652572541763
80.64  19.75844643035026
82.32  18.307807871733345
84.0  15.117575459255363
85.67999999999999  10.490882628443769
87.36  4.8673541813814465
89.03999999999999  0.0
90.72  0.0
92.39999999999999  0.0
94.08  0.0
95.75999999999999  0.0
97.44  0.0
99.11999999999999  0.0
100.8  0.0
102.47999999999999  0.0
104.16  0.0
105.83999999999999  0.2926339053852143
107.52  6.317611717929843
109.2  11.742294913413245
110.88  16.051234257709737
112.56  18.83499764116891
114.24  19.829074003460814
115.92  18.939006971532624
117.6  16.24937003168678
119.28  12.015730421817196
120.96  6.640365328597123
122.64  0.6340378179236108
124.32  0.0
126.0  0.0
127.67999999999999  0.0
129.35999999999999  0.0
131.04  0.0
132.72  0.0
134.4  0.0
136.07999999999998  0.0
137.76  0.0
139.44  0.0
141.12  4.535594738979568
142.79999999999998  10.199545567395635
144.48  14.894343403518729
146.16  18.173892159927437
147.84  19.726571630638848
149.51999999999998  19.4048474039315
151.2  17.23928946892364
152.88  13.435667478667867
154.56  8.355398675633417
156.23999999999998  2.4812063026924847
157.92  0.0
159.6  0.0
161.28  0.0
162.96  0.0
164.64  0.0
166.32  0.0
168.0  0.0
