0.0  41.14095795719724
1.68  33.270464255168406
3.36  25.405944324698673
5.04  18.29467881404829
6.72  12.61237471458249
8.4  8.898960201015306
10.08  7.507281070609757
11.76  8.569573606309262
13.44  0.0
15.12  0.0
16.8  0.0
18.48  0.0
20.16  6.7701047149836455
21.84  14.040978587137934
23.52  19.977689449525634
25.2  24.016135592061364
26.88  25.77258696153917
28.56  25.080146896799153
30.24  22.004610521387963
31.919999999999998  16.83821294141306
33.6  10.07186129003284
35.28  2.3484891084047703
36.96  0.0
38.64  0.0
40.32  0.0
42.0  0.0
43.68  0.0
45.36  0.0
47.04  0.0
48.72  0.0
50.4  0.0
52.08  0.0
53.76  4.413738749061089
55.44  11.955877301574333
57.12  18.36197756828889
58.8  23.02333681814757
60.48  25.497036272533926
62.16  25.548026907703616
63.839999999999996  23.171463632634968
65.52  18.593165665859583
67.2  12.24815936661969
68.88  4.739342364068996
70.56  0.0
72.24  0.0
73.92  0.0
75.6  0.0
77.28  0.0
78.96  0.0
80.64  0.0
82.32  0.0
84.0  0.0
85.67999999999999  0.0
87.36  2.0188359179852915
89.03999999999999  9.766387864025639
90.72  16.58594513032535
92.39999999999999  21.829518619029347
94.08  24.998868001359554
95.75999999999999  25.792844131286728
97.44  24.136004006272795
99.11999999999999  20.18577930347418
100.8  14.317517342597423
102.47999999999999  7.088815871636875
104.16  0.0
105.83999999999999  0.0
107.52  0.0
109.2  0.0
110.88  0.0
112.56  0.0
114.24  0.0
115.92  0.0
117.6  0.0
119.28  0.0
120.96  0.0
122.64  7.491626960822035
124.32  14.665098880927559
126.0  20.44510435992437
127.67999999999999  24.282431712995166
129.35999999999999  25.81246103996274
131.04  24.889810128381576
132.72  21.602148559792568
134.4  16.26186741336591
136.07999999999998  9.376396105299543
137.76  1.59998683511205
139.44  0.0
141.12  0.0
142.79999999999998  0.0
144.48  0.0
146.16  0.0
147.84  0.0
149.51999999999998  0.0
151.2  0.0
152.88  0.0
154.56  0.0
156.23999999999998  5.151455793354495
157.92  12.616209951578679
159.6  18.88218152236532
161.28  23.35398269580405
162.96  25.606706356225825
164.64  25.42630043024352
166.32  22.82990695049361
168.0  18.06423323285039
