0.0  0.0
2.4  0.0
4.8  17.257264268216176
7.199999999999999  58.14025702791573
9.6  103.78206090011224
12.0  113.36533194262701
14.399999999999999  140.8027588967044
16.8  147.0744859481595
19.2  139.44815379218568
21.599999999999998  126.51963403198552
24.0  109.45099265428252
26.4  85.7292038849017
28.799999999999997  51.84778565763344
31.2  5.429980429604246
33.6  0.0
36.0  0.0
38.4  0.0
40.8  0.0
43.199999999999996  0.0
45.6  0.0
48.0  0.0
50.4  0.0
52.8  0.0
55.199999999999996  0.0
57.599999999999994  17.612875930307794
60.0  57.12331448601625
62.4  87.15966549110675
64.8  110.32929423646794
67.2  129.88726021456
69.6  146.32563260987013
72.0  151.48856809018196
74.39999999999999  135.6221801071009
76.8  100.81097545788515
79.2  58.35005532570452
81.6  16.877460730842845
84.0  0.0
86.39999999999999  0.0
88.8  0.0
91.2  0.0
93.6  0.0
96.0  0.0
98.39999999999999  0.0
100.8  0.0
103.2  0.0
105.6  0.0
108.0  0.0
110.39999999999999  16.48702808699539
112.8  61.74743103503427
115.19999999999999  105.85831653910627
117.6  136.55301272502138
120.0  149.0535351987349
122.39999999999999  144.61236237001884
124.8  128.75858421277925
127.19999999999999  109.6684438267236
129.6  88.82192908637388
132.0  58.32124152351031
134.4  14.081461992601183
136.79999999999998  0.0
139.2  0.0
141.6  0.0
144.0  0.0
146.4  0.0
148.79999999999998  0.0
151.2  0.0
153.6  0.0
156.0  0.0
158.4  0.0
160.79999999999998  7.788837583479072
163.2  53.26762203134172
165.6  85.7430675370016
168.0  107.2594115474597
170.4  126.22296680050479
172.79999999999998  143.13137845916293
175.2  149.5967826003062
177.6  139.07954130554484
180.0  110.45838155518273
182.4  67.74780106124784
184.79999999999998  21.91068076524593
187.2  0.0
189.6  0.0
192.0  0.0
194.4  0.0
196.79999999999998  0.0
199.2  0.0
201.6  0.0
204.0  0.0
206.4  0.0
208.79999999999998  0.0
211.2  0.0
213.6  11.756062502756382
216.0  53.12237163003416
218.4  95.76538782566396
220.79999999999998  131.93685325078607
223.2  150.7305747611609
225.6  147.94311922539396
228.0  132.07552678583087
230.39999999999998  112.83540596140581
232.79999999999998  90.63286762179452
235.2  61.507418697899766
237.6  23.00265295460307
240.0  0.0
