0.0  19.63857351268271
1.68  33.97989983001979
3.36  46.46167805146403
5.04  21.18587287207282
6.72  30.846593303634798
8.4  47.659265948781524
10.08  23.27005007438664
11.76  27.823192516586378
13.44  14.890361357814712
15.12  0.0
16.8  0.0
18.48  14.796685049201011
20.16  0.0
21.84  0.0
23.52  14.049043874682146
25.2  0.0
26.88  0.0
28.56  12.680481117859392
30.24  1.5353615187309257
31.919999999999998  0.0
33.6  10.751482756285984
35.28  4.606833190912517
36.96  0.0
38.64  8.347304179980913
40.32  7.474697971420406
42.0  0.0
43.68  5.5742021832894855
45.36  10.0122056590857
47.04  0.0
48.72  2.5547387636711045
50.4  12.107206750882586
52.08  0.0
53.76  0.0
55.44  13.667109081504279
57.12  0.0
58.8  0.0
60.48  14.622970092865764
62.16  0.0
63.839999999999996  0.0
65.52  14.932543868666164
67.2  0.0
68.88  0.0
70.56  14.582148265093814
72.24  0.0
73.92  0.0
75.6  13.587269616631115
77.28  0.0
78.96  0.0
80.64  11.991878290949902
82.32  2.7468960980473165
84.0  0.0
85.67999999999999  9.866485343120274
87.36  5.7548664865730075
89.03999999999999  0.0
90.72  7.305026158636327
92.39999999999999  8.508490683524432
94.08  0.0
95.75999999999999  4.420708817991948
97.44  10.886067546197298
99.11999999999999  0.0
100.8  1.3410106714613148
102.47999999999999  12.782515988591754
104.16  0.0
105.83999999999999  0.0
107.52  14.114019220176
109.2  0.0
110.88  0.0
112.56  14.82172917265669
114.24  0.0
115.92  0.0
117.6  14.874367391255849
119.28  0.0
120.96  0.0
122.64  14.26960743964985
124.32  0.0
126.0  0.0
127.67999999999999  13.034177720811504
129.35999999999999  0.8415825091806193
131.04  0.0
132.72  11.222680169412596
134.4  3.939969274156655
136.07999999999998  0.0
137.76  8.91517702570146
139.44  6.864222341654473
141.12  0.0
142.79999999999998  6.213652347521412
144.48  9.485099333479123
146.16  0.0
147.84  3.237504650016078
149.51999999999998  11.686766097263114
151.2  0.0
152.88  0.11826988353003554
154.56  13.371916195439141
156.23999999999998  0.0
157.92  0.0
159.6  14.466071530087802
161.28  0.0
162.96  0.0
164.64  14.920874030173092
166.32  0.0
168.0  0.0
