0.0  39.71956020408395
2.4  23.660232782299786
4.8  30.400203840776562
7.199999999999999  28.870111433258952
9.6  6.621520829947375
12.0  0.0
14.399999999999999  0.0
16.8  2.6296223632900055
19.2  26.11487893294085
21.599999999999998  20.194757450908973
24.0  9.595040908694937
26.4  22.064531719820398
28.799999999999997  39.21497802500653
31.2  23.574778968789893
33.6  0.0
36.0  0.0
38.4  0.0
40.8  0.0
43.199999999999996  0.0
45.6  0.0
48.0  0.0
50.4  26.69657381608094
52.8  48.69239078776607
55.199999999999996  33.903868866519325
57.599999999999994  3.328985198147033
60.0  0.0
62.4  5.699862709822518
64.8  0.0
67.2  0.0
69.6  0.0
72.0  0.0
74.39999999999999  5.882069861231397
76.8  19.51655132696392
79.2  13.028791456724878
81.6  12.274072064613474
84.0  29.52192797200716
86.39999999999999  41.18189178883772
88.8  18.894529732150573
91.2  0.0
93.6  0.0
96.0  0.0
98.39999999999999  0.0
100.8  0.0
103.2  0.0
105.6  0.0
108.0  31.670606956336655
110.39999999999999  44.8760989394242
112.8  27.440222860702594
115.19999999999999  5.470469179910241
117.6  3.852122847055643
120.0  10.55148965433899
122.39999999999999  0.0
124.8  0.0
127.19999999999999  0.0
129.6  0.0
132.0  10.031523485903024
134.4  13.597590233136096
136.79999999999998  5.416547936877833
139.2  14.777054557864432
141.6  36.66031586056841
144.0  40.595761471266044
146.4  13.14807593618893
148.79999999999998  0.0
151.2  0.0
153.6  0.0
156.0  0.0
158.4  0.0
160.79999999999998  0.0
163.2  0.1742563489308837
165.6  37.40910372285441
168.0  41.48232264266627
170.4  20.170391936759284
172.79999999999998  7.236228287284116
175.2  12.073805116402847
177.6  12.143996346542643
180.0  0.0
182.4  0.0
184.79999999999998  0.0
187.2  0.0
189.6  8.907922900941445
192.0  5.39815477321167
194.4  0.0
196.79999999999998  18.125777647880263
199.2  44.86090268060939
201.6  40.860217781601825
204.0  7.01021336524653
206.4  0.0
208.79999999999998  0.0
211.2  0.0
213.6  0.0
216.0  0.0
218.4  0.0
220.79999999999998  5.666887216018051
223.2  39.14795949589926
225.6  35.60780214554422
228.0  13.205746332053781
230.39999999999998  9.857821292528662
232.79999999999998  21.83243051585851
235.2  15.147022762035395
237.6  0.0
240.0  0.0
