0.0  0.6702888581034447  100.0
0.12  0.6811106278313785
0.24  0.6917068890356235
0.36  0.7020713284068658
0.48  0.7121977124881854
0.6  0.7220798911440282
0.72  0.7317118009987831
0.84  0.7410874688431199
0.96  0.7502010150062564
1.08  0.7590466566923365
1.2  0.7676187112791159
1.3199999999999998  0.7759115995771677
1.44  0.7839198490478376
1.56  0.7916380969781915
1.68  0.799061093611223
1.7999999999999998  0.8061837052296018
1.92  0.8130009171912681
2.04  0.8195078369151969
2.16  0.8256996968156785
2.28  0.8315718571834843
2.4  0.8371198090123111
2.52  0.8423391767689227
2.6399999999999997  0.8472257211054283
2.76  0.85177534151217
2.88  0.8559840789097144
3.0  0.8598481181784706
3.12  0.8633637906244915
3.2399999999999998  0.8665275763800344
3.36  0.8693361067374984
3.48  0.8717861664153801
3.5999999999999996  0.8738746957549208
3.7199999999999998  0.8755987928461553
3.84  0.8769557155821012
3.96  0.8779428836398633
4.08  0.8785578803874625
4.2  0.8787984547152335
4.32  0.8786625227906688
4.4399999999999995  0.8781481697356303
4.56  0.8772536512248756
4.68  0.875977395004898
4.8  0.8743180023320993
4.92  0.8722742493293754
5.04  0.8698450882602117
5.16  0.8670296487194427
5.279999999999999  0.86382723873986
5.3999999999999995  0.8602373458138985
5.52  0.8562596378296704
5.64  0.8518939639206582
5.76  0.8471403552284206
5.88  0.8419990255777087
6.0  0.8364703720634282
6.12  0.8305549755489348
6.24  0.824253601075184
6.359999999999999  0.8175671981803094
6.4799999999999995  0.8104969011292396
6.6  0.8030440290530151
6.72  0.7952100859975081
6.84  0.7869967608812914
6.96  0.7784059273624522
7.08  0.7694396436141864
7.199999999999999  0.7601001520090621
7.319999999999999  0.750389878711875
7.4399999999999995  0.7403114331810795
7.56  0.7298676075788085
7.68  0.7190613760895537
7.8  0.7078958941476181
7.92  0.6963744975734992
8.04  0.6845007016194076
8.16  0.67227819992417
8.28  0.6597108633778175
8.4  0.6468027388961939
8.52  0.6335580481059796
8.64  0.619981185940557
8.76  0.6060767191472028
8.879999999999999  0.5918493847061239
9.0  0.5773040881619121
9.12  0.5624459018680266
9.24  0.5472800631449644
9.36  0.5318119723528214
9.48  0.5160471908789874
9.6  0.49999143904177057
9.719999999999999  0.4836505939107788
9.84  0.46703068704493944
9.959999999999999  0.45013790214907423
10.08  0.4329785726499891
10.2  0.41555917919308705
10.32  0.39788634706054316
10.44  0.379966843512133
10.559999999999999  0.3618075750498333
10.68  0.34341558460737015
10.799999999999999  0.32479804866591167
10.92  0.30596227429715456
11.04  0.2869156961350878
11.16  0.26766587327774716
11.28  0.2482204861203301
11.4  0.22858733312105212
11.52  0.20877432750118752
11.639999999999999  0.18878949388074662
11.76  0.16864096485130264
11.879999999999999  0.1483369774874932
12.0  0.12788586979876504
12.12  0.10729607712296552
12.24  0.0865761284634054
12.36  0.06573464277106345
12.48  0.04478032517361391
12.6  0.02372196315301145
12.719999999999999  0.0025684226733714843
12.84  0.0
12.959999999999999  0.0
13.08  0.0
13.2  0.0
13.32  0.0
13.44  0.0
13.559999999999999  0.0
13.68  0.0
13.799999999999999  0.0
13.92  0.0
14.04  0.0
14.16  0.0
14.28  0.0
14.399999999999999  0.0
14.52  0.0
14.639999999999999  0.0
14.76  0.0
14.879999999999999  0.0
15.0  0.0
15.12  0.0
15.24  0.0
15.36  0.0
15.479999999999999  0.0
15.6  0.0
15.719999999999999  0.0
15.84  0.0
15.959999999999999  0.0
16.08  0.0
16.2  0.0
16.32  0.0
16.439999999999998  0.0
16.56  0.0
16.68  0.0
16.8  0.0
16.919999999999998  0.0
17.04  0.0
17.16  0.0
17.28  0.0
17.4  0.0
17.52  0.0
17.64  0.0
17.759999999999998  0.0
17.88  0.0
18.0  0.0
18.12  0.0
18.24  0.0
18.36  0.0
18.48  0.0
18.599999999999998  0.0
18.72  0.0
18.84  0.0
18.96  0.0
19.08  0.0
19.2  0.0
19.32  0.0
19.439999999999998  0.0
19.56  0.0
19.68  0.0
19.8  0.0
19.919999999999998  0.0
20.04  0.0
20.16  0.0
20.279999999999998  0.0
20.4  0.0
20.52  0.0
20.64  0.0
20.759999999999998  0.0
20.88  0.0
21.0  0.0
21.119999999999997  0.0
21.24  0.0
21.36  0.0
21.48  0.0
21.599999999999998  0.0
21.72  0.0
21.84  0.0
21.96  0.0
22.08  0.0
22.2  0.0
22.32  0.0
22.439999999999998  0.0
22.56  0.0
22.68  0.0
22.8  0.0
22.919999999999998  0.0
23.04  0.0
23.16  0.0
23.279999999999998  0.0
23.4  0.0
23.52  0.0
23.64  0.0
23.759999999999998  0.0
23.88  0.0
24.0  0.0
24.119999999999997  0.0
24.24  0.0
24.36  0.0
24.48  0.0
24.599999999999998  0.0
24.72  0.0
24.84  0.0
24.96  0.0
25.08  0.0
25.2  0.0
25.32  0.0
25.439999999999998  0.0
25.56  0.0
25.68  0.0
25.8  0.0
25.919999999999998  0.0
26.04  0.0
26.16  0.0
26.279999999999998  0.0
26.4  0.0
26.52  0.0
26.64  0.0
26.759999999999998  0.0
26.88  0.0
27.0  0.0
27.119999999999997  0.0
27.24  0.0
27.36  0.0
27.48  0.0
27.599999999999998  0.0
27.72  0.0
27.84  0.0
27.959999999999997  0.0
28.08  0.0
28.2  0.0
28.32  0.0
28.439999999999998  0.0
28.56  0.0
28.68  0.0
28.799999999999997  0.0
28.919999999999998  0.0
29.04  0.0
29.16  0.0
29.279999999999998  0.0
29.4  0.0
29.52  0.0
29.64  0.0
29.759999999999998  0.0
29.88  0.0
30.0  0.0
30.119999999999997  0.0
30.24  0.0
30.36  0.0
30.48  0.0
30.599999999999998  0.0
30.72  0.0
30.84  0.0
30.959999999999997  0.0
31.08  0.0
31.2  0.0
31.32  0.0
31.439999999999998  0.003607453527803922
31.56  0.029916046147919012
31.68  0.05625580031532393
31.799999999999997  0.08261553701567884
31.919999999999998  0.10898405175113438
32.04  0.13535011953495793
32.16  0.161702499901634
32.28  0.18802994193009975
32.4  0.2143211892777756
32.519999999999996  0.2405649852230855
32.64  0.26675007771407605
32.76  0.29286522442081636
32.879999999999995  0.3188991977892221
33.0  0.3448407900939338
33.12  0.37067881848788864
33.24  0.39640213004626246
33.36  0.4219996068023631
33.48  0.447460170773185
33.6  0.47277278897222097
33.72  0.4979264784071967
33.839999999999996  0.5229103110604105
33.96  0.5477134188492929
34.08  0.5723249985648888
34.199999999999996  0.5967343167859424
34.32  0.6209307147662481
34.44  0.6449036132929792
34.56  0.6686425175137238
34.68  0.6921370217299101
34.8  0.715376814154401
34.92  0.738351681630984
35.04  0.761051514313525
35.16  0.7834663103026047
35.28  0.8055861802373931
35.4  0.8274013518406271
35.519999999999996  0.8489021744145235
35.64  0.8700791232854805
35.76  0.8909228041954798
35.879999999999995  0.9114239576380854
36.0  0.931573463136989
36.12  0.9513623434650449
36.24  0.9707817688018208
36.36  0.9898230608276359
36.48  1.0084776967521742
36.6  1.0267373132757256
36.72  1.0445937104811591
36.839999999999996  1.0620388556547895
36.96  1.0790648870342785
37.08  1.095664117481787
37.199999999999996  1.1118290380806286
37.32  1.1275523216536723
37.44  1.1428268262018104
37.559999999999995  1.157645598260859
37.68  1.1720018761752378
37.8  1.1858890932868689
37.92  1.1993008810377648
38.04  1.2122310719847738
38.16  1.2246737027250592
38.28  1.2366230167308618
38.4  1.2480734670921882
38.519999999999996  1.259019719166089
38.64  1.2694566531312224
38.76  1.2793793664464705
38.879999999999995  1.2887831762124051
39.0  1.2976636214344315
39.12  1.306016465186513
39.24  1.3138376966744088
39.36  1.3211235331973947
39.48  1.327870422007514
39.6  1.3340750420654148
39.72  1.3397343056919144
39.839999999999996  1.3448453601144559
39.96  1.3494055889076786
40.08  1.353412613327381
40.199999999999996  1.3568642935371873
40.32  1.359758729727301
40.44  1.362094263124758
40.559999999999995  1.3638694768946573
40.68  1.3650831969318942
40.8  1.3657344925429675
40.92  1.365822677017491
41.04  1.3653473080890888
41.16  1.3643081882854
41.28  1.362705365166983
41.4  1.3605391314549478
41.519999999999996  1.3578100250472076
41.64  1.3545188289232875
41.76  1.350666570937683
41.879999999999995  1.3462545235018133
42.0  1.3412842031546632
42.12  1.3357573700222698
42.239999999999995  1.3296760271662462
42.36  1.3230424198216038
42.48  1.3158590345241774
42.6  1.3081285981280062
42.72  1.2998540767130908
42.839999999999996  1.2910386743839748
42.96  1.2816858319596776
43.08  1.2717992255555328
43.199999999999996  1.2613827650575509
43.32  1.2504405924899733
43.44  1.2389770802767375
43.559999999999995  1.2269968293976081
43.68  1.2145046674398028
43.8  1.2015056465459804
43.92  1.188005041259483
44.04  1.1740083462678346
44.16  1.1595212740454617
44.28  1.1445497523967378
44.4  1.1290999219004285
44.519999999999996  1.113178133256699
44.64  1.0967909445378887
44.76  1.079945118344292
44.879999999999995  1.0626476188662286
45.0  1.044905608853749
45.12  1.026726446495347
45.239999999999995  1.0081176822070934
45.36  0.9890870553336619
45.48  0.9696424907627588
45.6  0.9497920954544672
45.72  0.9295441548871508
45.839999999999996  0.9089071294214723
45.96  0.8878896505842546
46.08  0.8665005172738427
46.199999999999996  0.8447486918887237
46.32  0.822643296381173
46.44  0.8001936082377616
46.559999999999995  0.7774090563885159
46.68  0.7542992170466735
46.8  0.7308738094809052
46.92  0.7071426917219532
47.04  0.68311585620568
47.16  0.6588034253545042
47.28  0.634215647099285
47.4  0.6093628903437021
47.519999999999996  0.5842556403732135
47.64  0.5589044942107393
47.76  0.5333201559211708
47.879999999999995  0.507513431866901
48.0  0.48149522591654903
48.12  0.4552765346091026
48.239999999999995  0.42886844227569
48.36  0.4022821161212504
48.48  0.3755288012683817
48.6  0.34861981576560397
48.72  0.3215665455624304
48.839999999999996  0.29438043945346226
48.96  0.26707300399394285
49.08  0.2396557983890487
49.199999999999996  0.21214042935930716
49.32  0.18453854598450958
49.44  0.1568618345285216
49.559999999999995  0.12912201324732506
49.68  0.10133082718276379
49.8  0.07350004294435064
49.92  0.0456414434815528
50.04  0.017766822848996035
50.16  0.0
50.28  0.0
50.4  0.0
50.519999999999996  0.0
50.64  0.0
50.76  0.0
50.879999999999995  0.0
51.0  0.0
51.12  0.0
51.239999999999995  0.0
51.36  0.0
51.48  0.0
51.6  0.0
51.72  0.0
51.839999999999996  0.0
51.96  0.0
52.08  0.0
52.199999999999996  0.0
52.32  0.0
52.44  0.0
52.559999999999995  0.0
52.68  0.0
52.8  0.0
52.919999999999995  0.0
53.04  0.0
53.16  0.0
53.28  0.0
53.4  0.0
53.519999999999996  0.0
53.64  0.0
53.76  0.0
53.879999999999995  0.0
54.0  0.0
54.12  0.0
54.239999999999995  0.0
54.36  0.0
54.48  0.0
54.6  0.0
54.72  0.0
54.839999999999996  0.0
54.96  0.0
55.08  0.0
55.199999999999996  0.0
55.32  0.0
55.44  0.0
55.559999999999995  0.0
55.68  0.0
55.8  0.0
55.919999999999995  0.0
56.04  0.0
56.16  0.0
56.28  0.0
56.4  0.0
56.519999999999996  0.0
56.64  0.0
56.76  0.0
56.879999999999995  0.0
57.0  0.0
57.12  0.0
57.239999999999995  0.0
57.36  0.0
57.48  0.0
57.599999999999994  0.0
57.72  0.0
57.839999999999996  0.0
57.96  0.0
58.08  0.0
58.199999999999996  0.0
58.32  0.0
58.44  0.0
58.559999999999995  0.0
58.68  0.0
58.8  0.0
58.919999999999995  0.0
59.04  0.0
59.16  0.0
59.28  0.0
59.4  0.0
59.519999999999996  0.0
59.64  0.0
59.76  0.0
59.879999999999995  0.0
60.0  0.0
60.12  0.0
60.239999999999995  0.0
60.36  0.0
60.48  0.0
60.599999999999994  0.0
60.72  0.0
60.839999999999996  0.0
60.96  0.0
61.08  0.0
61.199999999999996  0.0
61.32  0.0
61.44  0.0
61.559999999999995  0.0
61.68  0.0
61.8  0.0
61.919999999999995  0.0
62.04  0.0
62.16  0.0
62.28  0.0
62.4  0.0
62.519999999999996  0.0
62.64  0.0
62.76  0.0
62.879999999999995  0.0
63.0  0.0
63.12  0.0
63.239999999999995  0.0
63.36  0.0
63.48  0.0
63.599999999999994  0.0
63.72  0.0
63.839999999999996  0.0
63.96  0.0
64.08  0.0
64.2  0.0
64.32  0.0
64.44  0.0
64.56  0.0
64.67999999999999  0.0
64.8  0.0
64.92  0.0
65.03999999999999  0.0
65.16  0.0
65.28  0.0
65.39999999999999  0.0
65.52  0.0
65.64  0.0
65.75999999999999  0.0
65.88  0.0
66.0  0.0
66.12  0.0
66.24  0.0
66.36  0.0
66.48  0.0
66.6  0.0
66.72  0.0
66.84  0.0
66.96  0.0
67.08  0.0
67.2  0.0
67.32  0.0
67.44  0.0
67.56  0.0
67.67999999999999  0.0
67.8  0.0
67.92  0.0
68.03999999999999  0.0
68.16  0.0
68.28  0.0
68.39999999999999  0.0
68.52  0.0
68.64  0.0
68.75999999999999  0.0
68.88  0.015208130974827816
69.0  0.04092793612524612
69.12  0.06658044181574341
69.24  0.09215483007191158
69.36  0.11764033655399542
69.48  0.14302625531515428
69.6  0.16830194352591674
69.72  0.19345682616267296
69.84  0.21848040065797092
69.96  0.24336224151060254
70.08  0.268092004853286
70.2  0.2926594329758753
70.32  0.31705435880204236
70.44  0.3412667103174078
70.56  0.3652865149470541
70.67999999999999  0.3891039038804895
70.8  0.4127091163420842
70.92  0.4360925038050114
71.03999999999999  0.45924453414684735
71.16  0.4821557957449307
71.28  0.5048170015096204
71.39999999999999  0.5272189928536694
71.52  0.5493527435959404
71.64  0.5712093637976784
71.75999999999999  0.5927801035296825
71.88  0.6140563565686774
72.0  0.6350296640212205
72.11999999999999  0.6556917178735905
72.24  0.6760343644660747
72.36  0.6960496078900942
72.48  0.7157296133067311
72.6  0.7350667101851739
72.72  0.7540533954596916
72.84  0.772682336603741
72.96  0.7909463746199168
73.08  0.8088385269444418
73.2  0.8263519902649323
73.32  0.8434801432502823
73.44  0.8602165491914959
73.56  0.8765549585523176
73.67999999999999  0.8924893114286587
73.8  0.9080137399157557
73.92  0.9231225703820831
74.03999999999999  0.9378103256491107
74.16  0.9520717270760217
74.28  0.9659016965485137
74.39999999999999  0.9792953583709516
74.52  0.9922480410610957
74.64  1.0047552790466958
74.75999999999999  1.0168128142633441
74.88  1.0284165976529618
75.0  1.0395627905623637
75.11999999999999  1.0502477660414267
75.24  1.0604681100403774
75.36  1.0702206225058173
75.48  1.079502318375124
75.6  1.0883104284689202
75.72  1.0966424002813677
75.84  1.1044958986680493
75.96  1.111868806431326
76.08  1.1187592248030267
76.2  1.12516547382443
76.32  1.131086092623518
76.44  1.1365198395895633
76.56  1.1414656924451156
76.67999999999999  1.1459228482155464
76.8  1.149890723096336
76.92  1.1533689522183304
77.03999999999999  1.156357389311273
77.16  1.158856106265935
77.28  1.1608653925952321
77.39999999999999  1.162385754794752
77.52  1.1634179156031923
77.64  1.163962813163211
77.75999999999999  1.164021600083288
77.88  1.1635956424012002
78.0  1.1626865184497939
78.11999999999999  1.161296017625756
78.24  1.1594261390621583
78.36  1.1570790902055674
78.48  1.1542572852985815
78.6  1.1509633437686788
78.72  1.1472000885243285
78.84  1.1429705441593363
78.96  1.1382779350664616
79.08  1.133125683461352
79.2  1.1275174073179404
79.32  1.1214569182164142
79.44  1.1149482191049835
79.56  1.107995501976653
79.67999999999999  1.1006031454622902
79.8  1.092775712341275
79.92  1.0845179469711006
80.03999999999999  1.0758347726372974
80.16  1.066731288825098
80.28  1.0572127684143078
80.39999999999999  1.0472846547988737
80.52  1.0369525589326574
80.64  1.0262222563030003
80.75999999999999  1.015099683833651
80.88  1.0035909367186786
81.0  0.9917022651890492
81.11999999999999  0.9794400712135103
81.24  0.9668109051355303
81.36  0.9538214622480241
81.48  0.940478579307626
81.6  0.9267892309903174
81.72  0.912760526290212
81.84  0.898399704863375
81.96  0.8837141333185144
82.08  0.8687113014564475
82.2  0.8533988184602744
82.32  0.8377844090381579
82.44  0.8218759095206915
82.56  0.8056812639148286
82.67999999999999  0.789208519916354
82.8  0.772465824882886
82.92  0.7554614217695028
83.03999999999999  0.7382036450289406
83.16  0.7207009164784804
83.28  0.7029617411355721
83.39999999999999  0.6849947030242686
83.52  0.6668084609545379
83.64  0.6484117442766157
83.75999999999999  0.6298133486124181
83.88  0.6110221315661873
84.0  0.5920470084164831
84.11999999999999  0.5728969477916259
84.24  0.5535809673307226
84.36  0.5341081293324372
84.47999999999999  0.5144875363936108
84.6  0.49472832703986863
84.72  0.4748396713503869
84.84  0.4548307665788975
84.96  0.4347108327731185
85.08  0.4144891083946992
85.2  0.3941748459418475
85.32  0.37377730757672467
85.44  0.35330576075971964
85.56  0.3327694738927698
85.67999999999999  0.3121777119737581
85.8  0.2915397322640886
85.92  0.27086477997158265
86.03999999999999  0.25016208395068146
86.16  0.22944085242205792
86.28  0.2087102687136813
86.39999999999999  0.18797948702534406
86.52  0.16725762821867146
86.64  0.1465537756346264
86.75999999999999  0.12587697094046735
86.88  0.105236210008118
87.0  0.08464043882594374
87.11999999999999  0.06409854944576487
87.24  0.043619375967088536
87.36  0.023211690560416054
87.47999999999999  0.0028841995314645152
87.6  0.0
87.72  0.0
87.84  0.0
87.96  0.0
88.08  0.0
88.2  0.0
88.32  0.0
88.44  0.0
88.56  0.0
88.67999999999999  0.0
88.8  0.0
88.92  0.0
89.03999999999999  0.0
89.16  0.0
89.28  0.0
89.39999999999999  0.0
89.52  0.0
89.64  0.0
89.75999999999999  0.0
89.88  0.0
90.0  0.0
90.11999999999999  0.0
90.24  0.0
90.36  0.0
90.47999999999999  0.0
90.6  0.0
90.72  0.0
90.84  0.0
90.96  0.0
91.08  0.0
91.2  0.0
91.32  0.0
91.44  0.0
91.56  0.0
91.67999999999999  0.0
91.8  0.0
91.92  0.0
92.03999999999999  0.0
92.16  0.0
92.28  0.0
92.39999999999999  0.0
92.52  0.0
92.64  0.0
92.75999999999999  0.0
92.88  0.0
93.0  0.0
93.11999999999999  0.0
93.24  0.0
93.36  0.0
93.47999999999999  0.0
93.6  0.0
93.72  0.0
93.84  0.0
93.96  0.0
94.08  0.0
94.2  0.0
94.32  0.0
94.44  0.0
94.56  0.0
94.67999999999999  0.0
94.8  0.0
94.92  0.0
95.03999999999999  0.0
95.16  0.0
95.28  0.0
95.39999999999999  0.0
95.52  0.0
95.64  0.0
95.75999999999999  0.0
95.88  0.0
96.0  0.0
96.11999999999999  0.0
96.24  0.0
96.36  0.0
96.47999999999999  0.0
96.6  0.0
96.72  0.0
96.84  0.0
96.96  0.0
97.08  0.0
97.2  0.0
97.32  0.0
97.44  0.0
97.56  0.0
97.67999999999999  0.0
97.8  0.0
97.92  0.0
98.03999999999999  0.0
98.16  0.0
98.28  0.0
98.39999999999999  0.0
98.52  0.0
98.64  0.0
98.75999999999999  0.0
98.88  0.0
99.0  0.0
99.11999999999999  0.0
99.24  0.0
99.36  0.0
99.47999999999999  0.0
99.6  0.0
99.72  0.0
99.84  0.0
99.96  0.0
100.08  0.0
100.2  0.0
100.32  0.0
100.44  0.0
100.56  0.0
100.67999999999999  0.0
100.8  0.0
100.92  0.0
101.03999999999999  0.0
101.16  0.0
101.28  0.0
101.39999999999999  0.0
101.52  0.0
101.64  0.0
101.75999999999999  0.0
101.88  0.0
102.0  0.0
102.11999999999999  0.0
102.24  0.0
102.36  0.0
102.47999999999999  0.0
102.6  0.0
102.72  0.0
102.83999999999999  0.0
102.96  0.0
103.08  0.0
103.2  0.0
103.32  0.0
103.44  0.0
103.56  0.0
103.67999999999999  0.0
103.8  0.0
103.92  0.0
104.03999999999999  0.0
104.16  0.0
104.28  0.0
104.39999999999999  0.0
104.52  0.0
104.64  0.0
104.75999999999999  0.0
104.88  0.0
105.0  0.0
105.11999999999999  0.0
105.24  0.0
105.36  0.0
105.47999999999999  0.0
105.6  0.0
105.72  0.0
105.83999999999999  0.0
105.96  0.0
106.08  0.0
106.2  0.0035213133235358907
106.32  0.015525438611107223
106.44  0.027404855717924392
106.56  0.03915459418339817
106.67999999999999  0.050769785925317
106.8  0.06224566736222337
106.92  0.07357758147131033
107.03999999999999  0.0847609797809642
107.16  0.0957914242970278
107.28  0.10666458936193335
107.39999999999999  0.11737626344588814
107.52  0.12792235086934334
107.64  0.13829887345597514
107.75999999999999  0.14850197211551064
107.88  0.15852790835571362
108.0  0.16837306572289235
108.11999999999999  0.17803395117037235
108.24  0.1875071963543785
108.36  0.19678955885679494
108.47999999999999  0.20587792333437355
108.6  0.21476930259395022
108.72  0.2234608385932661
108.83999999999999  0.23194980336708115
108.96  0.24023359987825266
109.08  0.24830976279352368
109.2  0.2561759591838082
109.32  0.26382998914876377
109.44  0.2712697863655513
109.56  0.2784934185616525
109.67999999999999  0.2854990879116994
109.8  0.29228513135830436
109.92  0.2988500208568968
110.03999999999999  0.305192363544651
110.16  0.31131090183361054
110.28  0.3172045134281326
110.39999999999999  0.3228722112668707
110.52  0.32831314338951223
110.64  0.3335265927285172
110.75999999999999  0.33851197682620554
110.88  0.3432688474775196
111.0  0.34779689029883354
111.11999999999999  0.35209592422327574
111.24  0.35616590092298905
111.36  0.3600069041588837
111.47999999999999  0.36361914905835213
111.6  0.36700298132160314
111.72  0.37015887635719524
111.83999999999999  0.37308743834742764
111.96  0.3757893992442861
112.08  0.3782656176966744
112.2  0.380517077909698
112.32  0.3825448884368057
112.44  0.3843502809056062
112.56  0.385934608678255
112.67999999999999  0.38729934544730316
112.8  0.3884460837679599
112.92  0.3893765335277092
113.03999999999999  0.39009252035432734
113.16  0.3905959839633192
113.28  0.39088897644581655
113.39999999999999  0.3909736604980841
113.52  0.3908523075937262
113.64  0.39052729609976033
113.75999999999999  0.3900011093377624
113.88  0.38927633359125036
114.0  0.3883556560606227
114.11999999999999  0.38724186276684386
114.24  0.3859378364052325
114.36  0.3844465541506184
114.47999999999999  0.38277108541526284
114.6  0.38091458956088853
114.72  0.3788803135661868
114.83999999999999  0.376671589651264
114.96  0.37429183286042356
115.08  0.37174453860476164
115.19999999999999  0.36903328016602477
115.32  0.3661617061632604
115.44  0.36313353798374093
115.56  0.35995256717971746
115.67999999999999  0.3566226528325125
115.8  0.35314771888555896
115.92  0.3495317514479265
116.03999999999999  0.34577879606995376
116.16  0.34189295499253847
116.28  0.3378783843717949
116.39999999999999  0.33373929148058956
116.52  0.3294799318886884
116.64  0.32510460662310864
116.75999999999999  0.3206176593103503
116.88  0.31602347330216024
117.0  0.3113264687865195
117.11999999999999  0.3065310998854851
117.24  0.30164185174162056
117.36  0.296663237594659
117.47999999999999  0.2915997958501146
117.6  0.28645608714149
117.72  0.28123669138782714
117.83999999999999  0.27594620484824284
117.96  0.270589237175175
118.08  0.26517040846798984
118.19999999999999  0.25969434632867927
118.32  0.2541656829212985
118.44  0.24858905203684495
118.56  0.24296908616522245
118.67999999999999  0.23731041357599475
118.8  0.23161765540956095
118.92  0.22589542278041566
119.03999999999999  0.22014831389413625
119.16  0.21438091117972596
119.28  0.2085977784389566
119.39999999999999  0.20280345801427851
119.52  0.1970024679769492
119.64  0.19119929933693453
119.75999999999999  0.1853984132761584
119.88  0.17960423840667428
120.0  0.17382116805527015
