0.0  34.530439729863296
1.68  35.07122337441476
3.36  35.599050614782314
5.04  36.10998636709771
6.72  36.600221477753685
8.4  37.066101121595224
10.08  37.50415204955364
11.76  37.91110848258561
13.44  4.950603125538034
15.12  5.286523119424266
16.8  5.583030763481868
18.48  5.837915519190445
20.16  6.049277157054913
21.84  6.215539923290849
23.52  6.3354642874624005
25.2  6.408156183491178
26.88  6.4330736751421025
28.56  6.410030996293356
30.24  6.3391999358692015
31.919999999999998  6.221108557110658
33.6  6.056637260732192
35.28  5.847012221314562
36.96  5.593796245867162
38.64  5.298877122711562
40.32  4.964453547548196
42.0  4.593018731630955
43.68  4.18734181425475
45.36  3.7504472181306623
47.04  3.285592101559465
48.72  2.7962420755032342
50.4  2.2860453665903
52.08  1.7588056186748278
53.76  1.21845353572216
55.44  0.6690175774293157
57.12  0.1145939260520954
58.8  0.0
60.48  0.0
62.16  0.0
63.839999999999996  0.0
65.52  0.0
67.2  0.0
68.88  0.0
70.56  0.0
72.24  0.0
73.92  0.0
75.6  0.0
77.28  0.0
78.96  0.0
80.64  0.0
82.32  0.0
84.0  0.0
85.67999999999999  0.0
87.36  0.0
89.03999999999999  0.0
90.72  0.0
92.39999999999999  0.0
94.08  0.0
95.75999999999999  0.0
97.44  0.0
99.11999999999999  0.0
100.8  0.0
102.47999999999999  0.0
104.16  0.0
105.83999999999999  0.0
107.52  0.0
109.2  0.0
110.88  0.0
112.56  0.0
114.24  0.0
115.92  0.0
117.6  0.0
119.28  0.23351178170732434
120.96  0.7872144923508855
122.64  1.3350483223971654
124.32  1.87292903385646
126.0  2.3968465917233126
127.67999999999999  2.902895059788687
129.35999999999999  3.3873017203697033
131.04  3.8464552008619437
132.72  4.27693239742392
134.4  4.675523995070927
136.07999999999998  5.039258393919572
137.76  5.365423863206889
139.44  5.651588757920231
141.12  5.895619647318004
142.79999999999998  6.095697220188532
144.48  6.25032984826941
146.16  6.358364706708614
147.84  6.418996368661638
149.51999999999998  6.431772809949715
151.2  6.39659877901294
152.88  6.313736507034424
154.56  6.1838037529413565
156.23999999999998  6.007769197857955
157.92  5.786945223345809
159.6  5.522978127271668
161.28  5.217835850245779
162.96  4.873793304133269
164.64  4.4934154120181855
166.32  4.079537986061446
168.0  3.6352465858131597
