0.0  19.579938367625573
1.68  36.87164562761544
3.36  50.65573001629096
5.04  47.26766289948449
6.72  30.066125117115952
8.4  16.103457539355908
10.08  19.221223054662502
11.76  36.3286979735081
13.44  17.13345510508681
15.12  14.286696864485343
16.8  0.0
18.48  0.0
20.16  0.0
21.84  2.4497052632647556
23.52  16.929002500520234
25.2  14.626130324600648
26.88  0.0
28.56  0.0
30.24  0.0
31.919999999999998  1.9018281524824356
33.6  16.70922396151095
35.28  14.952322655210633
36.96  0.0
38.64  0.0
40.32  0.0
42.0  1.3522293044870821
43.68  16.47431845497859
45.36  15.26497855230817
47.04  0.0
48.72  0.0
50.4  0.0
52.08  0.801406274637328
53.76  16.224498642383487
55.44  15.563814966506158
57.12  0.0
58.8  0.0
60.48  0.0
62.16  0.24985772655195504
63.839999999999996  15.959990687202769
65.52  15.848561359283881
67.2  0.026032592491922912
68.88  0.0
70.56  0.0
72.24  0.0
73.92  15.681034050183289
75.6  16.118959947907438
77.28  0.5777331104568884
78.96  0.0
80.64  0.0
82.32  0.0
84.0  15.387881272556005
85.67999999999999  16.37476593880179
87.36  1.1289106029347877
89.03999999999999  0.0
90.72  0.0
92.39999999999999  0.0
94.08  15.080797747408909
95.75999999999999  16.61574774916416
97.44  1.6790660854100548
99.11999999999999  0.0
100.8  0.0
102.47999999999999  0.0
104.16  14.760061479425147
105.83999999999999  16.841687216617558
107.52  2.227701498598819
109.2  0.0
110.88  0.0
112.56  0.0
114.24  14.425962833203519
115.92  17.05237979671414
117.6  2.7743201593461846
119.28  0.0
120.96  0.0
122.64  0.0
124.32  14.078804270389004
126.0  17.24763474811126
127.67999999999999  3.318427210275784
129.35999999999999  0.0
131.04  0.0
132.72  0.0
134.4  13.718900075853387
136.07999999999998  17.427275305250145
137.76  3.8595300677878415
139.44  0.0
141.12  0.0
142.79999999999998  0.0
144.48  13.346576073169693
146.16  17.59113883838323
147.84  4.397138867997868
149.51999999999998  0.0
151.2  0.0
152.88  0.0
154.56  12.96216932964406
156.23999999999998  17.739077000804166
157.92  4.930766910214617
159.6  0.0
161.28  0.0
162.96  0.0
164.64  12.566027851164097
166.32  17.870955863146268
168.0  5.459931097551537
