0.0  30.680212388205053
1.68  30.521717579259263
3.36  39.97053269685828
5.04  26.73999298538695
6.72  36.038941552008716
8.4  36.09280865294439
10.08  26.717530042294225
11.76  39.948495737242496
13.44  0.0
15.12  0.0
16.8  6.593993484863961
18.48  0.0
20.16  2.8100718906103777
21.84  2.654680012768493
23.52  0.0
25.2  6.657564096185939
26.88  0.0
28.56  0.0
30.24  6.549138152929382
31.919999999999998  0.0
33.6  2.9138326376350685
35.28  2.549220651487941
36.96  0.0
38.64  6.6983004333303695
40.32  0.0
42.0  0.0
43.68  6.502644588049848
45.36  0.0
47.04  3.0168645045366467
48.72  2.4431236158818184
50.4  0.0
52.08  6.737361225358952
53.76  0.0
55.44  0.0
57.12  6.454524420349502
58.8  0.0
60.48  3.11914171842791
62.16  2.3364154455731927
63.839999999999996  0.0
65.52  6.774736701417183
67.2  0.0
68.88  0.0
70.56  6.404789686838722
72.24  0.0
73.92  3.2206386951943538
75.6  2.2291228330576662
77.28  0.0
78.96  6.81041751222349
80.64  0.0
82.32  0.0
84.0  6.3534528284032366
85.67999999999999  0.0
87.36  3.3213300458934234
89.03999999999999  2.121272617025743
90.72  0.0
92.39999999999999  6.844394732408126
94.08  0.0
95.75999999999999  0.0
97.44  6.300526686691908
99.11999999999999  0.0
100.8  3.4211905831061102
102.47999999999999  2.0128917756495506
104.16  0.0
105.83999999999999  6.876659862745667
107.52  0.0
109.2  0.0
110.88  6.246024500904605
112.56  0.0
114.24  3.5201953272367303
115.92  1.904007419834492
117.6  0.0
119.28  6.907204832281141
120.96  0.0
122.64  0.0
124.32  6.189959904480353
126.0  0.0
127.67999999999999  3.6183195127620724
129.35999999999999  1.7946467864379887
131.04  0.0
132.72  6.936022000348717
134.4  0.0
136.07999999999998  0.0
137.76  6.132346921687395
139.44  0.0
141.12  3.7155385944261736
142.79999999999998  1.684837231454749
144.48  0.0
146.16  6.963104158483305
147.84  0.0
149.51999999999998  0.0
151.2  6.073199964114497
152.88  0.0
154.56  3.811828253379588
156.23999999999998  1.574606223175672
157.92  0.0
159.6  6.988444532223541
161.28  0.0
162.96  0.0
164.64  6.012533827066354
166.32  0.0
168.0  3.907164403263666
