0.0  40.21482074487668
1.68  30.648027902955054
3.36  30.256941762667694
5.04  40.37790629358885
6.72  26.427517677742525
8.4  36.07434756613504
10.08  36.355113400633144
11.76  26.31043643792894
13.44  6.929712029393165
15.12  0.0
16.8  0.0
18.48  7.000781638377456
20.16  0.0
21.84  2.85191411858549
23.52  2.9119935668124834
25.2  0.0
26.88  6.976203215716507
28.56  0.0
30.24  0.0
31.919999999999998  6.955239107278813
33.6  0.0
35.28  2.9621006128426512
36.96  2.8014786462361085
38.64  0.0
40.32  7.020949340984215
42.0  0.0
43.68  0.0
45.36  6.907956759187532
47.04  0.0
48.72  3.07154615299297
50.4  2.6902629503049216
52.08  0.0
53.76  7.063939212185111
55.44  0.0
57.12  0.0
58.8  6.85894642153777
60.48  0.0
62.16  3.1802233618023372
63.839999999999996  2.5783742990485434
65.52  0.0
67.2  7.105162075625875
68.88  0.0
70.56  0.0
72.24  6.808220354011384
73.92  0.0
75.6  3.2881050542303774
77.28  2.465840680832676
78.96  0.0
80.64  7.14460761962095
82.32  0.0
84.0  0.0
85.67999999999999  6.755791245471061
87.36  0.0
89.03999999999999  3.395164244231303
90.72  2.3526902453585157
92.39999999999999  0.0
94.08  7.182265977072139
95.75999999999999  0.0
97.44  0.0
99.11999999999999  6.7016722107864
100.8  0.0
102.47999999999999  3.501374151504044
104.16  2.2389512966205958
105.83999999999999  0.0
107.52  7.218127727936556
109.2  0.0
110.88  0.0
112.56  6.645876787553165
114.24  0.0
115.92  3.606708208191102
117.6  2.1246522858268824
119.28  0.0
120.96  7.252183901583238
122.64  0.0
124.32  0.0
126.0  6.58841893270732
127.67999999999999  0.0
129.35999999999999  3.71114006552399
131.04  2.009821804282579
132.72  0.0
134.4  7.284425979037019
136.07999999999998  0.0
137.76  0.0
139.44  6.529313019033179
141.12  0.0
142.79999999999998  3.8146436004157502
144.48  1.8944885762369252
146.16  0.0
147.84  7.314845895109315
149.51999999999998  0.0
151.2  0.0
152.88  6.4685738315684125
154.56  0.0
156.23999999999998  3.917192921993711
157.92  1.7786814516987952
159.6  0.0
161.28  7.343436040415941
162.96  0.0
164.64  0.0
166.32  6.406216563905987
168.0  0.0
