0.0  25.717578863706372
1.68  28.29421416450669
3.36  46.79163612437356
5.04  22.768379300776942
6.72  32.12444405697558
8.4  45.29992002741758
10.08  20.667702349268698
11.76  36.05176570039136
13.44  9.513776080278252
15.12  0.0
16.8  6.427423545053873
18.48  6.296868045959281
20.16  0.0
21.84  9.620197218046586
23.52  2.574228050889057
25.2  0.0
26.88  12.040326273685622
28.56  0.0
30.24  0.0
31.919999999999998  13.493438429806854
33.6  0.0
35.28  0.0
36.96  13.862827213518838
38.64  0.0
40.32  0.0
42.0  13.11882522310649
43.68  0.0
45.36  0.0
47.04  11.321186860705605
48.72  0.0
50.4  3.8729569465194045
52.08  8.614289166950233
53.76  0.0
55.44  7.4563326574330775
57.12  5.215536201799118
58.8  0.0
60.48  10.440854190788096
62.16  1.3978982718601856
63.839999999999996  0.0
65.52  12.586820171877273
67.2  0.0
68.88  0.0
70.56  13.721877682487705
72.24  0.0
73.92  0.0
75.6  13.75486475825595
77.28  0.0
78.96  0.0
80.64  12.68313204741127
82.32  0.0
84.0  1.1660973977696951
85.67999999999999  10.592755593043982
87.36  0.0
89.03999999999999  4.999076626905612
90.72  7.651623649323775
92.39999999999999  0.0
94.08  8.430555807761014
95.75999999999999  4.095952762932755
97.44  0.0
99.11999999999999  11.184936232891335
100.8  0.21131607849306455
102.47999999999999  0.0
104.16  13.041000274281222
105.83999999999999  0.0
107.52  0.0
109.2  13.849678442133044
110.88  0.0
112.56  0.0
114.24  13.54602187735384
115.92  0.0
117.6  0.0
119.28  12.154418708895909
120.96  0.0
122.64  2.345117135419459
124.32  9.786635325039402
126.0  0.0
127.67999999999999  6.088532262476711
129.35999999999999  6.632839873601847
131.04  0.0
132.72  9.34294788426823
134.4  2.946328937236724
136.07999999999998  0.0
137.76  11.846986125078756
139.44  0.0
141.12  0.0
142.79999999999998  13.399535549814521
144.48  0.0
146.16  0.0
147.84  13.875903397089363
149.51999999999998  0.0
151.2  0.0
152.88  13.237830258625399
154.56  0.0
156.23999999999998  0.0
157.92  11.536562877575587
159.6  0.0
161.28  3.5069374008132104
162.96  8.908738274455033
164.64  0.0
166.32  7.133333607587568
168.0  5.565409766460988
