0.0  41.46527517169806
1.68  19.238095264754108
3.36  41.54395192238423
5.04  37.908864832561115
6.72  19.817667773819252
8.4  44.428383632612444
10.08  33.98497140505476
11.76  21.48274882369907
13.44  13.088384800301975
15.12  0.0
16.8  0.0
18.48  14.03052774707723
20.16  0.0
21.84  0.0
23.52  13.845811077910849
25.2  0.0
26.88  0.0
28.56  12.549070282859034
30.24  0.0
31.919999999999998  1.9496459846598624
33.6  10.244452893691745
35.28  0.0
36.96  5.787633231567051
38.64  7.117053891357958
40.32  0.0
42.0  9.160787631264014
43.68  3.418049831878542
45.36  0.0
47.04  11.798194821876892
48.72  0.0
50.4  0.0
52.08  13.488031862211274
53.76  0.0
55.44  0.0
57.12  14.094579757757362
58.8  0.0
60.48  0.0
62.16  13.56912371025907
63.839999999999996  0.0
65.52  0.0
67.2  11.953865639027777
68.88  0.0
70.56  3.136916320363098
72.24  9.378534740470467
73.92  0.0
75.6  6.866066669314563
77.28  6.049968308207504
78.96  0.0
80.64  10.043769960145184
82.32  2.235499628563587
84.0  0.0
85.67999999999999  12.414809455862564
87.36  0.0
89.03999999999999  0.0
90.72  13.788755494540638
92.39999999999999  0.0
94.08  0.0
95.75999999999999  14.05525981748362
97.44  0.0
99.11999999999999  0.0
100.8  13.192918172163573
102.47999999999999  0.0
104.16  0.3627681551484807
105.83999999999999  11.270989391375421
107.52  0.0
109.2  4.301179999210511
110.88  8.44383288103901
112.56  0.0
114.24  7.894143252215732
115.92  4.938511268938651
117.6  0.0
119.28  10.853089639018002
120.96  1.0365539056992592
122.64  0.0
124.32  12.940371848757872
126.0  0.0
127.67999999999999  0.0
129.35999999999999  13.988350141033255
131.04  0.0
132.72  0.0
134.4  13.91285630512268
136.07999999999998  0.0
137.76  0.0
139.44  12.719953616511683
141.12  0.0
142.79999999999998  1.5670506758725162
144.48  10.505449865882106
146.16  0.0
147.84  5.433898121144083
149.51999999999998  7.44720257156247
151.2  0.0
152.88  8.86432289862652
154.56  3.790834381086018
156.23999999999998  0.0
157.92  11.582810985116799
159.6  0.0
161.28  0.0
162.96  13.37102744009791
164.64  0.0
166.32  0.0
168.0  14.085351941938681
