0.0  26.632611603175707
1.68  36.53573854178499
3.36  42.3768184038924
5.04  36.746813346670066
6.72  26.78702626427546
8.4  25.130812827580392
10.08  33.878974312711655
11.76  41.935024962132985
13.44  5.747044206183492
15.12  0.0
16.8  0.0
18.48  0.0
20.16  7.383546573851184
21.84  7.561904958697568
23.52  0.0
25.2  0.0
26.88  0.0
28.56  5.498994428177262
30.24  8.694260761393249
31.919999999999998  0.8614109727154355
33.6  0.0
35.28  0.0
36.96  3.118126746040831
38.64  9.041910059964254
40.32  3.4966062552001698
42.0  0.0
43.68  0.0
45.36  0.45583038290961575
47.04  8.573475527087423
48.72  5.8162129274372765
50.4  0.0
52.08  0.0
53.76  0.0
55.44  7.331236044750916
57.12  7.610873288678036
58.8  0.0
60.48  0.0
62.16  0.0
63.839999999999996  5.4273107945875205
65.52  8.718609029689468
67.2  0.9509069150710436
68.88  0.0
70.56  0.0
72.24  3.0335398637735205
73.92  9.039440696820673
75.6  3.579386641077907
77.28  0.0
78.96  0.0
80.64  0.36597469938938776
82.32  8.54441140657844
84.0  5.884806355990598
85.67999999999999  0.0
87.36  0.0
89.03999999999999  0.0
90.72  7.278200369127535
92.39999999999999  7.659088812682879
94.08  0.0
95.75999999999999  0.0
97.44  0.0
99.11999999999999  5.355090335348089
100.8  8.742094923757705
102.47999999999999  1.0403088014123423
104.16  0.0
105.83999999999999  0.0
107.52  2.9486529282995133
109.2  9.03607722537773
110.88  3.6618129830042823
112.56  0.0
114.24  0.0
115.92  0.2760828166145304
117.6  8.514502142060202
119.28  5.952817707136755
120.96  0.0
122.64  0.0
124.32  0.0
126.0  7.224444792840789
127.67999999999999  7.706546761622812
129.35999999999999  0.0
131.04  0.0
132.72  0.0
134.4  5.282340193922408
136.07999999999998  8.764716120563453
137.76  1.1296077888283151
139.44  0.0
141.12  0.0
142.79999999999998  2.863474335946972
144.48  9.031819978322792
146.16  3.743877128032853
147.84  0.0
149.51999999999998  0.0
151.2  0.18616362596221592
152.88  8.4837506919151
154.56  6.020240253743397
156.23999999999998  0.0
157.92  0.0
159.6  0.0
161.28  7.169974632957016
162.96  7.753242441341531
164.64  0.0
166.32  0.0
168.0  0.0
