0.0  43.445581347666646
1.68  49.41348495023067
3.36  51.38059192205535
5.04  48.85747933152418
6.72  42.47190620676507
8.4  33.812624945860534
10.08  25.034094295135226
11.76  18.320442656298866
13.44  0.0
15.12  0.0
16.8  0.0
18.48  0.0
20.16  6.37303623459088
21.84  13.740868005483794
23.52  17.689924896045017
25.2  17.23766806716604
26.88  12.496620562181025
28.56  4.64637118945586
30.24  0.0
31.919999999999998  0.0
33.6  0.0
35.28  0.0
36.96  0.0
38.64  0.0
40.32  2.287321072681742
42.0  10.65449037756933
43.68  16.370786094919882
45.36  18.013974330977454
47.04  15.175224241660878
48.72  8.560826542594624
50.4  0.0
52.08  0.0
53.76  0.0
55.44  0.0
57.12  0.0
58.8  0.0
60.48  0.0
62.16  6.988825763798367
63.839999999999996  14.161564052179283
65.52  17.810856847271356
67.2  17.02874764051507
68.88  12.009827873198425
70.56  4.002821921398147
72.24  0.0
73.92  0.0
75.6  0.0
77.28  0.0
78.96  0.0
80.64  0.0
82.32  2.943177155681667
84.0  11.182374656324214
85.67999999999999  16.63935915832343
87.36  17.956414283765795
89.03999999999999  14.805852220128987
90.72  7.971543566984143
92.39999999999999  0.0
94.08  0.0
95.75999999999999  0.0
97.44  0.0
99.11999999999999  0.0
100.8  0.0
102.47999999999999  0.0
104.16  7.595197090240211
105.83999999999999  14.56317585121572
107.52  17.907786731929317
109.2  16.796879124507775
110.88  11.506850635063621
112.56  3.3538784154864727
114.24  0.0
115.92  0.0
117.6  0.0
119.28  0.0
120.96  0.0
122.64  0.0
124.32  3.59506698738785
126.0  11.69518946912386
127.67999999999999  16.88550887569726
129.35999999999999  17.87465601551044
131.04  14.416527702564068
132.72  7.37151806949571
134.4  0.0
136.07999999999998  0.0
137.76  0.0
139.44  0.0
141.12  0.0
142.79999999999998  0.0
144.48  0.0
146.16  8.191333062609868
147.84  14.945162187017953
149.51999999999998  17.98058392645802
151.2  16.54237498718573
152.88  10.98836666430481
154.56  2.700415193668812
156.23999999999998  0.0
157.92  0.0
159.6  0.0
161.28  0.0
162.96  0.0
164.64  0.0
166.32  4.242112075357727
168.0  12.192243742238379
