0.0  37.17837686735972
1.68  41.81826854534452
3.36  44.34707936930403
5.04  44.13563257117575
6.72  41.23653683635561
8.4  36.37109708313001
10.08  30.749851335985955
11.76  25.771384731527462
13.44  0.0
15.12  0.0
16.8  0.0
18.48  0.0
20.16  1.2866841921214873
21.84  6.535824113363116
23.52  10.158828677499603
25.2  11.254281977598904
26.88  9.549631491981794
28.56  5.469000082293338
30.24  0.027662777284837237
31.919999999999998  0.0
33.6  0.0
35.28  0.0
36.96  0.0
38.64  0.0
40.32  0.0
42.0  4.231358819765542
43.68  8.751573568852251
45.36  11.094366930248874
47.04  10.676843915767328
48.72  7.60288567711507
50.4  2.6373035206301636
52.08  0.0
53.76  0.0
55.44  0.0
57.12  0.0
58.8  0.0
60.48  0.0
62.16  1.6968336162224213
63.839999999999996  6.868493479887214
65.52  10.33124871209866
67.2  11.223553986906674
68.88  9.323400705008554
70.56  5.10355349134209
72.24  0.0
73.92  0.0
75.6  0.0
77.28  0.0
78.96  0.0
80.64  0.0
82.32  0.0
84.0  4.611971889326249
85.67999999999999  9.00641822855795
87.36  11.160036958553718
89.03999999999999  10.537000385387401
90.72  7.292322135928759
92.39999999999999  2.233289238157531
94.08  0.0
95.75999999999999  0.0
97.44  0.0
99.11999999999999  0.0
100.8  0.0
102.47999999999999  0.0
104.16  2.1046963724914107
105.83999999999999  7.19190680448459
107.52  10.489746265513974
109.2  11.17770103663291
110.88  9.08460562164664
112.56  4.731229307039561
114.24  0.0
115.92  0.0
117.6  0.0
119.28  0.0
120.96  0.0
122.64  0.0
124.32  0.0
126.0  4.986369825204827
127.67999999999999  9.249125760234532
129.35999999999999  11.210667623380333
131.04  10.382957101068058
132.72  6.971931397609531
134.4  1.8262653555617065
136.07999999999998  0.0
137.76  0.0
139.44  0.0
141.12  0.0
142.79999999999998  0.0
144.48  0.0
146.16  2.5097228215084457
147.84  7.505628252528616
149.51999999999998  10.634107745055418
151.2  11.116784918614725
152.88  8.833568044240337
154.56  4.3525292767150106
156.23999999999998  0.0
157.92  0.0
159.6  0.0
161.28  0.0
162.96  0.0
164.64  0.0
166.32  0.0
168.0  5.354048085466148
