0.0  39.90928126344189
1.68  42.581303165097864
3.36  40.674257308969416
5.04  35.132404149109945
6.72  28.69975362330343
8.4  24.56138777178782
10.08  24.766389580917934
11.76  29.213253834786705
13.44  2.3668133815513235
15.12  7.681795124252482
16.8  9.193189591554994
18.48  6.1526403549216955
20.16  0.0656541610984327
21.84  0.0
23.52  0.0
25.2  0.0
26.88  0.0
28.56  4.002054427829208
30.24  8.516044758999588
31.919999999999998  8.813374927001634
33.6  4.7468239730213915
35.28  0.0
36.96  0.0
38.64  0.0
40.32  0.0
42.0  0.0
43.68  5.495798832034472
45.36  9.049201103070903
47.04  8.12195456592746
48.72  3.173178875943756
50.4  0.0
52.08  0.0
53.76  0.0
55.44  0.0
57.12  0.9634410476971373
58.8  6.795233764876185
60.48  9.262413880003113
62.16  7.1433743676072465
63.839999999999996  1.4873428619910949
65.52  0.0
67.2  0.0
68.88  0.0
70.56  0.0
72.24  2.671628569925788
73.92  7.854416403010825
75.6  9.148144738550146
77.28  5.912233014932014
78.96  0.0
80.64  0.0
82.32  0.0
84.0  0.0
85.67999999999999  0.0
87.36  4.285357988616165
89.03999999999999  8.635898283570027
90.72  8.710433778640596
92.39999999999999  4.4720587433272865
94.08  0.0
95.75999999999999  0.0
97.44  0.0
99.11999999999999  0.0
100.8  0.0
102.47999999999999  5.74757428413356
104.16  9.112049332067373
105.83999999999999  7.964756709598886
107.52  2.8737703563991404
109.2  0.0
110.88  0.0
112.56  0.0
114.24  0.0
115.92  1.2778650317459261
117.6  7.006579335043108
119.28  9.266034751351352
120.96  6.9374776909442515
122.64  1.1738769406411098
124.32  0.0
126.0  0.0
127.67999999999999  0.0
129.35999999999999  0.0
131.04  2.973321946969853
132.72  8.017859756964517
134.4  9.092410232717576
136.07999999999998  5.6649172011290965
137.76  0.0
139.44  0.0
141.12  0.0
142.79999999999998  0.0
144.48  0.0
146.16  4.563654087185332
147.84  8.745660717854415
149.51999999999998  8.59731444489515
151.2  4.192067890650883
152.88  0.0
154.56  0.0
156.23999999999998  0.0
157.92  0.0
159.6  0.0
161.28  5.992633666969033
162.96  9.16425008589895
164.64  7.798251995266197
166.32  2.5710038218368214
168.0  0.0
