0.0  31.611319965222066
1.68  2.424524507676253
3.36  10.8388734668722
5.04  46.618153853425596
6.72  66.23620144242668
8.4  45.82729417614872
10.08  10.219249711226858
11.76  2.7299205691040562
13.44  0.0
15.12  29.927176345835523
16.8  24.3105000726235
18.48  0.0
20.16  0.0
21.84  0.0
23.52  21.20404270135919
25.2  31.45826652359897
26.88  3.4429203560593176
28.56  0.0
30.24  0.0
31.919999999999998  8.408723907684916
33.6  32.564548925464464
35.28  17.104990706733474
36.96  0.0
38.64  0.0
40.32  0.0
42.0  27.4168884169007
43.68  27.48208893609313
45.36  0.0
47.04  0.0
48.72  0.0
50.4  17.003880756335562
52.08  32.58131841133454
53.76  8.522972436409415
55.44  0.0
57.12  0.0
58.8  3.3253188960400495
60.48  31.42338443691833
62.16  21.29431469930708
63.839999999999996  0.0
65.52  0.0
67.2  0.0
68.88  24.230665433826683
70.56  29.976135293994496
72.24  0.0
73.92  0.0
75.6  0.0
77.28  12.38450570131792
78.96  32.90111155980659
80.64  13.392899438098796
82.32  0.0
84.0  0.0
85.67999999999999  0.0
87.36  29.507508874758624
89.03999999999999  24.958649366313885
90.72  0.0
92.39999999999999  0.0
94.08  0.0
95.75999999999999  20.447060431947627
97.44  31.731151010463336
99.11999999999999  4.4137025137016295
100.8  0.0
102.47999999999999  0.0
104.16  7.459803455102614
105.83999999999999  32.40976179938068
107.52  17.9326383429805
109.2  0.0
110.88  0.0
112.56  0.0
114.24  26.864156171302408
115.92  28.007654322883305
117.6  0.0
119.28  0.0
120.96  0.0
122.64  16.15935428299901
124.32  32.70386798646193
126.0  9.463514208255836
127.67999999999999  0.0
129.35999999999999  0.0
131.04  2.351187462892071
132.72  31.1193828506903
134.4  22.03026657925102
136.07999999999998  0.0
137.76  0.0
139.44  0.0
141.12  23.55849545608606
142.79999999999998  30.36615950233844
144.48  0.23282218973410362
146.16  0.0
147.84  0.0
149.51999999999998  11.473255951609293
151.2  32.87030489005233
152.88  14.280012738623256
154.56  0.0
156.23999999999998  0.0
157.92  0.0
159.6  29.061787673370652
161.28  25.58476135681199
162.96  0.0
164.64  0.0
166.32  0.0
168.0  19.672024378314926
