0.0  18.01300869985863  100.0
0.12  18.079029994105667
0.24  18.131082665535075
0.36  18.16912591421258
0.48  18.193137835630644
0.6  18.2031153699368
0.72  18.199074221989083
0.84  18.181048752522987
0.96  18.149091840762814
1.08  18.10327471885829
1.2  18.043686778574187
1.3199999999999998  17.970435350706623
1.44  17.883645457744567
1.56  17.78345954033868
1.68  17.67003715818215
1.7999999999999998  17.543554665949163
1.92  17.404204864976474
2.04  17.252196631411728
2.16  17.087754521588906
2.28  16.911118355426495
2.4  16.722542778677436
2.52  16.52229680489163
2.6399999999999997  16.310663337982035
2.76  16.087938676313396
2.88  15.854431999259273
3.0  15.61046483719744
3.12  15.35637052593634
3.2399999999999998  15.092493646585954
3.36  14.819189451905164
3.48  14.536823280174259
3.5999999999999996  14.245769957655906
3.7199999999999998  13.946413190720461
3.84  13.639144948722222
3.96  13.324364838721303
4.08  13.00247947315261
4.2  12.673901831547456
4.32  12.339050617415756
4.4399999999999995  11.998349611396794
4.56  11.652227021784896
4.68  11.301114833532237
4.8  10.945448156825309
4.92  10.585664576323547
5.04  10.22220350213887
5.16  9.855505523622993
5.279999999999999  9.486011767015851
5.3999999999999995  9.114163257992729
5.52  8.740400290130603
5.64  8.365161800294807
5.76  7.988884751926497
5.88  7.612003527188773
6.0  7.234949328905204
6.12  6.858149593198828
6.24  6.482027413712476
6.359999999999999  6.107000978262706
6.4799999999999995  5.73348301874951
6.6  5.361880275112884
6.72  4.992592974094533
6.84  4.626014323529548
6.96  4.262530022857969
7.08  3.902517790510426
7.199999999999999  3.5463469087852943
7.319999999999999  3.1943777867972565
7.4399999999999995  2.846961542038834
7.56  2.5044396010573338
7.68  2.1671433197101484
7.8  1.835393623420985
7.92  1.5095006678192067
8.04  1.1897635201032466
8.16  0.8764698614280297
8.28  0.5698957105747263
8.4  0.2703051691196515
8.52  0.0
8.64  0.0
8.76  0.0
8.879999999999999  0.0
9.0  0.0
9.12  0.0
9.24  0.0
9.36  0.0
9.48  0.0
9.6  0.0
9.719999999999999  0.0
9.84  0.0
9.959999999999999  0.0
10.08  0.0
10.2  0.0
10.32  0.0
10.44  0.0
10.559999999999999  0.0
10.68  0.0
10.799999999999999  0.0
10.92  0.0
11.04  0.0
11.16  0.0
11.28  0.0
11.4  0.0
11.52  0.0
11.639999999999999  0.0
11.76  0.0
11.879999999999999  0.0
12.0  0.0
12.12  0.0
12.24  0.0
12.36  0.0
12.48  0.0
12.6  0.0
12.719999999999999  0.0
12.84  0.0
12.959999999999999  0.0
13.08  0.0
13.2  0.0
13.32  0.0
13.44  0.0
13.559999999999999  0.0
13.68  0.0
13.799999999999999  0.0
13.92  0.0
14.04  0.0
14.16  0.0
14.28  0.0
14.399999999999999  0.0
14.52  0.0
14.639999999999999  0.0
14.76  0.0
14.879999999999999  0.0
15.0  0.0
15.12  0.0
15.24  0.0
15.36  0.0
15.479999999999999  0.0
15.6  0.0
15.719999999999999  0.0
15.84  0.0
15.959999999999999  0.0
16.08  0.0
16.2  0.0
16.32  0.0
16.439999999999998  0.0
16.56  0.0
16.68  0.0
16.8  0.0
16.919999999999998  0.0
17.04  0.0
17.16  0.0
17.28  0.017170893697133316
17.4  0.1840976480207508
17.52  0.35023246987899403
17.64  0.5153793800960278
17.759999999999998  0.679346820897829
17.88  0.8419477634757473
18.0  1.0029998046873279
18.12  1.1623252530552137
18.24  1.3197512042477515
18.36  1.475109606247339
18.48  1.6282373144337419
18.599999999999998  1.7789761368301937
18.72  1.92717286977956
18.84  2.0726793243361348
18.96  2.215352343676372
19.08  2.3550538118479443
19.2  2.491650654192044
19.32  2.625014829787687
19.439999999999998  2.755023316280136
19.56  2.8815580874669773
19.68  3.004506084026316
19.8  3.1237591777807396
19.919999999999998  3.239214129899064
20.04  3.350772543444597
20.16  3.458340810684573
20.279999999999998  3.5618300555797284
20.4  3.6611560718762544
20.52  3.7562392572242533
20.64  3.847004543747725
20.759999999999998  3.9333813254903105
20.88  4.0153033831596545
21.0  4.09270880658995
21.119999999999997  4.165539915338422
21.24  4.233743177825999
21.36  4.297269129426104
21.48  4.356072289897944
21.599999999999998  4.410111080551898
21.72  4.459347741525136
21.84  4.503748249534659
21.96  4.543282236463274
22.08  4.577922909121484
22.2  4.607646970514489
22.32  4.632434542929127
22.439999999999998  4.652269093140355
22.56  4.667137360020703
22.68  4.677029284819396
22.8  4.681937944360393
22.919999999999998  4.681859487390425
23.04  4.676793074289482
23.16  4.666740820336996
23.279999999999998  4.651707742707317
23.4  4.631701711347903
23.52  4.606733403873426
23.64  4.576816264588027
23.759999999999998  4.541966467727218
23.88  4.502202884989607
24.0  4.457547057407572
24.119999999999997  4.408023171584511
24.24  4.353658040305117
24.36  4.294481087503888
24.48  4.230524337555872
24.599999999999998  4.161822408832835
24.72  4.08841251144722
24.84  4.010334449086022
24.96  3.9276306248164756
25.08  3.8403460507259837
25.2  3.748528361239466
25.32  3.652227829938684
25.439999999999998  3.551497389689983
25.56  3.446392655869555
25.68  3.3369719524583745
25.8  3.223296340763073
25.919999999999998  3.105429650503593
26.04  2.983438512994076
26.16  2.8573923961296703
26.279999999999998  2.727363640879447
26.4  2.5934274989734307
26.52  2.4556621714613134
26.64  2.3141488478101997
26.759999999999998  2.1689717452001323
26.88  2.0202181476682877
27.0  1.8679784447460246
27.119999999999997  1.7123461692273705
27.24  1.5534180337030417
27.36  1.3912939654908192
27.48  1.2260771395908094
27.599999999999998  1.0578740092930667
27.72  0.8867943340653739
27.84  0.7129512043499837
27.959999999999997  0.5364610629009328
28.08  0.3574437222968365
28.2  0.17602237826929112
28.32  0.0
28.439999999999998  0.0
28.56  0.0
28.68  0.0
28.799999999999997  0.0
28.919999999999998  0.0
29.04  0.0
29.16  0.0
29.279999999999998  0.0
29.4  0.0
29.52  0.0
29.64  0.0
29.759999999999998  0.0
29.88  0.0
30.0  0.0
30.119999999999997  0.0
30.24  0.0
30.36  0.0
30.48  0.0
30.599999999999998  0.0
30.72  0.0
30.84  0.0
30.959999999999997  0.0
31.08  0.0
31.2  0.0
31.32  0.0
31.439999999999998  0.0
31.56  0.0
31.68  0.0
31.799999999999997  0.0
31.919999999999998  0.0
32.04  0.0
32.16  0.0
32.28  0.0
32.4  0.0
32.519999999999996  0.0
32.64  0.0
32.76  0.0
32.879999999999995  0.0
33.0  0.0
33.12  0.0
33.24  0.0
33.36  0.0
33.48  0.0
33.6  0.0
33.72  0.0
33.839999999999996  0.0
33.96  0.0
34.08  0.0
34.199999999999996  0.0
34.32  0.0
34.44  0.0
34.56  0.0
34.68  0.0
34.8  0.0
34.92  0.0
35.04  0.0
35.16  0.0
35.28  0.0
35.4  0.0
35.519999999999996  0.0
35.64  0.0
35.76  0.0
35.879999999999995  0.0
36.0  0.0
36.12  0.0
36.24  0.0
36.36  0.0
36.48  0.0
36.6  0.0
36.72  0.0
36.839999999999996  0.0
36.96  0.0
37.08  0.0
37.199999999999996  0.0
37.32  0.0
37.44  0.0
37.559999999999995  0.0
37.68  0.0
37.8  0.0
37.92  0.0
38.04  0.0
38.16  0.0
38.28  0.0
38.4  0.0
38.519999999999996  0.0
38.64  0.0
38.76  0.0
38.879999999999995  0.0
39.0  0.0
39.12  0.0
39.24  0.0
39.36  0.0
39.48  0.0
39.6  0.0
39.72  0.0
39.839999999999996  0.0
39.96  0.0
40.08  0.0
40.199999999999996  0.0
40.32  0.0
40.44  0.0
40.559999999999995  0.0
40.68  0.0
40.8  0.0
40.92  0.0
41.04  0.0
41.16  0.0
41.28  0.0
41.4  0.0
41.519999999999996  0.0
41.64  0.0
41.76  0.11630319046330118
41.879999999999995  0.38677854803101175
42.0  0.6558867216599653
42.12  0.9232903420378116
42.239999999999995  1.188652698487658
42.36  1.4516382513941801
42.48  1.7119131471165712
42.6  1.9691457345026926
42.72  2.2230070821074657
42.839999999999996  2.473171495210634
42.96  2.7193170317206614
43.08  2.961126016046626
43.199999999999996  3.1982855500161254
43.32  3.430488019914822
43.44  3.657431598723326
43.559999999999995  3.8788207426288475
43.68  4.094366680891918
43.8  4.303787898154075
43.92  4.506810608279618
44.04  4.703169218832555
44.16  4.892606785301652
44.28  5.0748754541979375
44.4  5.249736894163675
44.519999999999996  5.416962714248057
44.64  5.576334868522
44.76  5.727646046224263
44.879999999999995  5.87070004665241
45.0  6.005312138034432
45.12  6.131309399641513
45.239999999999995  6.2485310464288
45.36  6.356828735517808
45.48  6.456066853863655
45.6  6.546122786480814
45.72  6.626887164632501
45.839999999999996  6.698264093422479
45.96  6.760171358262235
46.08  6.812540609722201
46.199999999999996  6.855317526312665
46.32  6.888461954777778
46.44  6.911948027525018
46.559999999999995  6.925764256852278
46.68  6.92991360567577
46.8  6.9244135345029045
46.92  6.909296024437184
47.04  6.884607576044406
47.16  6.850409183953375
47.28  6.8067762871078985
47.4  6.753798694631333
47.519999999999996  6.691580487309183
47.64  6.62023989474056
47.76  6.539909148253687
47.879999999999995  6.450734309725942
48.0  6.352875076493717
48.12  6.246504562582035
48.239999999999995  6.131809056528662
48.36  6.008987756121419
48.48  5.87825248041144
48.6  5.739827359408153
48.72  5.593948501905079
48.839999999999996  5.440863641926973
48.96  5.280831764330717
49.08  5.114122710132678
49.199999999999996  4.941016762174866
49.32  4.7618042117808965
49.44  4.576784907090468
49.559999999999995  4.386267783796971
49.68  4.190570379048765
49.8  3.990018329307972
49.92  3.7849448529933163
50.04  3.5756902187647808
50.16  3.362601200337151
50.28  3.146030518737927
50.4  2.9263362729510924
50.519999999999996  2.7038813599129963
50.64  2.4790328848500387
50.76  2.2521615629684417
50.879999999999995  2.0236411135259686
51.0  1.7938476473332738
51.12  1.563159048747604
51.239999999999995  1.331954353235449
51.36  1.1006131215925605
51.48  0.8695148119190692
51.6  0.6390381504549536
51.72  0.4095605023872766
51.839999999999996  0.18145724374304617
51.96  0.0
52.08  0.0
52.199999999999996  0.0
52.32  0.0
52.44  0.0
52.559999999999995  0.0
52.68  0.0
52.8  0.0
52.919999999999995  0.0
53.04  0.0
53.16  0.0
53.28  0.0
53.4  0.0
53.519999999999996  0.0
53.64  0.0
53.76  0.0
53.879999999999995  0.0
54.0  0.0
54.12  0.0
54.239999999999995  0.0
54.36  0.0
54.48  0.0
54.6  0.0
54.72  0.0
54.839999999999996  0.0
54.96  0.0
55.08  0.0
55.199999999999996  0.0
55.32  0.0
55.44  0.0
55.559999999999995  0.0
55.68  0.0
55.8  0.0
55.919999999999995  0.0
56.04  0.0
56.16  0.0
56.28  0.0
56.4  0.0
56.519999999999996  0.0
56.64  0.0
56.76  0.0
56.879999999999995  0.0
57.0  0.0
57.12  0.0
57.239999999999995  0.0
57.36  0.0
57.48  0.0
57.599999999999994  0.0
57.72  0.0
57.839999999999996  0.0
57.96  0.0
58.08  0.0
58.199999999999996  0.0
58.32  0.0
58.44  0.0
58.559999999999995  0.0
58.68  0.0
58.8  0.0
58.919999999999995  0.0
59.04  0.0
59.16  0.0
59.28  0.0
59.4  0.0
59.519999999999996  0.0
59.64  0.0
59.76  0.0
59.879999999999995  0.0
60.0  0.0
60.12  0.0
60.239999999999995  0.10037558640682176
60.36  0.3079249598613164
60.48  0.5156431853089344
60.599999999999994  0.7231651221238198
60.72  0.9301266938258739
60.839999999999996  1.1361655292420894
60.96  1.3409215998508301
61.08  1.5440378521491636
61.199999999999996  1.745160833893888
61.32  1.9439413130779055
61.44  2.140034888517796
61.559999999999995  2.3331025909445904
61.68  2.5228114735075886
61.8  2.7088351906215284
61.919999999999995  2.8908545641096466
62.04  3.0685581356190537
62.16  3.2416427043113165
62.28  3.4098138488592835
62.4  3.5727864328102927
62.519999999999996  3.730285092408624
62.64  3.882044706002454
62.76  4.027810844195924
62.879999999999995  4.167340199943787
63.0  4.3004009978234725
63.12  4.426773381759535
63.239999999999995  4.546249780516037
63.36  4.658635250314552
63.48  4.7637477939788635
63.599999999999994  4.861418656051875
63.72  4.951492593375686
63.839999999999996  5.033828120672194
63.96  5.10829773070898
64.08  5.174788088682975
64.2  5.233200200503325
64.32  5.283449554704054
64.44  5.325466237766804
64.56  5.359195022683971
64.67999999999999  5.384595430643176
64.8  5.401641765764233
64.92  5.410323122870723
65.03999999999999  5.410643368328639
65.16  5.402621094035471
65.28  5.386289544692817
65.39999999999999  5.3616965185463155
65.52  5.328904241825702
65.64  5.287989217167223
65.75999999999999  5.239042046349064
65.88  5.182167227718233
66.0  5.117482928734438
66.12  5.045120734102642
66.24  4.965225370011252
66.36  4.877954405036814
66.48  4.7834779283197255
66.6  4.681978205656518
66.72  4.573649314195305
66.84  4.4586967564602915
66.96  4.337337054468364
67.08  4.209797324737533
67.2  4.076314835021532
67.32  3.9371365436374663
67.44  3.7925186222853275
67.56  3.6427259632869617
67.67999999999999  3.488031672200511
67.8  3.328716546791207
67.92  3.1650685433643124
68.03999999999999  2.997382231487143
68.16  2.8259582381469786
68.28  2.651102682410414
68.39999999999999  2.47312660166413
68.52  2.2923453705317076
68.64  2.109078113572576
68.75999999999999  1.9236471128779784
68.88  1.7363772116863634
69.0  1.5475952151464287
69.12  1.3576292893572965
69.24  1.166808359817429
69.36  0.9754615104118538
69.48  0.7839173840634883
69.6  0.5925035861686914
69.72  0.40154609192912893
69.84  0.21136865868205068
69.96  0.02229224431874699
70.08  0.0
70.2  0.0
70.32  0.0
70.44  0.0
70.56  0.0
70.67999999999999  0.0
70.8  0.0
70.92  0.0
71.03999999999999  0.0
71.16  0.0
71.28  0.0
71.39999999999999  0.0
71.52  0.0
71.64  0.0
71.75999999999999  0.0
71.88  0.0
72.0  0.0
72.11999999999999  0.0
72.24  0.0
72.36  0.0
72.48  0.0
72.6  0.0
72.72  0.0
72.84  0.0
72.96  0.0
73.08  0.0
73.2  0.0
73.32  0.0
73.44  0.0
73.56  0.0
73.67999999999999  0.0
73.8  0.0
73.92  0.0
74.03999999999999  0.0
74.16  0.0
74.28  0.0
74.39999999999999  0.0
74.52  0.0
74.64  0.0
74.75999999999999  0.0
74.88  0.0
75.0  0.0
75.11999999999999  0.0
75.24  0.0
75.36  0.0
75.48  0.0
75.6  0.0
75.72  0.0
75.84  0.0
75.96  0.0
76.08  0.0
76.2  0.0
76.32  0.0
76.44  0.0
76.56  0.0
76.67999999999999  0.0
76.8  0.0
76.92  0.0
77.03999999999999  0.0
77.16  0.0
77.28  0.0
77.39999999999999  0.0
77.52  0.0
77.64  0.0
77.75999999999999  0.0
77.88  0.0
78.0  0.0
78.11999999999999  0.0
78.24  0.0
78.36  0.0
78.48  0.0
78.6  0.0
78.72  0.0
78.84  0.0
78.96  0.0
79.08  0.12456967533651997
79.2  0.2596976766472261
79.32  0.39291497159457545
79.44  0.5239821157646372
79.56  0.6526654389193292
79.67999999999999  0.7787374563804887
79.8  0.9019772662219758
79.92  1.0221709315661511
80.03999999999999  1.139111847313669
80.16  1.2526010906700689
80.28  1.3624477548663796
80.39999999999999  1.4684692655084712
80.52  1.5704916790258734
80.64  1.6683499627289708
80.75999999999999  1.7618882560227223
80.88  1.850960112364133
81.0  1.935428721590772
81.11999999999999  2.015167112289066
81.24  2.0900583339118146
81.36  2.1599956183959392
81.48  2.224882521074333
81.6  2.2846330407167628
81.72  2.339171718578199
81.84  2.3884337163747587
81.96  2.4323648731500747
82.08  2.4709217410374844
82.2  2.5040715999650027
82.32  2.5317924513925156
82.44  2.5540729912117284
82.56  2.5709125619804265
82.67999999999999  2.582321084703417
82.8  2.588318970412166
82.92  2.5889370118343003
83.03999999999999  2.5842162554828705
83.16  2.574207854532541
83.28  2.5589729028868407
83.39999999999999  2.5385822508759928
83.52  2.513116303059722
83.64  2.4826647986428974
83.75999999999999  2.4473265750439577
83.88  2.407209315187429
84.0  2.362429279121545
84.11999999999999  2.3131110205899876
84.24  2.2593870892143073
84.36  2.2013977189687086
84.47999999999999  2.139290503652899
84.6  2.073220060091158
84.72  2.003347679806729
84.84  1.9298409699396102
84.96  1.8528734841933505
85.08  1.7726243446126198
85.2  1.689277855006854
85.32  1.6030231068481127
85.44  1.514053578481514
85.56  1.4225667284958676
85.67999999999999  1.3287635841084229
85.8  1.2328483254237972
85.92  1.1350278664296167
86.03999999999999  1.035511433593845
86.16  0.934510142927918
86.28  0.8322365763785037
86.39999999999999  0.7289043584063142
86.52  0.6247277336053458
86.64  0.5199211462087118
86.75999999999999  0.41469882231775246
86.88  0.30927435568115963
87.0  0.20386029783816734
87.11999999999999  0.0986677534257469
87.24  0.0
87.36  0.0
87.47999999999999  0.0
87.6  0.0
87.72  0.0
87.84  0.0
87.96  0.0
88.08  0.0
88.2  0.0
88.32  0.0
88.44  0.0
88.56  0.0
88.67999999999999  0.0
88.8  0.0
88.92  0.0
89.03999999999999  0.0
89.16  0.0
89.28  0.0
89.39999999999999  0.0
89.52  0.0
89.64  0.0
89.75999999999999  0.0
89.88  0.0
90.0  0.0
90.11999999999999  0.0
90.24  0.0
90.36  0.0
90.47999999999999  0.0
90.6  0.0
90.72  0.0
90.84  0.0
90.96  0.0
91.08  0.0
91.2  0.0
91.32  0.0
91.44  0.0
91.56  0.0
91.67999999999999  0.0
91.8  0.0
91.92  0.0
92.03999999999999  0.0
92.16  0.0
92.28  0.0
92.39999999999999  0.0
92.52  0.0
92.64  0.0
92.75999999999999  0.0
92.88  0.0
93.0  0.0
93.11999999999999  0.0
93.24  0.0
93.36  0.0
93.47999999999999  0.0
93.6  0.0
93.72  0.0
93.84  0.0
93.96  0.0
94.08  0.0
94.2  0.0
94.32  0.0
94.44  0.0
94.56  0.0
94.67999999999999  0.0
94.8  0.0
94.92  0.0
95.03999999999999  0.0
95.16  0.0
95.28  0.0
95.39999999999999  0.0
95.52  0.056160867710620455
95.64  0.15401195116167687
95.75999999999999  0.2521327188738982
95.88  0.3503806216279046
96.0  0.44861514695879157
96.11999999999999  0.5466980755002309
96.24  0.6444937289243904
96.36  0.7418692089993106
96.47999999999999  0.8386946273099278
96.6  0.9348433252133062
96.72  1.030192083624294
96.84  1.1246213222547348
96.96  1.2180152879560429
97.08  1.3102622318429256
97.2  1.401254574904427
97.32  1.4908890618375028
97.44  1.579066902867242
97.56  1.6656939033481726
97.67999999999999  1.7506805809704835
97.8  1.8339422704258492
97.92  1.915399215417482
98.03999999999999  1.994976647929731
98.16  2.072604854703436
98.28  2.148219230892982
98.39999999999999  2.2217603209122445
98.52  2.293173846506355
98.64  2.3624107221160857
98.75999999999999  2.4294270576317034
98.88  2.4941841486623004
99.0  2.556648454474796
99.11999999999999  2.6167915637863794
99.24  2.674590148620436
99.36  2.7300259064642747
99.47999999999999  2.7830854909926015
99.6  2.8337604316466782
99.72  2.8820470423837268
99.84  2.9279463199353772
99.96  2.971463831936357
100.08  3.0126095953076812
100.2  3.0513979452982922
100.32  3.087847395610602
100.44  3.121980490052822
100.56  3.1538236461795948
100.67999999999999  3.1834069913986696
100.8  3.2107641920367724
100.92  3.2359322758714013
101.03999999999999  3.2589514486492064
101.16  3.2798649051214497
101.28  3.2987186351387683
101.39999999999999  3.315561225355383
101.52  3.3304436571001874
101.64  3.3434191009791103
101.75999999999999  3.354542708776802
101.88  3.3638714032296204
102.0  3.371463666243553
102.11999999999999  3.3773793261311296
102.24  3.381679344440669
102.36  3.384425602948619
102.47999999999999  3.3856806913824027
102.6  3.3855076964358366
102.72  3.383969992632787
102.83999999999999  3.381131035587381
102.96  3.377054158199496
103.08  3.3718023703142137
103.2  3.3654381623624174
103.32  3.358023313486615
103.44  3.3496187046420376
103.56  3.3402841371484606
103.67999999999999  3.330078157150802
103.8  3.3190578864303637
103.92  3.3072788599892746
104.03999999999999  3.2947948708115566
104.16  3.281657822184125
104.28  3.267917587939321
104.39999999999999  3.253621880958852
104.52  3.238816130255942
104.64  3.2235433669289186
104.75999999999999  3.207844119255197
104.88  3.1917563171697596
105.0  3.1753152063466343
105.11999999999999  3.1585532720761336
105.24  3.1415001731040375
105.36  3.1241826855723622
105.47999999999999  3.106624657174101
105.6  3.0888469716072726
105.72  3.0708675233860085
105.83999999999999  3.0527012030388914
105.96  3.0343598926972404
106.08  3.0158524720484268
106.2  2.9971848346018097
106.32  2.9783599141876342
106.44  2.9593777215822206
106.56  2.9402353911257215
106.67999999999999  2.9209272371727524
106.8  2.901444820189709
106.92  2.881777022287249
107.03999999999999  2.861910131951819
107.16  2.841827937714762
107.28  2.821511830475022
107.39999999999999  2.800940914167434
107.52  2.7800921244469494
107.64  2.7589403550375984
107.75999999999999  2.737458591374414
107.88  2.715618051146816
108.0  2.6933883313338667
108.11999999999999  2.670737561303473
108.24  2.6476325615316254
108.36  2.6240390074821685
108.47999999999999  2.599921598173286
108.6  2.5752442289435864
108.72  2.54997016791939
108.83999999999999  2.524062235673356
108.96  2.497482987555694
109.08  2.470194898171174
109.2  2.442160547467837
109.32  2.413342807898408
109.44  2.383705032110921
109.56  2.3532112406226036
109.67999999999999  2.321826308929176
109.8  2.289516153502264
109.92  2.256247916128621
110.03999999999999  2.2219901460472626
110.16  2.186712979345832
110.28  2.150388315081117
110.39999999999999  2.112989987597065
110.52  2.074493934521249
110.64  2.034878359929096
110.75999999999999  1.9941238921779672
110.88  1.9522137359230847
111.0  1.9091338178416808
111.11999999999999  1.8648729256063699
111.24  1.8194228396631729
111.36  1.772778457387921
111.47999999999999  1.7249379092112629
111.6  1.6759026663225693
111.72  1.6256776395823658
111.83999999999999  1.5742712692941567
111.96  1.5216956055080693
112.08  1.4679663785524661
112.2  1.4131030595119498
112.32  1.3571289103958701
112.44  1.3000710237656898
112.56  1.2419603516161994
112.67999999999999  1.1828317233308876
112.8  1.1227238525599474
112.92  1.061679332896098
113.03999999999999  0.9997446222513843
113.16  0.9369700158664689
113.28  0.8734096079127067
113.39999999999999  0.8091212416752448
113.52  0.7441664483352493
113.64  0.6786103743977425
113.75999999999999  0.612521697840771
113.88  0.5459725330904696
114.0  0.4790383249557004
114.11999999999999  0.41179773168433365
114.24  0.3443324973317239
114.36  0.2767273136603783
114.47999999999999  0.20906967181684766
114.6  0.14144970405998958
114.72  0.07396001584065304
114.83999999999999  0.00669550855971579
114.96  0.0
115.08  0.0
115.19999999999999  0.0
115.32  0.0
115.44  0.0
115.56  0.0
115.67999999999999  0.0
115.8  0.0
115.92  0.0
116.03999999999999  0.0
116.16  0.0
116.28  0.0
116.39999999999999  0.0
116.52  0.0
116.64  0.0
116.75999999999999  0.0
116.88  0.0
117.0  0.0
117.11999999999999  0.0
117.24  0.0
117.36  0.0
117.47999999999999  0.0
117.6  0.0
117.72  0.0
117.83999999999999  0.0
117.96  0.0
118.08  0.0
118.19999999999999  0.0
118.32  0.0
118.44  0.0
118.56  0.0
118.67999999999999  0.0
118.8  0.0
118.92  0.0
119.03999999999999  0.0
119.16  0.0
119.28  0.0
119.39999999999999  0.0
119.52  0.0
119.64  0.0
119.75999999999999  0.0
119.88  0.0
120.0  0.0
