0.0  16.509198015512826  100.0
0.12  16.558853039970604
0.24  16.595817351592707
0.36  16.62006283420879
0.48  16.631579182160344
0.6  16.630373839778642
0.72  16.616471912610056
0.84  16.589916050680447
0.96  16.550766304138307
1.08  16.499099951663226
1.2  16.435011302072642
1.3199999999999998  16.358611469604675
1.44  16.270028123399175
1.56  16.169405211741683
1.68  16.056902661676904
1.7999999999999998  15.932696054638381
1.92  15.796976278780065
2.04  15.649949158732921
2.16  15.491835063545583
2.28  15.322868493602492
2.4  15.143297647345605
2.52  14.953383968656736
2.6399999999999997  14.753401675786948
2.76  14.54363727274674
2.88  14.324389044096526
3.0  14.095966534100556
3.12  13.858690011229298
3.2399999999999998  13.612889919015132
3.36  13.358906314284217
3.48  13.09708829380319
3.5999999999999996  12.827793410393276
3.7199999999999998  12.551387079576228
3.84  12.268241977826436
3.96  11.978737433511043
4.08  11.68325881160583
4.2  11.38219689327815
4.32  11.075947251429772
4.4399999999999995  10.764909623291992
4.56  10.449487281162973
4.68  10.130086402372564
4.8  9.80711543955348
4.92  9.480984492289137
5.04  9.15210468119804
5.16  8.820887525502158
5.279999999999999  8.487744325112637
5.3999999999999995  8.15308554824991
5.52  7.817320225597631
5.64  7.480855351969928
5.76  7.144095296450406
5.88  6.807441221938129
6.0  6.47129051501134
6.12  6.136036226993493
6.24  5.8020665270785505
6.359999999999999  5.46976416834354
6.4799999999999995  5.139505967445853
6.6  4.8116622987713304
6.72  4.48659660376603
6.84  4.16466491615081
6.96  3.846215403682667
7.08  3.5315879270907127
7.199999999999999  3.2211136167777497
7.319999999999999  2.9151144678405454
7.4399999999999995  2.6139029539234357
7.56  2.317781660380539
7.68  2.0270429371822223
7.8  1.7419685719609437
7.92  1.4628294835510853
8.04  1.1898854363360907
8.16  0.9233847756751059
8.28  0.6635641846396744
8.4  0.4106484622495108
8.52  0.1648503233548787
8.64  0.0
8.76  0.0
8.879999999999999  0.0
9.0  0.0
9.12  0.0
9.24  0.0
9.36  0.0
9.48  0.0
9.6  0.0
9.719999999999999  0.0
9.84  0.0
9.959999999999999  0.0
10.08  0.0
10.2  0.0
10.32  0.0
10.44  0.0
10.559999999999999  0.0
10.68  0.0
10.799999999999999  0.0
10.92  0.0
11.04  0.0
11.16  0.0
11.28  0.0
11.4  0.0
11.52  0.0
11.639999999999999  0.0
11.76  0.0
11.879999999999999  0.0
12.0  0.0
12.12  0.0
12.24  0.0
12.36  0.0
12.48  0.0
12.6  0.0
12.719999999999999  0.0
12.84  0.0
12.959999999999999  0.0
13.08  0.0
13.2  0.0
13.32  0.0
13.44  0.0
13.559999999999999  0.0
13.68  0.0
13.799999999999999  0.0
13.92  0.0
14.04  0.0
14.16  0.0
14.28  0.0
14.399999999999999  0.0
14.52  0.0
14.639999999999999  0.0
14.76  0.0
14.879999999999999  0.0
15.0  0.0
15.12  0.0
15.24  0.0
15.36  0.0
15.479999999999999  0.0
15.6  0.0
15.719999999999999  0.0
15.84  0.0
15.959999999999999  0.0
16.08  0.0
16.2  0.0
16.32  0.1453185281600744
16.439999999999998  0.2909196181644371
16.56  0.4362227403986427
16.68  0.5810196895640005
16.8  0.725106426619742
16.919999999999998  0.8682832601068888
17.04  1.0103550154032117
17.16  1.1511311918760274
17.28  1.2904261079279626
17.4  1.4280590339589203
17.52  1.5638543132950269
17.64  1.6976414711625045
17.759999999999998  1.8292553118108121
17.88  1.9585360039154294
18.0  2.0853291544156023
18.12  2.209485870967054
18.24  2.3308628132131157
18.36  2.449322233100632
18.48  2.5647320044887865
18.599999999999998  2.676965642320067
18.72  2.785902311642559
18.84  2.891426826791565
18.96  2.99342964105671
19.08  3.0918068271772503
19.2  3.1864600490242445
19.32  3.277296524842538
19.439999999999998  3.364228982439183
19.56  3.4471756067167636
19.68  3.5260599799613788
19.8  3.600811015304474
19.919999999999998  3.671362883786462
20.04  3.737654935457041
20.16  3.799631614953292
20.279999999999998  3.857242372001192
20.4  3.910441567289692
20.52  3.9591883741685567
20.64  4.0034466766222305
20.759999999999998  4.043184963971399
20.88  4.078376222752582
21.0  4.1089978262230025
21.119999999999997  4.135031421934139
21.24  4.15646281781202
21.36  4.173281867175955
21.48  4.185482353119875
21.599999999999998  4.1930618726716995
21.72  4.1960217211365745
21.84  4.194366777018869
21.96  4.188105387906062
22.08  4.177249257684941
22.2  4.161813335446718
22.32  4.14181570642308
22.439999999999998  4.117277485279784
22.56  4.088222712078066
22.68  4.054678251197192
22.8  4.0166736934937095
22.919999999999998  3.974241261954604
23.04  3.927415721082613
23.16  3.8762342902324396
23.279999999999998  3.8207365610965907
23.4  3.7609644195191176
23.52  3.6969619717948574
23.64  3.6287754755904547
23.759999999999998  3.5564532756022826
23.88  3.480045744044645
24.0  3.3996052260400953
24.119999999999997  3.3151859899617673
24.24  3.22684418275594
24.36  3.134637790251309
24.48  3.038626602439666
24.599999999999998  2.9388721836914016
24.72  2.8354378478477757
24.84  2.728388638111161
24.96  2.617791311633569
25.08  2.503714328683756
25.2  2.386227846253256
25.32  2.2654037159425213
25.439999999999998  2.141315485949479
25.56  2.0140384069648705
25.68  1.8836494417611176
25.8  1.7502272782448194
25.919999999999998  1.6138523457269147
26.04  1.4746068341494163
26.16  1.332574715993137
26.279999999999998  1.1878417705775761
26.4  1.0404956104512388
26.52  0.8906257095594454
26.64  0.7383234328657187
26.759999999999998  0.5836820670934522
26.88  0.42679685224595776
27.0  0.2677650135554708
27.119999999999997  0.10668579350532337
27.24  0.0
27.36  0.0
27.48  0.0
27.599999999999998  0.0
27.72  0.0
27.84  0.0
27.959999999999997  0.0
28.08  0.0
28.2  0.0
28.32  0.0
28.439999999999998  0.0
28.56  0.0
28.68  0.0
28.799999999999997  0.0
28.919999999999998  0.0
29.04  0.0
29.16  0.0
29.279999999999998  0.0
29.4  0.0
29.52  0.0
29.64  0.0
29.759999999999998  0.0
29.88  0.0
30.0  0.0
30.119999999999997  0.0
30.24  0.0
30.36  0.0
30.48  0.0
30.599999999999998  0.0
30.72  0.0
30.84  0.0
30.959999999999997  0.0
31.08  0.0
31.2  0.0
31.32  0.0
31.439999999999998  0.0
31.56  0.0
31.68  0.0
31.799999999999997  0.0
31.919999999999998  0.0
32.04  0.0
32.16  0.0
32.28  0.0
32.4  0.0
32.519999999999996  0.0
32.64  0.0
32.76  0.0
32.879999999999995  0.0
33.0  0.0
33.12  0.0
33.24  0.0
33.36  0.0
33.48  0.0
33.6  0.0
33.72  0.0
33.839999999999996  0.0
33.96  0.0
34.08  0.0
34.199999999999996  0.0
34.32  0.0
34.44  0.0
34.56  0.0
34.68  0.0
34.8  0.0
34.92  0.0
35.04  0.0
35.16  0.0
35.28  0.0
35.4  0.0
35.519999999999996  0.0
35.64  0.0
35.76  0.0
35.879999999999995  0.0
36.0  0.0
36.12  0.0
36.24  0.0
36.36  0.0
36.48  0.0
36.6  0.0
36.72  0.0
36.839999999999996  0.0
36.96  0.0
37.08  0.0
37.199999999999996  0.0
37.32  0.0
37.44  0.0
37.559999999999995  0.0
37.68  0.0
37.8  0.0
37.92  0.0
38.04  0.0
38.16  0.0
38.28  0.0
38.4  0.0
38.519999999999996  0.0
38.64  0.0
38.76  0.0
38.879999999999995  0.0
39.0  0.0
39.12  0.0
39.24  0.0
39.36  0.0
39.48  0.0
39.6  0.0
39.72  0.0
39.839999999999996  0.0
39.96  0.0
40.08  0.0
40.199999999999996  0.0
40.32  0.0
40.44  0.0
40.559999999999995  0.0
40.68  0.0
40.8  0.0
40.92  0.0
41.04  0.08612833774583906
41.16  0.3514906159835811
41.28  0.6161537058744212
41.4  0.8797931885938489
41.519999999999996  1.1420834521322818
41.64  1.4026981646853047
41.76  1.6613107545931278
41.879999999999995  1.9175948960470794
42.0  2.171224999761238
42.12  2.4218767077901155
42.239999999999995  2.66922739165689
42.36  2.9129566529415554
42.48  3.1527468254657016
42.6  3.3882834781989537
42.72  3.619255918001575
42.839999999999996  3.8453576913105127
42.96  4.066287083868565
43.08  4.281747617592099
43.199999999999996  4.491448543669639
43.32  4.69510533098195
43.44  4.892440148934942
43.559999999999995  5.083182343799143
43.68  5.267068907653019
43.8  5.443844939033598
43.92  5.613264094405712
44.04  5.775089029569828
44.16  5.929091830140691
44.28  6.075054430241173
44.4  6.212769018570828
44.519999999999996  6.342038431025412
44.64  6.462676529061396
44.76  6.574508563019707
44.879999999999995  6.677371519644758
45.0  6.771114453057631
45.12  6.855598798467349
45.239999999999995  6.930698667930896
45.36  6.996301127500008
45.48  7.052306455122528
45.6  7.0986283786969935
45.72  7.135194293711047
45.839999999999996  7.161945459928033
45.96  7.178837176620757
46.08  7.185838935887356
46.199999999999996  7.182934553621384
46.32  7.170122277746296
46.44  7.147414873363651
46.559999999999995  7.114839684504301
46.68  7.072438672213064
46.8  7.020268428738552
46.92  6.958400167642614
47.04  6.886919689686493
47.16  6.805927324394512
47.28  6.715537847239871
47.4  6.615880372441653
47.519999999999996  6.50709822140628
47.64  6.389348766892016
47.76  6.262803253019495
47.879999999999995  6.12764659129633
48.0  5.984077132868707
48.12  5.8323064172573815
48.239999999999995  5.672558897880056
48.36  5.505071644706056
48.48  5.330094024433019
48.6  5.147887358618101
48.72  4.958724560239357
48.839999999999996  4.762889749204083
48.96  4.560677847362575
49.08  4.352394153625676
49.199999999999996  4.1383538998238745
49.32  3.9188817879840316
49.44  3.694311509737093
49.559999999999995  3.464985248605763
49.68  3.2312531659565913
49.8  2.9934728714337813
49.92  2.752008878724335
50.04  2.507232047534913
50.16  2.2595190126895277
50.28  2.0092516012852513
50.4  1.7568162388684936
50.519999999999996  1.5026033456186318
50.64  1.2470067235487818
50.76  0.990422935753394
50.879999999999995  0.7332506787513795
51.0  0.4758901489907763
51.12  0.21874240459529348
51.239999999999995  0.0
51.36  0.0
51.48  0.0
51.6  0.0
51.72  0.0
51.839999999999996  0.0
51.96  0.0
52.08  0.0
52.199999999999996  0.0
52.32  0.0
52.44  0.0
52.559999999999995  0.0
52.68  0.0
52.8  0.0
52.919999999999995  0.0
53.04  0.0
53.16  0.0
53.28  0.0
53.4  0.0
53.519999999999996  0.0
53.64  0.0
53.76  0.0
53.879999999999995  0.0
54.0  0.0
54.12  0.0
54.239999999999995  0.0
54.36  0.0
54.48  0.0
54.6  0.0
54.72  0.0
54.839999999999996  0.0
54.96  0.0
55.08  0.0
55.199999999999996  0.0
55.32  0.0
55.44  0.0
55.559999999999995  0.0
55.68  0.0
55.8  0.0
55.919999999999995  0.0
56.04  0.0
56.16  0.0
56.28  0.0
56.4  0.0
56.519999999999996  0.0
56.64  0.0
56.76  0.0
56.879999999999995  0.0
57.0  0.0
57.12  0.0
57.239999999999995  0.0
57.36  0.0
57.48  0.0
57.599999999999994  0.0
57.72  0.0
57.839999999999996  0.0
57.96  0.0
58.08  0.0
58.199999999999996  0.0
58.32  0.0
58.44  0.0
58.559999999999995  0.0
58.68  0.0
58.8  0.0
58.919999999999995  0.0
59.04  0.0
59.16  0.0
59.28  0.0
59.4  0.0
59.519999999999996  0.0
59.64  0.0
59.76  0.0
59.879999999999995  0.0
60.0  0.0
60.12  0.0
60.239999999999995  0.17522462029271568
60.36  0.42948524330043225
60.48  0.683812530790013
60.599999999999994  0.9378021610485087
60.72  1.1910509953477577
60.839999999999996  1.443157751942695
60.96  1.693723676125129
61.08  1.9423532051455568
61.199999999999996  2.1886546268263207
61.32  2.4322407307005056
61.44  2.672729450525445
61.559999999999995  2.9097444970359674
61.68  3.142915979820603
61.8  3.3718810172247067
61.919999999999995  3.5962843332069347
62.04  3.815778840099636
62.16  4.030026206250599
62.28  4.238697407551988
62.4  4.441473261891739
62.519999999999996  4.63804494559593
62.64  4.828114490963213
62.76  5.0113952640283195
62.879999999999995  5.18761242172894
63.0  5.356503347687965
63.12  5.517818065863844
63.239999999999995  5.671319631362797
63.36  5.816784497749252
63.48  5.954002860234867
63.599999999999994  6.082778974171432
63.72  6.202931448318914
63.839999999999996  6.314293512406993
63.96  6.416713258556343
64.08  6.510053856174242
64.2  6.594193739988791
64.32  6.6690267709356235
64.44  6.734462369661513
64.56  6.790425622459874
64.67999999999999  6.8368573595045135
64.8  6.873714205298872
64.92  6.90096860130965
65.03999999999999  6.918608800804807
65.16  6.926638835967526
65.28  6.925078457408186
65.39999999999999  6.913963046247867
65.52  6.893343498996646
65.64  6.863286085500136
65.75999999999999  6.82387228027693
65.88  6.775198567618162
66.0  6.717376220868244
66.12  6.650531056352855
66.24  6.574803162466203
66.36  6.490346604474407
66.48  6.3973291056362065
66.6  6.295931705284073
66.72  6.186348394550673
66.84  6.068785730465678
66.96  5.943462429185907
67.08  5.810608939159302
67.2  5.670466995058597
67.32  5.523289153353937
67.44  5.369338310426395
67.56  5.20888720415396
67.67999999999999  5.042217899930754
67.8  4.869621262105884
67.92  4.691396411854103
68.03999999999999  4.507850172512271
68.16  4.3192965034363535
68.28  4.126055923453151
68.39999999999999  3.9284549249961698
68.52  3.7268253800304096
68.64  3.5215039388831286
68.75999999999999  3.312831423107073
68.88  3.1011522135109972
69.0  2.886813634498793
69.12  2.670165335860516
69.24  2.4515586731614167
69.36  2.231346087873712
69.48  2.009880488392783
69.6  1.787514633074388
69.72  1.564600516422104
69.84  1.34148875954497
69.96  1.1185280059933758
70.08  0.8960643240674371
70.2  0.674440616677237
70.32  0.45399603981514636
70.44  0.23506543068161556
70.56  0.017978746484306196
70.67999999999999  0.0
70.8  0.0
70.92  0.0
71.03999999999999  0.0
71.16  0.0
71.28  0.0
71.39999999999999  0.0
71.52  0.0
71.64  0.0
71.75999999999999  0.0
71.88  0.0
72.0  0.0
72.11999999999999  0.0
72.24  0.0
72.36  0.0
72.48  0.0
72.6  0.0
72.72  0.0
72.84  0.0
72.96  0.0
73.08  0.0
73.2  0.0
73.32  0.0
73.44  0.0
73.56  0.0
73.67999999999999  0.0
73.8  0.0
73.92  0.0
74.03999999999999  0.0
74.16  0.0
74.28  0.0
74.39999999999999  0.0
74.52  0.0
74.64  0.0
74.75999999999999  0.0
74.88  0.0
75.0  0.0
75.11999999999999  0.0
75.24  0.0
75.36  0.0
75.48  0.0
75.6  0.0
75.72  0.0
75.84  0.0
75.96  0.0
76.08  0.0
76.2  0.0
76.32  0.0
76.44  0.0
76.56  0.0
76.67999999999999  0.0
76.8  0.0
76.92  0.0
77.03999999999999  0.0
77.16  0.0
77.28  0.0
77.39999999999999  0.0
77.52  0.0
77.64  0.0
77.75999999999999  0.0
77.88  0.0
78.0  0.0
78.11999999999999  0.0
78.24  0.0
78.36  0.0
78.48  0.0
78.6  0.0
78.72  0.0
78.84  0.0
78.96  0.0
79.08  0.0
79.2  0.0
79.32  0.0
79.44  0.0
79.56  0.0
79.67999999999999  0.0
79.8  0.0
79.92  0.0
80.03999999999999  0.0
80.16  0.0
80.28  0.0
80.39999999999999  0.0
80.52  0.0004424676369625402
80.64  0.10981517400698504
80.75999999999999  0.21617804478767733
80.88  0.31937385268085716
81.0  0.41925391447298344
81.11999999999999  0.5156783033843202
81.24  0.6085160420771598
81.36  0.6976452760649345
81.48  0.782953427306214
81.6  0.8643373278078266
81.72  0.9417033331041567
81.84  1.014967415520562
81.96  1.0840552371709808
82.08  1.1489022026815068
82.2  1.2094534916726314
82.32  1.2656640710746614
82.44  1.3174986873912746
82.56  1.364931839066374
82.67999999999999  1.4079477291498126
82.8  1.4465401984963893
82.92  1.480712639771066
83.03999999999999  1.5104778925716422
83.16  1.5358581200165915
83.28  1.5568846671822705
83.39999999999999  1.5735979018085873
83.52  1.5860470377264817
83.64  1.5942899414934577
83.75999999999999  1.5983929227552292
83.88  1.5984305088821356
84.0  1.5944852044583675
84.11999999999999  1.5866472362296602
84.24  1.5750142841421197
84.36  1.559691199129535
84.47999999999999  1.5407897083304039
84.6  1.5184281084376745
84.72  1.4927309479049893
84.84  1.4638286987519091
84.96  1.431857418727693
85.08  1.3969584046091779
85.2  1.3592778374215717
85.32  1.3189664203835516
85.44  1.2761790103881294
85.56  1.231074243839696
85.67999999999999  1.1838141576739765
85.8  1.1345638063934462
85.92  1.083490875953221
86.03999999999999  1.030765295334733
86.16  0.976558846643631
86.28  0.9210447745668571
86.39999999999999  0.8643973960196596
86.52  0.8067917108080223
86.64  0.7484030141249356
86.75999999999999  0.6894065116894541
86.88  0.6299769383276392
87.0  0.5702881807817857
87.11999999999999  0.5105129055205193
87.24  0.45082219230733456
87.36  0.39138517426775543
87.47999999999999  0.3323686851770631
87.6  0.2739369146710371
87.72  0.21625107206018113
87.84  0.15946905940603062
87.96  0.10374515449386612
88.08  0.04922970431102858
88.2  0.0
88.32  0.0
88.44  0.0
88.56  0.0
88.67999999999999  0.0
88.8  0.0
88.92  0.0
89.03999999999999  0.0
89.16  0.0
89.28  0.0
89.39999999999999  0.0
89.52  0.0
89.64  0.0
89.75999999999999  0.0
89.88  0.0
90.0  0.0
90.11999999999999  0.0
90.24  0.0
90.36  0.0
90.47999999999999  0.0
90.6  0.0
90.72  0.0
90.84  0.0
90.96  0.0
91.08  0.0
91.2  0.0
91.32  0.0
91.44  0.0
91.56  0.0
91.67999999999999  0.0
91.8  0.0
91.92  0.0
92.03999999999999  0.0
92.16  0.0
92.28  0.0
92.39999999999999  0.0
92.52  0.0
92.64  0.0
92.75999999999999  0.0
92.88  0.0
93.0  0.0
93.11999999999999  0.0
93.24  0.035128110381968614
93.36  0.09174717016724387
93.47999999999999  0.15001656931543483
93.6  0.20981896527757027
93.72  0.2710344709346322
93.84  0.3335409483937445
93.96  0.3972143055315701
94.08  0.46192879459209324
94.2  0.5275573121458876
94.32  0.5939716997186939
94.44  0.661043044399672
94.56  0.7286419787438125
94.67999999999999  0.7966389792888269
94.8  0.8649046630134837
94.92  0.9333100810733832
95.03999999999999  1.0017270091600634
95.16  1.0700282338406488
95.28  1.1380878342482847
95.39999999999999  1.2057814585078601
95.52  1.2729865942968575
95.64  1.3395828329582369
95.75999999999999  1.405452126600197
95.88  1.4704790376369883
96.0  1.534550980245284
96.11999999999999  1.5975584532322278
96.24  1.6593952638339107
96.36  1.7199587419862694
96.47999999999999  1.7791499446352952
96.6  1.8368738496785963
96.72  1.8930395391563761
96.84  1.9475603713372542
96.96  2.000354141371629
97.08  2.0513432302136128
97.2  2.100454741541428
97.32  2.147620626435595
97.44  2.192777795603506
97.56  2.2358682189697823
97.67999999999999  2.2768390124813633
97.8  2.31564251200766
97.92  2.3522363342462156
98.03999999999999  2.386583424575364
98.16  2.418652091826458
98.28  2.4484160299783575
98.39999999999999  2.475854326808121
98.52  2.500951459561977
98.64  2.5236972777405784
98.75999999999999  2.5440869731227904
98.88  2.5621210371814978
99.0  2.5778052060733216
99.11999999999999  2.591150393413643
99.24  2.602172611074693
99.36  2.6108928782729888
99.47999999999999  2.6173371192376647
99.6  2.6215360497775113
99.72  2.6235250530890823
99.84  2.623344045172272
99.96  2.621037330242185
100.08  2.616653446549102
100.2  2.6102450030378734
100.32  2.6018685072993324
100.44  2.5915841852837134
100.56  2.579455793264505
100.67999999999999  2.565550422556945
100.8  2.5499382975108364
100.92  2.5326925673105087
101.03999999999999  2.513889092128361
101.16  2.4936062241880346
101.28  2.471924584304718
101.39999999999999  2.4489268344773985
101.52  2.424697447115118
101.64  2.3993224714856756
101.75999999999999  2.372889297978429
101.88  2.345486420776446
102.0  2.3172031995344957
102.11999999999999  2.288129620659079
102.24  2.2583560587858167
102.36  2.2279730390462094
102.47999999999999  2.1970710007119454
102.6  2.1657400627990713
102.72  2.13406979220744
102.83999999999999  2.1021489749627325
102.96  2.0700653911183826
103.08  2.037905593863983
103.2  2.005754693374568
103.32  1.9736961459215525
103.44  1.9418115487513317
103.56  1.9101804412223202
103.67999999999999  1.8788801126731147
103.8  1.847985417477592
103.92  1.8175685977227751
104.03999999999999  1.7876991139253713
104.16  1.758443484182141
104.28  1.7298651321267486
104.39999999999999  1.7020242440432989
104.52  1.674977635462939
104.64  1.6487786275455762
104.75999999999999  1.6234769335237034
104.88  1.5991185554596952
105.0  1.5757456915416097
105.11999999999999  1.5533966541159117
105.24  1.5321057986282434
105.36  1.5119034636159967
105.47999999999999  1.4928159218683907
105.6  1.4748653428419016
105.72  1.4580697663905027
105.83999999999999  1.4424430878418244
105.96  1.4279950544220381
106.08  1.4147312730038435
106.2  1.4026532291236335
106.32  1.3917583171858827
106.44  1.382039881744956
106.56  1.3734872697267075
106.67999999999999  1.366085893425458
106.8  1.3598173040846875
106.92  1.3546592758435734
107.03999999999999  1.3505858998062539
107.16  1.3475676879644485
107.28  1.3455716866808416
107.39999999999999  1.344561599415864
107.52  1.3444979183580583
107.64  1.3453380645959345
107.75999999999999  1.3470365364479746
107.88  1.3495450655468868
108.0  1.3528127802554553
108.11999999999999  1.3567863759723349
108.24  1.3614102918693882
108.36  1.3666268935858772
108.47999999999999  1.3723766613899668
108.6  1.3785983833038764
108.72  1.3852293526771717
108.83999999999999  1.3922055696806408
108.96  1.39946194618362
109.08  1.4069325134689683
109.2  1.4145506322321983
109.32  1.4222492043055113
109.44  1.429960885542723
109.56  1.4376182992978355
109.67999999999999  1.4451542499278298
109.8  1.4525019357501114
109.92  1.4595951608856712
110.03999999999999  1.46636854542094
110.16  1.472757733326115
110.28  1.478699597570844
110.39999999999999  1.4841324418862971
110.52  1.4889961986298677
110.64  1.4932326222165377
110.75999999999999  1.4967854775937501
110.88  1.4996007232459247
111.0  1.5016266882289193
111.11999999999999  1.5028142427491733
111.24  1.5031169618164322
111.36  1.502491281516824
111.47999999999999  1.5008966474696923
111.6  1.4982956550512259
111.72  1.4946541809871277
111.83999999999999  1.4899415059377943
111.96  1.4841304277208722
112.08  1.4771973648395145
112.2  1.4691224500072044
112.32  1.4598896133853625
112.44  1.4494866552743644
112.56  1.4379053080250466
112.67999999999999  1.4251412869634312
112.8  1.4111943301492695
112.92  1.3960682268159788
113.03999999999999  1.3797708343676605
113.16  1.3623140838372527
113.28  1.3437139737387422
113.39999999999999  1.3239905522747601
113.52  1.3031678878905717
113.64  1.2812740281942767
113.75999999999999  1.2583409472925275
113.88  1.234404481620076
114.0  1.2095042543708177
114.11999999999999  1.183683588666926
114.24  1.1569894096311761
114.36  1.1294721355565096
114.47999999999999  1.1011855583943337
114.6  1.072186713811416
114.72  1.0425357410916338
114.83999999999999  1.0122957331861209
114.96  0.9815325772409067
115.08  0.9503147859564662
115.19999999999999  0.9187133201583775
115.32  0.8868014029816533
115.44  0.8546543260944015
115.56  0.8223492484085291
115.67999999999999  0.7899649877455783
115.8  0.7575818059465513
115.92  0.7252811879327512
116.03999999999999  0.6931456152425557
116.16  0.6612583345859673
116.28  0.6297031219735688
116.39999999999999  0.5985640429908784
116.52  0.5679252098020459
116.64  0.5378705354780163
116.75999999999999  0.5084834862544114
116.88  0.47984683233355807
117.0  0.4520423978517345
117.11999999999999  0.42515081063918236
117.24  0.39925125240453774
117.36  0.3744212099785139
117.47999999999999  0.3507362282529124
117.6  0.3282696654514924
117.72  0.30709245136714347
117.83999999999999  0.2872728491974157
117.96  0.26887622160558633
118.08  0.2519648016286541
118.19999999999999  0.23659746904610834
118.32  0.2228295328147214
118.44  0.21071252016346698
118.56  0.20029397293194506
118.67999999999999  0.19161725172131971
118.8  0.18472134841298082
118.92  0.17964070759398565
119.03999999999999  0.17640505741028267
119.16  0.17503925035126078
119.28  0.17556311444823902
119.39999999999999  0.1779913153488446
119.52  0.18233322970697263
119.64  0.18859283030413532
119.75999999999999  0.19676858329386704
119.88  0.2068533579352636
120.0  0.21883434915449507
