0.0  18.20114840520514  100.0
0.12  18.277067403526353
0.24  18.338851302369694
0.36  18.38645112141596
0.48  18.419836922595053
0.6  18.438997766067576
0.72  18.44394163690447
0.84  18.434695342743424
0.96  18.41130438274966
1.08  18.373832788256404
1.2  18.322362935507815
1.3199999999999998  18.256995330972696
1.44  18.177848369742794
1.56  18.08505806757282
1.68  17.97877776716227
1.7999999999999998  17.8591778193201
1.92  17.726445239693348
2.04  17.58078334177908
2.16  17.42241134697599
2.28  17.251563972467288
2.4  17.068490997760165
2.52  16.87345681073903
2.6399999999999997  16.666739934120088
2.76  16.448632533223055
2.88  16.219439906002552
3.0  15.979479956306337
3.12  15.729082651350355
3.2399999999999998  15.468589464421353
3.36  15.198352803836775
3.48  14.918735429208398
3.5999999999999996  14.630109856071021
3.7199999999999998  14.332857749950245
3.84  14.027369310954317
3.96  13.714042649983307
4.08  13.393283157655793
4.2  13.065502867057578
4.32  12.731119811419497
4.4399999999999995  12.390557377831641
4.56  12.044243658099862
4.68  11.692610797846507
4.8  11.336094344951812
4.92  10.975132598424597
5.04  10.6101659587813
5.16  10.241636281000723
5.279999999999999  9.869986231108527
5.3999999999999995  9.495658647429964
5.52  9.119095907532463
5.64  8.740739301860401
5.76  8.361028415044098
5.88  7.980400515842463
6.0  7.599289956654965
6.12  7.218127583512992
6.24  6.837340157433696
6.359999999999999  6.457349787991017
6.4799999999999995  6.078573379928628
6.6  5.7014220936086835
6.72  5.326300820057569
6.84  4.953607671336632
6.96  4.583733486931098
7.08  4.217061356814808
7.199999999999999  3.8539661618119028
7.319999999999999  3.4948141318390626
7.4399999999999995  3.1399624225738965
7.56  2.789758711055989
7.68  2.4445408106878377
7.8  2.104636306062658
7.92  1.7703622080058108
8.04  1.44202462917552
8.16  1.119918480527649
8.28  0.8043271889078513
8.4  0.49552243599301027
8.52  0.1937639187625395
8.64  0.0
8.76  0.0
8.879999999999999  0.0
9.0  0.0
9.12  0.0
9.24  0.0
9.36  0.0
9.48  0.0
9.6  0.0
9.719999999999999  0.0
9.84  0.0
9.959999999999999  0.0
10.08  0.0
10.2  0.0
10.32  0.0
10.44  0.0
10.559999999999999  0.0
10.68  0.0
10.799999999999999  0.0
10.92  0.0
11.04  0.0
11.16  0.0
11.28  0.0
11.4  0.0
11.52  0.0
11.639999999999999  0.0
11.76  0.0
11.879999999999999  0.0
12.0  0.0
12.12  0.0
12.24  0.0
12.36  0.0
12.48  0.0
12.6  0.0
12.719999999999999  0.0
12.84  0.0
12.959999999999999  0.0
13.08  0.0
13.2  0.0
13.32  0.0
13.44  0.0
13.559999999999999  0.0
13.68  0.0
13.799999999999999  0.0
13.92  0.0
14.04  0.0
14.16  0.0
14.28  0.0
14.399999999999999  0.0
14.52  0.0
14.639999999999999  0.0
14.76  0.0
14.879999999999999  0.0
15.0  0.0
15.12  0.0
15.24  0.0
15.36  0.0
15.479999999999999  0.0
15.6  0.0
15.719999999999999  0.0
15.84  0.0
15.959999999999999  0.0
16.08  0.0
16.2  0.0
16.32  0.0
16.439999999999998  0.0
16.56  0.0
16.68  0.0
16.8  0.0
16.919999999999998  0.0
17.04  0.0
17.16  0.0
17.28  0.0
17.4  0.0
17.52  0.0
17.64  0.12366333491012638
17.759999999999998  0.288365212132369
17.88  0.452029262933866
18.0  0.614472190488959
18.12  0.7755151340961837
18.24  0.9349837456417633
18.36  1.092708255981647
18.48  1.2485235314682979
18.599999999999998  1.4022691208688343
18.72  1.5537892929403967
18.84  1.7029330649467167
18.96  1.8495542224173969
19.08  1.9935113304673282
19.2  2.1346677370089937
19.32  2.2728915682040722
19.439999999999998  2.408055716513939
19.56  2.5400378217198787
19.68  2.6687202452945975
19.8  2.79399003851561
19.919999999999998  2.915738904719296
20.04  3.0338631561009426
20.16  3.1482636654718483
20.279999999999998  3.2588458133887377
20.4  3.365519431073802
20.52  3.4681987395454477
20.64  3.5668022853805605
20.759999999999998  3.6612528735281433
20.88  3.7514774975926906
21.0  3.8374072680021847
21.119999999999997  3.9189773384716995
21.24  3.9961268311679117
21.36  4.068798760973387
21.48  4.13693995924184
21.599999999999998  4.200500997426643
21.72  4.259436110955296
21.84  4.3137031237114725
21.96  4.363263373474544
22.08  4.408081638653747
22.2  4.44812606664039
22.32  4.483368104086903
22.439999999999998  4.5137824294063424
22.56  4.539346887769636
22.68  4.560042428861028
22.8  4.5758530476347214
22.919999999999998  4.586765728297435
23.04  4.592770391722888
23.16  4.593859846485026
23.279999999999998  4.590029743677002
23.4  4.581278535662808
23.52  4.567607438888098
23.64  4.549020400855816
23.759999999999998  4.525524071351406
23.88  4.497127777981113
24.0  4.4638435060657145
24.119999999999997  4.425685882910624
24.24  4.382672166452013
24.36  4.334822238257442
24.48  4.282158600838223
24.599999999999998  4.224706379209977
24.72  4.162493326617014
24.84  4.0955498343159675
24.96  4.023908945293858
25.08  3.947606371776421
25.2  3.8666805163632194
25.32  3.7811724966075366
25.439999999999998  3.6911261728409723
25.56  3.5965881790253764
25.68  3.4976079563978466
25.8  3.39423778965873
25.919999999999998  3.286532845437174
26.04  3.1745512127544897
26.16  3.058353945191889
26.279999999999998  2.9380051044567406
26.4  2.813571805029426
26.52  2.6851242595624747
26.64  2.5527358246936296
26.759999999999998  2.416483046925893
26.88  2.276445708219944
27.0  2.1327068709376764
27.119999999999997  1.9853529217701429
27.24  1.8344736142788165
27.36  1.6801621096759538
27.48  1.5225150154676643
27.599999999999998  1.3616324215823796
27.72  1.1976179336078823
27.84  1.0305787027611988
27.959999999999997  0.860625452218617
28.08  0.6878724994365442
28.2  0.512437774099288
28.32  0.3344428313355807
28.439999999999998  0.15401285985333324
28.56  0.0
28.68  0.0
28.799999999999997  0.0
28.919999999999998  0.0
29.04  0.0
29.16  0.0
29.279999999999998  0.0
29.4  0.0
29.52  0.0
29.64  0.0
29.759999999999998  0.0
29.88  0.0
30.0  0.0
30.119999999999997  0.0
30.24  0.0
30.36  0.0
30.48  0.0
30.599999999999998  0.0
30.72  0.0
30.84  0.0
30.959999999999997  0.0
31.08  0.0
31.2  0.0
31.32  0.0
31.439999999999998  0.0
31.56  0.0
31.68  0.0
31.799999999999997  0.0
31.919999999999998  0.0
32.04  0.0
32.16  0.0
32.28  0.0
32.4  0.0
32.519999999999996  0.0
32.64  0.0
32.76  0.0
32.879999999999995  0.0
33.0  0.0
33.12  0.0
33.24  0.0
33.36  0.0
33.48  0.0
33.6  0.0
33.72  0.0
33.839999999999996  0.0
33.96  0.0
34.08  0.0
34.199999999999996  0.0
34.32  0.0
34.44  0.0
34.56  0.0
34.68  0.0
34.8  0.0
34.92  0.0
35.04  0.0
35.16  0.0
35.28  0.0
35.4  0.0
35.519999999999996  0.0
35.64  0.0
35.76  0.0
35.879999999999995  0.0
36.0  0.0
36.12  0.0
36.24  0.0
36.36  0.0
36.48  0.0
36.6  0.0
36.72  0.0
36.839999999999996  0.0
36.96  0.0
37.08  0.0
37.199999999999996  0.0
37.32  0.0
37.44  0.0
37.559999999999995  0.0
37.68  0.0
37.8  0.0
37.92  0.0
38.04  0.0
38.16  0.0
38.28  0.0
38.4  0.0
38.519999999999996  0.0
38.64  0.0
38.76  0.0
38.879999999999995  0.0
39.0  0.0
39.12  0.0
39.24  0.0
39.36  0.0
39.48  0.0
39.6  0.0
39.72  0.0
39.839999999999996  0.0
39.96  0.0
40.08  0.0
40.199999999999996  0.0
40.32  0.0
40.44  0.0
40.559999999999995  0.0
40.68  0.0
40.8  0.0
40.92  0.0
41.04  0.0
41.16  0.0
41.28  0.0
41.4  0.0
41.519999999999996  0.0
41.64  0.0
41.76  0.0
41.879999999999995  0.02198747947976143
42.0  0.2870723969512281
42.12  0.5507627984378101
42.239999999999995  0.8127250947146756
42.36  1.0726266043672
42.48  1.3301360663012196
42.6  1.584924154077803
42.72  1.8366639911774145
42.839999999999996  2.085031666290237
42.96  2.329706747720881
43.08  2.5703727959905884
43.199999999999996  2.806717873716022
43.32  3.038435051841141
43.44  3.265222911298537
43.559999999999995  3.486786039178151
43.68  3.7028355184839508
43.8  3.9130894105645657
43.92  4.117273229310873
44.04  4.315120406221371
44.16  4.506372745447733
44.28  4.690780867944235
44.4  4.86810464385915
44.519999999999996  5.0381136123223245
44.64  5.200587387800011
44.76  5.35531605220773
44.879999999999995  5.5021005319930385
45.0  5.64075295942216
45.12  5.771097017328942
45.239999999999995  5.892968266610781
45.36  6.006214455782748
45.48  6.1106958119305235
45.6  6.206285312433069
45.72  6.29286893685722
45.839999999999996  6.370345898459852
45.96  6.438628854767308
46.08  6.497644096737282
46.199999999999996  6.547331716045193
46.32  6.58764575007467
46.44  6.618554304230548
46.559999999999995  6.640039651232457
46.68  6.652098307087909
46.8  6.654741083484663
46.92  6.64799311638483
47.04  6.631893870645324
47.16  6.606497120533019
47.28  6.571870906046415
47.4  6.528097464999975
47.519999999999996  6.475273140871416
47.64  6.413508266457393
47.76  6.34292702342732
47.879999999999995  6.263667277910207
48.0  6.1758803922941405
48.12  6.079731013462522
48.239999999999995  5.975396837735935
48.36  5.863068352832353
48.48  5.742948557202364
48.6  5.6152526571390355
48.72  5.480207742105275
48.839999999999996  5.338052438762919
48.96  5.1890365442295625
49.08  5.033420639129432
49.199999999999996  4.871475681044128
49.32  4.70348257900771
49.44  4.529731749728216
49.559999999999995  4.350522656253656
49.68  4.166163329836285
49.8  3.9769698757823697
49.92  3.7832659641072306
50.04  3.585382305846582
50.16  3.3836561159045386
50.28  3.178430563346966
50.4  2.9700542100749363
50.519999999999996  2.758880438837796
50.64  2.545266871568783
50.76  2.329574779046759
50.879999999999995  2.112168482907224
51.0  1.8934147510436115
51.12  1.673682187454941
51.239999999999995  1.4533406176098504
51.36  1.2327604704088306
51.48  1.0123121578359053
51.6  0.7923654533985693
51.72  0.5732888704609715
51.839999999999996  0.35544904157790946
51.96  0.1392100999395618
52.08  0.0
52.199999999999996  0.0
52.32  0.0
52.44  0.0
52.559999999999995  0.0
52.68  0.0
52.8  0.0
52.919999999999995  0.0
53.04  0.0
53.16  0.0
53.28  0.0
53.4  0.0
53.519999999999996  0.0
53.64  0.0
53.76  0.0
53.879999999999995  0.0
54.0  0.0
54.12  0.0
54.239999999999995  0.0
54.36  0.0
54.48  0.0
54.6  0.0
54.72  0.0
54.839999999999996  0.0
54.96  0.0
55.08  0.0
55.199999999999996  0.0
55.32  0.0
55.44  0.0
55.559999999999995  0.0
55.68  0.0
55.8  0.0
55.919999999999995  0.0
56.04  0.0
56.16  0.0
56.28  0.0
56.4  0.0
56.519999999999996  0.0
56.64  0.0
56.76  0.0
56.879999999999995  0.0
57.0  0.0
57.12  0.0
57.239999999999995  0.0
57.36  0.0
57.48  0.0
57.599999999999994  0.0
57.72  0.0
57.839999999999996  0.0
57.96  0.0
58.08  0.0
58.199999999999996  0.0
58.32  0.0
58.44  0.0
58.559999999999995  0.0
58.68  0.0
58.8  0.0
58.919999999999995  0.0
59.04  0.0
59.16  0.0
59.28  0.0
59.4  0.0
59.519999999999996  0.0
59.64  0.0
59.76  0.0
59.879999999999995  0.0
60.0  0.0
60.12  0.14038288692206136
60.239999999999995  0.3384622132565208
60.36  0.5368758092145709
60.48  0.7352657936666952
60.599999999999994  0.9332748676085352
60.72  1.1305469513806174
60.839999999999996  1.3267278191073046
60.96  1.5214657291938725
61.08  1.7144120497275848
61.199999999999996  1.9052218776392555
61.32  2.093554650492914
61.44  2.2790747497854547
61.559999999999995  2.461452094654401
61.68  2.6403627249098487
61.8  2.8154893723271512
61.919999999999995  2.986522019159257
62.04  3.1531584428515336
62.16  3.3151047459684375
62.28  3.472075870369596
62.4  3.6237960947020222
62.519999999999996  3.769999514307923
62.64  3.910430502680032
62.76  4.044844153631759
62.879999999999995  4.173006703386305
63.0  4.2946959318263564
63.12  4.409701542186035
63.239999999999995  4.517825518507406
63.36  4.618882460226018
63.48  4.712699893293259
63.599999999999994  4.799118557287814
63.72  4.877992668013919
63.839999999999996  4.949190155130437
63.96  5.012592874402257
64.08  5.068096794213112
64.2  5.115612156027888
64.32  5.155063608541581
64.44  5.186390315301702
64.56  5.209546035640947
64.67999999999999  5.224499178807455
64.8  5.23123283123018
64.92  5.229744756907781
65.03999999999999  5.220047370959669
65.16  5.202167686428735
65.28  5.17614723447488
65.39999999999999  5.142041958149073
65.52  5.099922079986625
65.64  5.049871943707651
65.75999999999999  4.991989830361023
65.88  4.92638774929582
66.0  4.8531912043912016
66.12  4.772538936021739
66.24  4.68458263928032
66.36  4.5894866590245424
66.48  4.487427662356083
66.6  4.3785942891833205
66.72  4.263186781558502
66.84  4.141416592519838
66.96  4.0135059752058915
67.08  3.879687553046261
67.2  3.7402038718668815
67.32  3.5953069347807682
67.44  3.445257720766698
67.56  3.2903256878670337
67.67999999999999  3.1307882619640712
67.8  2.9669303121190214
67.92  2.7990436134824987
68.03999999999999  2.6274262988062915
68.16  2.4523822996059472
68.28  2.2742207780422277
68.39999999999999  2.09325555060376
68.52  1.9098045046876444
68.64  1.7241890091860843
68.75999999999999  1.5367333201956956
68.88  1.3477639829734829
69.0  1.15760923126911
69.12  0.9665983851641506
69.24  0.7750612485509265
69.36  0.5833275073813269
69.48  0.39172612981201627
69.6  0.20058476936658454
69.72  0.010229172226954297
69.84  0.0
69.96  0.0
70.08  0.0
70.2  0.0
70.32  0.0
70.44  0.0
70.56  0.0
70.67999999999999  0.0
70.8  0.0
70.92  0.0
71.03999999999999  0.0
71.16  0.0
71.28  0.0
71.39999999999999  0.0
71.52  0.0
71.64  0.0
71.75999999999999  0.0
71.88  0.0
72.0  0.0
72.11999999999999  0.0
72.24  0.0
72.36  0.0
72.48  0.0
72.6  0.0
72.72  0.0
72.84  0.0
72.96  0.0
73.08  0.0
73.2  0.0
73.32  0.0
73.44  0.0
73.56  0.0
73.67999999999999  0.0
73.8  0.0
73.92  0.0
74.03999999999999  0.0
74.16  0.0
74.28  0.0
74.39999999999999  0.0
74.52  0.0
74.64  0.0
74.75999999999999  0.0
74.88  0.0
75.0  0.0
75.11999999999999  0.0
75.24  0.0
75.36  0.0
75.48  0.0
75.6  0.0
75.72  0.0
75.84  0.0
75.96  0.0
76.08  0.0
76.2  0.0
76.32  0.0
76.44  0.0
76.56  0.0
76.67999999999999  0.0
76.8  0.0
76.92  0.0
77.03999999999999  0.0
77.16  0.0
77.28  0.0
77.39999999999999  0.0
77.52  0.0
77.64  0.0
77.75999999999999  0.0
77.88  0.0
78.0  0.0
78.11999999999999  0.0
78.24  0.0
78.36  0.0
78.48  0.0
78.6  0.0
78.72  0.0
78.84  0.10230883816719372
78.96  0.24910742896257765
79.08  0.39427012882884416
79.2  0.5375401971441229
79.32  0.6786659956747669
79.44  0.8174014318625988
79.56  0.9535063892549116
79.67999999999999  1.086747144307436
79.8  1.2168967688210377
79.92  1.3437355173040748
80.03999999999999  1.4670511985850985
80.16  1.5866395310352799
80.28  1.7023044807938228
80.39999999999999  1.8138585824273157
80.52  1.9211232414901165
80.64  2.0239290184912218
80.75999999999999  2.122115893812488
80.88  2.2155335131623146
81.0  2.304041413189138
81.11999999999999  2.3875092269207157
81.24  2.465816868736062
81.36  2.5388546986186338
81.48  2.606523665482447
81.6  2.6687354294040073
81.72  2.7254124626366347
81.84  2.7764881293256636
81.96  2.821906743885917
82.08  2.8616236080455435
82.2  2.895605026602123
82.32  2.923828301979584
82.44  2.9462817077157886
82.56  2.9629644410518328
82.67999999999999  2.9738865548351505
82.8  2.979068868988314
82.92  2.978542861834816
83.03999999999999  2.9723505416119913
83.16  2.960544298538754
83.28  2.943186737842949
83.39999999999999  2.9203504941887126
83.52  2.8921180279793104
83.64  2.858581404044574
83.75999999999999  2.819842053254326
83.88  2.776010517630762
84.0  2.727206179562622
84.11999999999999  2.6735569757521866
84.24  2.615199096553874
84.36  2.55227667138851
84.47999999999999  2.4849414409415367
84.6  2.4133524168760716
84.72  2.337675529812863
84.84  2.258083266348297
84.96  2.174754295899372
85.08  2.0878730881808307
85.2  1.9976295221333777
85.32  1.90421848713491
85.44  1.8078394773370317
85.56  1.7086961799786182
85.67999999999999  1.606996058534551
85.8  1.5029499315641226
85.92  1.3967715481261762
86.03999999999999  1.2886771606306542
86.16  1.178885095995494
86.28  1.0676153259766705
86.39999999999999  0.9550890375348956
86.52  0.8415282040975722
86.64  0.7271551585675219
86.75999999999999  0.6121921689206241
86.88  0.4968610172246759
87.0  0.38138258289922333
87.11999999999999  0.26597643102206603
87.24  0.15086040647331167
87.36  0.03625023469026445
87.47999999999999  0.0
87.6  0.0
87.72  0.0
87.84  0.0
87.96  0.0
88.08  0.0
88.2  0.0
88.32  0.0
88.44  0.0
88.56  0.0
88.67999999999999  0.0
88.8  0.0
88.92  0.0
89.03999999999999  0.0
89.16  0.0
89.28  0.0
89.39999999999999  0.0
89.52  0.0
89.64  0.0
89.75999999999999  0.0
89.88  0.0
90.0  0.0
90.11999999999999  0.0
90.24  0.0
90.36  0.0
90.47999999999999  0.0
90.6  0.0
90.72  0.0
90.84  0.0
90.96  0.0
91.08  0.0
91.2  0.0
91.32  0.0
91.44  0.0
91.56  0.0
91.67999999999999  0.0
91.8  0.0
91.92  0.0
92.03999999999999  0.0
92.16  0.0
92.28  0.0
92.39999999999999  0.0
92.52  0.0
92.64  0.0
92.75999999999999  0.0
92.88  0.0
93.0  0.0
93.11999999999999  0.0
93.24  0.0
93.36  0.0
93.47999999999999  0.0
93.6  0.0
93.72  0.0
93.84  0.0
93.96  0.0
94.08  0.0
94.2  0.0
94.32  0.0
94.44  0.0
94.56  0.0
94.67999999999999  0.0
94.8  0.0
94.92  0.0
95.03999999999999  0.0
95.16  0.0
95.28  0.0
95.39999999999999  0.0
95.52  0.0
95.64  0.0
95.75999999999999  0.0
95.88  0.0
96.0  0.059927611623862065
96.11999999999999  0.1596941243631158
96.24  0.25949869004040016
96.36  0.3592067216670518
96.47999999999999  0.4586863700096271
96.6  0.5578087451934637
96.72  0.656448128363978
96.84  0.7544821730272666
96.96  0.8517920957180429
97.08  0.9482628556707418
97.2  1.0437833231978249
97.32  1.138246436508168
97.44  1.231549346727143
97.56  1.3235935509101302
97.67999999999999  1.414285012870438
97.8  1.5035342716732643
97.92  1.5912565376771068
98.03999999999999  1.6773717760345557
98.16  1.7618047775951164
98.28  1.8444852171822876
98.39999999999999  1.9253476992482021
98.52  2.0043317909387177
98.64  2.081382042631556
98.75999999999999  2.156447996039994
98.88  2.2294841800036203
99.0  2.3004500941156985
99.11999999999999  2.369310180366134
99.24  2.4360337830051826
99.36  2.500595096861127
99.47999999999999  2.562973104370738
99.6  2.6231515016071243
99.72  2.6811186136141134
99.84  2.7368672993804415
99.96  2.790394846809295
100.08  2.841702858061714
100.2  2.8907971256719436
100.32  2.9376874998542633
100.44  2.9823877474381315
100.56  3.0249154028870135
100.67999999999999  3.0652916118724884
100.8  3.103540967890453
100.92  3.1396913424198227
101.03999999999999  3.1737737091380036
101.16  3.2058219627171285
101.28  3.2358727327367585
101.39999999999999  3.263965193256647
101.52  3.29014086860036
101.64  3.3144434359075006
101.75999999999999  3.3369185250159092
101.88  3.357613516239115
102.0  3.376577336605914
102.11999999999999  3.3938602551294297
102.24  3.4095136776722237
102.36  3.423589941971436
102.47999999999999  3.436142113384675
102.6  3.4472237819119265
102.72  3.4568888610424278
102.83999999999999  3.465191388968147
102.96  3.4721853326958554
103.08  3.47792439557985
103.2  3.482461828785894
103.32  3.4858502471838655
103.44  3.4881414501526358
103.56  3.489386247766163
103.67999999999999  3.4896342928124184
103.8  3.488933919080678
103.92  3.4873319863334284
104.03999999999999  3.484873732360123
104.16  3.481602632489959
104.28  3.477560266919223
104.39999999999999  3.472786196187126
104.52  3.4673178451110838
104.64  3.4611903954688854
104.75999999999999  3.454436687691069
104.88  3.4470871318020615
105.0  3.439169627823129
105.11999999999999  3.4307094958246154
105.24  3.4217294157884393
105.36  3.4122493774154368
105.47999999999999  3.402286639985003
105.6  3.3918557023475806
105.72  3.3809682831030505
105.83999999999999  3.3696333109907455
105.96  3.357856925489412
106.08  3.3456424875979804
106.2  3.3329906007406898
106.32  3.319899141713007
106.44  3.3063633015579206
106.56  3.292375636235323
106.67999999999999  3.277926126921369
106.8  3.263002249748416
106.92  3.247589054770917
107.03999999999999  3.231669253918306
107.16  3.215223317670672
107.28  3.1982295801707226
107.39999999999999  3.1806643524616893
107.52  3.162502043519341
107.64  3.143715288724958
107.75999999999999  3.1242750854056913
107.88  3.1041509350492165
108.0  3.083310991781679
108.11999999999999  3.061722216679813
108.24  3.0393505374722753
108.36  3.016161013169895
108.47999999999999  2.992118003150364
108.6  2.9671853402098387
108.72  2.9413265070828016
108.83999999999999  2.9145048159202807
108.96  2.886683590207825
109.08  2.8578263485967943
109.2  2.827896990115412
109.32  2.7968599802213143
109.44  2.764680537153048
109.56  2.7313248180356737
109.67999999999999  2.6967601041939666
109.8  2.66095498512741
109.92  2.6238795406023847
110.03999999999999  2.5855055203195447
110.16  2.545806520619765
110.28  2.5047581576958615
110.39999999999999  2.462338236785864
110.52  2.4185269168314147
110.64  2.3733068700934243
110.75999999999999  2.3266634362300547
110.88  2.2785847703521673
111.0  2.229061984585965
111.11999999999999  2.1780892826873064
111.24  2.1256640872667902
111.36  2.0717871592031796
111.47999999999999  2.016462708839355
111.6  1.9596984985752486
111.72  1.9015059364916793
111.83999999999999  1.841900160660412
111.96  1.7809001138174256
112.08  1.718528608100324
112.2  1.654812379573136
112.32  1.5897821322876484
112.44  1.5234725716547433
112.56  1.4559224269260178
112.67999999999999  1.3871744626113285
112.8  1.3172754786862768
112.92  1.2462762994704066
113.03999999999999  1.1742317510849873
113.16  1.1012006274277129
113.28  1.0272456446305402
113.39999999999999  0.9524333839948824
113.52  0.8768342234283729
113.64  0.8005222574358679
113.75999999999999  0.7235752057466304
113.88  0.6460743106885992
114.0  0.5681042234498342
114.11999999999999  0.4897528793956012
114.24  0.41111136263820747
114.36  0.3322737600851188
114.47999999999999  0.25333700521798497
114.6  0.17440071188337114
114.72  0.09556699840191052
114.83999999999999  0.016940302329519374
114.96  0.0
115.08  0.0
115.19999999999999  0.0
115.32  0.0
115.44  0.0
115.56  0.0
115.67999999999999  0.0
115.8  0.0
115.92  0.0
116.03999999999999  0.0
116.16  0.0
116.28  0.0
116.39999999999999  0.0
116.52  0.0
116.64  0.0
116.75999999999999  0.0
116.88  0.0
117.0  0.0
117.11999999999999  0.0
117.24  0.0
117.36  0.0
117.47999999999999  0.0
117.6  0.0
117.72  0.0
117.83999999999999  0.0
117.96  0.0
118.08  0.0
118.19999999999999  0.0
118.32  0.0
118.44  0.0
118.56  0.0
118.67999999999999  0.0
118.8  0.0
118.92  0.0
119.03999999999999  0.0
119.16  0.0
119.28  0.0
119.39999999999999  0.0
119.52  0.0
119.64  0.0
119.75999999999999  0.0
119.88  0.0
120.0  0.0
