0.0  38.42549418816392
1.68  35.97282462561917
3.36  28.930964947906773
5.04  29.54334741025077
6.72  36.7452442936757
8.4  38.01497231607916
10.08  31.144900292469046
11.76  28.07977936234907
13.44  0.8154934985427802
15.12  5.466671277257173
16.8  0.6131411367674271
18.48  0.0
20.16  0.0
21.84  4.783791019656361
23.52  3.2500744341944783
25.2  0.0
26.88  0.0
28.56  2.8163654641428564
30.24  5.014296566949744
31.919999999999998  0.0
33.6  0.0
35.28  0.09268843374193225
36.96  5.432077968713854
38.64  1.3269057460097584
40.32  0.0
42.0  0.0
43.68  4.391235826110085
45.36  3.8034626276084547
47.04  0.0
48.72  0.0
50.4  2.171257448399465
52.08  5.258712346330254
53.76  0.0
55.44  0.0
57.12  0.0
58.8  5.301890720422306
60.48  2.0173194113470423
62.16  0.0
63.839999999999996  0.0
65.52  3.9214034772285604
67.2  4.2899173235004024
68.88  0.0
70.56  0.0
72.24  1.4879395514843314
73.92  5.410585081578544
75.6  0.0
77.28  0.0
78.96  0.0
80.64  5.078400573129891
82.32  2.6722322036533575
84.0  0.0
85.67999999999999  0.0
87.36  3.3825621027237753
89.03999999999999  4.700877871386883
90.72  0.0
92.39999999999999  0.0
94.08  0.7784368308879819
95.75999999999999  5.467242109823002
97.44  0.6503469831697739
99.11999999999999  0.0
100.8  0.0
102.47999999999999  4.765540515979554
104.16  3.2801189396805865
105.83999999999999  0.0
107.52  0.0
109.2  2.784194256083479
110.88  5.029112170020415
112.56  0.0
114.24  0.0
115.92  0.05523514574463917
117.6  5.427686378264389
119.28  1.3632113560322838
120.96  0.0
122.64  0.0
124.32  4.368816273599168
126.0  3.830282002724327
127.67999999999999  0.0
129.35999999999999  0.0
131.04  2.1368300401906954
132.72  5.2688439382158645
134.4  0.0
136.07999999999998  0.0
137.76  0.0
139.44  5.292613990353561
141.12  2.0520858773162267
142.79999999999998  0.0
144.48  0.0
146.16  3.895209416124781
147.84  4.313039599738994
149.51999999999998  0.0
151.2  0.0
152.88  1.4518617981239335
154.56  5.415854366093039
156.23999999999998  0.0
157.92  0.0
159.6  0.0
161.28  5.064401955733228
162.96  2.704847703818506
164.64  0.0
166.32  0.0
168.0  3.353054497231425
