0.0  0.8734992985069256  100.0
0.12  0.8850134422421301
0.24  0.8948290222269888
0.36  0.9029315912973871
0.48  0.9093102444645409
0.6  0.9139576323697269
0.72  0.9168699668822562
0.84  0.9180470188458388
0.96  0.917492107996772
1.08  0.9152120850955656
1.2  0.9112173063316931
1.3199999999999998  0.9055216000790292
1.44  0.8981422260972199
1.56  0.889099827291632
1.68  0.8784183741616431
1.7999999999999998  0.8661251020838041
1.92  0.8522504415927844
2.04  0.8368279418389846
2.16  0.8198941874171954
2.28  0.8014887087756983
2.4  0.7816538864296734
2.52  0.7604348492166968
2.6399999999999997  0.7378793668454112
2.76  0.7140377370011448
2.88  0.6889626672842628
3.0  0.6627091522683793
3.12  0.6353343459761635
3.2399999999999998  0.6068974300803639
3.36  0.5774594781467848
3.48  0.5470833162442861
3.5999999999999996  0.5158333802544154
3.7199999999999998  0.48377557021999223
3.84  0.45097710207785524
3.96  0.417506357126017
4.08  0.38343272957966074
4.2  0.348826472573729
4.32  0.31375854297230854
4.4399999999999995  0.2783004453465912
4.56  0.24252407548389002
4.68  0.2065015637900181
4.8  0.17030511894628791
4.92  0.13400687218047178
5.04  0.09767872250828977
5.16  0.06139218329835977
5.279999999999999  0.025218230509069017
5.3999999999999995  0.0
5.52  0.0
5.64  0.0
5.76  0.0
5.88  0.0
6.0  0.0
6.12  0.0
6.24  0.0
6.359999999999999  0.0
6.4799999999999995  0.0
6.6  0.0
6.72  0.0
6.84  0.0
6.96  0.0
7.08  0.0
7.199999999999999  0.0
7.319999999999999  0.0
7.4399999999999995  0.0
7.56  0.0
7.68  0.0
7.8  0.0
7.92  0.0
8.04  0.0
8.16  0.0
8.28  0.0
8.4  0.0
8.52  0.0
8.64  0.0
8.76  0.0
8.879999999999999  0.0
9.0  0.0
9.12  0.0
9.24  0.0
9.36  0.0
9.48  0.0
9.6  0.0
9.719999999999999  0.0
9.84  0.0
9.959999999999999  0.0
10.08  0.0
10.2  0.0
10.32  0.0
10.44  0.0
10.559999999999999  0.0
10.68  0.0
10.799999999999999  0.0
10.92  0.0
11.04  0.0
11.16  0.0
11.28  0.0
11.4  0.0
11.52  0.0
11.639999999999999  0.0
11.76  0.0
11.879999999999999  0.0
12.0  0.0
12.12  0.0
12.24  0.0
12.36  0.0
12.48  0.0
12.6  0.0
12.719999999999999  0.0
12.84  0.0
12.959999999999999  0.0
13.08  0.0
13.2  0.0
13.32  0.0
13.44  0.0
13.559999999999999  0.0
13.68  0.0
13.799999999999999  0.0
13.92  0.0
14.04  0.0
14.16  0.0
14.28  0.0
14.399999999999999  0.006113284152137022
14.52  0.029160771071591984
14.639999999999999  0.05177631548288425
14.76  0.07392275285509148
14.879999999999999  0.09556461921550241
15.0  0.11666821079530815
15.12  0.13720163846723774
15.24  0.15713487688248834
15.36  0.17643980822884997
15.479999999999999  0.1950902605466468
15.6  0.21306204055387504
15.719999999999999  0.23033296094678946
15.84  0.24688286215702024
15.959999999999999  0.26269362856113443
16.08  0.2777491991533266
16.2  0.29203557270655944
16.32  0.3055408074620095
16.439999999999998  0.3182550154009899
16.56  0.3301703511676435
16.68  0.3412809957245593
16.8  0.35158313483703535
16.919999999999998  0.3610749324949547
17.04  0.3697564993941324
17.16  0.37762985661146975
17.28  0.384698894620346
17.4  0.39096932780427146
17.52  0.39644864463796814
17.64  0.4011460537156579
17.759999999999998  0.405072425816428
17.88  0.4082402322060462
18.0  0.41066347938354936
18.12  0.41235764048922474
18.24  0.41333958359832523
18.36  0.41362749713187635
18.48  0.4132408126223375
18.599999999999998  0.4122001250775644
18.72  0.4105271111915422
18.84  0.4082444456546528
18.96  0.4053757158198472
19.08  0.40194533498395024
19.2  0.39797845454549624
19.32  0.3935008753018857
19.439999999999998  0.3885389581493687
19.56  0.3831195344493056
19.68  0.3772698163233824
19.8  0.3710173071389882
19.919999999999998  0.3643897124437314
20.04  0.3574148516051693
20.16  0.35012057040820044
20.279999999999998  0.34253465485828327
20.4  0.334684746433649
20.52  0.32659825902406747
20.64  0.31830229778743685
20.759999999999998  0.3098235801485805
20.88  0.3011883591571497
21.0  0.2924223494134507
21.119999999999997  0.2835506557623929
21.24  0.2745977049465964
21.36  0.2655871804000558
21.48  0.2565419603536016
21.599999999999998  0.24748405941284202
21.72  0.23843457375826593
21.84  0.22941363010581378
21.96  0.22044033855448902
22.08  0.2115327494355419
22.2  0.2027078142654175
22.32  0.19398135089208163
22.439999999999998  0.18536801291153937
22.56  0.17688126341838162
22.68  0.16853335314108625
22.8  0.16033530299955956
22.919999999999998  0.15229689110912786
23.04  0.1444266442418507
23.16  0.13673183374271403
23.279999999999998  0.12921847588498186
23.4  0.12189133663578255
23.52  0.11475394078993012
23.64  0.10780858541703858
23.759999999999998  0.10105635755425646
23.88  0.09449715606441222
24.0  0.0881297175671113
24.119999999999997  0.0819516463383409
24.24  0.07595944806250005
24.36  0.07014856730947294
24.48  0.06451342859845802
24.599999999999998  0.05904748089978473
24.72  0.05374324541589809
24.84  0.04859236647313517
24.96  0.043585665346836056
25.08  0.03871319683380081
25.2  0.03396430837809805
25.32  0.029327701548829688
25.439999999999998  0.024791495661577304
25.56  0.020343293329092543
25.68  0.015970247721138933
25.8  0.011659131308473632
25.919999999999998  0.00739640586164847
26.04  0.003168293471659832
26.16  0.0
26.279999999999998  0.0
26.4  0.0
26.52  0.0
26.64  0.0
26.759999999999998  0.0
26.88  0.0
27.0  0.0
27.119999999999997  0.0
27.24  0.0
27.36  0.0
27.48  0.0
27.599999999999998  0.0
27.72  0.0
27.84  0.0
27.959999999999997  0.0
28.08  0.0
28.2  0.0
28.32  0.0
28.439999999999998  0.0
28.56  0.0
28.68  0.0
28.799999999999997  0.0
28.919999999999998  0.0
29.04  0.0
29.16  0.0
29.279999999999998  0.0
29.4  0.0
29.52  0.0
29.64  0.0
29.759999999999998  0.0
29.88  0.0
30.0  0.0
30.119999999999997  0.0
30.24  0.0
30.36  0.0
30.48  0.0
30.599999999999998  0.0
30.72  0.0
30.84  0.0
30.959999999999997  0.0
31.08  0.0
31.2  0.0
31.32  0.0
31.439999999999998  0.0
31.56  0.0
31.68  0.0
31.799999999999997  0.0
31.919999999999998  0.0
32.04  0.0
32.16  0.0
32.28  0.0
32.4  0.0
32.519999999999996  0.0
32.64  0.0
32.76  0.0
32.879999999999995  0.0
33.0  0.0
33.12  0.0
33.24  0.0
33.36  0.0
33.48  0.0
33.6  0.0
33.72  0.0
33.839999999999996  0.0
33.96  0.0
34.08  0.0
34.199999999999996  0.0
34.32  0.0
34.44  0.0
34.56  0.0
34.68  0.0
34.8  0.0
34.92  0.0
35.04  0.0
35.16  0.0
35.28  0.0
35.4  0.0
35.519999999999996  0.0
35.64  0.0
35.76  0.0
35.879999999999995  0.0
36.0  0.0
36.12  0.0
36.24  0.0
36.36  0.0
36.48  0.0
36.6  0.0
36.72  0.0
36.839999999999996  0.0
36.96  0.0
37.08  0.0
37.199999999999996  0.0
37.32  0.0
37.44  0.0
37.559999999999995  0.0
37.68  0.0
37.8  0.0
37.92  0.0
38.04  0.008824316229512241
38.16  0.032346199041580426
38.28  0.05619549136586438
38.4  0.080329776822952
38.519999999999996  0.1047052746008808
38.64  0.12927692520612344
38.76  0.1539984804716255
38.879999999999995  0.1788225976283817
39.0  0.20370093723508587
39.12  0.2285842647489384
39.24  0.25342255550977844
39.36  0.27816510289921337
39.48  0.3027606294266751
39.6  0.32715740048497743
39.72  0.35130334050939166
39.839999999999996  0.3751461512662311
39.96  0.3986334319896228
40.08  0.42171280107852116
40.199999999999996  0.44433201906009434
40.32  0.4664391125204317
40.44  0.4879824986990386
40.559999999999995  0.5089111104399683
40.68  0.529174521189438
40.8  0.5487230697276801
40.92  0.5675079843214746
41.04  0.585481505983142
41.16  0.6025970105221704
41.28  0.618809129076584
41.4  0.6340738668130633
41.519999999999996  0.6483487194875264
41.64  0.6615927875612324
41.76  0.673766887571823
41.879999999999995  0.6848336604636919
42.0  0.6947576765878618
42.12  0.703505537088175
42.239999999999995  0.7110459713978683
42.36  0.7173499305786546
42.48  0.7223906762432286
42.6  0.7261438648115277
42.72  0.7285876268612335
42.839999999999996  0.7297026413437804
42.96  0.7294722044485081
43.08  0.72788229290965
43.199999999999996  0.7249216215633623
43.32  0.7205816949751574
43.44  0.7148568529716991
43.559999999999995  0.7077443099250076
43.68  0.699244187651689
43.8  0.6893595418047214
43.92  0.6780963816506451
44.04  0.6654636831406854
44.16  0.6514733952002281
44.28  0.6361404391773208
44.4  0.6194827014072543
44.519999999999996  0.6015210188668713
44.64  0.5822791579090019
44.76  0.5617837860842196
44.879999999999995  0.5400644370739791
45.0  0.5171534687761007
45.12  0.49308601460041107
45.239999999999995  0.4678999280490598
45.36  0.44163572067280366
45.48  0.41433649351093016
45.6  0.38604786213883713
45.72  0.3568178754633604
45.839999999999996  0.3266969284216472
45.96  0.29573766875487806
46.08  0.263994898043204
46.199999999999996  0.2315254672029115
46.32  0.19838816666114242
46.44  0.1646436114372182
46.559999999999995  0.1303541213728557
46.68  0.09558359676634179
46.8  0.060397389677823266
46.92  0.024862171184359183
47.04  0.0
47.16  0.0
47.28  0.0
47.4  0.0
47.519999999999996  0.0
47.64  0.0
47.76  0.0
47.879999999999995  0.0
48.0  0.0
48.12  0.0
48.239999999999995  0.0
48.36  0.0
48.48  0.0
48.6  0.0
48.72  0.0
48.839999999999996  0.0
48.96  0.0
49.08  0.0
49.199999999999996  0.0
49.32  0.0
49.44  0.0
49.559999999999995  0.0
49.68  0.0
49.8  0.0
49.92  0.0
50.04  0.0
50.16  0.0
50.28  0.0
50.4  0.0
50.519999999999996  0.0
50.64  0.0
50.76  0.0
50.879999999999995  0.0
51.0  0.0
51.12  0.0
51.239999999999995  0.0
51.36  0.0
51.48  0.0
51.6  0.0
51.72  0.0
51.839999999999996  0.0
51.96  0.0
52.08  0.0
52.199999999999996  0.0
52.32  0.0
52.44  0.0
52.559999999999995  0.0
52.68  0.0
52.8  0.0
52.919999999999995  0.0
53.04  0.0
53.16  0.0
53.28  0.0
53.4  0.0
53.519999999999996  0.0
53.64  0.0
53.76  0.0
53.879999999999995  0.0
54.0  0.0
54.12  0.0
54.239999999999995  0.0
54.36  0.0
54.48  0.0
54.6  0.0
54.72  0.0
54.839999999999996  0.0
54.96  0.0
55.08  0.0
55.199999999999996  0.0
55.32  0.0
55.44  0.0
55.559999999999995  0.0
55.68  0.0
55.8  0.00384819087957039
55.919999999999995  0.04464084974150313
56.04  0.0853666107885859
56.16  0.12594543265604347
56.28  0.1662975452777601
56.4  0.20634361895848702
56.519999999999996  0.24600493252289665
56.64  0.28520354016159766
56.76  0.32386243659721237
56.879999999999995  0.3619057201975219
57.0  0.39925875366738817
57.12  0.4358483219567423
57.239999999999995  0.47160278702852243
57.36  0.506452239137635
57.48  0.5403286442801882
57.599999999999994  0.573165987481286
57.72  0.6049004115992576
57.839999999999996  0.6354703513347846
57.96  0.6648166621446321
58.08  0.6928827437714915
58.199999999999996  0.7196146581142695
58.32  0.7449612411761911
58.44  0.7688742088421141
58.559999999999995  0.7913082562508813
58.68  0.8122211505434884
58.8  0.8315738167834101
58.919999999999995  0.8493304168614196
59.04  0.8654584212136218
59.16  0.8799286731982603
59.28  0.8927154459940394
59.4  0.9037964919001511
59.519999999999996  0.913153083935983
59.64  0.9207700496564188
59.76  0.9266357971168508
59.879999999999995  0.9307423329402802
60.0  0.9330852724572873
60.12  0.9336638419081073
60.239999999999995  0.9324808727144749
60.36  0.9295427878473181
60.48  0.9248595803347094
60.599999999999994  0.9184447839726675
60.72  0.9103154363194381
60.839999999999996  0.9004920340716818
60.96  0.8889984809385549
61.08  0.8758620281469164
61.199999999999996  0.8611132077278009
61.32  0.8447857587508347
61.44  0.826916546689363
61.559999999999995  0.8075454761147102
61.68  0.7867153969331517
61.8  0.7644720043937698
61.919999999999995  0.7408637331094278
62.04  0.7159416453465451
62.16  0.6897593138521672
62.28  0.66237269949894
62.4  0.6338400240401348
62.519999999999996  0.6042216382775216
62.64  0.5735798859549315
62.76  0.5419789636996113
62.879999999999995  0.5094847773418152
63.0  0.4761647949508195
63.12  0.442087896932336
63.239999999999995  0.40732422353819187
63.36  0.3719450201443781
63.48  0.336022480657791
63.599999999999994  0.29962958941529877
63.72  0.26283996194141157
63.839999999999996  0.22572768493236683
63.96  0.18836715583515945
64.08  0.1508329223900579
64.2  0.11319952250385751
64.32  0.07554132481954323
64.44  0.037932370344919863
64.56  0.00044621549942958083
64.67999999999999  0.0
64.8  0.0
64.92  0.0
65.03999999999999  0.0
65.16  0.0
65.28  0.0
65.39999999999999  0.0
65.52  0.0
65.64  0.0
65.75999999999999  0.0
65.88  0.0
66.0  0.0
66.12  0.0
66.24  0.0
66.36  0.0
66.48  0.0
66.6  0.0
66.72  0.0
66.84  0.0
66.96  0.0
67.08  0.0
67.2  0.0
67.32  0.0
67.44  0.0
67.56  0.0
67.67999999999999  0.0
67.8  0.0
67.92  0.0
68.03999999999999  0.0
68.16  0.0
68.28  0.0
68.39999999999999  0.0
68.52  0.0
68.64  0.0
68.75999999999999  0.0
68.88  0.0
69.0  0.0
69.12  0.0
69.24  0.0
69.36  0.0
69.48  0.0
69.6  0.0
69.72  0.0
69.84  0.0
69.96  0.0
70.08  0.0
70.2  0.0
70.32  0.0
70.44  0.0
70.56  0.0
70.67999999999999  0.0
70.8  0.0
70.92  0.0
71.03999999999999  0.0
71.16  0.0
71.28  0.0
71.39999999999999  0.0
71.52  0.0
71.64  0.0
71.75999999999999  0.0
71.88  0.0
72.0  0.0
72.11999999999999  0.0
72.24  0.0
72.36  0.0
72.48  0.0
72.6  0.0
72.72  0.0
72.84  0.0
72.96  0.0
73.08  0.0
73.2  0.0
73.32  0.0
73.44  0.0
73.56  0.013928325578389245
73.67999999999999  0.03962503639690157
73.8  0.06488773094119626
73.92  0.08967301028085112
74.03999999999999  0.1139391600687065
74.16  0.1376462254779735
74.28  0.16075608098906713
74.39999999999999  0.18323249489512033
74.52  0.20504118840952326
74.64  0.22614988927348534
74.75999999999999  0.2465283797765308
74.88  0.26614853911777825
75.0  0.2849843800509701
75.11999999999999  0.30301207977144917
75.24  0.32021000501843494
75.36  0.33655873138116316
75.48  0.35204105681265263
75.6  0.36664200936985697
75.72  0.38034884921396694
75.84  0.3931510649193339
75.96  0.40504036415412215
76.08  0.41601065881008226
76.2  0.42605804467287567
76.32  0.4351807757381795
76.44  0.44337923329213114
76.56  0.4506558898876812
76.67999999999999  0.457015268361065
76.8  0.4624638960446985
76.92  0.46701025434446874
77.03999999999999  0.47066472386060365
77.16  0.47343952524188515
77.28  0.47534865597303244
77.39999999999999  0.47640782330462367
77.52  0.4766343735437448
77.64  0.4760472179318088
77.75999999999999  0.474666755343629
77.88  0.47251479204873637
78.0  0.46961445878213304
78.11999999999999  0.4659901253773676
78.24  0.46166731321951454
78.36  0.45667260577983715
78.48  0.4510335574973477
78.6  0.4447786012750861
78.72  0.4379369548608971
78.84  0.43053852638365364
78.96  0.422613819316369
79.08  0.4141938371373056
79.2  0.4053099879591404
79.32  0.3959939893945595
79.44  0.3862777739240979
79.56  0.37619339502886884
79.67999999999999  0.3657729343469316
79.8  0.3550484101074357
79.92  0.34405168709140943
80.03999999999999  0.3328143883621444
80.16  0.32136780900152334
80.28  0.3097428320815044
80.39999999999999  0.2979698470920781
80.52  0.286078671038752
80.64  0.2740984724136385
80.75999999999999  0.26205769823473124
80.88  0.24998400433809176
81.0  0.23790418909719213
81.11999999999999  0.22584413073277437
81.24  0.2138287283653763
81.36  0.20188184695099165
81.48  0.19002626622830476
81.6  0.17828363379369905
81.72  0.16667442240759522
81.84  0.1552178916228975
81.96  0.14393205381324692
82.08  0.13283364466562503
82.2  0.12193809818850387
82.32  0.11125952627329383
82.44  0.10081070283337745
82.56  0.09060305253151058
82.67999999999999  0.08064664409286271
82.8  0.07095018818754623
82.92  0.06152103985314672
83.03999999999999  0.05236520541451739
83.16  0.043487353845087284
83.28  0.034890832501038804
83.39999999999999  0.026577687147105566
83.52  0.018548686180394847
83.64  0.01080334894659657
83.75999999999999  0.0033399780311578753
83.88  0.0
84.0  0.0
84.11999999999999  0.0
84.24  0.0
84.36  0.0
84.47999999999999  0.0
84.6  0.0
84.72  0.0
84.84  0.0
84.96  0.0
85.08  0.0
85.2  0.0
85.32  0.0
85.44  0.0
85.56  0.0
85.67999999999999  0.0
85.8  0.0
85.92  0.0
86.03999999999999  0.0
86.16  0.0
86.28  0.0
86.39999999999999  0.0
86.52  0.0
86.64  0.0
86.75999999999999  0.0
86.88  0.0
87.0  0.0
87.11999999999999  0.0
87.24  0.0
87.36  0.0
87.47999999999999  0.0
87.6  0.0
87.72  0.0
87.84  0.0
87.96  0.0
88.08  0.0
88.2  0.0
88.32  0.0
88.44  0.0
88.56  0.0
88.67999999999999  0.0
88.8  0.0
88.92  0.0
89.03999999999999  0.0
89.16  0.0
89.28  0.0
89.39999999999999  0.0
89.52  0.0
89.64  0.0
89.75999999999999  0.0
89.88  0.0
90.0  0.0
90.11999999999999  0.0
90.24  0.0
90.36  0.0
90.47999999999999  0.0
90.6  0.0
90.72  0.0
90.84  0.0
90.96  0.0
91.08  0.0
91.2  0.0
91.32  0.0
91.44  0.0
91.56  0.0
91.67999999999999  0.0
91.8  0.0
91.92  0.0
92.03999999999999  0.0
92.16  0.0
92.28  0.0
92.39999999999999  0.0
92.52  0.0
92.64  0.0
92.75999999999999  0.0
92.88  0.0
93.0  0.0
93.11999999999999  0.0
93.24  0.0
93.36  0.0
93.47999999999999  0.0
93.6  0.0
93.72  0.0
93.84  0.0
93.96  0.0
94.08  0.0
94.2  0.0
94.32  0.0
94.44  0.0
94.56  0.0
94.67999999999999  0.0
94.8  0.0
94.92  0.0
95.03999999999999  0.0
95.16  0.0
95.28  0.0
95.39999999999999  0.0
95.52  0.0
95.64  0.0
95.75999999999999  0.0
95.88  0.0
96.0  0.0
96.11999999999999  0.0
96.24  0.0
96.36  0.0
96.47999999999999  0.0
96.6  0.0
96.72  0.0
96.84  0.0
96.96  0.0
97.08  0.0
97.2  0.019453708106620504
97.32  0.040209300215181765
97.44  0.06129435523174076
97.56  0.08267282397180176
97.67999999999999  0.10430723950706161
97.8  0.12615878781040818
97.92  0.148187382878827
98.03999999999999  0.17035174617728394
98.16  0.19260949023395363
98.28  0.21491720620489269
98.39999999999999  0.2372305552144387
98.52  0.25950436326617343
98.64  0.28169271950838143
98.75999999999999  0.3037490776275537
98.88  0.3256263601336021
99.0  0.34727706529116104
99.11999999999999  0.3686533764426946
99.24  0.3897072734610298
99.36  0.41039064606152953
99.47999999999999  0.43065540869738306
99.6  0.45045361675541873
99.72  0.4697375837644929
99.84  0.488459999323896
99.96  0.5065740474553175
100.08  0.5240335250787842
100.2  0.5407929603106134
100.32  0.5568077302798299
100.44  0.572034178158671
100.56  0.5864297291027832
100.67999999999999  0.5999530047974505
100.8  0.612563936307764
100.92  0.6242238749329612
101.03999999999999  0.6348957007682716
101.16  0.6445439286815325
101.28  0.6531348114164934
101.39999999999999  0.6606364395401412
101.52  0.6670188379576213
101.64  0.6722540587252128
101.75999999999999  0.6763162698994619
101.88  0.6791818401690057
102.0  0.6808294190245631
102.11999999999999  0.6812400122323949
102.24  0.6803970523868282
102.36  0.6782864643284336
102.47999999999999  0.6748967252260625
102.6  0.6702189191330725
102.72  0.6642467858407466
102.83999999999999  0.656976763865141
102.96  0.6484080274172683
103.08  0.6385425172206141
103.2  0.6273849650545341
103.32  0.6149429119170271
103.44  0.6012267197155057
103.56  0.5862495764098662
103.67999999999999  0.5700274945479
103.8  0.5525793031490527
103.92  0.5339266329088925
104.03999999999999  0.5140938947129086
104.16  0.4931082514646485
104.28  0.4709995832499708
104.39999999999999  0.44780044587538725
104.52  0.4235460228352187
104.64  0.39827407077875865
104.75999999999999  0.3720248585647349
104.88  0.3448411000067937
105.0  0.3167678804297411
105.11999999999999  0.28785257717178947
105.24  0.25814477418389703
105.36  0.22769617089229752
105.47999999999999  0.19656048550514774
105.6  0.16479335295880962
105.72  0.13245221771324664
105.83999999999999  0.09959622161952958
105.96  0.06628608709565884
106.08  0.03258399585939878
106.2  0.0
106.32  0.0
106.44  0.0
106.56  0.0
106.67999999999999  0.0
106.8  0.0
106.92  0.0
107.03999999999999  0.0
107.16  0.0
107.28  0.0
107.39999999999999  0.0
107.52  0.0
107.64  0.0
107.75999999999999  0.0
107.88  0.0
108.0  0.0
108.11999999999999  0.0
108.24  0.0
108.36  0.0
108.47999999999999  0.0
108.6  0.0
108.72  0.0
108.83999999999999  0.0
108.96  0.0
109.08  0.0
109.2  0.0
109.32  0.0
109.44  0.0
109.56  0.0
109.67999999999999  0.0
109.8  0.0
109.92  0.0
110.03999999999999  0.0
110.16  0.0
110.28  0.0
110.39999999999999  0.0
110.52  0.0
110.64  0.0
110.75999999999999  0.0
110.88  0.0
111.0  0.0
111.11999999999999  0.0
111.24  0.0
111.36  0.0
111.47999999999999  0.0
111.6  0.0
111.72  0.0
111.83999999999999  0.0
111.96  0.0
112.08  0.0
112.2  0.0
112.32  0.0
112.44  0.0
112.56  0.0
112.67999999999999  0.0
112.8  0.0
112.92  0.0
113.03999999999999  0.0
113.16  0.0
113.28  0.0
113.39999999999999  0.0
113.52  0.0
113.64  0.0
113.75999999999999  0.0
113.88  0.0
114.0  0.0
114.11999999999999  0.0
114.24  0.0
114.36  0.0
114.47999999999999  0.0
114.6  0.0
114.72  0.0
114.83999999999999  0.0
114.96  0.0
115.08  0.027853210210722276
115.19999999999999  0.06839284751756346
115.32  0.1088582918396632
115.44  0.1491698923974994
115.56  0.1892482088259488
115.67999999999999  0.2290141799237949
115.8  0.26838929175239734
115.92  0.3072957447026583
116.03999999999999  0.3456566191519686
116.16  0.38339603933542515
116.28  0.42043933505958153
116.39999999999999  0.4567132008920429
116.52  0.4921458524655121
116.64  0.5266671795414986
116.75999999999999  0.5602088954864642
116.88  0.5927046828210586
117.0  0.6240903345122017
117.11999999999999  0.6543038906876271
117.24  0.683285770462871
117.36  0.7109788985820074
117.47999999999999  0.7373288265854905
117.6  0.7622838482309916
117.72  0.7857951089064514
117.83999999999999  0.8078167087885836
117.96  0.8283057995144392
118.08  0.8472226741487419
118.19999999999999  0.8645308502453448
118.32  0.8801971458170659
118.44  0.8941917480447423
118.56  0.9064882745731959
118.67999999999999  0.9170638272589766
118.8  0.9258990382524028
118.92  0.9329781083141115
119.03999999999999  0.9382888372844778
119.16  0.9418226466424529
119.28  0.9435745941087268
119.39999999999999  0.9435433802666282
119.52  0.9417313471926735
119.64  0.9381444691072109
119.75999999999999  0.9327923350741021
119.88  0.9256881237967909
120.0  0.916848570576395
