0.0  0.9318807215448467  100.0
0.12  0.9379462810107327
0.24  0.942177049948195
0.36  0.9445729541387771
0.48  0.9451377751396696
0.6  0.9438791259414719
0.72  0.9408084180593961
0.84  0.9359408201621595
0.96  0.9292952083626742
1.08  0.9208941083141251
1.2  0.9107636292741672
1.3199999999999998  0.8989333903186159
1.44  0.8854364389042173
1.56  0.870309161997731
1.68  0.8535911900056545
1.7999999999999998  0.835325293755395
1.92  0.8155572747945243
2.04  0.7943358492898945
2.16  0.7717125258227993
2.28  0.7477414773900346
2.4  0.7224794079335697
2.52  0.6959854137335908
2.6399999999999997  0.6683208400108718
2.76  0.6395491330947563
2.88  0.6097356885224522
3.0  0.5789476954438495
3.12  0.547253977713637
3.2399999999999998  0.5147248320591061
3.36  0.48143186371766844
3.48  0.44744781994278165
3.5999999999999996  0.41284642178063946
3.7199999999999998  0.3777021945226633
3.84  0.3420902972405008
3.96  0.3060863518109057
4.08  0.2697662718375419
4.2  0.23320609187541846
4.32  0.1964817973613404
4.4399999999999995  0.15966915565044665
4.56  0.12284354855461987
4.68  0.08607980677331001
4.8  0.049452046601117905
4.92  0.013033509289364531
5.04  0.0
5.16  0.0
5.279999999999999  0.0
5.3999999999999995  0.0
5.52  0.0
5.64  0.0
5.76  0.0
5.88  0.0
6.0  0.0
6.12  0.0
6.24  0.0
6.359999999999999  0.0
6.4799999999999995  0.0
6.6  0.0
6.72  0.0
6.84  0.0
6.96  0.0
7.08  0.0
7.199999999999999  0.0
7.319999999999999  0.0
7.4399999999999995  0.0
7.56  0.0
7.68  0.0
7.8  0.0
7.92  0.0
8.04  0.0
8.16  0.0
8.28  0.0
8.4  0.0
8.52  0.0
8.64  0.0
8.76  0.0
8.879999999999999  0.0
9.0  0.0
9.12  0.0
9.24  0.0
9.36  0.0
9.48  0.0
9.6  0.0
9.719999999999999  0.0
9.84  0.0
9.959999999999999  0.0
10.08  0.0
10.2  0.0
10.32  0.0
10.44  0.0
10.559999999999999  0.0
10.68  0.0
10.799999999999999  0.0
10.92  0.0
11.04  0.0
11.16  0.0
11.28  0.0
11.4  0.0
11.52  0.0
11.639999999999999  0.0
11.76  0.0
11.879999999999999  0.0
12.0  0.0
12.12  0.0
12.24  0.0
12.36  0.0
12.48  0.0
12.6  0.0
12.719999999999999  0.0
12.84  0.0
12.959999999999999  0.0
13.08  0.0
13.2  0.0
13.32  0.0
13.44  0.0
13.559999999999999  0.0
13.68  0.0
13.799999999999999  0.0
13.92  0.005273769819248153
14.04  0.025716868128965342
14.16  0.04565827267330025
14.28  0.06506542685661726
14.399999999999999  0.08390776109445885
14.52  0.10215674302875133
14.639999999999999  0.11978592164288376
14.76  0.13677096520618898
14.879999999999999  0.15308969299441427
15.0  0.16872210074993926
15.12  0.1836503798626539
15.24  0.1978589302695823
15.36  0.21133436708841252
15.479999999999999  0.22406552101709643
15.6  0.23604343254848112
15.719999999999999  0.2472613400655917
15.84  0.25771466189954184
15.959999999999999  0.26740097244816086
16.08  0.27631997246919254
16.2  0.28447345367731225
16.32  0.29186525778920835
16.439999999999998  0.29850123017550334
16.56  0.3043891682923442
16.68  0.3095387650790279
16.8  0.31396154752098315
16.919999999999998  0.3176708105898245
17.04  0.32068154678394
17.16  0.3230103715041698
17.28  0.3246754445095691
17.4  0.32569638770794485
17.52  0.326094199544841
17.64  0.32589116626286563
17.759999999999998  0.3251107703107115
17.88  0.3237775961878573
18.0  0.3219172340168084
18.12  0.31955618113972134
18.24  0.3167217420404783
18.36  0.3134419268965841
18.48  0.30974534906777396
18.599999999999998  0.30566112182982885
18.72  0.30121875466288295
18.84  0.2964480494034075
18.96  0.2913789965681179
19.08  0.28604167215623777
19.2  0.28046613523393055
19.32  0.2746823266011912
19.439999999999998  0.2687199688372106
19.56  0.2626084680150847
19.68  0.25637681737080786
19.8  0.2500535032048147
19.919999999999998  0.24366641328684147
20.04  0.23724274802669282
20.16  0.23080893466457036
20.279999999999998  0.22439054472502595
20.4  0.21801221496831363
20.52  0.21169757206203144
20.64  0.20546916118442066
20.759999999999998  0.19934837875862665
20.88  0.19335540950461216
21.0  0.18750916798230366
21.119999999999997  0.18182724478597112
21.24  0.176325857535846
21.36  0.1710198067985983
21.48  0.1659224370535491
21.599999999999998  0.1610456028064629
21.72  0.15639963993745815
21.84  0.1519933423540481
21.96  0.1478339440046164
22.08  0.14392710629179795
22.2  0.14027691090929884
22.32  0.13688585810971188
22.439999999999998  0.13375487039490308
22.56  0.1308833016045967
22.68  0.1282689513629417
22.8  0.1259080848270938
22.919999999999998  0.12379545766631095
23.04  0.12192434618470005
23.16  0.12028658248567436
23.279999999999998  0.1188725945613961
23.4  0.11767145117601624
23.52  0.11667091139746799
23.64  0.11585747861890577
23.759999999999998  0.1152164588976955
23.88  0.11473202342713856
24.0  0.11438727494394985
24.119999999999997  0.1141643178628752
24.24  0.11404433191882252
24.36  0.1140076490864558
24.48  0.11403383353746493
24.599999999999998  0.11410176438664238
24.72  0.11418972096952429
24.84  0.11427547038671942
24.96  0.11433635704313987
25.08  0.11434939390423246
25.2  0.11429135518595482
25.32  0.11413887019072068
25.439999999999998  0.11386851799776346
25.56  0.11345692271352337
25.68  0.11288084898552772
25.8  0.11211729748204428
25.919999999999998  0.11114360003937515
26.04  0.10993751417910347
26.16  0.10847731669891342
26.279999999999998  0.10674189604275208
26.4  0.10471084315901999
26.52  0.10236454055935845
26.64  0.09968424929513062
26.759999999999998  0.09665219357420818
26.88  0.09325164274680853
27.0  0.08946699039618544
27.119999999999997  0.08528383027770589
27.24  0.08068902885831586
27.36  0.07567079421764564
27.48  0.0702187410818704
27.599999999999998  0.06432395177200134
27.72  0.05797903285951295
27.84  0.05117816733397673
27.959999999999997  0.043917162099785745
28.08  0.03619349063194688
28.2  0.02800633063437269
28.32  0.019356596558005812
28.439999999999998  0.0102469668504096
28.56  0.000681905823247897
28.68  0.0
28.799999999999997  0.0
28.919999999999998  0.0
29.04  0.0
29.16  0.0
29.279999999999998  0.0
29.4  0.0
29.52  0.0
29.64  0.0
29.759999999999998  0.0
29.88  0.0
30.0  0.0
30.119999999999997  0.0
30.24  0.0
30.36  0.0
30.48  0.0
30.599999999999998  0.0
30.72  0.0
30.84  0.0
30.959999999999997  0.0
31.08  0.0
31.2  0.0
31.32  0.0
31.439999999999998  0.0
31.56  0.0
31.68  0.0
31.799999999999997  0.0
31.919999999999998  0.0
32.04  0.0
32.16  0.0
32.28  0.0
32.4  0.0
32.519999999999996  0.0
32.64  0.0
32.76  0.0
32.879999999999995  0.0
33.0  0.0
33.12  0.0
33.24  0.0
33.36  0.0
33.48  0.0
33.6  0.0
33.72  0.0
33.839999999999996  0.0
33.96  0.0
34.08  0.0
34.199999999999996  0.0
34.32  0.0
34.44  0.0
34.56  0.0
34.68  0.0
34.8  0.0
34.92  0.0
35.04  0.0
35.16  0.0
35.28  0.0
35.4  0.0
35.519999999999996  0.0
35.64  0.0
35.76  0.0
35.879999999999995  0.0
36.0  0.0
36.12  0.0
36.24  0.0
36.36  0.0
36.48  0.0
36.6  0.0
36.72  0.0
36.839999999999996  0.0
36.96  0.0
37.08  0.0
37.199999999999996  0.0
37.32  0.0
37.44  0.0
37.559999999999995  0.0
37.68  0.0
37.8  0.0
37.92  0.0
38.04  0.0
38.16  0.022972651269656197
38.28  0.052950720657714945
38.4  0.08322213384839694
38.519999999999996  0.11372731565412636
38.64  0.144405431362718
38.76  0.1751945173441682
38.879999999999995  0.20603161556719674
39.0  0.23685291171598943
39.12  0.2675938765867984
39.24  0.29818941043407454
39.36  0.3285739899265012
39.48  0.3586818173650146
39.6  0.38844697180724624
39.72  0.41780356173623645
39.839999999999996  0.44668587890544625
39.96  0.47502855298724056
40.08  0.5027667066480775
40.199999999999996  0.5298361106706343
40.32  0.5561733387410565
40.44  0.5817159215183785
40.559999999999995  0.6064024996031194
40.68  0.6301729750227894
40.8  0.6529686608538856
40.92  0.6747324286027795
41.04  0.695408852971479
41.16  0.714944353639104
41.28  0.733287333695397
41.4  0.7503883143692089
41.519999999999996  0.7662000657024222
41.64  0.7806777328280465
41.76  0.7937789575206047
41.879999999999995  0.8054639946970029
42.0  0.8156958235570346
42.12  0.8244402530645223
42.239999999999995  0.8316660214826295
42.36  0.8373448896902184
42.48  0.8414517280202274
42.6  0.8439645963757654
42.72  0.844864817395063
42.839999999999996  0.8441370424524643
42.96  0.8417693102992407
43.08  0.8377530981652259
43.199999999999996  0.8320833651598939
43.32  0.8247585878296673
43.44  0.815780787746778
43.559999999999995  0.8051555510239029
43.68  0.7928920396680672
43.8  0.7790029947067967
43.92  0.7635047310392442
44.04  0.7464171239849646
44.16  0.7277635875230182
44.28  0.7075710442342648
44.4  0.6858698869798379
44.519999999999996  0.662693932368938
44.64  0.6380803660891733
44.76  0.6120696801926139
44.879999999999995  0.5847056024505002
45.0  0.5560350179091325
45.12  0.5261078827987657
45.239999999999995  0.4949771309662445
45.36  0.4626985730208454
45.48  0.42933078840088745
45.6  0.39493501058644376
45.72  0.3595750057007784
45.839999999999996  0.32331694475974093
45.96  0.2862292698445208
46.08  0.24838255448862542
46.199999999999996  0.20984935858469317
46.32  0.17070407813094027
46.44  0.13102279015033783
46.559999999999995  0.0908830931281552
46.68  0.050363943325356125
46.8  0.009545487336202169
46.92  0.0
47.04  0.0
47.16  0.0
47.28  0.0
47.4  0.0
47.519999999999996  0.0
47.64  0.0
47.76  0.0
47.879999999999995  0.0
48.0  0.0
48.12  0.0
48.239999999999995  0.0
48.36  0.0
48.48  0.0
48.6  0.0
48.72  0.0
48.839999999999996  0.0
48.96  0.0
49.08  0.0
49.199999999999996  0.0
49.32  0.0
49.44  0.0
49.559999999999995  0.0
49.68  0.0
49.8  0.0
49.92  0.0
50.04  0.0
50.16  0.0
50.28  0.0
50.4  0.0
50.519999999999996  0.0
50.64  0.0
50.76  0.0
50.879999999999995  0.0
51.0  0.0
51.12  0.0
51.239999999999995  0.0
51.36  0.0
51.48  0.0
51.6  0.0
51.72  0.0
51.839999999999996  0.0
51.96  0.0
52.08  0.0
52.199999999999996  0.0
52.32  0.0
52.44  0.0
52.559999999999995  0.0
52.68  0.0
52.8  0.0
52.919999999999995  0.0
53.04  0.0
53.16  0.0
53.28  0.0
53.4  0.0
53.519999999999996  0.0
53.64  0.0
53.76  0.0
53.879999999999995  0.0
54.0  0.0
54.12  0.0
54.239999999999995  0.0
54.36  0.0
54.48  0.0
54.6  0.0
54.72  0.0
54.839999999999996  0.0
54.96  0.0
55.08  0.0
55.199999999999996  0.0
55.32  0.0
55.44  0.0
55.559999999999995  0.02391485712585391
55.68  0.06780598596600085
55.8  0.11152088565078527
55.919999999999995  0.1549719265150748
56.04  0.19807212395607204
56.16  0.24073532581224025
56.28  0.2828763977034245
56.4  0.32441140590853745
56.519999999999996  0.3652577973634329
56.64  0.40533457636858405
56.76  0.4445624776042911
56.879999999999995  0.48286413506022074
57.0  0.5201642464960192
57.12  0.5563897330605889
57.239999999999995  0.591469893709508
57.36  0.625336554072567
57.48  0.6579242094368818
57.599999999999994  0.6891701615253589
57.72  0.7190146487651459
57.839999999999996  0.7474009697564941
57.96  0.7742755996688642
58.08  0.7995882993080031
58.199999999999996  0.8232922166155419
58.32  0.8453439803806142
58.44  0.8657037859618353
58.559999999999995  0.8843354728370632
58.68  0.9012065938179022
58.8  0.9162884757858447
58.919999999999995  0.9295562718272004
59.04  0.9409890046644347
59.16  0.9505696013022683
59.28  0.9582849188277932
59.4  0.9641257613248361
59.519999999999996  0.9680868878838782
59.64  0.970167011709907
59.76  0.9703687903516276
59.879999999999995  0.9686988070963803
60.0  0.9651675435959353
60.12  0.9597893438089318
60.239999999999995  0.9525823693660997
60.36  0.9435685464844675
60.48  0.9327735045765033
60.599999999999994  0.9202265067194664
60.72  0.9059603721691576
60.839999999999996  0.8900113911206817
60.96  0.8724192319367314
61.08  0.8532268410812318
61.199999999999996  0.8324803360129011
61.32  0.810228891309354
61.44  0.7865246183077506
61.559999999999995  0.7614224385626385
61.68  0.7349799514355515
61.8  0.7072572961439941
61.919999999999995  0.6783170086097403
62.04  0.6482238734577912
62.16  0.6170447715278912
62.28  0.5848485232700875
62.4  0.551705728404634
62.519999999999996  0.5176886022342025
62.64  0.48287080900322965
62.76  0.44732729270508415
62.879999999999995  0.4111341057424732
63.0  0.3743682358504647
63.12  0.3371074316943016
63.239999999999995  0.29943002755592385
63.36  0.2614147675240438
63.48  0.22314062960236847
63.599999999999994  0.18468665014926297
63.72  0.14613174906007415
63.839999999999996  0.10755455610000486
63.96  0.0690332387912014
64.08  0.030645332252689894
64.2  0.0
64.32  0.0
64.44  0.0
64.56  0.0
64.67999999999999  0.0
64.8  0.0
64.92  0.0
65.03999999999999  0.0
65.16  0.0
65.28  0.0
65.39999999999999  0.0
65.52  0.0
65.64  0.0
65.75999999999999  0.0
65.88  0.0
66.0  0.0
66.12  0.0
66.24  0.0
66.36  0.0
66.48  0.0
66.6  0.0
66.72  0.0
66.84  0.0
66.96  0.0
67.08  0.0
67.2  0.0
67.32  0.0
67.44  0.0
67.56  0.0
67.67999999999999  0.0
67.8  0.0
67.92  0.0
68.03999999999999  0.0
68.16  0.0
68.28  0.0
68.39999999999999  0.0
68.52  0.0
68.64  0.0
68.75999999999999  0.0
68.88  0.0
69.0  0.0
69.12  0.0
69.24  0.0
69.36  0.0
69.48  0.0
69.6  0.0
69.72  0.0
69.84  0.0
69.96  0.0
70.08  0.0
70.2  0.0
70.32  0.0
70.44  0.0
70.56  0.0
70.67999999999999  0.0
70.8  0.0
70.92  0.0
71.03999999999999  0.0
71.16  0.0
71.28  0.0
71.39999999999999  0.0
71.52  0.0
71.64  0.0
71.75999999999999  0.0
71.88  0.0
72.0  0.0
72.11999999999999  0.0
72.24  0.0
72.36  0.0
72.48  0.0
72.6  0.0
72.72  0.0
72.84  0.0
72.96  0.0
73.08  0.010895129261977221
73.2  0.034526656481044304
73.32  0.057656005319842274
73.44  0.08024313341181943
73.56  0.10224997227077204
73.67999999999999  0.12364049579898967
73.8  0.14438078273287475
73.92  0.16443907290977788
74.03999999999999  0.18378581725684986
74.16  0.20239372141987066
74.28  0.22023778296737284
74.39999999999999  0.23729532212286808
74.52  0.2535460059954363
74.64  0.2689718662964429
74.75999999999999  0.28355731054765554
74.88  0.29728912680334646
75.0  0.3101564819262278
75.11999999999999  0.32215091347414926
75.24  0.33326631527128314
75.36  0.34349891675410726
75.48  0.3528472561987768
75.6  0.3613121479523294
75.72  0.36889664380574116
75.84  0.37560598866186506
75.96  0.3814475706659445
76.08  0.3864308659804593
76.2  0.39056737839958916
76.32  0.39387057401160985
76.44  0.3963558111298343
76.56  0.39804026572442075
76.67999999999999  0.39894285259845697
76.8  0.3990841425620093
76.92  0.39848627586743124
77.03999999999999  0.39717287217812974
77.16  0.39516893735101855
77.28  0.39250076732017464
77.39999999999999  0.38919584937574336
77.52  0.3852827611377394
77.64  0.38079106752920805
77.75999999999999  0.37575121605722095
77.88  0.37019443071325553
78.0  0.36415260480670975
78.11999999999999  0.3576581930468094
78.24  0.3507441031885318
78.36  0.34344358755787097
78.48  0.3357901347705815
78.6  0.3278173619563918
78.72  0.3195589077977702
78.84  0.3110483266885298
78.96  0.3023189843129937
79.08  0.29340395494098076
79.2  0.28433592072762726
79.32  0.2751470733001346
79.44  0.2658690179056959
79.56  0.2565326803863852
79.67999999999999  0.24716821723759286
79.8  0.23780492899667355
79.92  0.22847117719792615
80.03999999999999  0.21919430511885624
80.16  0.21000056253086652
80.28  0.20091503465523775
80.39999999999999  0.19196157551230741
80.52  0.1831627458384949
80.64  0.17453975573195807
80.75999999999999  0.16611241217341954
80.88  0.15789907155416139
81.0  0.1499165973282081
81.11999999999999  0.14218032289047833
81.24  0.1347040197672404
81.36  0.12749987118949663
81.48  0.12057845110405224
81.6  0.11394870866107448
81.72  0.1076179582008745
81.84  0.10159187474656373
81.96  0.09587449499315814
82.08  0.09046822376767821
82.2  0.08537384591887437
82.32  0.08059054357943418
82.44  0.07611591872791207
82.56  0.07194602096227665
82.67999999999999  0.06807538038188443
82.8  0.06449704545987045
82.92  0.06120262577355701
83.03999999999999  0.05818233944641449
83.16  0.055425065141541274
83.28  0.052918398433425884
83.39999999999999  0.05064871237217983
83.52  0.048601222042318204
83.64  0.046760052906621025
83.75999999999999  0.04510831271466273
83.88  0.043628166745409785
84.0  0.04230091614351969
84.11999999999999  0.04110707910011971
84.24  0.04002647462059292
84.36  0.03903830861439342
84.47999999999999  0.03812126203516397
84.6  0.037253580793467925
84.72  0.03641316715928761
84.84  0.03557767236700632
84.96  0.03472459013207488
85.08  0.033831350785854225
85.2  0.03287541573311607
85.32  0.03183437193573114
85.44  0.03068602612582677
85.56  0.029408498452230467
85.67999999999999  0.027980315265587807
85.8  0.026380500749807495
85.92  0.024588667110538948
86.03999999999999  0.02258510303546077
86.16  0.020350860145819744
86.28  0.017867837164301154
86.39999999999999  0.015118861530583005
86.52  0.01208776820309973
86.64  0.008759475393400995
86.75999999999999  0.005120056988034194
86.88  0.0011568114222236803
87.0  0.0
87.11999999999999  0.0
87.24  0.0
87.36  0.0
87.47999999999999  0.0
87.6  0.0
87.72  0.0
87.84  0.0
87.96  0.0
88.08  0.0
88.2  0.0
88.32  0.0
88.44  0.0
88.56  0.0
88.67999999999999  0.0
88.8  0.0
88.92  0.0
89.03999999999999  0.0
89.16  0.0
89.28  0.0
89.39999999999999  0.0
89.52  0.0
89.64  0.0
89.75999999999999  0.0
89.88  0.0
90.0  0.0
90.11999999999999  0.0
90.24  0.0
90.36  0.0
90.47999999999999  0.0
90.6  0.0
90.72  0.0
90.84  0.0
90.96  0.0
91.08  0.0
91.2  0.0
91.32  0.0
91.44  0.0
91.56  0.0
91.67999999999999  0.0
91.8  0.0
91.92  0.0
92.03999999999999  0.0
92.16  0.0
92.28  0.0
92.39999999999999  0.0
92.52  0.0
92.64  0.0
92.75999999999999  0.0
92.88  0.0
93.0  0.0
93.11999999999999  0.0
93.24  0.0
93.36  0.0
93.47999999999999  0.0
93.6  0.0
93.72  0.0
93.84  0.0
93.96  0.0
94.08  0.0
94.2  0.0
94.32  0.0
94.44  0.0
94.56  0.0
94.67999999999999  0.0
94.8  0.0
94.92  0.0
95.03999999999999  0.0
95.16  0.0
95.28  0.0
95.39999999999999  0.0
95.52  0.0
95.64  0.0
95.75999999999999  0.0
95.88  0.0
96.0  0.0
96.11999999999999  0.0
96.24  0.0
96.36  0.0
96.47999999999999  0.0
96.6  0.0
96.72  0.0
96.84  0.0
96.96  0.0
97.08  0.0
97.2  0.0
97.32  0.016470348361769083
97.44  0.04360183008135704
97.56  0.07107225861417676
97.67999999999999  0.0988284888995209
97.8  0.12681595194381784
97.92  0.15497877049017056
98.03999999999999  0.1832598791022595
98.16  0.21160114838838878
98.28  0.23994351307921558
98.39999999999999  0.26822710366117725
98.52  0.29639138125675957
98.64  0.32437527543267175
98.75999999999999  0.3521173246077126
98.88  0.3795558187235867
99.0  0.4066289438342585
99.11999999999999  0.43327492826264685
99.24  0.45943218996748664
99.36  0.4850394847581427
99.47999999999999  0.5100360549910289
99.6  0.5343617783780477
99.72  0.5579573165351727
99.84  0.5807642628979589
99.96  0.6027252896303485
100.08  0.6237842931536921
100.2  0.6438865379244062
100.32  0.6629787980911385
100.44  0.6810094966657134
100.56  0.6979288418464766
100.67999999999999  0.7136889601379244
100.8  0.7282440259167273
100.92  0.7415503871013537
101.03999999999999  0.7535666865905053
101.16  0.7642539791444882
101.28  0.773575843393373
101.39999999999999  0.7814984886663593
101.52  0.7879908563482089
101.64  0.7930247154807448
101.75999999999999  0.7965747523403444
101.88  0.7986186537360841
102.0  0.799137183787445
102.11999999999999  0.7981142539556121
102.24  0.7955369861179638
102.36  0.7913957684915962
102.47999999999999  0.7856843042285117
102.6  0.7783996525223689
102.72  0.7695422620844166
102.83999999999999  0.7591159968644126
102.96  0.7471281539108728
103.08  0.7335894732838403
103.2  0.7185141399524992
103.32  0.7019197776294317
103.44  0.6838274345127346
103.56  0.664261560927096
103.67999999999999  0.6432499788746279
103.8  0.6208238435260769
103.92  0.5970175967029893
104.03999999999999  0.5718689124210733
104.16  0.5454186345846401
104.28  0.5177107069417431
104.39999999999999  0.48879209542858404
104.52  0.4587127030510799
104.64  0.4275252774702256
104.75999999999999  0.395285311476013
104.88  0.36205093655294507
105.0  0.3278828097577053
105.11999999999999  0.2928439941463413
105.24  0.2569998330051825
105.36  0.22041781815550113
105.47999999999999  0.18316745261720332
105.6  0.14532010793166247
105.72  0.10694887645774612
105.83999999999999  0.06812841896823657
105.96  0.02893480788649372
106.08  0.0
106.2  0.0
106.32  0.0
106.44  0.0
106.56  0.0
106.67999999999999  0.0
106.8  0.0
106.92  0.0
107.03999999999999  0.0
107.16  0.0
107.28  0.0
107.39999999999999  0.0
107.52  0.0
107.64  0.0
107.75999999999999  0.0
107.88  0.0
108.0  0.0
108.11999999999999  0.0
108.24  0.0
108.36  0.0
108.47999999999999  0.0
108.6  0.0
108.72  0.0
108.83999999999999  0.0
108.96  0.0
109.08  0.0
109.2  0.0
109.32  0.0
109.44  0.0
109.56  0.0
109.67999999999999  0.0
109.8  0.0
109.92  0.0
110.03999999999999  0.0
110.16  0.0
110.28  0.0
110.39999999999999  0.0
110.52  0.0
110.64  0.0
110.75999999999999  0.0
110.88  0.0
111.0  0.0
111.11999999999999  0.0
111.24  0.0
111.36  0.0
111.47999999999999  0.0
111.6  0.0
111.72  0.0
111.83999999999999  0.0
111.96  0.0
112.08  0.0
112.2  0.0
112.32  0.0
112.44  0.0
112.56  0.0
112.67999999999999  0.0
112.8  0.0
112.92  0.0
113.03999999999999  0.0
113.16  0.0
113.28  0.0
113.39999999999999  0.0
113.52  0.0
113.64  0.0
113.75999999999999  0.0
113.88  0.0
114.0  0.0
114.11999999999999  0.0
114.24  0.0
114.36  0.0
114.47999999999999  0.0
114.6  0.0
114.72  0.0
114.83999999999999  0.043610159704728556
114.96  0.0876185580586798
115.08  0.1314538917396748
115.19999999999999  0.17502810019849252
115.32  0.21825368155491745
115.44  0.2610438816020657
115.56  0.3033128811062238
115.67999999999999  0.34497598097287246
115.8  0.38594978485491294
115.92  0.4261523787848891
116.03999999999999  0.4655035074205571
116.16  0.5039247465008363
116.28  0.5413396711183123
116.39999999999999  0.5776740194247251
116.52  0.6128558513964262
116.64  0.6468157022986805
116.75999999999999  0.6794867305005593
116.88  0.7108048593053471
117.0  0.7407089124757973
117.11999999999999  0.7691407431486865
117.24  0.7960453558487273
117.36  0.8213710213283962
117.47999999999999  0.8450693839774106
117.6  0.8670955615631379
117.72  0.8874082370815344
117.83999999999999  0.905969742517026
117.96  0.9227461343288725
118.08  0.9377072605012547
118.19999999999999  0.9508268190143996
118.32  0.9620824076142975
118.44  0.9714555647792755
118.56  0.9789318018025133
118.67999999999999  0.9845006259305624
118.8  0.9881555545191429
118.92  0.9898941201886209
119.03999999999999  0.9897178669828512
119.16  0.9876323375562313
119.28  0.9836470514349267
119.39999999999999  0.9777754744191905
119.52  0.9700349792144707
119.64  0.9604467973995694
119.75999999999999  0.9490359628603218
119.88  0.9358312468372145
120.0  0.9208650847548712
