0.0  0.5928039266242185  100.0
0.12  0.5794262977887445
0.24  0.5651365574900002
0.36  0.5499822954807109
0.48  0.5340124600359639
0.6  0.5172772173709091
0.72  0.49982780921792924
0.84  0.48171640894937057
0.96  0.4629959766337481
1.08  0.4437201134141142
1.2  0.4239429155970637
1.3199999999999998  0.4037188288395779
1.44  0.38310250281865676
1.56  0.36214864676540737
1.68  0.34091188624099567
1.7999999999999998  0.3194466215266214
1.92  0.29780688799346966
2.04  0.27604621881143965
2.16  0.25421751034737544
2.28  0.23237289059455168
2.4  0.2105635909653204
2.52  0.18883982176813557
2.6399999999999997  0.16725065167866288
2.76  0.14584389150240623
2.88  0.12466598251323852
3.0  0.10376188963849076
3.12  0.08317499974683445
3.2399999999999998  0.06294702528014712
3.36  0.04311791345491289
3.48  0.02372576124252651
3.5999999999999996  0.004806736321180671
3.7199999999999998  0.0
3.84  0.0
3.96  0.0
4.08  0.0
4.2  0.0
4.32  0.0
4.4399999999999995  0.0
4.56  0.0
4.68  0.0
4.8  0.0
4.92  0.0
5.04  0.0
5.16  0.0
5.279999999999999  0.0
5.3999999999999995  0.0
5.52  0.0
5.64  0.0
5.76  0.0
5.88  0.0
6.0  0.0
6.12  0.0
6.24  0.0
6.359999999999999  0.0
6.4799999999999995  0.0
6.6  0.0
6.72  0.0
6.84  0.0
6.96  0.0
7.08  0.0
7.199999999999999  0.0
7.319999999999999  0.0
7.4399999999999995  0.0
7.56  0.0
7.68  0.0
7.8  0.0
7.92  0.0
8.04  0.0
8.16  0.0
8.28  0.0
8.4  0.0
8.52  0.0
8.64  0.0
8.76  0.0
8.879999999999999  0.0
9.0  0.0
9.12  0.0
9.24  0.0
9.36  0.0
9.48  0.0
9.6  0.0
9.719999999999999  0.0
9.84  0.0
9.959999999999999  0.0
10.08  0.0
10.2  0.0
10.32  0.0
10.44  0.0
10.559999999999999  0.0
10.68  0.0
10.799999999999999  0.0
10.92  0.0
11.04  0.0
11.16  0.0
11.28  0.0
11.4  0.0
11.52  0.0
11.639999999999999  0.0
11.76  0.0
11.879999999999999  0.0
12.0  0.0
12.12  0.0
12.24  0.0
12.36  0.0
12.48  0.0
12.6  0.0
12.719999999999999  0.0
12.84  0.0
12.959999999999999  0.0
13.08  0.0
13.2  0.0
13.32  0.0
13.44  0.0
13.559999999999999  0.0
13.68  0.0
13.799999999999999  0.0
13.92  0.0
14.04  0.0
14.16  0.0
14.28  0.0
14.399999999999999  0.0
14.52  0.0
14.639999999999999  0.0
14.76  0.0
14.879999999999999  0.0
15.0  0.0
15.12  0.0
15.24  0.0
15.36  0.0
15.479999999999999  0.0
15.6  0.0
15.719999999999999  0.0
15.84  0.0
15.959999999999999  0.0
16.08  0.0
16.2  0.0
16.32  0.0
16.439999999999998  0.0
16.56  0.0
16.68  0.0
16.8  0.0
16.919999999999998  0.0
17.04  0.0
17.16  0.0
17.28  0.0
17.4  0.0
17.52  0.0
17.64  0.0
17.759999999999998  0.0
17.88  0.0
18.0  0.0
18.12  0.0
18.24  0.0
18.36  0.0
18.48  0.0
18.599999999999998  0.0
18.72  0.0
18.84  0.0
18.96  0.0
19.08  0.0
19.2  0.0
19.32  0.006805914845197658
19.439999999999998  0.023690284977106735
19.56  0.041056115002502724
19.68  0.058871977420203836
19.8  0.07710447038518642
19.919999999999998  0.09571828538740323
20.04  0.1146762810630918
20.16  0.13393956297366227
20.279999999999998  0.15346756917007154
20.4  0.1732181613438173
20.52  0.19314772134940889
20.64  0.21321125286742443
20.759999999999998  0.23336248796207248
20.88  0.25355399827259734
21.0  0.2737373105639438
21.119999999999997  0.293863026348869
21.24  0.3138809452811799
21.36  0.3337401920080051
21.48  0.353389346158099
21.599999999999998  0.372776575133015
21.72  0.39184976935873134
21.84  0.410556679646927
21.96  0.42884505630761194
22.08  0.4466627896482789
22.2  0.46395805148913016
22.32  0.48067943731930196
22.439999999999998  0.49677610871535266
22.56  0.5121979356406153
22.68  0.5268956382423695
22.8  0.5408209277631193
22.919999999999998  0.5539266461826526
23.04  0.5661669042089319
23.16  0.5774972172382539
23.279999999999998  0.5878746389085675
23.4  0.59725789187421
23.52  0.6056074954357726
23.64  0.6128858896652002
23.759999999999998  0.6190575556736116
23.88  0.6240891316776427
24.0  0.627949524529402
24.119999999999997  0.6306100163853027
24.24  0.6320443662001176
24.36  0.6322289057445278
24.48  0.6311426298572279
24.599999999999998  0.6287672806562266
24.72  0.6250874254483254
24.84  0.6200905280908651
24.96  0.6137670135755977
25.08  0.6061103256210117
25.2  0.5971169770764856
25.32  0.5867865929593252
25.439999999999998  0.5751219459638669
25.56  0.5621289843005564
25.68  0.54781685174197
25.8  0.5321978997722681
25.919999999999998  0.5152876917564156
26.04  0.49710499906561384
26.16  0.47767178911579267
26.279999999999998  0.4570132052965636
26.4  0.43515753878870933
26.52  0.41213619228913767
26.64  0.387983635682947
26.759999999999998  0.36273735372313837
26.88  0.3364377857991397
27.0  0.3091282578959584
27.119999999999997  0.28085490686613435
27.24  0.2516665971568369
27.36  0.22161483015434527
27.48  0.1907536463276606
27.599999999999998  0.15913952037213697
27.72  0.12683124957274644
27.84  0.09388983562476272
27.959999999999997  0.06037836016734993
28.08  0.026361854302586862
28.2  0.0
28.32  0.0
28.439999999999998  0.0
28.56  0.0
28.68  0.0
28.799999999999997  0.0
28.919999999999998  0.0
29.04  0.0
29.16  0.0
29.279999999999998  0.0
29.4  0.0
29.52  0.0
29.64  0.0
29.759999999999998  0.0
29.88  0.0
30.0  0.0
30.119999999999997  0.0
30.24  0.0
30.36  0.0
30.48  0.0
30.599999999999998  0.0
30.72  0.0
30.84  0.0
30.959999999999997  0.0
31.08  0.0
31.2  0.0
31.32  0.0
31.439999999999998  0.0
31.56  0.0
31.68  0.0
31.799999999999997  0.0
31.919999999999998  0.0
32.04  0.0
32.16  0.0
32.28  0.0
32.4  0.0
32.519999999999996  0.0
32.64  0.0
32.76  0.0
32.879999999999995  0.0
33.0  0.0
33.12  0.0
33.24  0.0
33.36  0.0
33.48  0.0
33.6  0.0
33.72  0.0
33.839999999999996  0.0
33.96  0.0
34.08  0.0
34.199999999999996  0.0
34.32  0.0
34.44  0.0
34.56  0.0
34.68  0.0
34.8  0.0
34.92  0.0
35.04  0.0
35.16  0.0
35.28  0.0
35.4  0.0
35.519999999999996  0.0
35.64  0.0
35.76  0.0
35.879999999999995  0.0
36.0  0.0
36.12  0.0
36.24  0.0
36.36  0.0
36.48  0.0
36.6  0.0
36.72  0.0
36.839999999999996  0.012510845073232968
36.96  0.05741157320794968
37.08  0.10235741369623585
37.199999999999996  0.14725630296670517
37.32  0.19201598034454204
37.44  0.23654419128519444
37.559999999999995  0.2807488911095004
37.68  0.32453844876535837
37.8  0.3678218501402247
37.92  0.4105089004489491
38.04  0.4525104252228115
38.16  0.4937384694282811
38.28  0.5341064942476281
38.4  0.5735295710584156
38.519999999999996  0.6119245721548573
38.64  0.6492103577610948
38.76  0.6853079588946497
38.879999999999995  0.7201407556475622
39.0  0.7536346504630365
39.12  0.7857182359967616
39.24  0.8163229571644737
39.36  0.8453832669905719
39.48  0.8728367758869904
39.6  0.8986243940066012
39.72  0.9226904663315731
39.839999999999996  0.9449829001739567
39.96  0.9654532847834681
40.08  0.9840570027758873
40.199999999999996  1.0007533331146288
40.32  1.0155055453978554
40.44  1.0282809852238999
40.559999999999995  1.03905115042879
40.68  1.0477917580111002
40.8  1.0544828015813457
40.92  1.0591085991954892
41.04  1.0616578314548022
41.16  1.062123569777365
41.28  1.0605032947696977
41.4  1.056798904650454
41.519999999999996  1.0510167137016428
41.64  1.043167440746473
41.76  1.0332661876765241
41.879999999999995  1.021332408074522
42.0  1.0073898660024856
42.12  0.9914665850482967
42.239999999999995  0.9735947877468241
42.36  0.9538108255145845
42.48  0.9321550992593406
42.6  0.9086719708481619
42.72  0.8834096656391244
42.839999999999996  0.8564201663029297
42.96  0.8277590981814087
43.08  0.7974856064497997
43.199999999999996  0.7656622253691059
43.32  0.732354739933496
43.44  0.6976320402356377
43.559999999999995  0.6615659688899955
43.68  0.6242311618704726
43.8  0.5857048831342154
43.92  0.5460668534179631
44.04  0.5053990736069658
44.16  0.46378564308911324
44.28  0.4213125735186082
44.4  0.3780675984241143
44.519999999999996  0.33413997910588056
44.64  0.28962030727485727
44.76  0.24460030489419457
44.879999999999995  0.1991726216897897
45.0  0.15343063080172092
45.12  0.10746822305241625
45.239999999999995  0.06137960031019973
45.36  0.015259068428664549
45.48  0.0
45.6  0.0
45.72  0.0
45.839999999999996  0.0
45.96  0.0
46.08  0.0
46.199999999999996  0.0
46.32  0.0
46.44  0.0
46.559999999999995  0.0
46.68  0.0
46.8  0.0
46.92  0.0
47.04  0.0
47.16  0.0
47.28  0.0
47.4  0.0
47.519999999999996  0.0
47.64  0.0
47.76  0.0
47.879999999999995  0.0
48.0  0.0
48.12  0.0
48.239999999999995  0.0
48.36  0.0
48.48  0.0
48.6  0.0
48.72  0.0
48.839999999999996  0.0
48.96  0.0
49.08  0.0
49.199999999999996  0.0
49.32  0.0
49.44  0.0
49.559999999999995  0.0
49.68  0.0
49.8  0.0
49.92  0.0
50.04  0.0
50.16  0.0
50.28  0.0
50.4  0.0
50.519999999999996  0.0
50.64  0.0
50.76  0.0
50.879999999999995  0.0
51.0  0.0
51.12  0.0
51.239999999999995  0.0
51.36  0.0
51.48  0.0
51.6  0.0
51.72  0.0
51.839999999999996  0.0
51.96  0.0
52.08  0.0
52.199999999999996  0.0
52.32  0.0
52.44  0.0
52.559999999999995  0.0
52.68  0.0
52.8  0.0
52.919999999999995  0.0
53.04  0.0
53.16  0.0
53.28  0.0
53.4  0.0
53.519999999999996  0.0
53.64  0.0
53.76  0.0
53.879999999999995  0.0
54.0  0.0
54.12  0.03343535150264659
54.239999999999995  0.07109463977953112
54.36  0.10828128229771819
54.48  0.144922047991427
54.6  0.18094550309922275
54.72  0.21628216142369833
54.839999999999996  0.25086462905190926
54.96  0.28462774321415696
55.08  0.3175087049745635
55.199999999999996  0.3494472054634009
55.32  0.38038554537822106
55.44  0.4102687474987376
55.559999999999995  0.43904466197871544
55.68  0.46666406419703366
55.8  0.493080744969535
55.919999999999995  0.5182515929430423
56.04  0.5421366690131273
56.16  0.5646992726277988
56.28  0.5859059998600485
56.4  0.6057267931531967
56.519999999999996  0.6241349826642648
56.64  0.6411073191518379
56.76  0.656623998376269
56.879999999999995  0.6706686770015067
57.0  0.6832284800090997
57.12  0.6942939996561794
57.239999999999995  0.7038592860303143
57.36  0.7119218292749712
57.48  0.7184825335799119
57.599999999999994  0.7235456830511573
57.72  0.7271188995950821
57.839999999999996  0.7292130929706528
57.96  0.7298424031829371
58.08  0.7290241354094911
58.199999999999996  0.7267786876692409
58.32  0.7231294714607994
58.44  0.7181028256139622
58.559999999999995  0.7117279236140779
58.68  0.7040366746744183
58.8  0.6950636188461138
58.919999999999995  0.6848458164690581
59.04  0.6734227322801315
59.16  0.6608361145070658
59.28  0.6471298692875677
59.4  0.6323499307635196
59.519999999999996  0.6165441272093933
59.64  0.59976204356244
59.76  0.5820548807295424
59.879999999999995  0.5634753120520115
60.0  0.5440773373150555
60.12  0.5239161346929107
60.239999999999995  0.5030479110240343
60.36  0.4815297508130112
60.48  0.4594194643571061
60.599999999999994  0.43677543539560565
60.72  0.41365646867927974
60.839999999999996  0.39012163785545106
60.96  0.3662301340612928
61.08  0.3420411156140938
61.199999999999996  0.31761355918235384
61.32  0.2930061128157112
61.44  0.26827695120487266
61.559999999999995  0.2434836335349455
61.68  0.21868296428688733
61.8  0.19393085733217824
61.919999999999995  0.1692822036553756
62.04  0.14479074302791484
62.16  0.12050893994441064
62.28  0.09648786411980681
62.4  0.07277707583217463
62.519999999999996  0.04942451638156631
62.64  0.026476403920398572
62.76  0.003977134895265355
62.879999999999995  0.0
63.0  0.0
63.12  0.0
63.239999999999995  0.0
63.36  0.0
63.48  0.0
63.599999999999994  0.0
63.72  0.0
63.839999999999996  0.0
63.96  0.0
64.08  0.0
64.2  0.0
64.32  0.0
64.44  0.0
64.56  0.0
64.67999999999999  0.0
64.8  0.0
64.92  0.0
65.03999999999999  0.0
65.16  0.0
65.28  0.0
65.39999999999999  0.0
65.52  0.0
65.64  0.0
65.75999999999999  0.0
65.88  0.0
66.0  0.0
66.12  0.0
66.24  0.0
66.36  0.0
66.48  0.0
66.6  0.0
66.72  0.0
66.84  0.0
66.96  0.0
67.08  0.0
67.2  0.0
67.32  0.0
67.44  0.0
67.56  0.0
67.67999999999999  0.0
67.8  0.0
67.92  0.0
68.03999999999999  0.0
68.16  0.0
68.28  0.0
68.39999999999999  0.0
68.52  0.0
68.64  0.0
68.75999999999999  0.0
68.88  0.0
69.0  0.0
69.12  0.0
69.24  0.0
69.36  0.0
69.48  0.0
69.6  0.0
69.72  0.0
69.84  0.0
69.96  0.0
70.08  0.0
70.2  0.0
70.32  0.0
70.44  0.0
70.56  0.0
70.67999999999999  0.0
70.8  0.0
70.92  0.0
71.03999999999999  0.0
71.16  0.0
71.28  0.0
71.39999999999999  0.0
71.52  0.0
71.64  0.0
71.75999999999999  0.0
71.88  0.0
72.0  0.0
72.11999999999999  0.0
72.24  0.0
72.36  0.0
72.48  0.0
72.6  0.0
72.72  0.0
72.84  0.0
72.96  0.0
73.08  0.0
73.2  0.0
73.32  0.0
73.44  0.0
73.56  0.0
73.67999999999999  0.0
73.8  0.0
73.92  0.0
74.03999999999999  0.0
74.16  0.0
74.28  0.0
74.39999999999999  0.0
74.52  0.0
74.64  0.0
74.75999999999999  0.0
74.88  0.0
75.0  0.0
75.11999999999999  0.0
75.24  0.0
75.36  0.0
75.48  0.0
75.6  0.0
75.72  0.0
75.84  0.0
75.96  0.0
76.08  0.0
76.2  0.0
76.32  0.0
76.44  0.0
76.56  0.0
76.67999999999999  0.0
76.8  0.0
76.92  0.0
77.03999999999999  0.0
77.16  0.0
77.28  0.0
77.39999999999999  0.0
77.52  0.0
77.64  0.0
77.75999999999999  0.0
77.88  0.0
78.0  0.0
78.11999999999999  0.0
78.24  0.0
78.36  0.00409293932059307
78.48  0.016743645784250194
78.6  0.02989612317820528
78.72  0.04352964271023829
78.84  0.057621418076949815
78.96  0.07214664604009402
79.08  0.08707855342381093
79.2  0.10238845043650502
79.32  0.11804579020307215
79.44  0.1340182343752414
79.56  0.150271724670282
79.67999999999999  0.16677056017113812
79.8  0.1834774802042512
79.92  0.20035375259499377
80.03999999999999  0.21735926708480663
80.16  0.23445263367883057
80.28  0.2515912856780498
80.39999999999999  0.26873158713598355
80.52  0.2858289444663905
80.64  0.30283792191576536
80.75999999999999  0.3197123606024822
80.88  0.33640550081306614
81.0  0.3528701072357052
81.11999999999999  0.3690585968015948
81.24  0.3849231687958049
81.36  0.40041593689158783
81.48  0.4154890627551587
81.6  0.43009489086178393
81.72  0.44418608415911454
81.84  0.45771576020942356
81.96  0.470637627439451
82.08  0.48290612112421455
82.2  0.49447653873008696
82.32  0.5053051742423427
82.44  0.5153494511030693
82.56  0.5245680533872852
82.67999999999999  0.5329210548480128
82.8  0.5403700454647524
82.92  0.5468782551347654
83.03999999999999  0.5524106741523485
83.16  0.5569341701281068
83.28  0.5604176010078591
83.39999999999999  0.5628319238596181
83.52  0.564150299106607
83.64  0.5643481898947211
83.75999999999999  0.5634034562942072
83.88  0.5612964440475733
84.0  0.5580100675886033
84.11999999999999  0.553529887071214
84.24  0.5478441791613538
84.36  0.5409440013603739
84.47999999999999  0.5328232496441513
84.6  0.5234787092187764
84.72  0.5129100982107335
84.84  0.5011201041270772
84.96  0.48811441293931107
85.08  0.47390173066325114
85.2  0.45849379732613316
85.32  0.44190539323160216
85.44  0.42415433745289244
85.56  0.40526147850441707
85.67999999999999  0.3852506771621158
85.8  0.3641487814232065
85.92  0.3419855936163847
86.03999999999999  0.3187938296939138
86.16  0.2946090707575222
86.28  0.26946970689041494
86.39999999999999  0.2434168733879165
86.52  0.21649437949943276
86.64  0.18874862981430685
86.75999999999999  0.16022853844372503
86.88  0.13098543617019004
87.0  0.10107297075501842
87.11999999999999  0.07054700061279284
87.24  0.0394654820798061
87.36  0.007888350521066956
87.47999999999999  0.0
87.6  0.0
87.72  0.0
87.84  0.0
87.96  0.0
88.08  0.0
88.2  0.0
88.32  0.0
88.44  0.0
88.56  0.0
88.67999999999999  0.0
88.8  0.0
88.92  0.0
89.03999999999999  0.0
89.16  0.0
89.28  0.0
89.39999999999999  0.0
89.52  0.0
89.64  0.0
89.75999999999999  0.0
89.88  0.0
90.0  0.0
90.11999999999999  0.0
90.24  0.0
90.36  0.0
90.47999999999999  0.0
90.6  0.0
90.72  0.0
90.84  0.0
90.96  0.0
91.08  0.0
91.2  0.0
91.32  0.0
91.44  0.0
91.56  0.0
91.67999999999999  0.0
91.8  0.0
91.92  0.0
92.03999999999999  0.0
92.16  0.0
92.28  0.0
92.39999999999999  0.0
92.52  0.0
92.64  0.0
92.75999999999999  0.0
92.88  0.0
93.0  0.0
93.11999999999999  0.0
93.24  0.0
93.36  0.0
93.47999999999999  0.0
93.6  0.0
93.72  0.0
93.84  0.0
93.96  0.0
94.08  0.0
94.2  0.0
94.32  0.0
94.44  0.0
94.56  0.0
94.67999999999999  0.0
94.8  0.0
94.92  0.0
95.03999999999999  0.0
95.16  0.0
95.28  0.0
95.39999999999999  0.0
95.52  0.0
95.64  0.0
95.75999999999999  0.0
95.88  0.0
96.0  0.0
96.11999999999999  0.028136060327990042
96.24  0.07193014630925237
96.36  0.11578301053513446
96.47999999999999  0.1596046656166686
96.6  0.20330481268106626
96.72  0.2467930407470038
96.84  0.28997902701238426
96.96  0.3327727375866397
97.08  0.37508462819765515
97.2  0.4168258444021693
97.32  0.45790842082893535
97.44  0.4982454789850803
97.56  0.5377514231584628
97.67999999999999  0.5763421339526632
97.8  0.6139351589957347
97.92  0.6504499003697846
98.03999999999999  0.685807798315422
98.16  0.7199325107731165
98.28  0.7527500883326441
98.39999999999999  0.7841891441720096
98.52  0.8141810185784033
98.64  0.8426599376559778
98.75999999999999  0.869563165838441
98.88  0.8948311518385713
99.0  0.9184076676818074
99.11999999999999  0.9402399404870099
99.24  0.960278776674222
99.36  0.9784786782968143
99.47999999999999  0.9947979512137206
99.6  1.0091988048364704
99.72  1.0216474432054052
99.84  1.032114147169773
99.96  1.0405733474672436
100.08  1.0470036885197695
100.2  1.0513880827845616
100.32  1.0537137555211946
100.44  1.0539722798584736
100.56  1.052159602067595
100.67999999999999  1.0482760569712872
100.8  1.0423263734419788
100.92  1.0343196699654933
101.03999999999999  1.024269440270325
101.16  1.0121935290461341
101.28  0.9981140977986038
101.39999999999999  0.9820575809112198
101.52  0.9640546320078394
101.64  0.9441400607329447
101.75999999999999  0.9223527600892432
101.88  0.8987356244947906
102.0  0.8733354587438782
102.11999999999999  0.8462028780774851
102.24  0.8173921995904034
102.36  0.786961325222675
102.47999999999999  0.7549716166029297
102.6  0.7214877620307827
102.72  0.6865776359040373
102.83999999999999  0.65031215091432
102.96  0.6127651033521793
103.08  0.5740130118789124
103.2  0.5341349501377981
103.32  0.4932123735923237
103.44  0.4513289409923058
103.56  0.4085703308818743
103.67999999999999  0.3650240535746898
103.8  0.32077925903264287
103.92  0.27592654109393966
104.03999999999999  0.23055773850485428
104.16  0.1847657332170232
104.28  0.13864424641864653
104.39999999999999  0.09228763277275492
104.52  0.04579067334020365
104.64  0.0
104.75999999999999  0.0
104.88  0.0
105.0  0.0
105.11999999999999  0.0
105.24  0.0
105.36  0.0
105.47999999999999  0.0
105.6  0.0
105.72  0.0
105.83999999999999  0.0
105.96  0.0
106.08  0.0
106.2  0.0
106.32  0.0
106.44  0.0
106.56  0.0
106.67999999999999  0.0
106.8  0.0
106.92  0.0
107.03999999999999  0.0
107.16  0.0
107.28  0.0
107.39999999999999  0.0
107.52  0.0
107.64  0.0
107.75999999999999  0.0
107.88  0.0
108.0  0.0
108.11999999999999  0.0
108.24  0.0
108.36  0.0
108.47999999999999  0.0
108.6  0.0
108.72  0.0
108.83999999999999  0.0
108.96  0.0
109.08  0.0
109.2  0.0
109.32  0.0
109.44  0.0
109.56  0.0
109.67999999999999  0.0
109.8  0.0
109.92  0.0
110.03999999999999  0.0
110.16  0.0
110.28  0.0
110.39999999999999  0.0
110.52  0.0
110.64  0.0
110.75999999999999  0.0
110.88  0.0
111.0  0.0
111.11999999999999  0.0
111.24  0.0
111.36  0.0
111.47999999999999  0.0
111.6  0.0
111.72  0.0
111.83999999999999  0.0
111.96  0.0
112.08  0.0
112.2  0.0
112.32  0.0
112.44  0.0
112.56  0.0
112.67999999999999  0.0
112.8  0.0
112.92  0.0
113.03999999999999  0.0
113.16  0.0
113.28  0.011998634052778512
113.39999999999999  0.05195162568844239
113.52  0.09150777371896957
113.64  0.1305882081348629
113.75999999999999  0.1691156360123709
113.88  0.2070145062360374
114.0  0.24421116927062006
114.11999999999999  0.28063403162219935
114.24  0.3162137046423491
114.36  0.35088314734451576
114.47999999999999  0.3845778029176635
114.6  0.41723572863863717
114.72  0.4487977189021568
114.83999999999999  0.479207421105331
114.96  0.5084114441419194
115.08  0.5363594592808358
115.19999999999999  0.5630042932229673
115.32  0.5883020131503017
115.44  0.6122120036019041
115.56  0.6346970350321026
115.67999999999999  0.6557233239271596
115.8  0.6752605843782867
115.92  0.6932820710300484
116.03999999999999  0.7097646133451921
116.16  0.724688641148411
116.28  0.7380382014333082
116.39999999999999  0.749800966438716
116.52  0.7599682330219628
116.64  0.7685349133781588
116.75999999999999  0.7754995171760543
116.88  0.7808641252017621
117.0  0.7846343546226171
117.11999999999999  0.7868193160037086
117.24  0.7874315622295355
117.36  0.7864870295029103
117.47999999999999  0.7840049706121351
117.6  0.7800078806759061
117.72  0.7745214155934286
117.83999999999999  0.7675743034443239
117.96  0.7591982490994432
118.08  0.7494278323196983
118.19999999999999  0.7383003996349058
118.32  0.7258559503090138
118.44  0.7121370167115154
118.56  0.6971885394274376
118.67999999999999  0.6810577374499712
118.8  0.6637939738105667
118.92  0.6454486170112494
119.03999999999999  0.6260748986326319
119.16  0.605727767499046
119.28  0.5844637407891731
119.39999999999999  0.5623407524862459
119.52  0.5394179995668076
119.64  0.5157557863308798
119.75999999999999  0.4914153672789418
119.88  0.4664587889429821
120.0  0.440948731079433
