0.0  34.753952482646625
1.68  33.16573909758896
3.36  32.08486878190685
5.04  34.78336375712519
6.72  33.09231106904227
8.4  32.13088356651635
10.08  34.80952490500553
11.76  33.01942327252043
13.44  0.0
15.12  1.4990439548449492
16.8  0.0
18.48  0.0
20.16  1.5185363515307977
21.84  0.0
23.52  0.0
25.2  1.5346250710899447
26.88  0.0
28.56  0.0
30.24  1.5472740519511923
31.919999999999998  0.0
33.6  0.0
35.28  1.5564549424410417
36.96  0.0
38.64  0.0
40.32  1.5621471643316918
42.0  0.0
43.68  0.0
45.36  1.564337958965487
47.04  0.0
48.72  0.0
50.4  1.5630224158524175
52.08  0.0
53.76  0.0
55.44  1.5582034836765886
57.12  0.0
58.8  0.0
60.48  1.549891963686981
62.16  0.0
63.839999999999996  0.0
65.52  1.5381064854873236
67.2  0.0
68.88  0.0
70.56  1.5228734652793334
72.24  0.0
73.92  0.0
75.6  1.504227046652928
77.28  0.0
78.96  0.0
80.64  1.4822090240560915
82.32  0.0
84.0  0.0
85.67999999999999  1.4568687491160222
87.36  0.0
89.03999999999999  0.0
90.72  1.4282630200213764
92.39999999999999  0.0
94.08  0.0
95.75999999999999  1.3964559542137545
97.44  0.0
99.11999999999999  0.0
100.8  1.3615188446735442
102.47999999999999  0.0
104.16  0.03579685038283642
105.83999999999999  1.3235300001225023
107.52  0.0
109.2  0.10977932750832586
110.88  1.2825745695010258
112.56  0.0
114.24  0.18351574309849839
115.92  1.2387443511135947
117.6  0.0
119.28  0.2568408229069865
120.96  1.1921375868703974
122.64  0.0
124.32  0.3295902146634565
126.0  1.1428587420857863
127.67999999999999  0.0
129.35999999999999  0.40160085645605326
131.04  1.0910182713279015
132.72  0.0
134.4  0.47271134222160477
136.07999999999998  1.0367323708434344
137.76  0.0
139.44  0.5427622835241648
141.12  0.9801227181131662
142.79999999999998  0.0
144.48  0.611596666811631
146.16  0.9213161991217866
147.84  0.0
149.51999999999998  0.6790602053488259
151.2  0.8604446239529592
152.88  0.0
154.56  0.7450016850389289
156.23999999999998  0.7976444313477513
157.92  0.0
159.6  0.8092733033573994
161.28  0.7330563828880955
162.96  0.0
164.64  0.8717310006399273
166.32  0.666825247491177
168.0  0.0
