0.0  59.19193914220514
1.68  14.925104580019521
3.36  0.0
5.04  16.18671619797457
6.72  60.27037199545366
8.4  73.50588574784166
10.08  40.736023083731105
11.76  0.0
13.44  0.0
15.12  2.786755374999675
16.8  38.71546015437799
18.48  30.307442209191233
20.16  0.0
21.84  0.0
23.52  0.0
25.2  22.05935787116954
26.88  41.31402489098754
28.56  13.256107766810612
30.24  0.0
31.919999999999998  0.0
33.6  0.0
35.28  36.10144665081789
36.96  34.116584905290836
38.64  0.0
40.32  0.0
42.0  0.0
43.68  16.716074201166084
45.36  41.583489712174384
47.04  18.829731512814377
48.72  0.0
50.4  0.0
52.08  0.0
53.76  32.725446438634876
55.44  37.205635010839345
57.12  0.0
58.8  0.0
60.48  0.0
62.16  11.019967374660336
63.839999999999996  40.97525933279756
65.52  24.005919519511576
67.2  0.0
68.88  0.0
70.56  0.0
72.24  28.658716144049073
73.92  39.50939250364739
75.6  5.114139369827857
77.28  0.0
78.96  0.0
80.64  5.09126408878938
82.32  39.50217156152847
84.0  28.675418922312613
85.67999999999999  0.0
87.36  0.0
89.03999999999999  0.0
90.72  23.98709150827037
92.39999999999999  40.979232390750454
94.08  11.042191578647069
95.75999999999999  0.0
97.44  0.0
99.11999999999999  0.0
100.8  37.19531859567455
102.47999999999999  32.73967144139957
104.16  0.0
105.83999999999999  0.0
107.52  0.0
109.2  18.809175668025077
110.88  41.58413102734522
112.56  16.737178245844717
114.24  0.0
115.92  0.0
117.6  0.0
119.28  34.103390763790216
120.96  36.11289363352117
122.64  0.0
124.32  0.0
126.0  0.0
127.67999999999999  13.234257956973828
129.35999999999999  41.3113209272529
131.04  22.078896317283913
132.72  0.0
134.4  0.0
136.07999999999998  0.0
137.76  30.291648827713995
139.44  38.72388750762532
141.12  2.8097525064089055
142.79999999999998  0.0
144.48  0.0
146.16  7.380007155500003
147.84  40.16656024394214
149.51999999999998  26.954599115220702
151.2  0.0
152.88  0.0
154.56  0.0
156.23999999999998  25.840546535465805
157.92  40.51754328798458
159.6  8.794082056102665
161.28  0.0
162.96  0.0
164.64  1.369987877032873
166.32  38.174011234223826
168.0  31.261376062048452
