0.0  41.83971410064535
1.68  1.1003934778632427
3.36  0.0
5.04  34.74259126556148
6.72  70.59725789098093
8.4  63.777492024741036
10.08  22.093250388323245
11.76  0.0
13.44  0.0
15.12  20.394443520563573
16.8  40.43009434758807
18.48  14.16543321475807
20.16  0.0
21.84  0.0
23.52  0.0
25.2  34.5438846961142
26.88  34.009848962601936
28.56  0.0
30.24  0.0
31.919999999999998  0.0
33.6  15.096352316233517
35.28  40.50259503624439
36.96  19.525498423938306
38.64  0.0
40.32  0.0
42.0  0.0
43.68  31.094733304585045
45.36  36.85769949949329
47.04  0.4114398074252321
48.72  0.0
50.4  0.0
52.08  9.479625132439036
53.76  39.720214772875195
55.44  24.473442467388573
57.12  0.0
58.8  0.0
60.48  0.0
62.16  26.989270997999338
63.839999999999996  38.927601235588135
65.52  6.286266000195575
67.2  0.0
68.88  0.0
70.56  3.6628132145481516
72.24  38.099467116273445
73.92  28.90482998459295
75.6  0.0
77.28  0.0
78.96  0.0
80.64  22.314151027143197
82.32  40.175865129106036
84.0  12.028409112829362
85.67999999999999  0.0
87.36  0.0
89.03999999999999  0.0
90.72  35.67456089425445
92.39999999999999  32.726128480260726
94.08  0.0
95.75999999999999  0.0
97.44  0.0
99.11999999999999  17.16805030414821
100.8  40.57614429968742
102.47999999999999  17.51667076862059
104.16  0.0
105.83999999999999  0.0
107.52  0.0
109.2  32.49667816411082
110.88  35.85668249779605
112.56  0.0
114.24  0.0
115.92  0.0
117.6  11.659586646747284
119.28  40.119990127234956
120.96  22.635211220878638
122.64  0.0
124.32  0.0
126.0  0.0
127.67999999999999  28.632893922181744
129.35999999999999  38.230415999442165
131.04  4.046685133997272
132.72  0.0
134.4  0.0
136.07999999999998  5.90502620162401
137.76  38.81703057541021
139.44  27.275994361525278
141.12  0.0
142.79999999999998  0.0
144.48  0.0
146.16  24.164760364028997
147.84  39.797227021264426
149.51999999999998  9.854137747807385
151.2  0.0
152.88  0.0
154.56  0.025829435879391127
156.23999999999998  36.69476697594556
157.92  31.341068019696657
159.6  0.0
161.28  0.0
162.96  0.0
164.64  19.186585576987028
166.32  40.52404516624861
168.0  15.453600857445188
