-0.000430922    1 65  88.6    0.437  17.3446  258 
-0.000455828    1 55  88.8    0.437  17.8009  258 
-0.000454651    1 35  86.6    0.437  18.2417  258 
-0.000432947    1 53  88.8    0.437  17.8849  258 
-0.000223423    1 24  80.7    0.437  17.6333  258
-0.000680913    1 64  88.6    0.437  17.3866  258 
-0.000527755    1 39  86.6    0.437  18.0737  258
-0.000382959    0 27  67.9    0.437  13.585   258 
-0.00104476     0 23  67.9    0.437  13.753   258 
-0.00105491     1 49  89.1    0.437  18.1073  258 
-0.00127265     1 58  88.8    0.437  17.6749  258  
-0.000650637    0 22  67.9    0.437  13.795   258  
-0.000720104    1 50  88.8    0.437  18.0109  258  
-0.000137684    1 22  80.7    0.437  17.7173  258 
-0.000485452    1 55  88.8    0.437  17.8009  258  
-0.000350359    1 55  88.8    0.437  17.8009  258 
-0.000350271    1 59  88.8    0.437  17.6329  258 
-0.000620824    1 65  88.6    0.437  17.3446  258  
-0.000984917    1 61  88.6    0.437  17.5126  258  
-0.000530116    1 63  88.6    0.437  17.3446  258  
-0.000459044    0 52  75.9    0.437  12.535   258  
-0.000440187    1 26  80.7    0.437  17.5493  258
