0.0  37.48631161926009
1.68  30.25134115385493
3.36  30.903222714429855
5.04  37.77378418784553
6.72  33.28118288253493
8.4  28.922035156786887
10.08  35.85144818487751
11.76  36.33697749684761
13.44  0.0
15.12  0.0
16.8  4.564662946294971
18.48  0.0
20.16  0.0
21.84  3.854058500834097
23.52  1.3512527072058402
25.2  0.0
26.88  1.2254660425665307
28.56  3.9243746356032783
30.24  0.0
31.919999999999998  0.0
33.6  4.544515438462346
35.28  0.0
36.96  0.0
38.64  2.9030595029482438
40.32  2.626822902907001
42.0  0.0
43.68  0.0
45.36  4.473846325244723
47.04  0.0
48.72  0.0
50.4  4.094441783112875
52.08  0.8893247404022484
53.76  0.0
55.44  1.677421502287439
57.12  3.6538869891784103
58.8  0.0
60.48  0.0
62.16  4.600077398534432
63.839999999999996  0.0
65.52  0.0
67.2  3.2570204323089813
68.88  2.22196613334856
70.56  0.0
72.24  0.29309389565967847
73.92  4.335281316376248
75.6  0.0
77.28  0.0
78.96  4.291125979650595
80.64  0.4179052042612106
82.32  0.0
84.0  2.11147420750969
85.67999999999999  3.344402202414007
87.36  0.0
89.03999999999999  0.0
90.72  4.606543734025133
92.39999999999999  0.0
94.08  0.0
95.75999999999999  3.576219891688818
97.44  1.7933948029980338
99.11999999999999  0.0
100.8  0.7661755593974218
102.47999999999999  4.150446793861948
104.16  0.0
105.83999999999999  0.0
107.52  4.442011922838187
109.2  0.0
110.88  0.0
112.56  2.5229916082089163
114.24  2.999223339060475
115.92  0.0
117.6  0.0
119.28  4.563845431143553
120.96  0.0
122.64  0.0
124.32  3.8572511347515626
126.0  1.3456829603591107
127.67999999999999  0.0
129.35999999999999  1.2310799981954532
131.04  3.9213154563197867
132.72  0.0
134.4  0.0
136.07999999999998  4.545489239853674
137.76  0.0
139.44  0.0
141.12  2.9075816687598923
142.79999999999998  2.6220344179768382
144.48  0.0
146.16  0.0
147.84  4.472438199580388
149.51999999999998  0.0
151.2  0.0
152.88  4.097114776223931
154.56  0.8836089364560555
156.23999999999998  0.0
157.92  1.6828453881940586
159.6  3.6503327726306978
161.28  0.0
162.96  0.0
164.64  4.600453539820884
166.32  0.0
168.0  0.0
