0.0  7.520197251422655
1.68  4.587214072418348
3.36  3.9962969263620565
5.04  5.795590293679233
6.72  9.838498251607117
8.4  15.795628254437034
10.08  23.181628115779997
11.76  31.394729672163244
13.44  6.432444007694084
15.12  14.279413679019882
16.8  20.96298005947026
18.48  25.938605166142963
20.16  28.800904103454354
21.84  29.316673458575924
23.52  27.443891354519636
25.2  23.33514114743219
26.88  17.32517982522362
28.56  9.903663961858502
30.24  1.675255357380406
31.919999999999998  0.0
33.6  0.0
35.28  0.0
36.96  0.0
38.64  0.0
40.32  0.0
42.0  0.0
43.68  0.0
45.36  0.0
47.04  0.0
48.72  0.0
50.4  6.946304310987166
52.08  14.73843655189222
53.76  21.329766997130857
55.44  26.18327250950636
57.12  28.903517785279618
58.8  29.2688731149288
60.48  27.24957147843422
62.16  23.010133788347062
63.839999999999996  16.895964685990617
65.52  9.405210987091674
67.2  1.1481755864561407
68.88  0.0
70.56  0.0
72.24  0.0
73.92  0.0
75.6  0.0
77.28  0.0
78.96  0.0
80.64  0.0
82.32  0.0
84.0  0.0
85.67999999999999  0.0
87.36  7.4579291186838415
89.03999999999999  15.192716224850543
90.72  21.689689478807303
92.39999999999999  26.419513416627506
94.08  28.996829587452297
95.75999999999999  29.211653311086387
97.44  27.04648200425489
99.11999999999999  22.67772118894213
100.8  16.461311999975546
102.47999999999999  8.903731178658497
104.16  0.6207263037235524
105.83999999999999  0.0
107.52  0.0
109.2  0.0
110.88  0.0
112.56  0.0
114.24  0.0
115.92  0.0
117.6  0.0
119.28  0.0
120.96  0.0
122.64  0.0
124.32  7.967153777041034
126.0  15.642106499259933
127.67999999999999  22.04263167238405
129.35999999999999  26.64725185923527
131.04  29.080809479885346
132.72  29.145032461822023
134.4  26.834688291287055
136.07999999999998  22.33801032796008
137.76  16.0213616493549
139.44  8.399385925385754
141.12  0.09307725563999902
142.79999999999998  0.0
144.48  0.0
146.16  0.0
147.84  0.0
149.51999999999998  0.0
151.2  0.0
152.88  0.0
154.56  0.0
156.23999999999998  0.0
157.92  0.0
159.6  0.1707691155670794
161.28  8.473814404744394
162.96  16.086462750016945
164.64  22.388479992178187
166.32  26.8664145453656
168.0  29.155430435735266
