0.0  50.403619508172596
1.68  15.445162495133339
3.36  20.320621864764114
5.04  54.1731781795936
6.72  41.618941729395985
8.4  10.61406351075696
10.08  30.201138073294057
11.76  56.76307916696692
13.44  0.0
15.12  0.0
16.8  7.384658342916672
18.48  21.25965512890209
20.16  0.0
21.84  0.0
23.52  16.40124332960546
25.2  14.770448779078121
26.88  0.0
28.56  0.0
30.24  22.085748551389525
31.919999999999998  5.28047520043757
33.6  0.0
35.28  0.0009266079090384238
36.96  23.283308828699724
38.64  0.0
40.32  0.0
42.0  10.291851640086835
43.68  19.750627584131053
45.36  0.0
47.04  0.0
48.72  18.491882103836957
50.4  12.205405022133249
52.08  0.0
53.76  0.0
55.44  22.935098225226934
57.12  2.1805300167560517
58.8  0.0
60.48  3.1340318384270347
62.16  22.718815358242423
63.839999999999996  0.0
65.52  0.0
67.2  13.014252683200832
68.88  17.88697357194355
70.56  0.0
72.24  0.0
73.92  20.250495437437046
75.6  9.421210777541964
77.28  0.0
78.96  0.0
80.64  23.372643624551095
82.32  0.0
84.0  0.0
85.67999999999999  6.210864900635202
87.36  21.746401015394312
89.03999999999999  0.0
90.72  0.0
92.39999999999999  15.502980217184204
94.08  15.702155372766203
95.75999999999999  0.0
97.44  0.0
99.11999999999999  21.645507076365636
100.8  6.46785680966587
102.47999999999999  0.0
104.16  0.0
105.83999999999999  23.390528534229798
107.52  0.0
109.2  0.0
110.88  9.17618064168877
112.56  20.383525694115928
114.24  0.0
115.92  0.0
117.6  17.71334864154282
119.28  13.235401834220708
120.96  0.0
122.64  0.0
124.32  22.651869307712992
126.0  3.398371179522428
127.67999999999999  0.0
129.35999999999999  1.9146060535647518
131.04  22.98843182713363
132.72  0.0
134.4  0.0
136.07999999999998  11.976736224540616
137.76  18.654660093308046
139.44  0.0
141.12  0.0
142.79999999999998  19.60567034925353
144.48  10.531004009319492
146.16  0.0
147.84  0.0
149.51999999999998  23.25151269639261
151.2  0.26786711534605345
152.88  0.0
154.56  5.020056963531649
156.23999999999998  22.17357323003806
157.92  0.0
159.6  0.0
161.28  14.562247113729349
162.96  16.59084634052009
164.64  0.0
166.32  0.0
168.0  21.145968325684283
