0.0  38.817322200409926
1.68  39.942686317841
3.36  29.476589001456674
5.04  25.774437155653775
6.72  35.329052459550034
8.4  41.383582151663546
10.08  33.319612055821835
11.76  25.279706291158995
13.44  0.0
15.12  7.568826074571142
16.8  3.832578280134961
18.48  0.0
20.16  0.0
21.84  5.280043670014649
23.52  6.763696631063485
25.2  0.0
26.88  0.0
28.56  1.7304398590191057
30.24  8.079712147230623
31.919999999999998  0.25881195857750194
33.6  0.0
35.28  0.0
36.96  7.46637353874416
38.64  4.070621439666849
40.32  0.0
42.0  0.0
43.68  5.0701399061920025
45.36  6.910407397960686
47.04  0.0
48.72  0.0
50.4  1.4632077781575443
52.08  8.100057463621031
53.76  0.5310531235341318
55.44  0.0
57.12  0.0
58.8  7.355495147380479
60.48  4.304070874009778
62.16  0.0
63.839999999999996  0.0
65.52  4.854514453496051
67.2  7.049319721057458
68.88  0.0
70.56  0.0
72.24  1.194324456932054
73.92  8.111261807667468
75.6  0.8026949912713319
77.28  0.0
78.96  0.0
80.64  7.236316027531814
82.32  4.532663133819993
84.0  0.0
85.67999999999999  0.0
87.36  4.633410646780795
89.03999999999999  7.180276836811231
90.72  0.0
92.39999999999999  0.0
94.08  0.9240933320792948
95.75999999999999  8.113312535188154
97.44  1.0734310120130917
99.11999999999999  0.0
100.8  0.0
102.47999999999999  7.108970673680812
104.16  4.756140251109647
105.83999999999999  0.0
107.52  0.0
109.2  4.407078003261518
110.88  7.303130959187145
112.56  0.0
114.24  0.0
115.92  0.6528193613418924
117.6  8.10620733192252
119.28  1.3429556582383078
120.96  0.0
122.64  0.0
124.32  6.973602795963329
126.0  4.9742500303656305
127.67999999999999  0.0
129.35999999999999  0.0
131.04  4.1757719409329015
132.72  7.417743446436134
134.4  0.0
136.07999999999998  0.0
137.76  0.3808086793212224
139.44  8.089954216142889
141.12  1.6109647694705616
142.79999999999998  0.0
144.48  0.0
146.16  6.830365157990194
147.84  5.186746333153852
149.51999999999998  0.0
151.2  0.0
152.88  3.9397534903283455
154.56  7.523984957552788
156.23999999999998  0.0
157.92  0.0
159.6  0.10836825200309308
161.28  8.064571529605784
162.96  1.8771558955254286
164.64  0.0
166.32  0.0
168.0  6.67941940445253
