0.0  12.364777934248714
1.68  9.838042928754867
3.36  35.42931918774526
5.04  58.51222237069699
6.72  51.46226601504827
8.4  22.716492132572842
10.08  6.676433111917177
11.76  22.538044928066782
13.44  17.985595135376855
15.12  25.242200494873334
16.8  2.2901782684384138
18.48  0.0
20.16  0.0
21.84  6.463453774886441
23.52  26.2800710450108
25.2  14.645988155623064
26.88  0.0
28.56  0.0
30.24  0.0
31.919999999999998  20.99274535358918
33.6  23.476741010914502
35.28  0.0
36.96  0.0
38.64  0.0
40.32  10.652798846070558
42.0  26.65701469695415
43.68  10.759422712322866
45.36  0.0
47.04  0.0
48.72  0.0
50.4  23.421367783556466
52.08  21.06429863722512
53.76  0.0
55.44  0.0
57.12  0.0
58.8  14.548569158392404
60.48  26.299332005649525
62.16  6.576344120327457
63.839999999999996  0.0
65.52  0.0
67.2  2.1741607086920585
68.88  25.204533324809738
70.56  18.07135657679771
72.24  0.0
73.92  0.0
75.6  0.0
77.28  18.043403271300384
78.96  25.21688015617723
80.64  2.212031594675711
82.32  0.0
84.0  0.0
85.67999999999999  6.539512257932907
87.36  26.293100676424327
89.03999999999999  14.580395711546938
90.72  0.0
92.39999999999999  0.0
94.08  0.0
95.75999999999999  21.040988929509393
97.44  23.439489857375342
99.11999999999999  0.0
100.8  0.0
102.47999999999999  0.0
104.16  10.724644903021133
105.83999999999999  26.657070595724747
107.52  10.687621556006048
109.2  0.0
110.88  0.0
112.56  0.0
114.24  23.458717280689466
115.92  21.016143253365453
117.6  0.0
119.28  0.0
120.96  0.0
122.64  14.614222822372149
124.32  26.286412631293043
126.0  6.500312981252957
127.67999999999999  0.0
129.35999999999999  0.0
131.04  2.2523167440077856
132.72  25.22995944843467
134.4  18.013624050963774
136.07999999999998  0.0
137.76  0.0
139.44  0.0
141.12  18.101055228263764
142.79999999999998  25.19134154678902
144.48  2.133865774148404
146.16  0.0
147.84  0.0
149.51999999999998  6.6155141366784616
151.2  26.30590272166353
152.88  14.514677063394512
154.56  0.0
156.23999999999998  0.0
157.92  0.0
159.6  21.08905038015527
161.28  23.40203581776766
162.96  0.0
164.64  0.0
166.32  0.0
168.0  10.79639813026213
