0.0  5.112943979554924
1.68  2.5602203142973146
3.36  36.83524908847696
5.04  66.91935683317168
6.72  56.809358830032814
8.4  18.604404859340406
10.08  0.0
11.76  19.701929188022238
13.44  24.357610863951702
15.12  33.196631774182
16.8  2.3075518567038014
18.48  0.0
20.16  0.0
21.84  9.266707657695168
23.52  34.927335354261395
25.2  18.788641058273633
26.88  0.0
28.56  0.0
30.24  0.0
31.919999999999998  28.251583337928338
33.6  30.74760238575005
35.28  0.0
36.96  0.0
38.64  0.0
40.32  14.77612334359561
42.0  35.306103542696626
43.68  13.583470557449065
45.36  0.0
47.04  0.0
48.72  0.0
50.4  31.366985608359997
52.08  27.451216346130018
53.76  0.0
55.44  0.0
57.12  0.0
58.8  19.878331786573657
60.48  34.711889796179136
62.16  8.003960490935265
63.839999999999996  0.0
65.52  0.0
67.2  3.605278817252888
68.88  33.61796197821194
70.56  23.3983169867954
72.24  0.0
73.92  0.0
75.6  0.0
77.28  24.43272396594345
78.96  33.1610697320342
80.64  2.2038735783713115
82.32  0.0
84.0  0.0
85.67999999999999  9.3669168511122
87.36  34.94247899932352
89.03999999999999  18.700595983268173
90.72  0.0
92.39999999999999  0.0
94.08  0.0
95.75999999999999  28.31378783504508
97.44  30.696381567039168
99.11999999999999  0.0
100.8  0.0
102.47999999999999  0.0
104.16  14.870417057009101
105.83999999999999  35.30403501887076
107.52  13.487515304250604
109.2  0.0
110.88  0.0
112.56  0.0
114.24  31.414567240292815
115.92  27.385748317874118
117.6  0.0
119.28  0.0
120.96  0.0
122.64  19.96411143020711
124.32  34.692666108801866
126.0  7.902739438803044
127.67999999999999  0.0
129.35999999999999  0.0
131.04  3.7086106730151496
132.72  33.64960946833553
134.4  23.320405947204243
136.07999999999998  0.0
137.76  0.0
139.44  0.0
141.12  24.50762558469308
142.79999999999998  33.12522065637565
144.48  2.100176223887848
146.16  0.0
147.84  0.0
149.51999999999998  9.467044966956623
151.2  34.957320191464056
152.88  18.612389040814858
154.56  0.0
156.23999999999998  0.0
157.92  0.0
159.6  28.375747255450154
161.28  30.644895048510925
162.96  0.0
164.64  0.0
166.32  0.0
168.0  14.96458205599808
