0.0  0.24837877342266657  100.0
0.12  0.26682213947957645
0.24  0.28456519384671697
0.36  0.30159141354904506
0.48  0.31788540912977986
0.6  0.33343294465645335
0.72  0.3482209560116879
0.84  0.36223756744253893
0.96  0.37547210634481465
1.08  0.387915116261369
1.2  0.3995583680760084
1.3199999999999998  0.41039486938729197
1.44  0.42041887204919404
1.56  0.42962587786829076
1.68  0.43801264244984256
1.7999999999999998  0.445577177187871
1.92  0.45231874939705463
2.04  0.45823788058700476
2.16  0.46333634288221115
2.28  0.4676171535936754
2.4  0.4710845679509682
2.52  0.47374407000615104
2.6399999999999997  0.47560236172368786
2.76  0.47666735027314633
2.88  0.4769481335441189
3.0  0.47645498390541946
3.12  0.47519933023318095
3.2399999999999998  0.47319373823503186
3.36  0.47045188910002733
3.48  0.46698855650647464
3.5999999999999996  0.462819582022205
3.7199999999999998  0.4579618489342029
3.84  0.4524332545468155
3.96  0.44625268099001075
4.08  0.4394399645813452
4.2  0.4320158637874205
4.32  0.42400202583267177
4.4399999999999995  0.41542095200531165
4.56  0.4062959617121692
4.68  0.39665115533599793
4.8  0.38651137595058704
4.92  0.37590216995068493
5.04  0.36484974665533393
5.16  0.3533809369447285
5.279999999999999  0.34152315099211705
5.3999999999999995  0.3293043351536016
5.52  0.31675292807992295
5.64  0.3038978161154553
5.76  0.2907682880506819
5.88  0.27739398929537035
6.0  0.2638048755405108
6.12  0.25003116597782976
6.24  0.2361032961463379
6.359999999999999  0.22205187047591562
6.4799999999999995  0.20790761459837814
6.6  0.19370132749680277
6.72  0.17946383356412984
6.84  0.16522593464218238
6.96  0.15101836211227088
7.08  0.13687172910846648
7.199999999999999  0.12281648292444572
7.319999999999999  0.10888285768451839
7.4399999999999995  0.09510082734905095
7.56  0.08150005912401317
7.68  0.06810986734376101
7.8  0.05495916789548114
7.92  0.04207643325291521
8.04  0.029489648186073802
8.16  0.01722626621266493
8.28  0.005313166855854645
8.4  0.0
8.52  0.0
8.64  0.0
8.76  0.0
8.879999999999999  0.0
9.0  0.0
9.12  0.0
9.24  0.0
9.36  0.0
9.48  0.0
9.6  0.0
9.719999999999999  0.0
9.84  0.0
9.959999999999999  0.0
10.08  0.0
10.2  0.0
10.32  0.0
10.44  0.0
10.559999999999999  0.0
10.68  0.0
10.799999999999999  0.0
10.92  0.0
11.04  0.0
11.16  0.0
11.28  0.0
11.4  0.0
11.52  0.0
11.639999999999999  0.0
11.76  0.0
11.879999999999999  0.0
12.0  0.0
12.12  0.0
12.24  0.0
12.36  0.0
12.48  0.0
12.6  0.0
12.719999999999999  0.0
12.84  0.0
12.959999999999999  0.0032877283443289995
13.08  0.01687935175643407
13.2  0.031074510188050408
13.32  0.04585531129724485
13.44  0.06120283216331912
13.559999999999999  0.07709714632689413
13.68  0.09351735235011532
13.799999999999999  0.11044160385522717
13.92  0.12784714099757988
14.04  0.14571032332699968
14.16  0.16400666398942554
14.28  0.1827108652187054
14.399999999999999  0.2017968550665652
14.52  0.2212378253169131
14.639999999999999  0.24100627052889467
14.76  0.261074028151454
14.879999999999999  0.281412319650547
15.0  0.30199179258868136
15.12  0.32278256359502033
15.24  0.34375426216298427
15.36  0.3648760752110422
15.479999999999999  0.38611679234126994
15.6  0.4074448517291871
15.719999999999999  0.4288283865774762
15.84  0.45023527206531966
15.959999999999999  0.47163317272436234
16.08  0.49298959017167254
16.2  0.514271911129518
16.32  0.5354474556613661
16.439999999999998  0.556483525553161
16.56  0.5773474527687256
16.68  0.5980066479079943
16.8  0.6184286485967895
16.919999999999998  0.6385811677369171
17.04  0.6584321415455744
17.16  0.6779497773133287
17.28  0.6971026008103669
17.4  0.7158595032711806
17.52  0.7341897878884849
17.64  0.7520632157478601
17.759999999999998  0.7694500511354304
17.88  0.7863211061517915
18.0  0.8026477845664015
18.12  0.8184021248477709
18.24  0.8335568423059662
18.36  0.8480853702852488
18.48  0.8619619003460353
18.599999999999998  0.8751614213768653
18.72  0.8876597575785965
18.84  0.8994336052647014
18.96  0.910460568423275
19.08  0.9207191929881551
19.2  0.9301889997684547
19.32  0.9388505159877546
19.439999999999998  0.9466853053862427
19.56  0.9536759968411862
19.68  0.9598063114632732
19.8  0.9650610881286165
19.919999999999998  0.9694263074084688
20.04  0.9728891138610625
20.16  0.9754378366523673
20.279999999999998  0.9770620084750208
20.4  0.9777523827371529
20.52  0.9775009489953803
20.64  0.9763009466087956
20.759999999999998  0.9741468765933924
20.88  0.9710345116589935
21.0  0.9669609044134136
21.119999999999997  0.961924393721266
21.24  0.9559246092075269
21.36  0.9489624738986873
21.48  0.9410402049970441
21.599999999999998  0.9321613127864212
21.72  0.9223305976703394
21.84  0.911554145346402
21.96  0.8998393201233706
22.08  0.8871947563901477
22.2  0.873630348248572
22.32  0.8591572373246342
22.439999999999998  0.8437877987753759
22.56  0.8275356255113859
22.68  0.8104155106574251
22.8  0.7924434282762729
22.919999999999998  0.7736365123834561
23.04  0.7540130342830054
23.16  0.7335923782568576
23.279999999999998  0.7123950156429237
23.4  0.6904424773392014
23.52  0.6677573247736363
23.64  0.6443631193816503
23.759999999999998  0.6202843906354756
23.88  0.5955466026715248
24.0  0.570176119564112
24.119999999999997  0.544200169295788
24.24  0.5176468064764886
24.36  0.4905448738655271
24.48  0.46292396275218783
24.599999999999998  0.43481437225239106
24.72  0.40624706758044815
24.84  0.3772536373564612
24.96  0.34786625001130356
25.08  0.31811760935246347
25.2  0.2880409093552412
25.32  0.25766978824496034
25.439999999999998  0.22703828193682993
25.56  0.1961807769011058
25.68  0.1651319625219975
25.8  0.13392678301950384
25.919999999999998  0.10260038900404336
26.04  0.07118808873422447
26.16  0.039725299148589716
26.279999999999998  0.00824749674246325
26.4  0.0
26.52  0.0
26.64  0.0
26.759999999999998  0.0
26.88  0.0
27.0  0.0
27.119999999999997  0.0
27.24  0.0
27.36  0.0
27.48  0.0
27.599999999999998  0.0
27.72  0.0
27.84  0.0
27.959999999999997  0.0
28.08  0.0
28.2  0.0
28.32  0.0
28.439999999999998  0.0
28.56  0.0
28.68  0.0
28.799999999999997  0.0
28.919999999999998  0.0
29.04  0.0
29.16  0.0
29.279999999999998  0.0
29.4  0.0
29.52  0.0
29.64  0.0
29.759999999999998  0.0
29.88  0.0
30.0  0.0
30.119999999999997  0.0
30.24  0.0
30.36  0.0
30.48  0.0
30.599999999999998  0.0
30.72  0.0
30.84  0.0
30.959999999999997  0.0
31.08  0.0
31.2  0.0
31.32  0.0
31.439999999999998  0.0
31.56  0.0
31.68  0.0
31.799999999999997  0.0
31.919999999999998  0.0
32.04  0.0
32.16  0.0
32.28  0.0
32.4  0.0
32.519999999999996  0.0
32.64  0.0
32.76  0.0
32.879999999999995  0.0
33.0  0.0
33.12  0.0
33.24  0.0
33.36  0.0
33.48  0.0
33.6  0.0
33.72  0.0
33.839999999999996  0.0
33.96  0.0
34.08  0.0
34.199999999999996  0.0
34.32  0.0
34.44  0.0
34.56  0.0
34.68  0.0
34.8  0.0
34.92  0.0
35.04  0.0
35.16  0.0
35.28  0.0
35.4  0.0
35.519999999999996  0.0
35.64  0.0
35.76  0.0
35.879999999999995  0.0
36.0  0.0
36.12  0.0
36.24  0.0
36.36  0.0
36.48  0.0
36.6  0.0
36.72  0.0
36.839999999999996  0.0
36.96  0.0
37.08  0.0
37.199999999999996  0.0
37.32  0.0
37.44  0.0
37.559999999999995  0.0
37.68  0.0
37.8  0.0
37.92  0.0
38.04  0.0
38.16  0.0
38.28  0.0
38.4  0.0
38.519999999999996  0.0
38.64  0.0
38.76  0.0
38.879999999999995  0.0
39.0  0.0
39.12  0.0
39.24  0.0
39.36  0.0
39.48  0.0
39.6  0.0
39.72  0.010644524635660124
39.839999999999996  0.020783970490191095
39.96  0.030256062391346927
40.08  0.0390494932238008
40.199999999999996  0.04715412386194151
40.32  0.054560997311813186
40.44  0.061262351070816234
40.559999999999995  0.06725162768724369
40.68  0.07252348350435767
40.8  0.0770737955764097
40.92  0.0808996667467019
41.04  0.0839994288804854
41.16  0.08637264424823499
41.28  0.08802010505754654
41.4  0.08894383113464971
41.519999999999996  0.08914706575925502
41.64  0.08863426965916876
41.76  0.08741111317384065
41.879999999999995  0.0854844665986918
42.0  0.08286238872476814
42.12  0.07955411359092346
42.239999999999995  0.0755700354683575
42.36  0.07092169209997501
42.48  0.06562174621956596
42.6  0.05968396537837817
42.72  0.05312320010912952
42.839999999999996  0.0459553604599664
42.96  0.03819739093328722
43.08  0.029867243866686044
43.199999999999996  0.02098385129558633
43.32  0.011567095339365785
43.44  0.0016377771549558884
43.559999999999995  0.0
43.68  0.0
43.8  0.0
43.92  0.0
44.04  0.0
44.16  0.0
44.28  0.0
44.4  0.0
44.519999999999996  0.0
44.64  0.0
44.76  0.0
44.879999999999995  0.0
45.0  0.0
45.12  0.0
45.239999999999995  0.0
45.36  0.0
45.48  0.0
45.6  0.0
45.72  0.0
45.839999999999996  0.0
45.96  0.0
46.08  0.0
46.199999999999996  0.0
46.32  0.0
46.44  0.0
46.559999999999995  0.0
46.68  0.0
46.8  0.0
46.92  0.0
47.04  0.0
47.16  0.0
47.28  0.0
47.4  0.0
47.519999999999996  0.0
47.64  0.0
47.76  0.0
47.879999999999995  0.0
48.0  0.0
48.12  0.0
48.239999999999995  0.0
48.36  0.0
48.48  0.0
48.6  0.0
48.72  0.0
48.839999999999996  0.0
48.96  0.0
49.08  0.0
49.199999999999996  0.0
49.32  0.0
49.44  0.0
49.559999999999995  0.0
49.68  0.0
49.8  0.0
49.92  0.0
50.04  0.0
50.16  0.0
50.28  0.0
50.4  0.0
50.519999999999996  0.0
50.64  0.0
50.76  0.0
50.879999999999995  0.0
51.0  0.0
51.12  0.0
51.239999999999995  0.0
51.36  0.0
51.48  0.0
51.6  0.0
51.72  0.0
51.839999999999996  0.0
51.96  0.0
52.08  0.0
52.199999999999996  0.0
52.32  0.0
52.44  0.0
52.559999999999995  0.0
52.68  0.0
52.8  0.0
52.919999999999995  0.0
53.04  0.0
53.16  0.0
53.28  0.0
53.4  0.0
53.519999999999996  0.0
53.64  0.0
53.76  0.0
53.879999999999995  0.0
54.0  0.00882184076248349
54.12  0.0357072599119701
54.239999999999995  0.062921238823823
54.36  0.09043251123473436
54.48  0.11820926902660434
54.6  0.14621920662197052
54.72  0.17442956613906496
54.839999999999996  0.2028071832408549
54.96  0.23131853361130544
55.08  0.2599297799911924
55.199999999999996  0.2886068197050352
55.32  0.31731533260985867
55.44  0.3460208293959996
55.559999999999995  0.37468870016956196
55.68  0.40328426324571076
55.8  0.4317728140817244
55.919999999999995  0.4601196742784658
56.04  0.48829024057881426
56.16  0.5162500337916474
56.28  0.5439647475700259
56.4  0.5714002969724072
56.519999999999996  0.5985228667361097
56.64  0.6252989591925847
56.76  0.6516954417545768
56.879999999999995  0.6776795939059325
57.0  0.7032191536254679
57.12  0.7282823631771387
57.239999999999995  0.7528380141997324
57.36  0.7768554920302475
57.48  0.8003048191962662
57.599999999999994  0.8231566980138652
57.72  0.8453825522288757
57.839999999999996  0.8669545676406869
57.96  0.88784573164934
58.08  0.908029871668119
58.199999999999996  0.9274816923456352
58.32  0.9461768115429974
58.44  0.9640917950135809
58.559999999999995  0.9812041897347674
58.68  0.9974925558429855
58.8  1.0129364971254204
58.919999999999995  1.0275166900239014
59.04  1.041214911108613
59.16  1.0540140629815162
59.28  1.0658981985716849
59.4  1.076852543787084
59.519999999999996  1.0868635184897342
59.64  1.0959187557636414
59.76  1.104007119447389
59.879999999999995  1.11111871990581
60.0  1.1172449280177164
60.12  1.1223783873593143
60.239999999999995  1.1265130245655222
60.36  1.129644057854099
60.48  1.1317680037001767
60.599999999999994  1.132882681651481
60.72  1.1329872172772495
60.839999999999996  1.1320820432465917
60.96  1.1301688985347524
61.08  1.1272508257584968
61.199999999999996  1.1233321666445524
61.32  1.1184185556377884
61.44  1.112516911658517
61.559999999999995  1.1056354280210146
61.68  1.097783560528057
61.8  1.0889720137589098
61.919999999999995  1.0792127255708612
62.04  1.0685188498370217
62.16  1.0569047374456435
62.28  1.0443859155887951
62.4  1.0309790653707138
62.519999999999996  1.0167019977686012
62.64  1.0015736279810437
62.76  0.9856139482016161
62.879999999999995  0.9688439988574736
63.0  0.9512858383550354
63.12  0.9329625113770202
63.239999999999995  0.9138980157771912
63.36  0.8941172681212428
63.48  0.8736460679242395
63.599999999999994  0.8525110606368815
63.72  0.8307396994347332
63.839999999999996  0.8083602058663077
63.96  0.785401529417489
64.08  0.761893306051481
64.2  0.7378658157848003
64.32  0.7133499393614172
64.44  0.6883771140882865
64.56  0.6629792888968749
64.67999999999999  0.6371888786963099
64.8  0.6110387180848595
64.92  0.5845620144873966
65.03999999999999  0.5577923007872664
65.16  0.5307633875217613
65.28  0.5035093147110583
65.39999999999999  0.4760643033909107
65.52  0.4484627069198946
65.64  0.4207389621323256
65.75999999999999  0.3929275404081001
65.88  0.3650628987309148
66.0  0.33717943080630414
66.12  0.3093114183107786
66.24  0.28149298234323017
66.36  0.25375803514938466
66.48  0.22614023218976007
66.6  0.1986729246209644
66.72  0.17138911225962453
66.84  0.14432139709756653
66.96  0.11750193743586324
67.08  0.09096240270466294
67.2  0.06473392903459763
67.32  0.03884707564441264
67.44  0.013331782108299384
67.56  0.0
67.67999999999999  0.0
67.8  0.0
67.92  0.0
68.03999999999999  0.0
68.16  0.0
68.28  0.0
68.39999999999999  0.0
68.52  0.0
68.64  0.0
68.75999999999999  0.0
68.88  0.0
69.0  0.0
69.12  0.0
69.24  0.0
69.36  0.0
69.48  0.0
69.6  0.0
69.72  0.0
69.84  0.0
69.96  0.0
70.08  0.0
70.2  0.0
70.32  0.0
70.44  0.0
70.56  0.0
70.67999999999999  0.0
70.8  0.0
70.92  0.0
71.03999999999999  0.0
71.16  0.0
71.28  0.0
71.39999999999999  0.0
71.52  0.0
71.64  0.0
71.75999999999999  0.0
71.88  0.0
72.0  0.0
72.11999999999999  0.0
72.24  0.0
72.36  0.0
72.48  0.0
72.6  0.0
72.72  0.0
72.84  0.0
72.96  0.0
73.08  0.0
73.2  0.0
73.32  0.0
73.44  0.0
73.56  0.0
73.67999999999999  0.0
73.8  0.0
73.92  0.0
74.03999999999999  0.0
74.16  0.0
74.28  0.0
74.39999999999999  0.0
74.52  0.0
74.64  0.0
74.75999999999999  0.0
74.88  0.0
75.0  0.0
75.11999999999999  0.0
75.24  0.0
75.36  0.0
75.48  0.0
75.6  0.0
75.72  0.0
75.84  0.0
75.96  0.0
76.08  0.0
76.2  0.0
76.32  0.0
76.44  0.0
76.56  0.0
76.67999999999999  0.0
76.8  0.0
76.92  0.0
77.03999999999999  0.0
77.16  0.0
77.28  0.007033329858239679
77.39999999999999  0.0181000938387727
77.52  0.0287350975402485
77.64  0.038914319565458155
77.75999999999999  0.048614519589804894
77.88  0.0578132747327787
78.0  0.06648901469805396
78.11999999999999  0.07462105563008858
78.24  0.08218963263684409
78.36  0.08917593093029458
78.48  0.09556211553844335
78.6  0.10133135954462469
78.72  0.10646787081207393
78.84  0.11095691715395589
78.96  0.11478484991137683
79.08  0.11793912590421296
79.2  0.12040832772198906
79.32  0.12218218232452926
79.44  0.12325157792454294
79.56  0.12360857912687945
79.67999999999999  0.12324644030173143
79.8  0.12215961717169299
79.92  0.1203437765951928
80.03999999999999  0.11779580453149296
80.16  0.11451381217512385
80.28  0.11049714025032176
80.39999999999999  0.10574636145875543
80.52  0.10026328107654026
80.64  0.09405093569928491
80.75999999999999  0.08711359013662817
80.88  0.07945673246045976
81.0  0.0710870672137569
81.11999999999999  0.06201250678965331
81.24  0.052242160993074216
81.36  0.04178632479996269
81.48  0.03065646433174496
81.6  0.01886520106535905
81.72  0.0064262943017381335
81.84  0.0
81.96  0.0
82.08  0.0
82.2  0.0
82.32  0.0
82.44  0.0
82.56  0.0
82.67999999999999  0.0
82.8  0.0
82.92  0.0
83.03999999999999  0.0
83.16  0.0
83.28  0.0
83.39999999999999  0.0
83.52  0.0
83.64  0.0
83.75999999999999  0.0
83.88  0.0
84.0  0.0
84.11999999999999  0.0
84.24  0.0
84.36  0.0
84.47999999999999  0.0
84.6  0.0
84.72  0.0
84.84  0.0
84.96  0.0
85.08  0.0
85.2  0.0
85.32  0.0
85.44  0.0
85.56  0.0
85.67999999999999  0.0
85.8  0.0
85.92  0.0
86.03999999999999  0.0
86.16  0.0
86.28  0.0
86.39999999999999  0.0
86.52  0.0
86.64  0.0
86.75999999999999  0.0
86.88  0.0
87.0  0.0
87.11999999999999  0.0
87.24  0.0
87.36  0.0
87.47999999999999  0.0
87.6  0.0
87.72  0.0
87.84  0.0
87.96  0.0
88.08  0.0
88.2  0.0
88.32  0.0
88.44  0.0
88.56  0.0
88.67999999999999  0.0
88.8  0.0
88.92  0.0
89.03999999999999  0.0
89.16  0.0
89.28  0.0
89.39999999999999  0.0
89.52  0.0
89.64  0.0
89.75999999999999  0.0
89.88  0.0
90.0  0.0
90.11999999999999  0.0
90.24  0.0
90.36  0.0
90.47999999999999  0.0
90.6  0.0
90.72  0.0
90.84  0.0
90.96  0.0
91.08  0.0
91.2  0.0
91.32  0.0
91.44  0.0
91.56  0.0
91.67999999999999  0.0
91.8  0.0
91.92  0.0
92.03999999999999  0.0
92.16  0.0
92.28  0.0
92.39999999999999  0.0
92.52  0.0
92.64  0.0
92.75999999999999  0.0
92.88  0.0
93.0  0.0
93.11999999999999  0.0
93.24  0.0
93.36  0.0
93.47999999999999  0.0
93.6  0.0
93.72  0.0
93.84  0.0
93.96  0.0
94.08  0.0
94.2  0.0
94.32  0.0
94.44  0.0
94.56  0.0
94.67999999999999  0.0
94.8  0.0
94.92  0.0
95.03999999999999  0.0
95.16  0.00026632737921988836
95.28  0.03171606510078917
95.39999999999999  0.06310196350218633
95.52  0.09438868703802714
95.64  0.1255410475756865
95.75999999999999  0.1565240531704543
95.88  0.18730295655283463
96.0  0.2178433032575606
96.11999999999999  0.24811097932446985
96.24  0.27807225850196515
96.36  0.3076938488844275
96.47999999999999  0.3369429389159825
96.6  0.36578724269378016
96.72  0.3941950445050013
96.84  0.4221352425330217
96.96  0.4495773916692696
97.08  0.4764917453687005
97.2  0.5028492964881589
97.32  0.528621817048451
97.44  0.5537818968624826
97.56  0.5783029809734692
97.67999999999999  0.6021594058490338
97.8  0.6253264342787808
97.92  0.6477802889248094
98.03999999999999  0.6694981844766977
98.16  0.6904583583644488
98.28  0.7106400999850133
98.39999999999999  0.7300237784002561
98.52  0.7485908684663763
98.64  0.7663239753571391
98.75999999999999  0.7832068574456466
98.88  0.7992244475117579
99.0  0.8143628722446937
99.11999999999999  0.8286094700129347
99.24  0.8419528068759983
99.36  0.854382690815257
99.47999999999999  0.8658901841636306
99.6  0.8764676142165491
99.72  0.8861085820092851
99.84  0.8948079692484561
99.96  0.9025619433881578
100.08  0.9093679608439581
100.2  0.9152247683406534
100.32  0.9201324023924777
100.44  0.9240921869171591
100.56  0.9271067289879427
100.67999999999999  0.9291799127304633
100.8  0.9303168913740327
100.92  0.9305240774696213
101.03999999999999  0.929809131289501
101.16  0.9281809474261788
101.28  0.9256496396108863
101.39999999999999  0.9222265237744743
101.52  0.9179240993761855
101.64  0.9127560290282603
101.75999999999999  0.9067371164468383
101.88  0.8998832827621079
102.0  0.8922115412229921
102.11999999999999  0.8837399703340387
102.24  0.8744876854645016
102.36  0.8644748089717873
102.47999999999999  0.853722438883622
102.6  0.8422526161854442
102.72  0.8300882907615186
102.83999999999999  0.8172532860402191
102.96  0.8037722623959136
103.08  0.7896706793615942
103.2  0.7749747567081564
103.32  0.7597114344479802
103.44  0.7439083318218536
103.56  0.7275937053299562
103.67999999999999  0.7107964058688838
103.8  0.6935458350380072
103.92  0.6758719006797496
104.03999999999999  0.6578049717194114
104.16  0.6393758323711316
104.28  0.6206156357777151
104.39999999999999  0.6015558571525657
104.52  0.5822282464929085
104.64  0.5626647809341152
104.75999999999999  0.5428976168152406
104.88  0.5229590415265016
105.0  0.5028814252097495
105.11999999999999  0.4826971723829364
105.24  0.46243867356000834
105.36  0.44213825693743014
105.47999999999999  0.42182814021846327
105.6  0.4015403826462204
105.72  0.38130683731607873
105.83999999999999  0.3611591038376192
105.96  0.3411284814158436
106.08  0.32124592242067207
106.2  0.30154198651300734
106.32  0.2820467953949453
106.44  0.26278998825057687
106.56  0.24380067794300408
106.67999999999999  0.22510740803194185
106.8  0.20673811067506098
106.92  0.18872006547501602
107.03999999999999  0.17107985933260045
107.16  0.15384334736498684
107.28  0.13703561494652006
107.39999999999999  0.12068094092777992
107.52  0.1048027620868901
107.64  0.08942363886530891
107.75999999999999  0.07456522243835606
107.88  0.06024822316875805
108.0  0.04649238048952997
108.11999999999999  0.03331643426031328
108.24  0.02073809763913048
108.36  0.00877403150933509
108.47999999999999  0.0
108.6  0.0
108.72  0.0
108.83999999999999  0.0
108.96  0.0
109.08  0.0
109.2  0.0
109.32  0.0
109.44  0.0
109.56  0.0
109.67999999999999  0.0
109.8  0.0
109.92  0.0
110.03999999999999  0.0
110.16  0.0
110.28  0.0
110.39999999999999  0.0
110.52  0.0
110.64  0.0
110.75999999999999  0.0
110.88  0.0
111.0  0.0
111.11999999999999  0.0
111.24  0.0
111.36  0.0
111.47999999999999  0.0
111.6  0.0
111.72  0.0
111.83999999999999  0.0
111.96  0.0
112.08  0.0
112.2  0.0
112.32  0.0
112.44  0.009691896060910699
112.56  0.020652120940920837
112.67999999999999  0.03205270820347783
112.8  0.04386936566532135
112.92  0.056077065012056504
113.03999999999999  0.0686500806291036
113.16  0.08156202948994434
113.28  0.09478591204255277
113.39999999999999  0.10829415403340772
113.52  0.12205864920700449
113.64  0.1360508028176106
113.75999999999999  0.15024157588876846
113.88  0.16460153015487228
114.0  0.1791008736182371
114.11999999999999  0.19370950665413658
114.24  0.2083970685954095
114.36  0.22313298472760462
114.47999999999999  0.23788651362502652
114.6  0.25262679475742134
114.72  0.26732289629678196
114.83999999999999  0.28194386305339686
114.96  0.29645876446999964
115.08  0.310836742602896
115.19999999999999  0.32504706001891864
115.32  0.3390591475371161
115.44  0.35284265174439067
115.56  0.36636748221461823
115.67999999999999  0.37960385836110133
115.8  0.39252235585294826
115.92  0.4050939525263332
116.03999999999999  0.4172900737226229
116.16  0.4290826369859867
116.28  0.4404440960540472
116.39999999999999  0.45134748407633346
116.52  0.46176645599626553
116.64  0.47167533003360773
116.75999999999999  0.481049128205852
116.88  0.4898636158281338
117.0  0.4980953399329554
117.11999999999999  0.505721666552575
117.24  0.5127208168084253
117.36  0.5190719017538961
117.47999999999999  0.5247549559184921
117.6  0.5297509695033111
117.72  0.5340419191797985
117.83999999999999  0.5376107974457884
117.96  0.5404416404948913
118.08  0.5425195545575403
118.19999999999999  0.543830740674247
118.32  0.5443625178638563
118.44  0.5441033446520168
118.56  0.5430428389274728
118.67999999999999  0.5411717960961949
118.8  0.5384822055059352
118.92  0.5349672651163001
119.03999999999999  0.5306213943919647
119.16  0.5254402453993684
119.28  0.5194207120897822
119.39999999999999  0.5125609377543283
119.52  0.504860320639213
119.64  0.49631951771219074
119.75999999999999  0.48694044657389146
119.88  0.47672628551046564
120.0  0.4656814716866814
