0.0  31.9709761513724
1.68  34.613238899318546
3.36  35.765122782657116
5.04  34.08532306779363
6.72  31.529873120267247
8.4  31.07445231250431
10.08  33.249372852241734
11.76  35.52206070372992
13.44  1.9127638995380152
15.12  0.0
16.8  0.0
18.48  0.0
20.16  1.2196945764209763
21.84  2.4391006309509007
23.52  0.8183096227998591
25.2  0.0
26.88  0.0
28.56  0.0
30.24  2.1564212861378986
31.919999999999998  1.9557039937589118
33.6  0.0
35.28  0.0
36.96  0.0
38.64  1.1584867093498585
40.32  2.4444182933781797
42.0  0.8839606925085893
43.68  0.0
45.36  0.0
47.04  0.0
48.72  2.122352721404932
50.4  1.997045657225748
52.08  0.0
53.76  0.0
55.44  0.0
57.12  1.0963319910219456
58.8  2.447738090387997
60.48  0.9488892858298973
62.16  0.0
63.839999999999996  0.0
65.52  0.0
67.2  2.0865495210258427
68.88  2.036755100680783
70.56  0.0
72.24  0.0
73.92  0.0
75.6  1.0332812215652818
77.28  2.4490573086527445
78.96  1.013042335499656
80.64  0.0
82.32  0.0
84.0  0.0
85.67999999999999  2.049040947576515
87.36  2.074799868907959
89.03999999999999  0.0
90.72  0.0
92.39999999999999  0.0
94.08  0.9693859334660306
95.75999999999999  2.4483748699524814
97.44  1.0763674081190047
99.11999999999999  0.0
100.8  0.0
102.47999999999999  0.0
104.16  2.0098576574638622
105.83999999999999  2.111148867259156
107.52  0.0
109.2  0.0
110.88  0.0
112.56  0.9046983494500245
114.24  2.4456913320561804
115.92  1.1388127470090534
117.6  0.0
119.28  0.0
120.96  0.0
122.64  1.9690316758696336
124.32  2.1457723870682885
126.0  0.0
127.67999999999999  0.0
129.35999999999999  0.0
131.04  0.8392713398003053
132.72  2.441008888265853
134.4  1.2003273145125612
136.07999999999998  0.0
137.76  0.0
139.44  0.0
141.12  1.9265963705758917
142.79999999999998  2.178642129932844
144.48  0.0
146.16  0.0
147.84  0.0
149.51999999999998  0.7731583791453108
151.2  2.4343313656239216
152.88  1.26086083370788
154.56  0.0
156.23999999999998  0.0
157.92  0.0
159.6  1.882586424692746
161.28  2.209731230842508
162.96  0.0
164.64  0.0
166.32  0.0
168.0  0.7064135027531706
