0.0  36.76174372193392
1.68  35.6473216983354
3.36  31.838388889097597
5.04  29.77023576131732
6.72  31.851111636141276
8.4  35.65795226091721
10.08  36.75790340102177
11.76  33.87013311472421
13.44  0.0
15.12  0.0
16.8  0.4497833941538234
18.48  3.399269058622235
20.16  2.390494914926336
21.84  0.0
23.52  0.0
25.2  0.0
26.88  2.2464773339431696
28.56  3.451295818608859
30.24  0.63727222596573
31.919999999999998  0.0
33.6  0.0
35.28  0.34856002691838484
36.96  3.3673494471544756
38.64  2.4650476719444985
40.32  0.0
42.0  0.0
43.68  0.0
45.36  2.166499655460205
47.04  3.4752007656676365
48.72  0.7372238169104179
50.4  0.0
52.08  0.0
53.76  0.247051775534615
55.44  3.332677642648724
57.12  2.5375857027967297
58.8  0.0
60.48  0.0
62.16  0.0
63.839999999999996  2.084751259277118
65.52  3.496265370937425
67.2  0.8365728620581017
68.88  0.0
70.56  0.0
72.24  0.1453416044548459
73.92  3.2952819829714404
75.6  2.6080497208937796
77.28  0.0
78.96  0.0
80.64  0.0
82.32  2.0012989597742905
84.0  3.5144724179514086
85.67999999999999  0.9352381617131663
87.36  0.0
89.03999999999999  0.0
90.72  0.04351264316390646
92.39999999999999  3.255193032243111
94.08  2.6763821347729464
95.75999999999999  0.0
97.44  0.0
99.11999999999999  0.0
100.8  1.9162109639618057
102.47999999999999  3.5298070257746645
104.16  1.0331390750168368
105.83999999999999  0.0
107.52  0.0
109.2  0.0
110.88  3.2124435558576665
112.56  2.742527095168632
114.24  0.0
115.92  0.0
117.6  0.0
119.28  1.8295568157326998
120.96  3.5422566611665527
122.64  1.1301955858568133
124.32  0.0
126.0  0.0
127.67999999999999  0.0
129.35999999999999  3.167068493702701
131.04  2.8064305406588304
132.72  0.0
134.4  0.0
136.07999999999998  0.0
137.76  1.7414073390234226
139.44  3.5518111488244024
141.12  1.226328368265291
142.79999999999998  0.0
144.48  0.0
146.16  0.0
147.84  3.1191049316026205
149.51999999999998  2.868040241850484
151.2  0.0
152.88  0.0
154.56  0.0
156.23999999999998  1.6518345799284475
157.92  3.558462679699934
159.6  1.3214588512539307
161.28  0.0
162.96  0.0
164.64  0.0
166.32  3.0685920710076124
168.0  2.9273058440674444
