0.0  20.03755295957901
1.68  57.75305689257853
3.36  22.29335873196852
5.04  19.915622805830154
6.72  57.744880914719516
8.4  22.42343675001957
10.08  19.794168046172402
11.76  57.73584002734775
13.44  0.0
15.12  0.0
16.8  24.39260121745162
18.48  0.0
20.16  0.0
21.84  24.381831502652233
23.52  0.0
25.2  0.0
26.88  24.37019793119096
28.56  0.0
30.24  0.0
31.919999999999998  24.35770091524922
33.6  0.0
35.28  0.0
36.96  24.34434089760061
38.64  0.0
40.32  0.0
42.0  24.33011835159508
43.68  0.0
45.36  0.0
47.04  24.315033781142375
48.72  0.0
50.4  0.0
52.08  24.29908772069396
53.76  0.0
55.44  0.0
57.12  24.282280735224283
58.8  0.0
60.48  0.0
62.16  24.264613420210587
63.839999999999996  0.0
65.52  0.0
67.2  24.246086401611947
68.88  0.0
70.56  0.0
72.24  24.226700335846864
73.92  0.0
75.6  0.0
77.28  24.20645590977044
78.96  0.0
80.64  0.0
82.32  24.185353840649597
84.0  0.0
85.67999999999999  0.0
87.36  24.16339487613789
89.03999999999999  0.0
90.72  0.0
92.39999999999999  24.140579794248907
94.08  0.0
95.75999999999999  0.0
97.44  24.116909403329018
99.11999999999999  0.0
100.8  0.0
102.47999999999999  24.09238454202806
104.16  0.0
105.83999999999999  0.0
107.52  24.067006079270463
109.2  0.0
110.88  0.0
112.56  24.040774914223956
114.24  0.0
115.92  0.0
117.6  24.013691976267328
119.28  0.0
120.96  0.0
122.64  23.9857582249589
124.32  0.0
126.0  0.0
127.67999999999999  23.956974650000532
129.35999999999999  0.0
131.04  0.0
132.72  23.927342271204573
134.4  0.0
136.07999999999998  0.0
137.76  23.896862138456246
139.44  0.0
141.12  0.0
142.79999999999998  23.86553533167712
144.48  0.0
146.16  0.0
147.84  23.833362960786868
149.51999999999998  0.0
151.2  0.0
152.88  23.800346165663175
154.56  0.0
156.23999999999998  0.0
157.92  23.76648611610289
159.6  0.0
161.28  0.0
162.96  23.731784011779215
164.64  0.0
166.32  0.0
168.0  23.696241082199112
