0.0  35.872622404208
1.68  36.691302704001515
3.36  37.45230477992776
5.04  38.1425572655585
6.72  38.750204026130014
8.4  39.264807805664134
10.08  39.677529502691335
11.76  39.98127999524285
13.44  6.837508573953812
15.12  6.909625891753802
16.8  6.863059890847876
18.48  6.698610413023851
20.16  6.419102127821489
21.84  6.029336014543188
23.52  5.536006898142958
25.2  4.9475884554400436
26.88  4.274187666850145
28.56  3.5273712136467608
30.24  2.7199668026433854
31.919999999999998  1.8658428308468693
33.6  0.9796701746761638
35.28  0.07667019537838327
36.96  0.0
38.64  0.0
40.32  0.0
42.0  0.0
43.68  0.0
45.36  0.0
47.04  0.0
48.72  0.0
50.4  0.0
52.08  0.0
53.76  0.0
55.44  0.0
57.12  0.0
58.8  0.0
60.48  0.0
62.16  0.0
63.839999999999996  0.0
65.52  0.0
67.2  0.0
68.88  0.0
70.56  0.0
72.24  0.0
73.92  0.0
75.6  0.0
77.28  0.8693715023787152
78.96  1.7584388471288777
80.64  2.6173023340453416
82.32  3.431209678338803
84.0  4.186180785246808
85.67999999999999  4.869247879393578
87.36  5.4686782460269505
89.03999999999999  5.974175758213319
90.72  6.377057728455032
92.39999999999999  6.67040404703498
94.08  6.849176045410954
95.75999999999999  6.910303043000339
97.44  6.852735090782725
99.11999999999999  6.677461005768952
100.8  6.387491386567168
102.47999999999999  5.987806901779402
104.16  5.485272739453878
105.83999999999999  4.888520687053826
107.52  4.2078008673981575
109.2  3.4548056772347486
110.88  2.642468952568352
112.56  1.7847438103839472
114.24  0.8963629826711856
115.92  0.0
117.6  0.0
119.28  0.0
120.96  0.0
122.64  0.0
124.32  0.0
126.0  0.0
127.67999999999999  0.0
129.35999999999999  0.0
131.04  0.0
132.72  0.0
134.4  0.0
136.07999999999998  0.0
137.76  0.0
139.44  0.0
141.12  0.0
142.79999999999998  0.0
144.48  0.0
146.16  0.0
147.84  0.0
149.51999999999998  0.0
151.2  0.0
152.88  0.0
154.56  0.0
156.23999999999998  0.04945682508519189
157.92  0.9527229997572257
159.6  1.8396247099575285
161.28  2.694928071828754
162.96  3.50394195113623
164.64  4.252770305810597
166.32  4.928550871575013
168.0  5.519676090868713
