0.0  27.078571171918043
1.68  35.817774081140655
3.36  36.144073163375595
5.04  26.952542571588825
6.72  39.367878259895434
8.4  31.348817937104013
10.08  30.049795991717453
11.76  39.86960788920568
13.44  0.0
15.12  1.472408123421415
16.8  3.736178903113739
18.48  0.0
20.16  5.484560725126724
21.84  0.0
23.52  0.0
25.2  6.726165500471879
26.88  0.0
28.56  0.42427755054533023
30.24  4.570020822210531
31.919999999999998  0.0
33.6  4.800115576758545
35.28  0.10531181401310441
36.96  0.0
38.64  6.7511559858100325
40.32  0.0
42.0  0.0
43.68  5.291822897452206
45.36  0.0
47.04  3.9979895204407
48.72  1.1593042686643857
50.4  0.0
52.08  6.610633338513092
53.76  0.0
55.44  0.0
57.12  5.883889237517799
58.8  0.0
60.48  3.0978476915409034
62.16  2.1848749120603514
63.839999999999996  0.0
65.52  6.3080426491120924
67.2  0.0
68.88  0.0
70.56  6.331704586815821
72.24  0.0
73.92  2.1217582061314597
75.6  3.1568805820101353
77.28  0.0
78.96  5.850802311288685
80.64  0.0
82.32  0.0
84.0  6.624290185344253
85.67999999999999  0.0
87.36  1.0936511331963876
89.03999999999999  4.051491329433815
90.72  0.0
92.39999999999999  5.250122150565928
94.08  0.0
95.75999999999999  0.0
97.44  6.754472926885709
99.11999999999999  0.0
100.8  0.03873181870648024
102.47999999999999  4.8467746397211675
104.16  0.0
105.83999999999999  4.520728601249762
107.52  0.4907087227812834
109.2  0.0
110.88  6.719061216783992
112.56  0.0
114.24  0.0
115.92  5.5232331360827835
117.6  0.0
119.28  3.68050366925506
120.96  1.537321705670592
122.64  0.0
124.32  6.518923217926018
126.0  0.0
127.67999999999999  0.0
129.35999999999999  6.064282582416856
131.04  0.0
132.72  2.750046532100997
134.4  2.546245301452235
136.07999999999998  0.0
137.76  6.158965566630054
139.44  0.0
141.12  0.0
142.79999999999998  6.456658466843822
144.48  0.0
146.16  1.7521685240063318
147.84  3.4927444713747544
149.51999999999998  0.0
151.2  5.648013080247072
152.88  0.0
154.56  0.0
156.23999999999998  6.690741198002215
157.92  0.0
159.6  0.7113338871619117
161.28  4.353614590484742
162.96  0.0
164.64  4.998592405595107
166.32  0.0
168.0  0.0
