0.0  28.657856530815263
1.68  33.85224760461371
3.36  37.28947225671904
5.04  27.33027507102425
6.72  37.69885260613226
8.4  33.284749640877266
10.08  29.035162546066573
11.76  39.34019805481636
13.44  0.0
15.12  0.0
16.8  4.61381838722998
18.48  0.0
20.16  3.6672783356362286
21.84  0.8900832075789991
23.52  0.0
25.2  5.904061442339179
26.88  0.0
28.56  0.0
30.24  5.15838425448653
31.919999999999998  0.0
33.6  2.879129429104762
35.28  1.8069285913727067
36.96  0.0
38.64  5.656512625298487
40.32  0.0
42.0  0.0
43.68  5.576485803766996
45.36  0.0
47.04  2.0203950210569985
48.72  2.679474834066042
50.4  0.0
52.08  5.270287242885729
53.76  0.0
55.44  0.0
57.12  5.857872746479843
58.8  0.0
60.48  1.112128072241644
62.16  3.4863303603049896
63.839999999999996  0.0
65.52  4.7548540991221335
67.2  0.0
68.88  0.0
70.56  5.995646525626995
72.24  0.0
73.92  0.17659589632813866
75.6  4.207714085781553
77.28  0.0
78.96  4.122849689811914
80.64  0.29423801563231633
82.32  0.0
84.0  5.986429442658821
85.67999999999999  0.0
87.36  0.0
89.03999999999999  4.8259403755486865
90.72  0.0
92.39999999999999  3.3897684028559736
94.08  1.2276081906906766
95.75999999999999  0.0
97.44  5.830447466028575
99.11999999999999  0.0
100.8  0.0
102.47999999999999  5.325852629742373
104.16  0.0
105.83999999999999  2.573582653724596
107.52  2.130881997406156
109.2  0.0
110.88  5.531524691289848
112.56  0.0
114.24  0.0
115.92  5.695194866807904
117.6  0.0
119.28  1.6943022689473302
120.96  2.981914535306517
122.64  0.0
124.32  5.09698958855447
126.0  0.0
127.67999999999999  0.0
129.35999999999999  5.924912194398137
131.04  0.0
132.72  0.7734839198933181
134.4  3.759841664736686
136.07999999999998  0.0
137.76  4.537495335773757
139.44  0.0
141.12  0.0
142.79999999999998  6.00937280151796
144.48  0.0
146.16  0.0
147.84  4.445591517645672
149.51999999999998  0.0
151.2  3.8667586425993026
152.88  0.6361018656135591
154.56  0.0
156.23999999999998  5.946506029498278
157.92  0.0
159.6  0.0
161.28  5.022352068567134
162.96  0.0
164.64  3.101223467886796
166.32  1.5611368361588218
168.0  0.0
