0.0  28.027244288445004
1.68  41.20953294272125
3.36  27.636515312125745
5.04  33.41548449823195
6.72  38.91538767693255
8.4  25.453154156636742
10.08  38.75974543870912
11.76  33.63291386361908
13.44  0.0
15.12  7.86566689453829
16.8  0.0
18.48  0.0
20.16  6.094071075766094
21.84  0.0
23.52  4.848063384727984
25.2  1.0600407758177983
26.88  0.0
28.56  7.781346315112399
30.24  0.0
31.919999999999998  0.0
33.6  6.548919293516321
35.28  0.0
36.96  4.224234954694363
38.64  1.810556772977741
40.32  0.0
42.0  7.624028882931493
43.68  0.0
45.36  0.0
47.04  6.942332063207315
48.72  0.0
50.4  3.5607789532221226
52.08  2.5440879270515295
53.76  0.0
55.44  7.395190393695676
57.12  0.0
58.8  0.0
60.48  7.270618777473944
62.16  0.0
63.839999999999996  2.86391926472504
65.52  3.253752978231822
67.2  0.0
68.88  7.096977582536185
70.56  0.0
72.24  0.0
73.92  7.5306997768365935
75.6  0.0
77.28  2.140193133789622
78.96  3.932894554754177
80.64  0.0
82.32  6.732187985481493
84.0  0.0
85.67999999999999  0.0
87.36  7.720135240004079
89.03999999999999  0.0
90.72  1.396389839246568
92.39999999999999  4.575141625738747
94.08  0.0
95.75999999999999  6.304243695756104
97.44  0.0
99.11999999999999  0.0
100.8  7.837148071850162
102.47999999999999  0.0
104.16  0.6394870039100065
105.83999999999999  5.174469267865947
107.52  0.0
109.2  5.817159261105277
110.88  0.0
112.56  0.0
114.24  7.880640574353116
115.92  0.0
117.6  0.0
119.28  5.725255185214655
120.96  0.0
122.64  5.275504023300423
124.32  0.5048792999771448
126.0  0.0
127.67999999999999  7.850204744106753
129.35999999999999  0.0
131.04  0.0
132.72  6.222332452052982
134.4  0.0
136.07999999999998  4.684359253118534
137.76  1.2633615081237868
139.44  0.0
141.12  7.746126099802755
142.79999999999998  0.0
144.48  0.0
146.16  6.66103798379553
147.84  0.0
149.51999999999998  4.049270482913661
151.2  2.009992114985733
152.88  0.0
154.56  7.569381003778059
156.23999999999998  0.0
157.92  0.0
159.6  7.0372562814259885
161.28  0.0
162.96  3.3761954839464483
164.64  2.7377669747167
166.32  0.0
168.0  7.321627502754495
