0.0  0.0
2.4  116.3353947020737
4.8  25.295744494710448
7.199999999999999  0.0
9.6  91.67307273603868
12.0  37.940266960648096
14.399999999999999  0.0
16.8  23.738889460452796
19.2  76.0624749630256
21.599999999999998  0.0
24.0  0.0
26.4  87.54749330117744
28.799999999999997  0.0
31.2  0.0
33.6  76.62539910501437
36.0  5.643939775677786
38.4  0.0
40.8  52.179357345405634
43.199999999999996  52.81056319646521
45.6  0.0
48.0  11.06238722747117
50.4  80.2651135131751
52.8  0.0
55.199999999999996  0.0
57.599999999999994  84.61468524400595
60.0  0.0
62.4  0.0
64.8  73.55179297704137
67.2  22.376828655926076
69.6  0.0
72.0  42.75851985957783
74.39999999999999  62.12829021940786
76.8  0.0
79.2  0.0
81.6  81.23754258650233
84.0  0.0
86.39999999999999  0.0
88.8  84.9929957401404
91.2  0.0
93.6  0.0
96.0  68.63042466482395
98.39999999999999  35.56315850017372
100.8  0.0
103.2  27.58777978283696
105.6  66.93370625883512
108.0  0.0
110.39999999999999  0.0
112.8  84.96462351206308
115.19999999999999  0.0
117.6  0.0
120.0  85.16531416917223
122.39999999999999  4.149060367643271
124.8  0.0
127.19999999999999  57.170339142320415
129.6  43.620184512317394
132.0  0.0
134.4  12.05847436640344
136.79999999999998  73.48402436985342
139.2  0.0
141.6  0.0
144.0  90.12974788082474
146.4  0.0
148.79999999999998  0.0
151.2  78.99360488186076
153.6  14.434375048536964
156.0  0.0
158.4  42.73494268195681
160.79999999999998  52.121171608703776
163.2  0.0
165.6  1.1546892496683852
168.0  82.87402107418404
170.4  0.0
172.79999999999998  0.0
175.2  90.10023980556403
177.6  0.0
180.0  0.0
182.4  67.6849946793648
184.79999999999998  23.759558412972925
187.2  0.0
189.6  31.709338598277935
192.0  64.39205464347066
194.4  0.0
196.79999999999998  0.0
199.2  88.97386887020734
201.6  0.0
204.0  0.0
206.4  83.52250690123296
208.79999999999998  0.0
211.2  0.0
213.6  58.023281119867896
216.0  37.199099366814366
218.4  0.0
220.79999999999998  23.40539732571961
223.2  75.75891124835137
225.6  0.0
228.0  0.0
230.39999999999998  88.08508579136779
232.79999999999998  0.0
235.2  0.0
237.6  76.54742351146994
240.0  5.004608772087603
