0.0  0.0  100.0
0.12  0.0
0.24  0.0
0.36  0.0
0.48  0.0
0.6  0.0
0.72  0.0
0.84  0.0005042666290450137
0.96  0.0024720193348110042
1.08  0.003803352157666362
1.2  0.004493295220635463
1.3199999999999998  0.004538052657977354
1.44  0.003935009205517925
1.56  0.0026827349720011107
1.68  0.0007809883841114473
1.7999999999999998  0.0
1.92  0.0
2.04  0.0
2.16  0.0
2.28  0.0
2.4  0.0
2.52  0.0
2.6399999999999997  0.0
2.76  0.0
2.88  0.0
3.0  0.0
3.12  0.0
3.2399999999999998  0.0
3.36  0.0
3.48  0.0
3.5999999999999996  0.0
3.7199999999999998  0.0
3.84  0.0
3.96  0.0
4.08  0.0
4.2  0.0
4.32  0.0
4.4399999999999995  0.0
4.56  0.0
4.68  0.0
4.8  0.0
4.92  0.0
5.04  0.0
5.16  0.0
5.279999999999999  0.0
5.3999999999999995  0.0
5.52  0.0
5.64  0.0
5.76  0.0
5.88  0.0
6.0  0.0
6.12  0.0
6.24  0.0
6.359999999999999  0.0
6.4799999999999995  0.0
6.6  0.0
6.72  0.0
6.84  0.0
6.96  0.0
7.08  0.0
7.199999999999999  0.0
7.319999999999999  0.0
7.4399999999999995  0.0
7.56  0.0
7.68  0.0
7.8  0.0
7.92  0.0
8.04  0.0
8.16  0.0
8.28  0.0
8.4  0.0
8.52  0.0
8.64  0.0
8.76  0.0
8.879999999999999  0.0
9.0  0.0
9.12  0.0
9.24  0.0
9.36  0.0
9.48  0.0
9.6  0.0
9.719999999999999  0.0
9.84  0.0
9.959999999999999  0.0
10.08  0.0
10.2  0.0
10.32  0.0
10.44  0.0
10.559999999999999  0.0
10.68  0.0
10.799999999999999  0.0
10.92  0.0
11.04  0.0
11.16  0.0
11.28  0.0
11.4  0.0
11.52  0.0
11.639999999999999  0.0
11.76  0.0
11.879999999999999  0.0
12.0  0.0
12.12  0.0
12.24  0.0
12.36  0.0
12.48  0.0
12.6  0.0
12.719999999999999  0.0
12.84  0.0
12.959999999999999  0.0
13.08  0.0
13.2  0.0
13.32  0.0
13.44  0.0
13.559999999999999  0.0
13.68  0.0
13.799999999999999  0.0
13.92  0.0
14.04  0.0
14.16  0.0
14.28  0.0
14.399999999999999  0.0
14.52  0.0
14.639999999999999  0.0
14.76  0.0
14.879999999999999  0.0
15.0  0.0
15.12  0.02317053237747746
15.24  0.05438924196435263
15.36  0.08581179993334781
15.479999999999999  0.11740325218795422
15.6  0.1491282889599502
15.719999999999999  0.18095129262289283
15.84  0.2128363859985085
15.959999999999999  0.2447474810864865
16.08  0.2766483281475713
16.2  0.308502565069274
16.32  0.3402737669431293
16.439999999999998  0.37192549578206957
16.56  0.4034213503062868
16.68  0.4347250157258041
16.8  0.4658003134480068
16.919999999999998  0.49661125063843137
17.04  0.5271220695633443
17.16  0.5572972966429021
17.28  0.5871017911441399
17.4  0.6165007934434932
17.52  0.6454599727892077
17.64  0.6739454744946728
17.759999999999998  0.701923966494558
17.88  0.7293626851965251
18.0  0.7562294805622989
18.12  0.7824928603530062
18.24  0.8081220334748782
18.36  0.8330869523627171
18.48  0.8573583543399065
18.599999999999998  0.8809078018952455
18.72  0.9037077218184288
18.84  0.9257314431376473
18.96  0.9469532338045415
19.08  0.9673483360735184
19.2  0.9868930005243635
19.32  1.005564518679021
19.439999999999998  1.0233412541654747
19.56  1.040202672383753
19.68  1.0561293686312503
19.8  1.0711030946468139
19.919999999999998  1.0851067835353132
20.04  1.0981245730367752
20.16  1.1101418271065588
20.279999999999998  1.12114515577551
20.4  1.1311224332615208
20.52  1.140062814306454
20.64  1.1479567487149844
20.759999999999998  1.1547959940745098
20.88  1.160573626637919
21.0  1.1652840503536877
21.119999999999997  1.1689230040304524
21.24  1.1714875666259226
21.36  1.1729761606527203
21.48  1.173388553696465
21.599999999999998  1.1727258580441675
21.72  1.170990528423736
21.84  1.1681863578581488
21.96  1.1643184716405715
22.08  1.1593933194394401
22.2  1.1534186655452392
22.32  1.1464035772733943
22.439999999999998  1.1383584115403944
22.56  1.129294799632885
22.68  1.119225630192124
22.8  1.1081650304387507
22.919999999999998  1.0961283456654027
23.04  1.083132117027196
23.16  1.0691940576625827
23.279999999999998  1.0543330271794973
23.4  1.038569004544079
23.52  1.0219230594115865
23.64  1.0044173219413495
23.759999999999998  0.9860749511398251
23.88  0.9669201017779377
24.0  0.9469778899309574
24.119999999999997  0.9262743571911531
24.24  0.9048364336053774
24.36  0.882691899391598
24.48  0.8598693454901218
24.599999999999998  0.8363981330069699
24.72  0.812308351608437
24.84  0.7876307769274
24.96  0.7623968270433346
25.08  0.7366385180993547
25.2  0.7103884191208119
25.32  0.6836796061011554
25.439999999999998  0.6565456154217589
25.56  0.6290203966734262
25.68  0.6011382649480969
25.8  0.572933852670025
25.919999999999998  0.5444420610363906
26.04  0.5156980111377871
26.16  0.4867369948295379
26.279999999999998  0.4575944254250888
26.4  0.4283057882829517
26.52  0.3989065913588765
26.64  0.36943231579483593
26.759999999999998  0.3399183666164515
26.88  0.3104000236102042
27.0  0.2809123924515559
27.119999999999997  0.2514903561546744
27.24  0.22216852691396038
27.36  0.19298119840700498
27.48  0.16396229862787734
27.599999999999998  0.13514534331883332
27.72  0.10656339006767901
27.84  0.07824899313696992
27.959999999999997  0.05023415909017054
28.08  0.022550303278676243
28.2  0.0
28.32  0.0
28.439999999999998  0.0
28.56  0.0
28.68  0.0
28.799999999999997  0.0
28.919999999999998  0.0
29.04  0.0
29.16  0.0
29.279999999999998  0.0
29.4  0.0
29.52  0.0
29.64  0.0
29.759999999999998  0.0
29.88  0.0
30.0  0.0
30.119999999999997  0.0
30.24  0.0
30.36  0.0
30.48  0.0
30.599999999999998  0.0
30.72  0.0
30.84  0.0
30.959999999999997  0.0
31.08  0.0
31.2  0.0
31.32  0.0
31.439999999999998  0.0
31.56  0.0
31.68  0.0
31.799999999999997  0.0
31.919999999999998  0.0
32.04  0.0
32.16  0.0
32.28  0.0
32.4  0.0
32.519999999999996  0.0
32.64  0.0
32.76  0.0
32.879999999999995  0.0
33.0  0.0
33.12  0.0
33.24  0.0
33.36  0.0
33.48  0.0
33.6  0.0
33.72  0.0
33.839999999999996  0.0
33.96  0.0
34.08  0.0
34.199999999999996  0.0
34.32  0.0
34.44  0.0
34.56  0.0
34.68  0.0
34.8  0.0
34.92  0.0
35.04  0.0
35.16  0.0
35.28  0.0
35.4  0.0
35.519999999999996  0.0
35.64  0.0
35.76  0.0
35.879999999999995  0.0
36.0  0.0
36.12  0.0
36.24  0.0
36.36  0.0
36.48  0.0
36.6  0.0
36.72  0.0
36.839999999999996  0.0
36.96  0.0
37.08  0.0
37.199999999999996  0.0
37.32  0.0
37.44  0.0
37.559999999999995  0.0
37.68  0.0
37.8  0.0
37.92  0.0
38.04  0.0
38.16  0.0
38.28  0.0
38.4  0.0
38.519999999999996  0.0
38.64  0.0
38.76  0.0
38.879999999999995  0.0
39.0  0.0
39.12  0.0
39.24  0.0
39.36  0.0
39.48  0.0
39.6  0.0
39.72  0.0
39.839999999999996  0.0
39.96  0.0
40.08  0.0017208978924735385
40.199999999999996  0.004028510039418842
40.32  0.005703856606926405
40.44  0.006741019786007607
40.559999999999995  0.007135248881209644
40.68  0.006882968465639516
40.8  0.005981784725576755
40.92  0.004430489984961761
41.04  0.002229065402744035
41.16  0.0
41.28  0.0
41.4  0.0
41.519999999999996  0.0
41.64  0.0
41.76  0.0
41.879999999999995  0.0
42.0  0.0
42.12  0.0
42.239999999999995  0.0
42.36  0.0
42.48  0.0
42.6  0.0
42.72  0.0
42.839999999999996  0.0
42.96  0.0
43.08  0.0
43.199999999999996  0.0
43.32  0.0
43.44  0.0
43.559999999999995  0.0
43.68  0.0
43.8  0.0
43.92  0.0
44.04  0.0
44.16  0.0
44.28  0.0
44.4  0.0
44.519999999999996  0.0
44.64  0.0
44.76  0.0
44.879999999999995  0.0
45.0  0.0
45.12  0.0
45.239999999999995  0.0
45.36  0.0
45.48  0.0
45.6  0.0
45.72  0.0
45.839999999999996  0.0
45.96  0.0
46.08  0.0
46.199999999999996  0.0
46.32  0.0
46.44  0.0
46.559999999999995  0.0
46.68  0.0
46.8  0.0
46.92  0.0
47.04  0.0
47.16  0.0
47.28  0.0
47.4  0.0
47.519999999999996  0.0
47.64  0.0
47.76  0.0
47.879999999999995  0.0
48.0  0.0
48.12  0.0
48.239999999999995  0.0
48.36  0.0
48.48  0.0
48.6  0.0
48.72  0.0
48.839999999999996  0.0
48.96  0.0
49.08  0.0
49.199999999999996  0.0
49.32  0.0
49.44  0.0
49.559999999999995  0.0
49.68  0.0
49.8  0.0
49.92  0.0
50.04  0.0
50.16  0.0
50.28  0.0
50.4  0.0
50.519999999999996  0.0
50.64  0.0
50.76  0.0
50.879999999999995  0.0
51.0  0.0
51.12  0.0
51.239999999999995  0.0
51.36  0.0
51.48  0.0
51.6  0.0
51.72  0.0
51.839999999999996  0.0
51.96  0.0
52.08  0.0
52.199999999999996  0.0
52.32  0.0
52.44  0.0
52.559999999999995  0.0
52.68  0.0
52.8  0.0
52.919999999999995  0.0
53.04  0.0
53.16  0.0
53.28  0.0
53.4  0.0
53.519999999999996  0.0
53.64  0.0
53.76  0.0
53.879999999999995  0.0
54.0  0.0
54.12  0.0
54.239999999999995  0.0
54.36  0.0
54.48  0.016141737710668097
54.6  0.04748073519587662
54.72  0.07902331578347932
54.839999999999996  0.11073444467406468
54.96  0.14257873566896534
55.08  0.17452049905973285
55.199999999999996  0.20652379000280935
55.32  0.23855245730973063
55.44  0.27057019258273945
55.559999999999995  0.30254057962505637
55.68  0.3344271440546468
55.8  0.36619340305006964
55.919999999999995  0.39780291515672606
56.04  0.42921933008171304
56.16  0.4604064384055372
56.28  0.49132822113902075
56.4  0.5219488990538901
56.519999999999996  0.5522329817159666
56.64  0.5821453161501773
56.76  0.6116511350671809
56.879999999999995  0.6407161045820443
57.0  0.6693063713560834
57.12  0.6973886090938206
57.239999999999995  0.7249300643279758
57.36  0.7518986014263855
57.48  0.7782627467558499
57.599999999999994  0.8039917319392067
57.72  0.8290555361431406
57.839999999999996  0.8534249273356833
57.96  0.877071502453876
58.08  0.8999677264235469
58.199999999999996  0.9220869699749628
58.32  0.9434035461996895
58.44  0.9638927457959487
58.559999999999995  0.9835308709516091
58.68  1.0022952678159172
58.8  1.0201643575131143
58.919999999999995  1.0371176656532484
59.04  1.0531358502976023
59.16  1.068200728338447
59.28  1.0822953002551197
59.4  1.0954037732107664
59.519999999999996  1.1075115824565263
59.64  1.1186054110123513
59.76  1.1286732075962047
59.879999999999995  1.137704202775887
60.0  1.1456889233203298
60.12  1.1526192047298203
60.239999999999995  1.1584882019272604
60.36  1.1632903980952243
60.48  1.1670216116462826
60.599999999999994  1.169679001316775
60.72  1.171261069376922
60.839999999999996  1.1717676629529197
60.96  1.171199973459393
61.08  1.1695605341433337
61.199999999999996  1.1668532157433809
61.32  1.1630832202710542
61.44  1.1582570729232606
61.559999999999995  1.152382612138119
61.68  1.145468977808844
61.8  1.1375265976730908
61.919999999999995  1.1285671718978207
62.04  1.1186036558823742
62.16  1.1076502413050004
62.28  1.0957223354406562
62.4  1.0828365387804029
62.519999999999996  1.0690106209851642
62.64  1.054263495209047
62.76  1.0386151908297947
62.879999999999995  1.0220868246262147
63.0  1.0047005704447085
63.12  0.9864796273992196
63.239999999999995  0.9674481866509939
63.36  0.9476313968166548
63.48  0.9270553280550591
63.599999999999994  0.9057469348852866
63.72  0.8837340177899783
63.839999999999996  0.8610451836600017
63.96  0.8377098051380265
64.08  0.8137579789202918
64.2  0.7892204830771985
64.32  0.7641287334549506
64.44  0.7385147392215997
64.56  0.7124110576222438
64.67999999999999  0.6858507480091353
64.8  0.6588673252135522
64.92  0.6314947123272454
65.03999999999999  0.6037671929620295
65.16  0.5757193630569006
65.28  0.5473860823026926
65.39999999999999  0.5188024252547582
65.52  0.49000363220464943
65.64  0.461025059882114
65.75999999999999  0.4319021320588571
65.88  0.40267029012572453
66.0  0.37336494371496487
66.12  0.3440214214390672
66.24  0.31467492181756296
66.36  0.28536046446280994
66.48  0.2561128415954421
66.6  0.22696656995956657
66.72  0.19795584320725104
66.84  0.16911448482116154
66.96  0.14047590164324308
67.08  0.11207303807660329
67.2  0.08393833102668058
67.32  0.05610366564660252
67.44  0.02860033195050482
67.56  0.0014589823573630256
67.67999999999999  0.0
67.8  0.0
67.92  0.0
68.03999999999999  0.0
68.16  0.0
68.28  0.0
68.39999999999999  0.0
68.52  0.0
68.64  0.0
68.75999999999999  0.0
68.88  0.0
69.0  0.0
69.12  0.0
69.24  0.0
69.36  0.0
69.48  0.0
69.6  0.0
69.72  0.0
69.84  0.0
69.96  0.0
70.08  0.0
70.2  0.0
70.32  0.0
70.44  0.0
70.56  0.0
70.67999999999999  0.0
70.8  0.0
70.92  0.0
71.03999999999999  0.0
71.16  0.0
71.28  0.0
71.39999999999999  0.0
71.52  0.0
71.64  0.0
71.75999999999999  0.0
71.88  0.0
72.0  0.0
72.11999999999999  0.0
72.24  0.0
72.36  0.0
72.48  0.0
72.6  0.0
72.72  0.0
72.84  0.0
72.96  0.0
73.08  0.0
73.2  0.0
73.32  0.0
73.44  0.0
73.56  0.0
73.67999999999999  0.0
73.8  0.0
73.92  0.0
74.03999999999999  0.0
74.16  0.0
74.28  0.0
74.39999999999999  0.0
74.52  0.0
74.64  0.0
74.75999999999999  0.0
74.88  0.0
75.0  0.0
75.11999999999999  0.0
75.24  0.0
75.36  0.0
75.48  0.0
75.6  0.0
75.72  0.0
75.84  0.0
75.96  0.0
76.08  0.0
76.2  0.0
76.32  0.0
76.44  0.0
76.56  0.0
76.67999999999999  0.0
76.8  0.0
76.92  0.0
77.03999999999999  0.0
77.16  0.0
77.28  0.0
77.39999999999999  0.0
77.52  0.0
77.64  0.0
77.75999999999999  0.0
77.88  0.0
78.0  0.0
78.11999999999999  0.0
78.24  0.0
78.36  0.0
78.48  0.0
78.6  0.0
78.72  0.0
78.84  0.0
78.96  0.0
79.08  0.0
79.2  0.0
79.32  0.003053068692949523
79.44  0.005698607096482844
79.56  0.007716711338930815
79.67999999999999  0.009100522182491133
79.8  0.009844339291509518
79.92  0.009943630942985227
80.03999999999999  0.009395041937295567
80.16  0.008196399697063428
80.28  0.006346718544783525
80.39999999999999  0.0038462021525274004
80.52  0.0006962441597633262
80.64  0.0
80.75999999999999  0.0
80.88  0.0
81.0  0.0
81.11999999999999  0.0
81.24  0.0
81.36  0.0
81.48  0.0
81.6  0.0
81.72  0.0
81.84  0.0
81.96  0.0
82.08  0.0
82.2  0.0
82.32  0.0
82.44  0.0
82.56  0.0
82.67999999999999  0.0
82.8  0.0
82.92  0.0
83.03999999999999  0.0
83.16  0.0
83.28  0.0
83.39999999999999  0.0
83.52  0.0
83.64  0.0
83.75999999999999  0.0
83.88  0.0
84.0  0.0
84.11999999999999  0.0
84.24  0.0
84.36  0.0
84.47999999999999  0.0
84.6  0.0
84.72  0.0
84.84  0.0
84.96  0.0
85.08  0.0
85.2  0.0
85.32  0.0
85.44  0.0
85.56  0.0
85.67999999999999  0.0
85.8  0.0
85.92  0.0
86.03999999999999  0.0
86.16  0.0
86.28  0.0
86.39999999999999  0.0
86.52  0.0
86.64  0.0
86.75999999999999  0.0
86.88  0.0
87.0  0.0
87.11999999999999  0.0
87.24  0.0
87.36  0.0
87.47999999999999  0.0
87.6  0.0
87.72  0.0
87.84  0.0
87.96  0.0
88.08  0.0
88.2  0.0
88.32  0.0
88.44  0.0
88.56  0.0
88.67999999999999  0.0
88.8  0.0
88.92  0.0
89.03999999999999  0.0
89.16  0.0
89.28  0.0
89.39999999999999  0.0
89.52  0.0
89.64  0.0
89.75999999999999  0.0
89.88  0.0
90.0  0.0
90.11999999999999  0.0
90.24  0.0
90.36  0.0
90.47999999999999  0.0
90.6  0.0
90.72  0.0
90.84  0.0
90.96  0.0
91.08  0.0
91.2  0.0
91.32  0.0
91.44  0.0
91.56  0.0
91.67999999999999  0.0
91.8  0.0
91.92  0.0
92.03999999999999  0.0
92.16  0.0
92.28  0.0
92.39999999999999  0.0
92.52  0.0
92.64  0.0
92.75999999999999  0.0
92.88  0.0
93.0  0.0
93.11999999999999  0.0
93.24  0.0
93.36  0.0
93.47999999999999  0.0
93.6  0.0
93.72  0.0
93.84  0.009044006294425644
93.96  0.04049965273511172
94.08  0.07215863886047177
94.2  0.10398585098004293
94.32  0.1359458282739651
94.44  0.16800281075710422
94.56  0.20012078772054182
94.67999999999999  0.23226354658083095
94.8  0.26439472206672077
94.92  0.2964778456725412
95.03999999999999  0.32847639530711126
95.16  0.3603538450666578
95.28  0.39207371506001354
95.39999999999999  0.4235996212143803
95.52  0.45489532498985596
95.64  0.48592478293100644
95.75999999999999  0.5166521959841647
95.88  0.5470420585092606
96.0  0.5770592069154883
96.11999999999999  0.6066688678507222
96.24  0.6358367058751608
96.36  0.6645288705503237
96.47999999999999  0.6927120428755951
96.6  0.7203534810052292
96.72  0.7474210651798443
96.84  0.7738833418076092
96.96  0.7997095666314723
97.08  0.8248697469201656
97.2  0.849334682622056
97.32  0.8730760064225147
97.44  0.8960662226469693
97.56  0.9182787449534991
97.67999999999999  0.9396879327606309
97.8  0.9602691263577692
97.92  0.9799986806476081
98.03999999999999  0.9988539974719062
98.16  1.0168135564740044
98.28  1.0338569444535897
98.39999999999999  1.049964883171452
98.52  1.0651192555641718
98.64  1.0793031303309828
98.75999999999999  1.0925007848574761
98.88  1.104697726443164
99.0  1.1158807118023972
99.11999999999999  1.1260377648106692
99.24  1.135158192470858
99.36  1.1432325990765277
99.47999999999999  1.150252898552082
99.6  1.1562123249521599
99.72  1.1611054411053523
99.84  1.164928145390029
99.96  1.1676776766327581
100.08  1.1693526171225366
100.2  1.1699528937367787
100.32  1.1694797771777703
100.44  1.167935879321015
100.56  1.1653251486796636
100.67999999999999  1.1616528639919323
100.8  1.1569256259411635
100.92  1.1511513470208792
101.03999999999999  1.1443392395598604
101.16  1.1364998019249892
101.28  1.1276448029222075
101.39999999999999  1.1177872644185514
101.52  1.1069414422108474
101.64  1.0951228051691588
101.75999999999999  1.0823480126855647
101.88  1.0686348904613654
102.0  1.054002404668171
102.11999999999999  1.0384706345206713
102.24  1.022060743301255
102.36  1.0047949478788327
102.47999999999999  0.9866964867663808
102.6  0.9677895867639159
102.72  0.9480994282355973
102.83999999999999  0.9276521090716008
102.96  0.9064746073874076
103.08  0.8845947430148964
103.2  0.8620411378413443
103.32  0.8388431750542455
103.44  0.8150309573512238
103.56  0.7906352641760175
103.67999999999999  0.7656875080427703
103.8  0.7402196900121856
103.92  0.7142643543844229
104.03999999999999  0.6878545426746228
104.16  0.6610237469379454
104.28  0.6338058625121676
104.39999999999999  0.6062351402463488
104.52  0.5783461382850836
104.64  0.5501736734784632
104.75999999999999  0.5217527724881736
104.88  0.4931186226607901
105.0  0.4643065227396718
105.11999999999999  0.4353518334867742
105.24  0.40628992828617017
105.36  0.37715614380085316
105.47999999999999  0.3479857307542782
105.6  0.3188138049080479
105.72  0.28967529830669136
105.83999999999999  0.26060491086008153
105.96  0.2316370623336139
106.08  0.20280584481556332
106.2  0.17414497573026452
106.32  0.14568775146511664
106.44  0.11746700167824248
106.56  0.08951504435285645
106.67999999999999  0.06186364166309105
106.8  0.03454395671487809
106.92  0.007586511224238257
107.03999999999999  0.0
107.16  0.0
107.28  0.0
107.39999999999999  0.0
107.52  0.0
107.64  0.0
107.75999999999999  0.0
107.88  0.0
108.0  0.0
108.11999999999999  0.0
108.24  0.0
108.36  0.0
108.47999999999999  0.0
108.6  0.0
108.72  0.0
108.83999999999999  0.0
108.96  0.0
109.08  0.0
109.2  0.0
109.32  0.0
109.44  0.0
109.56  0.0
109.67999999999999  0.0
109.8  0.0
109.92  0.0
110.03999999999999  0.0
110.16  0.0
110.28  0.0
110.39999999999999  0.0
110.52  0.0
110.64  0.0
110.75999999999999  0.0
110.88  0.0
111.0  0.0
111.11999999999999  0.0
111.24  0.0
111.36  0.0
111.47999999999999  0.0
111.6  0.0
111.72  0.0
111.83999999999999  0.0
111.96  0.0
112.08  0.0
112.2  0.0
112.32  0.0
112.44  0.0
112.56  0.0
112.67999999999999  0.0
112.8  0.0
112.92  0.0
113.03999999999999  0.0
113.16  0.0
113.28  0.0
113.39999999999999  0.0
113.52  0.0
113.64  0.0
113.75999999999999  0.0
113.88  0.0
114.0  0.0
114.11999999999999  0.0
114.24  0.0
114.36  0.0
114.47999999999999  0.0
114.6  0.0
114.72  0.0
114.83999999999999  0.0
114.96  0.0
115.08  0.0
115.19999999999999  0.0
115.32  0.0
115.44  0.0
115.56  0.0
115.67999999999999  0.0
115.8  0.0
115.92  0.0
116.03999999999999  0.0
116.16  0.0
116.28  0.0
116.39999999999999  0.0
116.52  0.0
116.64  0.0
116.75999999999999  0.0
116.88  0.0
117.0  0.0
117.11999999999999  0.0
117.24  0.0
117.36  0.0
117.47999999999999  0.0
117.6  0.0
117.72  0.0
117.83999999999999  0.0
117.96  0.0
118.08  0.0
118.19999999999999  0.0
118.32  0.0
118.44  0.0009035749205427157
118.56  0.004497804751048884
118.67999999999999  0.007479033433934523
118.8  0.009838331486845209
118.92  0.011567905788630872
119.03999999999999  0.012661112604390512
119.16  0.013112468840496438
119.28  0.012917661512501621
119.39999999999999  0.012073555411519887
119.52  0.010578198957332585
119.64  0.008430828229169074
119.75999999999999  0.005631869167810999
119.88  0.0021829379453980335
120.0  0.0
