0.0  1.0420577295054883  100.0
0.12  1.0572770309730806
0.24  1.0715320088638747
0.36  1.0848066580166722
0.48  1.0970861965462229
0.6  1.1083570858331357
0.72  1.118607048767438
0.84  1.1278250862195858
0.96  1.1360014917153092
1.08  1.14312786429327
1.2  1.1491971195271682
1.3199999999999998  1.1542034986965803
1.44  1.1581425760935176
1.56  1.1610112644543884
1.68  1.162807818509778
1.7999999999999998  1.1635318366471954
1.92  1.163184260684663
2.04  1.161767373755794
2.16  1.1592847963097186
2.28  1.1557414802319745
2.4  1.1511437010952048
2.52  1.145499048551211
2.6399999999999997  1.1388164148786224
2.76  1.1311059817031084
2.88  1.1223792049097203
3.0  1.1126487977695714
3.12  1.1019287123056505
3.2399999999999998  1.0902341189251317
3.36  1.0775813843480373
3.48  1.0639880478646067
3.5999999999999996  1.0494727959561252
3.7199999999999998  1.0340554353163516
3.84  1.017756864312998
3.96  1.0005990429309748
4.08  0.9826049612413155
4.2  0.9637986064418209
4.32  0.9442049285175458
4.4399999999999995  0.9238498045712288
4.56  0.9027600018757052
4.68  0.880963139702176
4.8  0.8584876499799835
4.92  0.8353627368452242
5.04  0.8116183351371326
5.16  0.7872850679026897
5.279999999999999  0.7623942029713275
5.3999999999999995  0.7369776086629459
5.52  0.7110677086936996
5.64  0.6846974363451586
5.76  0.6579001879634998
5.88  0.6307097758563494
6.0  0.6031603806557421
6.12  0.5752865032164226
6.24  0.547122916119376
6.359999999999999  0.518704614851015
6.4799999999999995  0.490066768728909
6.6  0.46124467164528365
6.72  0.4322736926997567
6.84  0.4031892267929168
6.96  0.37402664525238455
7.08  0.3448212465629119
7.199999999999999  0.3156082072719133
7.319999999999999  0.2864225331415246
7.4399999999999995  0.2572990106179084
7.56  0.2282721586880326
7.68  0.19937618119354894
7.8  0.17064491967071724
7.92  0.14211180678451246
8.04  0.11380982042416138
8.16  0.08577143852636382
8.28  0.05802859469136251
8.4  0.03061263465583186
8.52  0.003554273685292486
8.64  0.0
8.76  0.0
8.879999999999999  0.0
9.0  0.0
9.12  0.0
9.24  0.0
9.36  0.0
9.48  0.0
9.6  0.0
9.719999999999999  0.0
9.84  0.0
9.959999999999999  0.0
10.08  0.0
10.2  0.0
10.32  0.0
10.44  0.0
10.559999999999999  0.0
10.68  0.0
10.799999999999999  0.0
10.92  0.0
11.04  0.0
11.16  0.0
11.28  0.0
11.4  0.0
11.52  0.0
11.639999999999999  0.0
11.76  0.0
11.879999999999999  0.0
12.0  0.0
12.12  0.0
12.24  0.0
12.36  0.0
12.48  0.0
12.6  0.0
12.719999999999999  0.0
12.84  0.0
12.959999999999999  0.0
13.08  0.0
13.2  0.0
13.32  0.0
13.44  0.0
13.559999999999999  0.0
13.68  0.0
13.799999999999999  0.0
13.92  0.0
14.04  0.0
14.16  0.0
14.28  0.0
14.399999999999999  0.0
14.52  0.0
14.639999999999999  0.0
14.76  0.0
14.879999999999999  0.0
15.0  0.0
15.12  0.0
15.24  0.0
15.36  0.0
15.479999999999999  0.0
15.6  0.0
15.719999999999999  0.0
15.84  0.0
15.959999999999999  0.0
16.08  0.0
16.2  0.0
16.32  0.0
16.439999999999998  0.0
16.56  0.0
16.68  0.0
16.8  0.0
16.919999999999998  0.0
17.04  0.0
17.16  0.0
17.28  0.0
17.4  0.0
17.52  0.0
17.64  0.0
17.759999999999998  0.0
17.88  0.0
18.0  0.0
18.12  0.0
18.24  0.0
18.36  0.0
18.48  0.0
18.599999999999998  0.0
18.72  0.0
18.84  0.0
18.96  0.0
19.08  0.0
19.2  0.0
19.32  0.0
19.439999999999998  0.0
19.56  0.0
19.68  0.0
19.8  0.0
19.919999999999998  0.0
20.04  0.003474734389549816
20.16  0.007467958817077736
20.279999999999998  0.010849611991793795
20.4  0.013610349201167105
20.52  0.015741958427040403
20.64  0.017237373923629007
20.759999999999998  0.018090688030879765
20.88  0.018297161205313994
21.0  0.017853230253131347
21.119999999999997  0.016756514753013207
21.24  0.015005821658762852
21.36  0.012601148074616542
21.48  0.009543682198777548
21.599999999999998  0.005835802433441839
21.72  0.0014810746623131754
21.84  0.0
21.96  0.0
22.08  0.0
22.2  0.0
22.32  0.0
22.439999999999998  0.0
22.56  0.0
22.68  0.0
22.8  0.0
22.919999999999998  0.0
23.04  0.0
23.16  0.0
23.279999999999998  0.0
23.4  0.0
23.52  0.0
23.64  0.0
23.759999999999998  0.0
23.88  0.0
24.0  0.0
24.119999999999997  0.0
24.24  0.0
24.36  0.0
24.48  0.0
24.599999999999998  0.0
24.72  0.0
24.84  0.0
24.96  0.0
25.08  0.0
25.2  0.0
25.32  0.0
25.439999999999998  0.0
25.56  0.0
25.68  0.0
25.8  0.0
25.919999999999998  0.0
26.04  0.0
26.16  0.0
26.279999999999998  0.0
26.4  0.0
26.52  0.0
26.64  0.0
26.759999999999998  0.0
26.88  0.0
27.0  0.0
27.119999999999997  0.0
27.24  0.0
27.36  0.0
27.48  0.0
27.599999999999998  0.0
27.72  0.0
27.84  0.0
27.959999999999997  0.0
28.08  0.0
28.2  0.0
28.32  0.0
28.439999999999998  0.0
28.56  0.0
28.68  0.0
28.799999999999997  0.0
28.919999999999998  0.0
29.04  0.0
29.16  0.0
29.279999999999998  0.0
29.4  0.0
29.52  0.0
29.64  0.0
29.759999999999998  0.0
29.88  0.0
30.0  0.0
30.119999999999997  0.0
30.24  0.0
30.36  0.0
30.48  0.0
30.599999999999998  0.0
30.72  0.0
30.84  0.0
30.959999999999997  0.0
31.08  0.0
31.2  0.0
31.32  0.0
31.439999999999998  0.0
31.56  0.0
31.68  0.0
31.799999999999997  0.0
31.919999999999998  0.0
32.04  0.0
32.16  0.0
32.28  0.0
32.4  0.0
32.519999999999996  0.0
32.64  0.0
32.76  0.0
32.879999999999995  0.0
33.0  0.0
33.12  0.0
33.24  0.0
33.36  0.0
33.48  0.0
33.6  0.0
33.72  0.0
33.839999999999996  0.0
33.96  0.0
34.08  0.0
34.199999999999996  0.0
34.32  0.0
34.44  0.0
34.56  0.0
34.68  0.0
34.8  0.0
34.92  0.02931136179752092
35.04  0.06081848866873027
35.16  0.0925022186281167
35.28  0.12432719179322624
35.4  0.1562577397252896
35.519999999999996  0.18825793377523362
35.64  0.2202916338502175
35.76  0.25232253753054557
35.879999999999995  0.2843142294662806
36.0  0.31623023098241676
36.12  0.3480340498211595
36.24  0.37968922994972254
36.36  0.41115940136176066
36.48  0.4424083298007835
36.6  0.47339996633376524
36.72  0.5040984967035261
36.839999999999996  0.5344683903887119
36.96  0.5644744493005812
37.08  0.5940818560463701
37.199999999999996  0.6232562216896098
37.32  0.6519636329384599
37.44  0.6801706986939757
37.559999999999995  0.7078445958911455
37.68  0.7349531145665147
37.8  0.7614647020873603
37.92  0.7873485064785973
38.04  0.8125744187848465
38.16  0.8371131144065636
38.28  0.8609360933505357
38.4  0.8840157193366773
38.519999999999996  0.9063252577046967
38.64  0.9278389120659234
38.76  0.9485318596474225
38.879999999999995  0.9683802852774305
39.0  0.9873614139630815
39.12  1.0054535420134458
39.24  1.0226360666630598
39.36  1.0388895141532006
39.48  1.0541955662305176
39.6  1.0685370850248215
39.72  1.0818981362702602
39.839999999999996  1.094264010836479
39.96  1.1056212445388245
40.08  1.1159576361991503
40.199999999999996  1.125262263931328
40.32  1.1335254996281405
40.44  1.1407390216288382
40.559999999999995  1.1468958255493107
40.68  1.151990233259453
40.8  1.1560178999950343
40.92  1.1589758195940696
41.04  1.160862327850412
41.16  1.1616771039800433
41.28  1.16142117019825
41.4  1.1600968894086447
41.519999999999996  1.1577079610077141
41.64  1.1542594148113228
41.76  1.1497576031123318
41.879999999999995  1.1442101908811875
42.0  1.1376261441240563
42.12  1.1300157164157412
42.239999999999995  1.1213904336272589
42.36  1.1117630768706017
42.48  1.1011476636857696
42.6  1.0895594274977132
42.72  1.0770147953733629
42.839999999999996  1.0635313641113386
42.96  1.0491278746994013
43.08  1.0338241851770396
43.199999999999996  1.0176412419429035
43.32  1.000601049549063
43.44  0.9827266390262503
43.559999999999995  0.9640420347863584
43.68  0.9445722201505582
43.8  0.9243431015533607
43.92  0.9033814714748587
44.04  0.8817149701552559
44.16  0.8593720461474978
44.28  0.8363819157655433
44.4  0.8127745214873789
44.519999999999996  0.7885804893733825
44.64  0.7638310855620802
44.76  0.7385581719066509
44.879999999999995  0.712794160816751
45.0  0.6865719693714054
45.12  0.6599249727697398
45.239999999999995  0.632886957187216
45.36  0.6054920721059996
45.48  0.5777747821887064
45.6  0.5497698187654807
45.72  0.5215121310049138
45.839999999999996  0.4930368368396819
45.96  0.46437917371819454
46.08  0.4355744492537149
46.199999999999996  0.40665799184254897
46.32  0.37766510132295417
46.44  0.348630999746288
46.559999999999995  0.3195907823317379
46.68  0.2905793686757061
46.8  0.2616314542864966
46.92  0.23278146251443488
47.04  0.20406349694700915
47.16  0.17551129433782542
47.28  0.1471581781374498
47.4  0.11903701269324368
47.519999999999996  0.0911801581843047
47.64  0.06361942635655216
47.76  0.03638603712177291
47.879999999999995  0.009510576083139932
48.0  0.0
48.12  0.0
48.239999999999995  0.0
48.36  0.0
48.48  0.0
48.6  0.0
48.72  0.0
48.839999999999996  0.0
48.96  0.0
49.08  0.0
49.199999999999996  0.0
49.32  0.0
49.44  0.0
49.559999999999995  0.0
49.68  0.0
49.8  0.0
49.92  0.0
50.04  0.0
50.16  0.0
50.28  0.0
50.4  0.0
50.519999999999996  0.0
50.64  0.0
50.76  0.0
50.879999999999995  0.0
51.0  0.0
51.12  0.0
51.239999999999995  0.0
51.36  0.0
51.48  0.0
51.6  0.0
51.72  0.0
51.839999999999996  0.0
51.96  0.0
52.08  0.0
52.199999999999996  0.0
52.32  0.0
52.44  0.0
52.559999999999995  0.0
52.68  0.0
52.8  0.0
52.919999999999995  0.0
53.04  0.0
53.16  0.0
53.28  0.0
53.4  0.0
53.519999999999996  0.0
53.64  0.0
53.76  0.0
53.879999999999995  0.0
54.0  0.0
54.12  0.0
54.239999999999995  0.0
54.36  0.0
54.48  0.0
54.6  0.0
54.72  0.0
54.839999999999996  0.0
54.96  0.0
55.08  0.0
55.199999999999996  0.0
55.32  0.0
55.44  0.0
55.559999999999995  0.0
55.68  0.0
55.8  0.0
55.919999999999995  0.0
56.04  0.0
56.16  0.0
56.28  0.0
56.4  0.0
56.519999999999996  0.0
56.64  0.0
56.76  0.0
56.879999999999995  0.0
57.0  0.0
57.12  0.0
57.239999999999995  0.0
57.36  0.0
57.48  0.0
57.599999999999994  0.0
57.72  0.0
57.839999999999996  0.0
57.96  0.0
58.08  0.0
58.199999999999996  0.0
58.32  0.0
58.44  0.0
58.559999999999995  0.0
58.68  0.0
58.8  0.0
58.919999999999995  0.0
59.04  0.0
59.16  0.0
59.28  0.004184170591978398
59.4  0.008503743542648823
59.519999999999996  0.012219251222912675
59.64  0.015320438915684353
59.76  0.017798171769884963
59.879999999999995  0.01964444988809133
60.0  0.020852421667255427
60.12  0.0214163953723282
60.239999999999995  0.021331848925229324
60.36  0.020595437894265545
60.48  0.019205001671779076
60.599999999999994  0.01715956783048045
60.72  0.014459354651644274
60.839999999999996  0.011105771821049437
60.96  0.0071014192912706164
61.08  0.002450084311655276
61.199999999999996  0.0
61.32  0.0
61.44  0.0
61.559999999999995  0.0
61.68  0.0
61.8  0.0
61.919999999999995  0.0
62.04  0.0
62.16  0.0
62.28  0.0
62.4  0.0
62.519999999999996  0.0
62.64  0.0
62.76  0.0
62.879999999999995  0.0
63.0  0.0
63.12  0.0
63.239999999999995  0.0
63.36  0.0
63.48  0.0
63.599999999999994  0.0
63.72  0.0
63.839999999999996  0.0
63.96  0.0
64.08  0.0
64.2  0.0
64.32  0.0
64.44  0.0
64.56  0.0
64.67999999999999  0.0
64.8  0.0
64.92  0.0
65.03999999999999  0.0
65.16  0.0
65.28  0.0
65.39999999999999  0.0
65.52  0.0
65.64  0.0
65.75999999999999  0.0
65.88  0.0
66.0  0.0
66.12  0.0
66.24  0.0
66.36  0.0
66.48  0.0
66.6  0.0
66.72  0.0
66.84  0.0
66.96  0.0
67.08  0.0
67.2  0.0
67.32  0.0
67.44  0.0
67.56  0.0
67.67999999999999  0.0
67.8  0.0
67.92  0.0
68.03999999999999  0.0
68.16  0.0
68.28  0.0
68.39999999999999  0.0
68.52  0.0
68.64  0.0
68.75999999999999  0.0
68.88  0.0
69.0  0.0
69.12  0.0
69.24  0.0
69.36  0.0
69.48  0.0
69.6  0.0
69.72  0.0
69.84  0.0
69.96  0.0
70.08  0.0
70.2  0.0
70.32  0.0
70.44  0.0
70.56  0.0
70.67999999999999  0.0
70.8  0.0
70.92  0.0
71.03999999999999  0.0
71.16  0.0
71.28  0.0
71.39999999999999  0.0
71.52  0.0
71.64  0.0
71.75999999999999  0.0
71.88  0.0
72.0  0.0
72.11999999999999  0.0
72.24  0.0
72.36  0.0
72.48  0.0
72.6  0.0
72.72  0.0
72.84  0.0
72.96  0.0
73.08  0.0
73.2  0.0
73.32  0.0
73.44  0.0
73.56  0.0
73.67999999999999  0.0
73.8  0.0
73.92  0.0
74.03999999999999  0.0
74.16  0.0
74.28  0.022350977362967206
74.39999999999999  0.053969046170637525
74.52  0.08576339225549276
74.64  0.11769858285965834
74.75999999999999  0.1497388810114214
74.88  0.18184829393783514
75.0  0.21399062189000034
75.11999999999999  0.24612950731085045
75.24  0.27822848427464314
75.36  0.31025102812698485
75.48  0.34216060525395137
75.6  0.3739207229085811
75.72  0.40549497902299514
75.84  0.4368471119343149
75.96  0.46794104995276575
76.08  0.4987409607004911
76.2  0.5292113001499005
76.32  0.5593168612909079
76.44  0.5890228223568348
76.56  0.6182947945393987
76.67999999999999  0.6470988691240073
76.8  0.6754016639773355
76.92  0.703170369320097
77.03999999999999  0.7303727927190145
77.16  0.7569774032330581
77.28  0.7829533746502233
77.39999999999999  0.8082706277525283
77.52  0.8328998715482199
77.64  0.856812643411687
77.75999999999999  0.8799813480732199
77.88  0.9023792954023709
78.0  0.9239807369303615
78.11999999999999  0.9447609010589806
78.24  0.9646960269051362
78.36  0.983763396732279
78.48  1.0019413669220123
78.6  1.0192093974412395
78.72  1.0355480797624315
78.84  1.0509391631967981
78.96  1.0653655796025259
79.08  1.0788114664325423
79.2  1.091262188088654
79.32  1.1027043555514666
79.44  1.113125844257904
79.56  1.1225158102007091
79.67999999999999  1.1308647042269375
79.8  1.1381642845150182
79.92  1.144407627212613
80.03999999999999  1.1495891352202088
80.16  1.1537045451080314
80.28  1.1567509321565985
80.39999999999999  1.158726713513964
80.52  1.1596316494654209
80.64  1.1594668428141888
80.75999999999999  1.158234736374351
80.88  1.1559391085800426
81.0  1.1525850672176343
81.11999999999999  1.1481790412903812
81.24  1.1427287710277112
81.36  1.1362432960540323
81.48  1.1287329417346001
81.6  1.12020930371864
81.72  1.1106852307025266
81.84  1.1001748054384226
81.96  1.0886933240163033
82.08  1.0762572734498062
82.2  1.062884307598825
82.32  1.048593221464137
82.44  1.0334039238917454
82.56  1.017337408726928
82.67999999999999  1.000415724460189
82.8  0.9826619424095296
82.92  0.9641001234855835
83.03999999999999  0.9447552835881539
83.16  0.9246533576847309
83.28  0.9038211626234547
83.39999999999999  0.8822863587347891
83.52  0.8600774102779403
83.64  0.8372235447897767
83.75999999999999  0.8137547113954426
83.88  0.789701538141506
84.0  0.7650952884138356
84.11999999999999  0.7399678165036552
84.24  0.7143515223864987
84.36  0.688279305779989
84.47999999999999  0.6617845195472092
84.6  0.6349009225135355
84.72  0.6076626317655823
84.84  0.5801040745015849
84.96  0.5522599395032635
85.08  0.5241651282996704
85.2  0.49585470609401505
85.32  0.46736385252469503
85.44  0.4387278123320489
85.56  0.4099818460024574
85.67999999999999  0.3811611804613556
85.8  0.3523009598866973
85.92  0.32343619671419743
86.03999999999999  0.2946017229053115
86.16  0.2658321415485673
86.28  0.23716177886434783
86.39999999999999  0.20862463668253817
86.52  0.18025434546179772
86.64  0.15208411791841214
86.75999999999999  0.124146703331668
86.88  0.09647434259176924
87.0  0.0690987240551883
87.11999999999999  0.04205094027107176
87.24  0.015361445641086213
87.36  0.0
87.47999999999999  0.0
87.6  0.0
87.72  0.0
87.84  0.0
87.96  0.0
88.08  0.0
88.2  0.0
88.32  0.0
88.44  0.0
88.56  0.0
88.67999999999999  0.0
88.8  0.0
88.92  0.0
89.03999999999999  0.0
89.16  0.0
89.28  0.0
89.39999999999999  0.0
89.52  0.0
89.64  0.0
89.75999999999999  0.0
89.88  0.0
90.0  0.0
90.11999999999999  0.0
90.24  0.0
90.36  0.0
90.47999999999999  0.0
90.6  0.0
90.72  0.0
90.84  0.0
90.96  0.0
91.08  0.0
91.2  0.0
91.32  0.0
91.44  0.0
91.56  0.0
91.67999999999999  0.0
91.8  0.0
91.92  0.0
92.03999999999999  0.0
92.16  0.0
92.28  0.0
92.39999999999999  0.0
92.52  0.0
92.64  0.0
92.75999999999999  0.0
92.88  0.0
93.0  0.0
93.11999999999999  0.0
93.24  0.0
93.36  0.0
93.47999999999999  0.0
93.6  0.0
93.72  0.0
93.84  0.0
93.96  0.0
94.08  0.0
94.2  0.0
94.32  0.0
94.44  0.0
94.56  0.0
94.67999999999999  0.0
94.8  0.0
94.92  0.0
95.03999999999999  0.0
95.16  0.0
95.28  0.0
95.39999999999999  0.0
95.52  0.0
95.64  0.0
95.75999999999999  0.0
95.88  0.0
96.0  0.0
96.11999999999999  0.0
96.24  0.0
96.36  0.0
96.47999999999999  0.0
96.6  0.0
96.72  0.0
96.84  0.0
96.96  0.0
97.08  0.0
97.2  0.0
97.32  0.0
97.44  0.0
97.56  0.0
97.67999999999999  0.0
97.8  0.0
97.92  0.0
98.03999999999999  0.0
98.16  0.0
98.28  0.0
98.39999999999999  0.0
98.52  0.00499952786159219
98.64  0.00964147479989852
98.75999999999999  0.01368750983515643
98.88  0.017126479596997757
99.0  0.019948336491984242
99.11999999999999  0.0221441552838354
99.24  0.023706147946427114
99.36  0.024627676767108198
99.47999999999999  0.024903265680486175
99.6  0.024528609815456348
99.72  0.023500583240902095
99.84  0.021817244898172272
99.96  0.01947784271113473
100.08  0.01648281586730438
100.2  0.012833795266276371
100.32  0.008533602134394136
100.44  0.003586244807327499
100.56  0.0
100.67999999999999  0.0
100.8  0.0
100.92  0.0
101.03999999999999  0.0
101.16  0.0
101.28  0.0
101.39999999999999  0.0
101.52  0.0
101.64  0.0
101.75999999999999  0.0
101.88  0.0
102.0  0.0
102.11999999999999  0.0
102.24  0.0
102.36  0.0
102.47999999999999  0.0
102.6  0.0
102.72  0.0
102.83999999999999  0.0
102.96  0.0
103.08  0.0
103.2  0.0
103.32  0.0
103.44  0.0
103.56  0.0
103.67999999999999  0.0
103.8  0.0
103.92  0.0
104.03999999999999  0.0
104.16  0.0
104.28  0.0
104.39999999999999  0.0
104.52  0.0
104.64  0.0
104.75999999999999  0.0
104.88  0.0
105.0  0.0
105.11999999999999  0.0
105.24  0.0
105.36  0.0
105.47999999999999  0.0
105.6  0.0
105.72  0.0
105.83999999999999  0.0
105.96  0.0
106.08  0.0
106.2  0.0
106.32  0.0
106.44  0.0
106.56  0.0
106.67999999999999  0.0
106.8  0.0
106.92  0.0
107.03999999999999  0.0
107.16  0.0
107.28  0.0
107.39999999999999  0.0
107.52  0.0
107.64  0.0
107.75999999999999  0.0
107.88  0.0
108.0  0.0
108.11999999999999  0.0
108.24  0.0
108.36  0.0
108.47999999999999  0.0
108.6  0.0
108.72  0.0
108.83999999999999  0.0
108.96  0.0
109.08  0.0
109.2  0.0
109.32  0.0
109.44  0.0
109.56  0.0
109.67999999999999  0.0
109.8  0.0
109.92  0.0
110.03999999999999  0.0
110.16  0.0
110.28  0.0
110.39999999999999  0.0
110.52  0.0
110.64  0.0
110.75999999999999  0.0
110.88  0.0
111.0  0.0
111.11999999999999  0.0
111.24  0.0
111.36  0.0
111.47999999999999  0.0
111.6  0.0
111.72  0.0
111.83999999999999  0.0
111.96  0.0
112.08  0.0
112.2  0.0
112.32  0.0
112.44  0.0
112.56  0.0
112.67999999999999  0.0
112.8  0.0
112.92  0.0
113.03999999999999  0.0
113.16  0.0
113.28  0.0
113.39999999999999  0.0
113.52  0.0
113.64  0.01532617291534663
113.75999999999999  0.047051547961640905
113.88  0.07895289520840124
114.0  0.11099471083980461
114.11999999999999  0.143141191165734
114.24  0.17535628109955162
114.36  0.20760372304074065
114.47999999999999  0.23984710609214324
114.6  0.27204991554091573
114.72  0.3041755825319974
114.83999999999999  0.3361875338626508
114.96  0.36804924182628024
115.08  0.39972427403375255
115.19999999999999  0.43117634314051884
115.32  0.462369356407778
115.44  0.4932674650263046
115.56  0.5238351131318795
115.67999999999999  0.5540370864415578
115.8  0.5838385604408035
115.92  0.6132051480518036
116.03999999999999  0.6421029467144228
116.16  0.6704985848118099
116.28  0.6983592673736181
116.39999999999999  0.7256528209910866
116.52  0.7523477378791191
116.64  0.7784132190217289
116.75999999999999  0.8038192163388076
116.88  0.8285364738132445
117.0  0.8525365675191565
117.11999999999999  0.8757919444935337
117.24  0.8982759603952062
117.36  0.9199629158968609
117.47999999999999  0.9408280917577062
117.6  0.9608477825261845
117.72  0.979999328824201
117.83999999999999  0.9982611481664192
117.96  1.015612764270193
118.08  1.0320348348139943
118.19999999999999  1.0475091776044194
118.32  1.0620187951141395
118.44  1.0755478973555395
118.56  1.0880819230572598
118.67999999999999  1.0996075591132115
118.8  1.110112758276264
118.92  1.119586755071249
119.03999999999999  1.1280200799045939
119.16  1.1354045713504664
119.28  1.1417333865959811
119.39999999999999  1.1470010100306853
119.52  1.1512032599682533
119.64  1.1543372934910026
119.75999999999999  1.1564016094106062
119.88  1.1573960493410909
120.0  1.1573217968829486
