0.0  34.68025475033846
1.68  27.83545179985942
3.36  27.99840794041014
5.04  34.961414553965554
6.72  39.84922167379685
8.4  36.43168873200518
10.08  29.06490223134965
11.76  27.1387816812498
13.44  0.0
15.12  6.031403236332762
16.8  4.599922355168971
18.48  0.0
20.16  0.0
21.84  0.0
23.52  5.060515318339322
25.2  5.730528344635064
26.88  0.0
28.56  0.0
30.24  0.0
31.919999999999998  3.6815218909002394
33.6  6.398995590838282
35.28  0.9601241145240553
36.96  0.0
38.64  0.0
40.32  2.005631947532041
42.0  6.551415519473786
43.68  2.7465750581078336
45.36  0.0
47.04  0.0
48.72  0.16799771603931357
50.4  6.175496217818769
52.08  4.311528319576588
53.76  0.0
55.44  0.0
57.12  0.0
58.8  5.3015537166451
60.48  5.52877816535301
62.16  0.0
63.839999999999996  0.0
65.52  0.0
67.2  4.000067152410549
68.88  6.300159421105341
70.56  0.5698859590400239
72.24  0.0
73.92  0.0
75.6  2.3759949737949126
77.28  6.5634640071119845
78.96  2.3849516557005117
80.64  0.0
82.32  0.0
84.0  0.5603105623881699
85.67999999999999  6.2974577119434985
87.36  4.007682807512226
89.03999999999999  0.0
90.72  0.0
92.39999999999999  0.0
94.08  5.523592626499056
95.75999999999999  5.307214180058618
97.44  0.0
99.11999999999999  0.0
100.8  0.0
102.47999999999999  4.304277139069153
104.16  6.178745001190664
105.83999999999999  0.17760546987871284
107.52  0.0
109.2  0.0
110.88  2.737843007759497
112.56  6.551990624507535
114.24  2.0147811624095167
115.92  0.0
117.6  0.0
119.28  0.9506153909693049
120.96  6.396850638159839
122.64  3.6894747279271405
124.32  0.0
126.0  0.0
127.67999999999999  0.0
129.35999999999999  5.7258363140597845
131.04  5.066630420578248
132.72  0.0
134.4  0.0
136.07999999999998  0.0
137.76  4.59306163573591
139.44  6.035187451059579
141.12  0.0
142.79999999999998  0.0
144.48  0.0
146.16  3.0898792734408715
147.84  6.517036489493435
149.51999999999998  1.6373901799046129
151.2  0.0
152.88  0.0
154.56  1.3375134435168532
156.23999999999998  6.473318796218786
157.92  3.358044461746756
159.6  0.0
161.28  0.0
162.96  0.0
164.64  5.907559986783322
166.32  4.807889081016453
168.0  0.0
