0.0  8.727691322667154  100.0
0.12  8.753723024552972
0.24  8.770535310978245
0.36  8.778118999871463
0.48  8.776479510783265
0.6  8.765636784455845
0.72  8.7456251774499
0.84  8.716493332140514
0.96  8.678304022437715
1.08  8.631133975631068
1.2  8.57507367080026
1.3199999999999998  8.510227114275256
1.44  8.43671159267015
1.56  8.354657404054073
1.68  8.264207567860739
1.7999999999999998  8.165517514174867
1.92  8.058754753069175
2.04  7.944098524699537
2.16  7.8217394308983765
2.28  7.691879049037169
2.4  7.55472952895824
2.52  7.410513173803565
2.6399999999999997  7.2594620055941546
2.76  7.101817316437721
2.88  6.93782920626455
3.0  6.767756108012034
3.12  6.591864301196821
3.2399999999999998  6.410427414830275
3.36  6.2237259206476425
3.48  6.03204661763419
3.5999999999999996  5.835682108842338
3.7199999999999998  5.634930271502755
3.84  5.430093721439219
3.96  5.221479272801963
4.08  5.009397394137087
4.2  4.794161661810606
4.32  4.57608821180453
4.4399999999999995  4.355495190899436
4.56  4.132702208252941
4.68  3.9080297883765733
4.8  3.6817988265046955
4.92  3.454330047338418
5.04  3.22594346813485
5.16  2.996957867097621
5.279999999999999  2.7676902580084457
5.3999999999999995  2.538455372021513
5.52  2.3095651475229384
5.64  2.0813282289361297
5.76  1.8540494753310937
5.88  1.628029479671258
6.0  1.4035640995054481
6.12  1.1809439998853113
6.24  0.9604542092597235
6.359999999999999  0.7423736890677217
6.4799999999999995  0.5269749177201737
6.6  0.3145234896280171
6.72  0.10527772990129813
6.84  0.0
6.96  0.0
7.08  0.0
7.199999999999999  0.0
7.319999999999999  0.0
7.4399999999999995  0.0
7.56  0.0
7.68  0.0
7.8  0.0
7.92  0.0
8.04  0.0
8.16  0.0
8.28  0.0
8.4  0.0
8.52  0.0
8.64  0.0
8.76  0.0
8.879999999999999  0.0
9.0  0.0
9.12  0.0
9.24  0.0
9.36  0.0
9.48  0.0
9.6  0.0
9.719999999999999  0.0
9.84  0.0
9.959999999999999  0.0
10.08  0.0
10.2  0.0
10.32  0.0
10.44  0.0
10.559999999999999  0.0
10.68  0.0
10.799999999999999  0.0
10.92  0.0
11.04  0.0
11.16  0.0
11.28  0.0
11.4  0.0
11.52  0.0
11.639999999999999  0.0
11.76  0.0
11.879999999999999  0.0
12.0  0.0
12.12  0.0
12.24  0.0
12.36  0.0
12.48  0.0
12.6  0.0
12.719999999999999  0.0
12.84  0.0
12.959999999999999  0.0
13.08  0.0
13.2  0.0
13.32  0.0
13.44  0.0
13.559999999999999  0.0
13.68  0.0
13.799999999999999  0.0
13.92  0.0
14.04  0.0
14.16  0.0
14.28  0.0
14.399999999999999  0.0
14.52  0.0
14.639999999999999  0.0
14.76  0.0
14.879999999999999  0.0
15.0  0.0
15.12  0.0
15.24  0.0
15.36  0.0
15.479999999999999  0.0
15.6  0.0
15.719999999999999  0.0
15.84  0.0
15.959999999999999  0.0
16.08  0.0
16.2  0.0
16.32  0.0
16.439999999999998  0.0
16.56  0.0
16.68  0.0
16.8  0.0
16.919999999999998  0.0
17.04  0.0
17.16  0.0
17.28  0.02981897185928517
17.4  0.09777252829014293
17.52  0.162864675286865
17.64  0.2250204833299565
17.759999999999998  0.2841712108917891
17.88  0.34025428638180544
18.0  0.3932132776846269
18.12  0.4429978495803695
18.24  0.4895637093608133
18.36  0.5328725409786061
18.48  0.5728919280890774
18.599999999999998  0.6095952663657241
18.72  0.6429616654907779
18.84  0.6729758412412861
18.96  0.6996279981093655
19.08  0.7229137029119004
19.2  0.742833749860658
19.32  0.7593940175779716
19.439999999999998  0.7726053185563057
19.56  0.782483241571467
19.68  0.7890479875698776
19.8  0.7923241995590458
19.919999999999998  0.7923407870382586
20.04  0.7891307455125749
20.16  0.7827309716383143
20.279999999999998  0.773182074551537
20.4  0.7605281839333229
20.52  0.7448167553662781
20.64  0.7260983735362065
20.759999999999998  0.7044265538307646
20.88  0.6798575428837652
21.0  0.6524501186089717
21.119999999999997  0.6222653902613842
21.24  0.5893665990566828
21.36  0.5538189198709986
21.48  0.5156892645334419
21.599999999999998  0.4750460872127351
21.72  0.43195919238731806
21.84  0.3864995458748772
21.96  0.338739089382875
22.08  0.2887505590263
22.2  0.2366073082422666
22.32  0.18238313551379948
22.439999999999998  0.1261521172966309
22.56  0.06798844652373814
22.68  0.007966277042259495
22.8  0.0
22.919999999999998  0.0
23.04  0.0
23.16  0.0
23.279999999999998  0.0
23.4  0.0
23.52  0.0
23.64  0.0
23.759999999999998  0.0
23.88  0.0
24.0  0.0
24.119999999999997  0.0
24.24  0.0
24.36  0.0
24.48  0.0
24.599999999999998  0.0
24.72  0.0
24.84  0.0
24.96  0.0
25.08  0.0
25.2  0.0
25.32  0.0
25.439999999999998  0.0
25.56  0.0
25.68  0.0
25.8  0.0
25.919999999999998  0.0
26.04  0.0
26.16  0.0
26.279999999999998  0.0
26.4  0.0
26.52  0.0
26.64  0.0
26.759999999999998  0.0
26.88  0.0
27.0  0.0
27.119999999999997  0.0
27.24  0.0
27.36  0.0
27.48  0.0
27.599999999999998  0.0
27.72  0.0
27.84  0.0
27.959999999999997  0.0
28.08  0.0
28.2  0.0
28.32  0.0
28.439999999999998  0.0
28.56  0.0
28.68  0.0
28.799999999999997  0.0
28.919999999999998  0.0
29.04  0.0
29.16  0.0
29.279999999999998  0.0
29.4  0.0
29.52  0.0
29.64  0.0
29.759999999999998  0.0
29.88  0.0
30.0  0.0
30.119999999999997  0.0
30.24  0.0
30.36  0.0
30.48  0.0
30.599999999999998  0.0
30.72  0.0
30.84  0.0
30.959999999999997  0.0
31.08  0.0
31.2  0.0
31.32  0.0
31.439999999999998  0.0
31.56  0.0
31.68  0.0
31.799999999999997  0.0
31.919999999999998  0.0
32.04  0.0
32.16  0.0
32.28  0.0
32.4  0.0
32.519999999999996  0.0
32.64  0.0
32.76  0.0
32.879999999999995  0.0
33.0  0.0
33.12  0.0
33.24  0.0
33.36  0.0
33.48  0.0
33.6  0.0
33.72  0.0
33.839999999999996  0.0
33.96  0.0
34.08  0.0
34.199999999999996  0.0
34.32  0.0
34.44  0.0
34.56  0.0
34.68  0.0
34.8  0.0
34.92  0.0
35.04  0.0
35.16  0.0
35.28  0.0
35.4  0.0
35.519999999999996  0.0
35.64  0.0
35.76  0.0
35.879999999999995  0.0
36.0  0.0
36.12  0.0
36.24  0.0
36.36  0.0
36.48  0.0
36.6  0.0
36.72  0.0
36.839999999999996  0.0
36.96  0.0
37.08  0.0
37.199999999999996  0.0
37.32  0.0
37.44  0.0
37.559999999999995  0.0
37.68  0.0
37.8  0.0
37.92  0.0
38.04  0.0
38.16  0.0
38.28  0.0
38.4  0.0
38.519999999999996  0.0
38.64  0.0
38.76  0.0
38.879999999999995  0.0
39.0  0.0
39.12  0.0
39.24  0.0
39.36  0.0
39.48  0.0
39.6  0.0
39.72  0.0
39.839999999999996  0.0
39.96  0.0
40.08  0.0
40.199999999999996  0.0
40.32  0.0
40.44  0.0
40.559999999999995  0.0
40.68  0.0
40.8  0.0
40.92  0.0
41.04  0.0
41.16  0.0
41.28  0.16318712769956978
41.4  0.3264681398890259
41.519999999999996  0.48822273396331184
41.64  0.6482332575500473
41.76  0.806282041710324
41.879999999999995  0.9621517750797457
42.0  1.1156258827939376
42.12  1.2664889094956693
42.239999999999995  1.4145269057044687
42.36  1.5595278168145923
42.48  1.7012818739742854
42.6  1.8395819860872926
42.72  1.974224132166905
42.839999999999996  2.105007753264756
42.96  2.231736143188695
43.08  2.35421683721884
43.199999999999996  2.472261998027011
43.32  2.585688798002139
43.44  2.694319797183743
43.559999999999995  2.7979833160067957
43.68  2.8965138020635934
43.8  2.9897521900928665
43.92  3.077546254412677
44.04  3.1597509530207657
44.16  3.2362287625963093
44.28  3.3068500036474666
44.4  3.3714931550622005
44.519999999999996  3.430045157334418
44.64  3.482401703753206
44.76  3.528467518860775
44.879999999999995  3.568156623504103
45.0  3.601392585825753
45.12  3.6281087575617197
45.239999999999995  3.648248495038197
45.36  3.6617653642839065
45.48  3.6686233297014885
45.6  3.6687969257693602
45.72  3.662271411274548
45.839999999999996  3.6490429056075513
45.96  3.629118506681889
46.08  3.6025163900736934
46.199999999999996  3.5692658890106315
46.32  3.5294075548742025
46.44  3.4829931979152065
46.559999999999995  3.430085907918688
46.68  3.3707600545924037
46.8  3.3051012674905698
46.92  3.2332063953237062
47.04  3.155183444544661
47.16  3.071151497140713
47.28  2.9812406076019458
47.4  2.8855916790767546
47.519999999999996  2.7843563187658695
47.64  2.6776966726478113
47.76  2.5657852396693333
47.879999999999995  2.4488046655757314
48.0  2.326947516596947
48.12  2.2004160332460794
48.239999999999995  2.069421864527788
48.36  1.9341857828941202
48.48  1.7949373803253657
48.6  1.6519147459526018
48.72  1.5053641256779084
48.839999999999996  1.3555395642857153
48.96  1.20270253057668
49.08  1.04712152609169
49.199999999999996  0.8890716780294108
49.32  0.7288343169954494
49.44  0.5666965402548736
49.559999999999995  0.40295076119207063
49.68  0.2378942457136941
49.8  0.07182863636007175
49.92  0.0
50.04  0.0
50.16  0.0
50.28  0.0
50.4  0.0
50.519999999999996  0.0
50.64  0.0
50.76  0.0
50.879999999999995  0.0
51.0  0.0
51.12  0.0
51.239999999999995  0.0
51.36  0.0
51.48  0.0
51.6  0.0
51.72  0.0
51.839999999999996  0.0
51.96  0.0
52.08  0.0
52.199999999999996  0.0
52.32  0.0
52.44  0.0
52.559999999999995  0.0
52.68  0.0
52.8  0.0
52.919999999999995  0.0
53.04  0.0
53.16  0.0
53.28  0.0
53.4  0.0
53.519999999999996  0.0
53.64  0.0
53.76  0.0
53.879999999999995  0.0
54.0  0.0
54.12  0.0
54.239999999999995  0.0
54.36  0.0
54.48  0.0
54.6  0.0
54.72  0.0
54.839999999999996  0.0
54.96  0.0
55.08  0.0
55.199999999999996  0.0
55.32  0.0
55.44  0.0
55.559999999999995  0.0
55.68  0.0
55.8  0.0
55.919999999999995  0.0
56.04  0.0
56.16  0.0
56.28  0.0
56.4  0.0
56.519999999999996  0.0
56.64  0.0
56.76  0.0
56.879999999999995  0.0
57.0  0.0
57.12  0.0
57.239999999999995  0.0
57.36  0.0
57.48  0.0
57.599999999999994  0.0
57.72  0.0
57.839999999999996  0.0
57.96  0.07668277605245288
58.08  0.3155625869939498
58.199999999999996  0.5583765188518355
58.32  0.804785063387568
58.44  1.0544412263432896
58.559999999999995  1.3069910863949517
58.68  1.5620743681037212
58.8  1.8193250278803772
58.919999999999995  2.078371851950448
59.04  2.3388390652824134
59.16  2.6003469504185466
59.28  2.862512475126865
59.4  3.1249499277727852
59.519999999999996  3.3872715592928007
59.64  3.6490882306365586
59.76  3.9100100645311975
59.879999999999995  4.169647100410991
60.0  4.4276099513459375
60.12  4.683510461797144
60.239999999999995  4.936962365022353
60.36  5.18758193895214
60.48  5.434988659358221
60.599999999999994  5.6788058491373565
60.72  5.918661322538214
60.839999999999996  6.154188023166137
60.96  6.38502465460937
61.08  6.610816302540841
61.199999999999996  6.83121504716388
61.32  7.045880564884867
61.44  7.254480718113656
61.559999999999995  7.456692132112461
61.68  7.652200757835146
61.8  7.8407024197230175
61.919999999999995  8.021903347448875
62.04  8.195520690628344
62.16  8.36128301554753
62.28  8.518930782987344
62.4  8.668216806257387
62.519999999999996  8.808906688588172
62.64  8.94077923906594
62.76  9.063626866332967
62.879999999999995  9.177255949315924
63.0  9.28148718428535
63.12  9.376155907592201
63.239999999999995  9.461112393470863
63.36  9.536222126342874
63.48  9.601366047101566
63.599999999999994  9.656440772904933
63.72  9.701358790051803
63.839999999999996  9.736048619565265
63.96  9.760454955156867
64.08  9.77453877329511
64.2  9.77827741515275
64.32  9.771664640258464
64.44  9.754710651730038
64.56  9.727442093018288
64.67999999999999  9.689902016142641
64.8  9.642149821451676
64.92  9.58426116899398
65.03999999999999  9.516327861636404
65.16  9.438457700118876
65.28  9.350774310286141
65.39999999999999  9.253416942787695
65.52  9.146540245587993
65.64  9.030314009678538
65.75999999999999  8.904922888432766
65.88  8.770566091092908
66.0  8.627457050925646
66.12  8.475823068629568
66.24  8.315904931623042
66.36  8.147956509885077
66.48  7.972244329065319
66.6  7.789047121620078
66.72  7.598655356772117
66.84  7.401370750130979
66.96  7.197505753846729
67.08  6.987383028206693
67.2  6.771334895618121
67.32  6.549702777951562
67.44  6.322836618250581
67.56  6.091094287841436
67.67999999999999  5.854840979902945
67.8  5.614448590580942
67.92  5.370295088754845
68.03999999999999  5.122763875583528
68.16  4.87224313497591
68.28  4.619125176148853
68.39999999999999  4.363805769447252
68.52  4.106683476614038
68.64  3.848158976707518
68.75999999999999  3.588634388869491
68.88  3.328512593153623
69.0  3.068196550626509
69.12  2.808088623953032
69.24  2.5485898996771064
69.36  2.2900995134043782
69.48  2.0330139790870514
69.6  1.777726523602543
69.72  1.5246264278068495
69.84  1.2740983752309187
69.96  1.026521809572579
70.08  0.7822703021195363
70.2  0.5417109302202054
70.32  0.3052036678964005
70.44  0.07310078966942513
70.56  0.0
70.67999999999999  0.0
70.8  0.0
70.92  0.0
71.03999999999999  0.0
71.16  0.0
71.28  0.0
71.39999999999999  0.0
71.52  0.0
71.64  0.0
71.75999999999999  0.0
71.88  0.0
72.0  0.0
72.11999999999999  0.0
72.24  0.0
72.36  0.0
72.48  0.0
72.6  0.0
72.72  0.0
72.84  0.0
72.96  0.0
73.08  0.0
73.2  0.0
73.32  0.0
73.44  0.0
73.56  0.0
73.67999999999999  0.0
73.8  0.0
73.92  0.0
74.03999999999999  0.0
74.16  0.0
74.28  0.0
74.39999999999999  0.0
74.52  0.0
74.64  0.0
74.75999999999999  0.0
74.88  0.0
75.0  0.0
75.11999999999999  0.0
75.24  0.0
75.36  0.0
75.48  0.0
75.6  0.0
75.72  0.0
75.84  0.0
75.96  0.0
76.08  0.0
76.2  0.0
76.32  0.0
76.44  0.0
76.56  0.0
76.67999999999999  0.0
76.8  0.0
76.92  0.0
77.03999999999999  0.0
77.16  0.0
77.28  0.0
77.39999999999999  0.0
77.52  0.0
77.64  0.09260392359754499
77.75999999999999  0.28556305492544654
77.88  0.4796660807699922
78.0  0.6745536492225422
78.11999999999999  0.8698664879216942
78.24  1.0652460167651292
78.36  1.2603349565910125
78.48  1.4547779327492973
78.6  1.6482220724960028
78.72  1.8403175951602868
78.84  2.0307183940512803
78.96  2.219082609092596
79.08  2.4050731891928443
79.2  2.5883584433846356
79.32  2.7686125797898398
79.44  2.9455162314952332
79.56  3.11875696845179
79.67999999999999  3.2880297945404973
79.8  3.453037628979794
79.92  3.6134917712821073
80.03999999999999  3.7691123490019063
80.16  3.9196287475535634
80.28  4.064780021413487
80.39999999999999  4.204315286060288
80.52  4.337994090045113
80.64  4.465586766624411
80.75999999999999  4.586874764429361
80.88  4.7016509566872795
81.0  4.809719928553063
81.11999999999999  4.910898242152733
81.24  5.0050146789843115
81.36  5.091910459365666
81.48  5.171439438664427
81.6  5.243468280089077
81.72  5.3078766038665
81.84  5.364557112676031
81.96  5.413415693255637
82.08  5.454371494141483
82.2  5.4873569795466315
82.32  5.512317959430362
82.44  5.529213595853685
82.56  5.538016385760854
82.67999999999999  5.5387121203707
82.8  5.531299821404448
82.92  5.515791654419081
83.03999999999999  5.492212819557326
83.16  5.460601420065812
83.28  5.421008308973304
83.39999999999999  5.373496914359539
83.52  5.318143043683351
83.64  5.2550346676756154
83.75999999999999  5.184271684337894
83.88  5.10596566362224
84.0  5.020239573400806
84.11999999999999  4.927227487364998
84.24  4.827074275524787
84.36  4.719935278007175
84.47999999999999  4.605975962880113
84.6  4.485371568753512
84.72  4.358306732933637
84.84  4.224975105928652
84.96  4.085578953124268
85.08  3.9403287444671506
85.2  3.789442733010907
85.32  3.63314652319449
85.44  3.4716726297367453
85.56  3.3052600280424613
85.67999999999999  3.134153697024632
85.8  2.958604155256258
85.92  2.778866991370723
86.03999999999999  2.5952023896340686
86.16  2.407874651614832
86.28  2.2171517148781366
86.39999999999999  2.0233046696283963
86.52  1.8266072742228248
86.64  1.62733547047264
86.75999999999999  1.4257668996416382
86.88  1.2221804200438315
87.0  1.0168556271316986
87.11999999999999  0.8100723769535216
87.24  0.6021103138460013
87.36  0.39324840321206533
87.47999999999999  0.1837644702169543
87.6  0.0
87.72  0.0
87.84  0.0
87.96  0.0
88.08  0.0
88.2  0.0
88.32  0.0
88.44  0.0
88.56  0.0
88.67999999999999  0.0
88.8  0.0
88.92  0.0
89.03999999999999  0.0
89.16  0.0
89.28  0.0
89.39999999999999  0.0
89.52  0.0
89.64  0.0
89.75999999999999  0.0
89.88  0.0
90.0  0.0
90.11999999999999  0.0
90.24  0.0
90.36  0.0
90.47999999999999  0.0
90.6  0.0
90.72  0.0
90.84  0.0
90.96  0.0
91.08  0.0
91.2  0.0
91.32  0.0
91.44  0.0
91.56  0.0
91.67999999999999  0.0
91.8  0.0
91.92  0.0
92.03999999999999  0.0
92.16  0.0
92.28  0.0
92.39999999999999  0.0
92.52  0.0
92.64  0.0
92.75999999999999  0.0
92.88  0.0
93.0  0.0
93.11999999999999  0.0
93.24  0.0
93.36  0.0
93.47999999999999  0.0
93.6  0.0
93.72  0.0
93.84  0.0
93.96  0.0
94.08  0.0
94.2  0.0
94.32  0.0
94.44  0.0
94.56  0.0
94.67999999999999  0.0
94.8  0.0
94.92  0.0
95.03999999999999  0.0
95.16  0.0
95.28  0.0
95.39999999999999  0.0
95.52  0.0
95.64  0.0
95.75999999999999  0.0
95.88  0.0
96.0  0.0
96.11999999999999  0.0
96.24  0.0
96.36  0.0
96.47999999999999  0.0
96.6  0.0
96.72  0.0
96.84  0.0
96.96  0.0
97.08  0.0
97.2  0.0
97.32  0.0
97.44  0.0
97.56  0.0
97.67999999999999  0.0
97.8  0.0
97.92  0.0
98.03999999999999  0.0
98.16  0.0
98.28  0.0
98.39999999999999  0.0
98.52  0.0
98.64  0.0
98.75999999999999  0.0
98.88  0.0
99.0  0.0
99.11999999999999  0.0
99.24  0.0
99.36  0.0
99.47999999999999  0.0
99.6  0.0
99.72  0.0
99.84  0.0
99.96  0.0
100.08  0.0
100.2  0.0
100.32  0.0
100.44  0.0
100.56  0.0
100.67999999999999  0.0
100.8  0.0
100.92  0.0
101.03999999999999  0.0
101.16  0.0
101.28  0.0
101.39999999999999  0.0
101.52  0.0
101.64  0.0
101.75999999999999  0.0
101.88  0.0
102.0  0.0
102.11999999999999  0.0
102.24  0.0
102.36  0.0
102.47999999999999  0.0
102.6  0.0
102.72  0.0
102.83999999999999  0.0
102.96  0.0
103.08  0.0
103.2  0.0
103.32  0.0
103.44  0.0
103.56  0.0
103.67999999999999  0.0
103.8  0.0
103.92  0.0
104.03999999999999  0.0
104.16  0.0
104.28  0.0
104.39999999999999  0.0
104.52  0.0
104.64  0.0
104.75999999999999  0.0
104.88  0.0
105.0  0.0
105.11999999999999  0.0
105.24  0.0
105.36  0.0
105.47999999999999  0.0
105.6  0.0
105.72  0.0
105.83999999999999  0.0
105.96  0.0
106.08  0.0
106.2  0.0
106.32  0.0
106.44  0.0
106.56  0.0
106.67999999999999  0.0
106.8  0.0
106.92  0.0
107.03999999999999  0.0
107.16  0.0
107.28  0.0
107.39999999999999  0.0
107.52  0.0
107.64  0.0
107.75999999999999  0.0
107.88  0.0
108.0  0.0
108.11999999999999  0.0
108.24  0.0
108.36  0.0
108.47999999999999  0.0
108.6  0.0
108.72  0.0
108.83999999999999  0.0
108.96  0.0
109.08  0.0
109.2  0.0
109.32  0.0
109.44  0.0
109.56  0.0
109.67999999999999  0.0
109.8  0.0
109.92  0.0
110.03999999999999  0.0
110.16  0.0
110.28  0.0
110.39999999999999  0.0
110.52  0.0
110.64  0.0
110.75999999999999  0.0
110.88  0.0
111.0  0.0
111.11999999999999  0.0
111.24  0.0
111.36  0.0
111.47999999999999  0.0
111.6  0.0
111.72  0.0
111.83999999999999  0.0
111.96  0.0
112.08  0.0
112.2  0.0
112.32  0.0
112.44  0.0
112.56  0.0
112.67999999999999  0.0
112.8  0.0
112.92  0.0
113.03999999999999  0.0
113.16  0.0
113.28  0.0
113.39999999999999  0.0
113.52  0.0
113.64  0.0
113.75999999999999  0.0
113.88  0.0
114.0  0.0
114.11999999999999  0.0
114.24  0.0
114.36  0.0
114.47999999999999  0.0
114.6  0.0
114.72  0.0
114.83999999999999  0.0
114.96  0.0
115.08  0.0
115.19999999999999  0.0
115.32  0.0
115.44  0.0
115.56  0.0
115.67999999999999  0.0
115.8  0.0
115.92  0.0
116.03999999999999  0.0
116.16  0.0
116.28  0.0
116.39999999999999  0.0
116.52  0.0
116.64  0.0
116.75999999999999  0.0
116.88  0.0
117.0  0.0
117.11999999999999  0.0
117.24  0.0
117.36  0.0
117.47999999999999  0.0
117.6  0.0
117.72  0.0
117.83999999999999  0.0
117.96  0.0
118.08  0.0
118.19999999999999  0.0
118.32  0.0
118.44  0.0
118.56  0.0
118.67999999999999  0.0
118.8  0.0
118.92  0.0
119.03999999999999  0.0
119.16  0.0
119.28  0.0
119.39999999999999  0.0
119.52  0.0
119.64  0.0
119.75999999999999  0.0
119.88  0.0
120.0  0.0
