0.0  32.77804365484855
1.68  27.704182885131818
3.36  28.12002297556024
5.04  33.620025342094536
6.72  38.8404378519399
8.4  38.69017201682065
10.08  33.31577117251991
11.76  27.95849742585329
13.44  0.0
15.12  0.0
16.8  5.232590141283925
18.48  5.613816123657906
20.16  0.5202956969022767
21.84  0.0
23.52  0.0
25.2  0.0
26.88  4.919241360934624
28.56  5.829129838603091
30.24  1.054292106990527
31.919999999999998  0.0
33.6  0.0
35.28  0.0
36.96  4.569383739564386
38.64  6.00118184733111
40.32  1.5804639400556741
42.0  0.0
43.68  0.0
45.36  0.0
47.04  4.185613794672813
48.72  6.128695241682143
50.4  2.094906137900043
52.08  0.0
53.76  0.0
55.44  0.0
57.12  3.770779728833986
58.8  6.210723663081589
60.48  2.593800695461951
62.16  0.0
63.839999999999996  0.0
65.52  0.0
67.2  3.3279602913607853
68.88  6.246658326073249
70.56  3.0734449966768618
72.24  0.0
73.92  0.0
75.6  0.0
77.28  2.8604419289341982
78.96  6.236232536506128
80.64  3.5302792939628347
82.32  0.0
84.0  0.0
85.67999999999999  0.0
87.36  2.3716943947775064
89.03999999999999  6.179523670842549
90.72  3.9609131273874096
92.39999999999999  0.0
94.08  0.0
95.75999999999999  0.0
97.44  1.8653449973951068
99.11999999999999  6.076952601897871
100.8  4.362150487442301
102.47999999999999  0.0
104.16  0.0
105.83999999999999  0.0
107.52  1.3451516799928545
109.2  5.929280575273738
110.88  4.731013534677324
112.56  0.0
114.24  0.0
115.92  0.0
117.6  0.814975130374409
119.28  5.737603559666887
120.96  5.064764700154051
122.64  0.0
124.32  0.0
126.0  0.0
127.67999999999999  0.27875012830409723
129.35999999999999  5.503344112983403
131.04  5.360927002698608
132.72  0.0
134.4  0.0
136.07999999999998  0.0
137.76  0.0
139.44  5.22824082462554
141.12  5.617302432165392
142.79999999999998  0.5282176875490611
144.48  0.0
146.16  0.0
147.84  0.0
149.51999999999998  4.9143354123056815
151.2  5.831988262278306
152.88  1.0621272903358134
154.56  0.0
156.23999999999998  0.0
157.92  0.0
159.6  4.563957569152064
161.28  6.003391171981024
162.96  1.5881541661851875
164.64  0.0
166.32  0.0
168.0  0.0
