0.0  30.27414982076443
1.68  32.543426828540476
3.36  37.369078950720954
5.04  29.133843991003214
6.72  34.489420073858845
8.4  36.10355162417787
10.08  28.752423289670393
11.76  36.22649814805995
13.44  1.004087845195606
15.12  0.0
16.8  4.107422237888731
18.48  0.0
20.16  0.0
21.84  4.579431878423943
23.52  0.0
25.2  0.0
26.88  4.223897390163119
28.56  0.0
30.24  0.7287495455591282
31.919999999999998  3.1050670218313714
33.6  0.0
35.28  2.5417948819258727
36.96  1.4251233862532222
38.64  0.0
40.32  3.89551524371398
42.0  0.0
43.68  0.0
45.36  4.545281304148801
47.04  0.0
48.72  0.0
50.4  4.37367454873353
52.08  0.0
53.76  0.2947915735994
55.44  3.4117058466492796
57.12  0.0
58.8  2.167332437879563
60.48  1.8332115104845312
62.16  0.0
63.839999999999996  3.6482170265053457
65.52  0.0
67.2  0.0
68.88  4.469836304278336
70.56  0.0
72.24  0.0
73.92  4.483716349655998
75.6  0.0
77.28  0.0
78.96  3.6873489148109466
80.64  0.0
82.32  1.773179518787267
84.0  2.224644688353978
85.67999999999999  0.0
87.36  3.36777432021544
89.03999999999999  0.35992735210969773
90.72  0.0
92.39999999999999  4.353782305681706
94.08  0.0
95.75999999999999  0.0
97.44  4.553023049975948
99.11999999999999  0.0
100.8  0.0
102.47999999999999  3.9294919759944995
104.16  0.0
105.83999999999999  1.3629170511750257
107.52  2.5958667025105435
109.2  0.0
110.88  3.0567349804540247
112.56  0.7931451948580759
114.24  0.0
115.92  4.198173672850263
117.6  0.0
119.28  0.0
120.96  4.580964990011548
122.64  0.0
124.32  0.0
126.0  4.135935131457744
127.67999999999999  0.0
129.35999999999999  0.9402723187488564
131.04  2.943504956448769
132.72  0.0
134.4  2.7179248369143036
136.07999999999998  1.21915721841898
137.76  0.0
139.44  4.004424128869535
141.12  0.0
142.79999999999998  0.0
144.48  4.56728831388755
146.16  0.0
147.84  0.0
149.51999999999998  4.304802820382342
151.2  0.0
152.88  0.5090850995748466
154.56  3.2644011149520136
156.23999999999998  0.0
157.92  2.3544220203711217
159.6  1.6340930524818336
161.28  0.0
162.96  3.774293911575921
164.64  0.0
166.32  0.0
168.0  4.512117275846286
