Figure of merit results from optimization:
10.926666822525636
10.926666822525636
10.926666822525636
10.926666822525636
10.926666822525636
10.926666822525636
10.926666822525636
10.926666822525636
10.996526889368583
10.926666822525636
10.926666822525636
10.926666822525636
10.996526889368583
10.996526889368583
10.926666822525636
10.926666822525636
10.926666822525636
10.926666822525636
10.996526889368583
10.926666822525636
10.926666822525636
10.926666822525636
10.926666822525636
10.926666822525636
10.926666822525636
10.926666822525636
10.996526889368583
10.926666822525636
10.926666822525636
10.926666822525636
10.926666822525636
10.996526889368583
10.926666822525638
10.926666822525636
10.926666822525636
10.926666822525636
10.926666822525636
10.926666822525636
10.996526889368583
10.926666822525636
10.926666822525636
10.926666822525636
10.926666822525636
10.926666822525636
10.996526889368583
10.926666822525636
10.926666822525636
10.926666822525636
10.926666822525636
10.996526889368583
10.926666822525636
10.926666822525636
10.926666822525636
10.926666822525636
10.926666822525636
10.926666822525636
10.926666822525636
10.926666822525636
10.926666822525636
10.926666822525636
10.926666822525636
10.926666822525636
10.926666822525636
10.926666822525636
10.926666822525636
10.926666822525636
10.926666822525636
10.926666822525636
10.926666822525636
10.926666822525636
10.926666822525636
10.926666822525636
10.926666822525636
10.926666822525636
10.926666822525636
10.926666822525636
10.926666822525636
10.926666822525636
10.926666822525636
10.926666822525636
10.926666822525636
10.926666822525636
10.926666822525636
10.926666822525636
10.926666822525636
10.926666822525636
10.926666822525636
10.926666822525636
10.926666822525636
10.926666822525636
10.926666822525636
10.926666822525636
10.926666822525636
10.926666822525636
10.926666822525636
10.926666822525636
10.926666822525636
10.926666822525636
10.926666822525636
10.926666822525636
10.926666822525636
10.926666822525636
10.926666822525636
10.926666822525636
10.926666822525636
10.926666822525636
