0.0  39.51021743363204
1.68  37.868424315233476
3.36  36.034821310126
5.04  34.08695993515512
6.72  32.10722421991341
8.4  30.179346306659905
10.08  28.384865032345303
11.76  26.79967727562127
13.44  0.0
15.12  0.0
16.8  0.0
18.48  0.0
20.16  0.0
21.84  0.0
23.52  0.0
25.2  0.0
26.88  0.0
28.56  0.0
30.24  0.0
31.919999999999998  0.7349152684088018
33.6  2.683469076535551
35.28  4.518526617087641
36.96  6.162474854215866
38.64  7.545783644781449
40.32  8.60994648837221
42.0  9.309955036691798
43.68  9.616202703922132
45.36  9.515736865608542
47.04  9.012806684809043
48.72  8.12868339541655
50.4  6.900760643700105
52.08  5.380972938765265
53.76  3.6335991029484713
55.44  1.7325436243457268
57.12  0.0
58.8  0.0
60.48  0.0
62.16  0.0
63.839999999999996  0.0
65.52  0.0
67.2  0.0
68.88  0.0
70.56  0.0
72.24  0.0
73.92  0.0
75.6  0.0
77.28  0.0
78.96  0.0
80.64  0.0
82.32  0.0
84.0  1.722521860113711
85.67999999999999  3.624163134421438
87.36  5.372521856515274
89.03999999999999  6.893651882922012
90.72  8.123217618347342
92.39999999999999  9.009215064336892
94.08  9.514171307906583
95.75999999999999  9.616729423636695
97.44  9.312551756420028
99.11999999999999  8.61450338087605
100.8  7.552107978087407
102.47999999999999  6.170299143137918
104.16  4.527519936407813
105.83999999999999  2.693251057355678
107.52  0.7450721857031839
109.2  0.0
110.88  0.0
112.56  0.0
114.24  0.0
115.92  0.0
117.6  0.0
119.28  0.0
120.96  0.0
122.64  0.0
124.32  0.0
126.0  0.0
127.67999999999999  0.0
129.35999999999999  0.0
131.04  0.0
132.72  0.0
134.4  0.7434703861361909
136.07999999999998  2.691708534116254
137.76  4.526101929908834
139.44  6.169065627405685
141.12  7.55111112418391
142.79999999999998  8.61378535034448
144.48  9.312142918078905
146.16  9.616647069142603
147.84  9.514418920410414
149.51999999999998  9.009782171165337
151.2  8.124080233940461
152.88  6.894773523293097
154.56  5.373855082326606
156.23999999999998  3.6256515574125383
157.92  1.724102528020433
159.6  0.0
161.28  0.0
162.96  0.0
164.64  0.0
166.32  0.0
168.0  0.0
