0.0  22.547428519428784
1.68  28.273681362173324
3.36  35.5301318933557
5.04  42.12220153477124
6.72  46.05624135862569
8.4  46.14247414723734
10.08  42.35482039661002
11.76  35.83878557764356
13.44  0.0
15.12  0.0
16.8  0.0
18.48  0.0
20.16  0.0
21.84  0.14972462166262268
23.52  7.147644503886452
25.2  11.983892168344106
26.88  13.195834406457536
28.56  10.416941816233889
30.24  4.487638806746156
31.919999999999998  0.0
33.6  0.0
35.28  0.0
36.96  0.0
38.64  0.0
40.32  0.0
42.0  5.335207035293015
43.68  10.957815676415063
45.36  13.26643665317727
47.04  11.562870464456495
48.72  6.362329037661995
50.4  0.0
52.08  0.0
53.76  0.0
55.44  0.0
57.12  0.0
58.8  0.0
60.48  3.3949706931957713
62.16  9.66925705581805
63.839999999999996  13.01925635678857
65.52  12.431823578261728
67.2  8.084616844736571
68.88  1.2923680256616228
70.56  0.0
72.24  0.0
73.92  0.0
75.6  0.0
77.28  0.0
78.96  1.3734116531603933
80.64  8.149082276527016
82.32  12.460214442800396
84.0  13.002986364833212
85.67999999999999  9.613246764004376
87.36  3.316159373147652
89.03999999999999  0.0
90.72  0.0
92.39999999999999  0.0
94.08  0.0
95.75999999999999  0.0
97.44  0.0
99.11999999999999  6.433705412641897
100.8  11.602702130405683
102.47999999999999  13.262677263131588
104.16  10.911602188013216
105.83999999999999  5.2605158590728625
107.52  0.0
109.2  0.0
110.88  0.0
112.56  0.0
114.24  0.0
115.92  0.0
117.6  4.564216384270688
119.28  10.467260160912964
120.96  13.204675670274476
122.64  11.948582475401379
124.32  7.07886261446812
126.0  0.06827233968594193
127.67999999999999  0.0
129.35999999999999  0.0
131.04  0.0
132.72  0.0
134.4  0.0
136.07999999999998  2.585396694787608
137.76  9.081086767431076
139.44  12.830370949070028
141.12  12.69934793172077
142.79999999999998  8.727643191487813
144.48  2.116424999885364
146.16  0.0
147.84  0.0
149.51999999999998  0.0
151.2  0.0
152.88  0.0
154.56  0.5446467403741222
156.23999999999998  7.477386171838623
157.92  12.148729147396178
159.6  13.145914816331446
161.28  10.167362909043819
162.96  4.113881083728546
164.64  0.0
166.32  0.0
168.0  0.0
