0.0  36.899971777336454
1.68  41.76948253459709
3.36  39.48445985118169
5.04  31.982786854945534
6.72  25.626485960635375
8.4  25.806211864179126
10.08  32.36954253552701
11.76  39.75024536663805
13.44  8.355557044803271
15.12  3.208017250138606
16.8  0.0
18.48  0.0
20.16  0.0
21.84  2.564442576211958
23.52  8.172908414566837
25.2  6.850090184256654
26.88  0.0
28.56  0.0
30.24  0.0
31.919999999999998  0.0
33.6  5.655361078542727
35.28  8.535177196784938
36.96  4.176476164649388
38.64  0.0
40.32  0.0
42.0  0.0
43.68  1.5221471287197437
45.36  7.781869799445374
47.04  7.441940616837441
48.72  0.7906468843098997
50.4  0.0
52.08  0.0
53.76  0.0
55.44  4.805378585320522
57.12  8.581334809406233
58.8  5.079628512974052
60.48  0.0
62.16  0.0
63.839999999999996  0.0
65.52  0.45605022797173866
67.2  7.269147933881619
68.88  7.917423190896636
70.56  1.851086409664581
72.24  0.0
73.92  0.0
75.6  0.0
77.28  3.8802555280774302
78.96  8.493308127037565
80.64  5.903351916272893
82.32  0.0
84.0  0.0
85.67999999999999  0.0
87.36  0.0
89.03999999999999  6.642760127954283
90.72  8.269102898315179
92.39999999999999  2.882580936325869
94.08  0.0
95.75999999999999  0.0
97.44  0.0
99.11999999999999  2.8944578364119984
100.8  8.272473602011399
102.47999999999999  6.634766007261248
104.16  0.0
105.83999999999999  0.0
107.52  0.0
109.2  0.0
110.88  5.9125010590645
112.56  8.491480607005796
114.24  3.8690012292829383
115.92  0.0
117.6  0.0
119.28  0.0
120.96  1.863400194775802
122.64  7.922284371363919
124.32  7.262433837454352
126.0  0.4434549487522177
127.67999999999999  0.0
129.35999999999999  0.0
131.04  0.0
132.72  5.089789614890598
134.4  8.581079049535747
136.07999999999998  4.794922868616078
137.76  0.0
139.44  0.0
141.12  0.0
142.79999999999998  0.8032050067117957
144.48  7.448216260950925
146.16  7.776540714015652
147.84  1.509732807061261
149.51999999999998  0.0
151.2  0.0
152.88  0.0
154.56  4.187490338952731
156.23999999999998  8.536497196332105
157.92  5.6458674374878575
159.6  0.0
161.28  0.0
162.96  0.0
164.64  0.0
166.32  6.857682161259379
168.0  8.169047669778259
