0.0  14.370278276222896  100.0
0.12  14.43445031791375
0.24  14.486314282444326
0.36  14.525839370001153
0.48  14.553012522847741
0.6  14.567838365298211
0.72  14.570339115450535
0.84  14.56055446897101
0.96  14.538541455269495
1.08  14.504374266451995
1.2  14.458144059483315
1.3199999999999998  14.399958732037607
1.44  14.329942672558758
1.56  14.248236485095257
1.68  14.15499668951601
1.7999999999999998  14.050395397753702
1.92  13.934619966761266
2.04  13.807872628904516
2.16  13.670370100549812
2.28  13.522343169640116
2.4  13.364036263085348
2.52  13.195706994824041
2.6399999999999997  13.017625695442561
2.76  12.830074924265519
2.88  12.63334896485675
3.0  12.427753304893864
3.12  12.213604101401275
3.2399999999999998  11.991227632346437
3.36  11.760959735621984
3.48  11.523145236452317
3.5999999999999996  11.278137364277086
3.7199999999999998  11.02629716017583
3.84  10.767992875907987
3.96  10.503599365649965
4.08  10.233497471516893
4.2  9.958073403960197
4.32  9.677718118133674
4.4399999999999995  9.392826687320355
4.56  9.103797674509863
4.68  8.811032503211461
4.8  8.514934828581467
4.92  8.215909909935172
5.04  7.914363985703037
5.16  7.610703651878425
5.279999999999999  7.305335244990046
5.3999999999999995  6.99866423061606
5.52  6.691094598439044
5.64  6.383028264821214
5.76  6.074864483858126
5.88  5.766999267845941
6.0  5.459824818072841
6.12  5.1537289668190125
6.24  4.8490946314219645
6.359999999999999  4.5462992812350205
6.4799999999999995  4.245714418276301
6.6  3.9477050723340357
6.72  3.652629311260987
6.84  3.3608377671568856
6.96  3.0726731791026833
7.08  2.7884699530743093
7.199999999999999  2.508553739626728
7.319999999999999  2.2332410299012144
7.4399999999999995  1.9628387704702965
7.56  1.697643997495475
7.68  1.437943490633185
7.8  1.1840134470839245
7.92  0.9361191761390096
8.04  0.6945148145380718
8.16  0.4594430629093199
8.28  0.23113494352292752
8.4  0.009809579546407265
8.52  0.0
8.64  0.0
8.76  0.0
8.879999999999999  0.0
9.0  0.0
9.12  0.0
9.24  0.0
9.36  0.0
9.48  0.0
9.6  0.0
9.719999999999999  0.0
9.84  0.0
9.959999999999999  0.0
10.08  0.0
10.2  0.0
10.32  0.0
10.44  0.0
10.559999999999999  0.0
10.68  0.0
10.799999999999999  0.0
10.92  0.0
11.04  0.0
11.16  0.0
11.28  0.0
11.4  0.0
11.52  0.0
11.639999999999999  0.0
11.76  0.0
11.879999999999999  0.0
12.0  0.0
12.12  0.0
12.24  0.0
12.36  0.0
12.48  0.0
12.6  0.0
12.719999999999999  0.0
12.84  0.0
12.959999999999999  0.0
13.08  0.0
13.2  0.0
13.32  0.0
13.44  0.0
13.559999999999999  0.0
13.68  0.0
13.799999999999999  0.0
13.92  0.0
14.04  0.0
14.16  0.0
14.28  0.0
14.399999999999999  0.0
14.52  0.0
14.639999999999999  0.0
14.76  0.0
14.879999999999999  0.0
15.0  0.0
15.12  0.037463401188782997
15.24  0.20049103542718955
15.36  0.36524172507952846
15.479999999999999  0.5314733896516681
15.6  0.6989457104465109
15.719999999999999  0.8674204251795661
15.84  1.036661612456348
15.959999999999999  1.2064359657861166
16.08  1.376513056835405
16.2  1.546665587653776
16.32  1.7166696316334709
16.439999999999998  1.8863048629941148
16.56  2.0553547746129963
16.68  2.223606884050981
16.8  2.3908529276534862
16.919999999999998  2.5568890426352526
17.04  2.721515937086626
17.16  2.8845390478679365
17.28  3.0457686863869733
17.4  3.2050201722826768
17.52  3.36211395506567
17.64  3.516875723793464
17.759999999999998  3.6691365048845492
17.88  3.8187327482016222
18.0  3.96550640155914
18.12  4.109304973835097
18.24  4.249981586890344
18.36  4.3873950165217
18.48  4.521409722696885
18.599999999999998  4.651895869340374
18.72  4.778729333959257
18.84  4.901791707416996
18.96  5.02097028418112
19.08  5.136158043387485
19.2  5.247253621079647
19.32  5.354161273996206
19.439999999999998  5.456790835292628
19.56  5.555057662595947
19.68  5.648882578801979
19.8  5.7381918060341555
19.919999999999998  5.822916893191839
20.04  5.902994637522924
20.16  5.9783670006617315
20.279999999999998  6.048981019577748
20.4  6.1147887128842715
20.52  6.175746982958102
20.64  6.23181751432243
20.759999999999998  6.282966668744567
20.88  6.329165377498729
21.0  6.3703890312410945
21.119999999999997  6.40661736794045
21.24  6.4378343593024345
21.36  6.4640280961189855
21.48  6.485190672967151
21.599999999999998  6.501318072672576
21.72  6.512410050943483
21.84  6.518470021569972
21.96  6.519504942571722
22.08  6.515525203664476
22.2  6.506544515401852
22.32  6.4925798003344735
22.439999999999998  6.473651086512986
22.56  6.449781403645172
22.68  6.4209966822004905
22.8  6.387325655737529
22.919999999999998  6.34879976671158
23.04  6.305453076000539
23.16  6.257322176367849
23.279999999999998  6.204446110061193
23.4  6.146866290725207
23.52  6.084626429785764
23.64  6.01777246744212
23.759999999999998  5.946352508382014
23.88  5.870416762313103
24.0  5.790017489382544
24.119999999999997  5.705208950534637
24.24  5.616047362834724
24.36  5.522590859765831
24.48  5.424899456482756
24.599999999999998  5.323035019987012
24.72  5.217061244164591
24.84  5.107043629607759
24.96  4.993049468121195
25.08  4.875147831792801
25.2  4.753409566489535
25.32  4.627907289619479
25.439999999999998  4.4987153919824605
25.56  4.365910043513624
25.68  4.229569202706734
25.8  4.089772629487322
25.919999999999998  3.9466019012897684
26.04  3.800140432077238
26.16  3.6504734940289474
26.279999999999998  3.497688241605951
26.4  3.3418737376937826
26.52  3.183120981509035
26.64  3.0215229379460258
26.759999999999998  2.857174568030294
26.88  2.6901728601370785
27.0  2.5206168616254256
27.119999999999997  2.3486077105321583
27.24  2.174248666964741
27.36  1.9976451438279175
27.48  1.818904736515973
27.599999999999998  1.6381372512005847
27.72  1.4554547313437667
27.84  1.2709714820656055
27.959999999999997  1.0848040919984765
28.08  0.8970714522619567
28.2  0.7078947721970392
28.32  0.517397591503034
28.439999999999998  0.3257057884272433
28.56  0.1329475836646309
28.68  0.0
28.799999999999997  0.0
28.919999999999998  0.0
29.04  0.0
29.16  0.0
29.279999999999998  0.0
29.4  0.0
29.52  0.0
29.64  0.0
29.759999999999998  0.0
29.88  0.0
30.0  0.0
30.119999999999997  0.0
30.24  0.0
30.36  0.0
30.48  0.0
30.599999999999998  0.0
30.72  0.0
30.84  0.0
30.959999999999997  0.0
31.08  0.0
31.2  0.0
31.32  0.0
31.439999999999998  0.0
31.56  0.0
31.68  0.0
31.799999999999997  0.0
31.919999999999998  0.0
32.04  0.0
32.16  0.0
32.28  0.0
32.4  0.0
32.519999999999996  0.0
32.64  0.0
32.76  0.0
32.879999999999995  0.0
33.0  0.0
33.12  0.0
33.24  0.0
33.36  0.0
33.48  0.0
33.6  0.0
33.72  0.0
33.839999999999996  0.0
33.96  0.0
34.08  0.0
34.199999999999996  0.0
34.32  0.0
34.44  0.0
34.56  0.0
34.68  0.0
34.8  0.0
34.92  0.0
35.04  0.0
35.16  0.0
35.28  0.0
35.4  0.0
35.519999999999996  0.0
35.64  0.0
35.76  0.0
35.879999999999995  0.0
36.0  0.0
36.12  0.0
36.24  0.0
36.36  0.0
36.48  0.0
36.6  0.0
36.72  0.0
36.839999999999996  0.0
36.96  0.0
37.08  0.0
37.199999999999996  0.0
37.32  0.0
37.44  0.0
37.559999999999995  0.0
37.68  0.0
37.8  0.0
37.92  0.0
38.04  0.0
38.16  0.0
38.28  0.0
38.4  0.0
38.519999999999996  0.0
38.64  0.0
38.76  0.0
38.879999999999995  0.0
39.0  0.0
39.12  0.0
39.24  0.0
39.36  0.0
39.48  0.0
39.6  0.0
39.72  0.0
39.839999999999996  0.0
39.96  0.0
40.08  0.0
40.199999999999996  0.0
40.32  0.0
40.44  0.0
40.559999999999995  0.0
40.68  0.0
40.8  0.0
40.92  0.0
41.04  0.0
41.16  0.0
41.28  0.0
41.4  0.0
41.519999999999996  0.22429094075078626
41.64  0.4553663653247248
41.76  0.6846102954206685
41.879999999999995  0.9117016949506134
42.0  1.1363202326639454
42.12  1.35814677601808
42.239999999999995  1.576863888365524
42.36  1.7921563286068918
42.48  2.0037115524467968
42.6  2.2112202143777475
42.72  2.4143766695067823
42.839999999999996  2.612879474332251
42.96  2.8064318855705994
43.08  2.9947423561287385
43.199999999999996  3.177525027314495
43.32  3.3545002163759126
43.44  3.5253948984608905
43.559999999999995  3.68994318209108
43.68  3.847886777247444
43.8  3.998975455171135
43.92  4.142967498991097
44.04  4.279630144298578
44.16  4.408740008800885
44.28  4.530083510198935
44.4  4.643457271448255
44.519999999999996  4.74866851257983
44.64  4.845535428274961
44.76  4.933887550408544
44.879999999999995  5.013566094796922
45.0  5.084424291409349
45.12  5.1463276973271475
45.239999999999995  5.199154491761303
45.36  5.242795752466705
45.48  5.277155712920947
45.6  5.302151999666451
45.72  5.317715849246685
45.839999999999996  5.323792304200929
45.96  5.3203403876166995
46.08  5.307333255774905
46.199999999999996  5.284758328459968
46.32  5.252617396545182
46.44  5.210926706502793
46.559999999999995  5.159717021528134
46.68  5.099033659008454
46.8  5.028936504108236
46.92  4.94949999928552
47.04  4.8608131095964975
47.16  4.762979263689263
47.28  4.6561162704314105
47.4  4.540356211160685
47.519999999999996  4.415845307592015
47.64  4.282743765459627
47.76  4.1412255940173175
47.879999999999995  3.991478401565016
48.0  3.8337031672146535
48.12  3.6681139891528214
48.239999999999995  3.4949378097022943
48.36  3.31441411752842
48.48  3.1267946273801717
48.6  2.932342937798425
48.72  2.731334167267232
48.839999999999996  2.52405456932491
48.96  2.3108011271935114
49.08  2.0918811285250847
49.199999999999996  1.8676117209025667
49.32  1.638319448771462
49.44  1.4043397725157065
49.559999999999995  1.1660165704267635
49.68  0.9237016243504526
49.8  0.6777540898288984
49.92  0.4285399515872247
50.04  0.17643146524546496
50.16  0.0
50.28  0.0
50.4  0.0
50.519999999999996  0.0
50.64  0.0
50.76  0.0
50.879999999999995  0.0
51.0  0.0
51.12  0.0
51.239999999999995  0.0
51.36  0.0
51.48  0.0
51.6  0.0
51.72  0.0
51.839999999999996  0.0
51.96  0.0
52.08  0.0
52.199999999999996  0.0
52.32  0.0
52.44  0.0
52.559999999999995  0.0
52.68  0.0
52.8  0.0
52.919999999999995  0.0
53.04  0.0
53.16  0.0
53.28  0.0
53.4  0.0
53.519999999999996  0.0
53.64  0.0
53.76  0.0
53.879999999999995  0.0
54.0  0.0
54.12  0.0
54.239999999999995  0.0
54.36  0.0
54.48  0.0
54.6  0.0
54.72  0.0
54.839999999999996  0.0
54.96  0.0
55.08  0.0
55.199999999999996  0.0
55.32  0.0
55.44  0.0
55.559999999999995  0.0
55.68  0.0
55.8  0.0
55.919999999999995  0.0
56.04  0.0
56.16  0.0
56.28  0.0
56.4  0.0
56.519999999999996  0.0
56.64  0.0
56.76  0.0
56.879999999999995  0.0
57.0  0.0
57.12  0.0
57.239999999999995  0.0
57.36  0.0
57.48  0.0
57.599999999999994  0.0
57.72  0.0
57.839999999999996  0.0
57.96  0.0
58.08  0.0
58.199999999999996  0.0
58.32  0.0
58.44  0.0
58.559999999999995  0.0
58.68  0.0
58.8  0.0
58.919999999999995  0.0
59.04  0.0
59.16  0.0
59.28  0.0
59.4  0.0
59.519999999999996  0.0
59.64  0.0
59.76  0.0
59.879999999999995  0.0
60.0  0.0
60.12  0.0
60.239999999999995  0.0
60.36  0.0
60.48  0.0
60.599999999999994  0.0
60.72  0.0
60.839999999999996  0.11959566616321138
60.96  0.3969951550042434
61.08  0.6726918082566622
61.199999999999996  0.9462890385620103
61.32  1.2173947190832102
61.44  1.485621826903559
61.559999999999995  1.7505890766727739
61.68  2.0119215433830426
61.8  2.2692512731789534
61.919999999999995  2.522217881127563
62.04  2.77046913489896
62.16  3.0136615233346356
62.28  3.2514608089093437
62.4  3.4835425631214854
62.519999999999996  3.7095926838804467
62.64  3.929307893991747
62.76  4.142396219876847
62.879999999999995  4.348577449701795
63.0  4.547583570126439
63.12  4.739159180926863
63.239999999999995  4.923061886784582
63.36  5.099062665578671
63.48  5.26694621256103
63.599999999999994  5.426511259839926
63.72  5.5775708706428455
63.839999999999996  5.7199527078768515
63.96  5.853499276552549
64.08  5.978068139685995
64.2  6.093532107342731
64.32  6.199779398537547
64.44  6.296713775754317
64.56  6.3842546519005845
64.67999999999999  6.462337169563182
64.8  6.530912252481906
64.92  6.589946629209912
65.03999999999999  6.6394228289806945
65.16  6.6793391498530506
65.28  6.709709599255833
65.39999999999999  6.7305638071058835
65.52  6.741946911722226
65.64  6.743919418809719
65.75999999999999  6.736557033834699
65.88  6.719950468163666
66.0  6.694205219383768
66.12  6.659441326271101
66.24  6.615793098918607
66.36  6.563408824580193
66.48  6.502450449832149
66.6  6.433093239694725
66.72  6.3555254143986355
66.84  6.2699477645212855
66.96  6.17657324525553
67.08  6.0756265506113
67.2  5.967343668385717
67.32  5.851971416770798
67.44  5.729766963500545
67.56  5.600997328468724
67.67999999999999  5.465938870777973
67.8  5.324876761206463
67.92  5.178104441104027
68.03999999999999  5.025923068751647
68.16  4.868640954238827
68.28  4.706572983932815
68.39999999999999  4.540040035628968
68.52  4.36936838548683
68.64  4.194889107868766
68.75999999999999  4.016937469207506
68.88  3.8358523170372427
69.0  3.651975465329351
69.12  3.465651077275943
69.24  3.2772250466671133
69.36  3.0870443790064597
69.48  2.895456573506364
69.6  2.7028090070994804
69.72  2.5094483215954653
69.84  2.3157198151026988
69.96  2.1219668388229254
70.08  1.9285302003128744
70.2  1.7357475742920188
70.32  1.543952922056571
70.44  1.3534759205409286
70.56  1.1646414020462301
70.67999999999999  0.9777688056310337
70.8  0.7931716411345457
70.92  0.6111569667756831
71.03999999999999  0.4320248812411913
71.16  0.2560680311465322
71.28  0.08357113472042038
71.39999999999999  0.0
71.52  0.0
71.64  0.0
71.75999999999999  0.0
71.88  0.0
72.0  0.0
72.11999999999999  0.0
72.24  0.0
72.36  0.0
72.48  0.0
72.6  0.0
72.72  0.0
72.84  0.0
72.96  0.0
73.08  0.0
73.2  0.0
73.32  0.0
73.44  0.0
73.56  0.0
73.67999999999999  0.0
73.8  0.0
73.92  0.0
74.03999999999999  0.0
74.16  0.0
74.28  0.0
74.39999999999999  0.0
74.52  0.0
74.64  0.0
74.75999999999999  0.0
74.88  0.0
75.0  0.0
75.11999999999999  0.0
75.24  0.0
75.36  0.0
75.48  0.0
75.6  0.0
75.72  0.0
75.84  0.0
75.96  0.0
76.08  0.0
76.2  0.0
76.32  0.0
76.44  0.0
76.56  0.0
76.67999999999999  0.0
76.8  0.0
76.92  0.0
77.03999999999999  0.0
77.16  0.0
77.28  0.0
77.39999999999999  0.0
77.52  0.0
77.64  0.0
77.75999999999999  0.0
77.88  0.0
78.0  0.0
78.11999999999999  0.0
78.24  0.0
78.36  0.08368754870629361
78.48  0.2184558335455515
78.6  0.3537351284822597
78.72  0.48926917424409955
78.84  0.6248037283649366
78.96  0.760087038393892
79.08  0.8948703066681755
79.2  1.0289081457850169
79.32  1.1619590239307318
79.44  1.2937856992497134
79.56  1.4241556424627388
79.67999999999999  1.5528414469714018
79.8  1.6796212257151537
79.92  1.804278994077593
80.03999999999999  1.9266050381704987
80.16  2.046396267857797
80.28  2.163456553914602
80.39999999999999  2.277597048753191
80.52  2.388636490182954
80.64  2.4964014877087437
80.75999999999999  2.600726790910534
80.88  2.7014555394855524
81.0  2.7984394945733446
81.11999999999999  2.8915392510249065
81.24  2.980624430316952
81.36  3.0655738538531687
81.48  3.1462756964364806
81.6  3.2226276197365715
81.72  3.2945368856197415
81.84  3.3619204492490913
81.96  3.4247050319050962
82.08  3.482827173518416
82.2  3.5362332649476484
82.32  3.5848795600765935
82.44  3.6287321678459965
82.56  3.6677670243750176
82.67999999999999  3.7019698453680117
82.8  3.7313360590410642
82.92  3.755870719841311
83.03999999999999  3.775588403270298
83.16  3.790513082159153
83.28  3.8006779847798438
83.39999999999999  3.806125435211657
83.52  3.8069066764163053
83.64  3.8030816765079947
83.75999999999999  3.7947189187365433
83.88  3.781895175732298
84.0  3.7646952685909585
84.11999999999999  3.743211811404038
84.24  3.7175449418676827
84.36  3.687802038627321
84.47999999999999  3.6540974260394057
84.6  3.6165520670533478
84.72  3.575293244937551
84.84  3.530454234592043
84.96  3.4821739642074165
85.08  3.430596668045699
85.2  3.375871531132073
85.32  3.318152326658896
85.44  3.2575970469136277
85.56  3.1943675285511457
85.67999999999999  3.128629073037287
85.8  3.060550063096271
85.92  2.9903015759971305
86.03999999999999  2.9180569945165735
86.16  2.8439916164147845
86.28  2.768282263259301
86.39999999999999  2.69110688942777
86.52  2.6126441921152126
86.64  2.533073223164346
86.75999999999999  2.4525730035280238
86.88  2.371322141162979
87.0  2.2894984531414644
87.11999999999999  2.2072785927534357
87.24  2.124837682356984
87.36  2.0423489527174006
87.47999999999999  1.9599833895568413
87.6  1.8779093880172368
87.72  1.7962924157170628
87.84  1.715294685060654
87.96  1.6350748354345601
88.08  1.5557876259002752
88.2  1.477583638966781
88.32  1.4006089959984047
88.44  1.3250050847854067
88.56  1.2509082997754555
88.67999999999999  1.178449795433202
88.8  1.1077552531644805
88.92  1.0389446622098926
89.03999999999999  0.9721321148788934
89.16  0.9074256164635179
89.28  0.8449269101359028
89.39999999999999  0.7847313171000723
89.52  0.7269275922335563
89.64  0.6715977954191874
89.75999999999999  0.6188171787323756
89.88  0.5686540896133783
90.0  0.5211698901185933
90.11999999999999  0.4764188923096564
90.24  0.4344483098026144
90.36  0.3952982254653501
90.47999999999999  0.35900157521490406
90.6  0.32558414783232914
90.72  0.295064600677836
90.84  0.26745449115472497
90.96  0.24275832373709127
91.08  0.22097361234347712
91.2  0.20209095780573116
91.32  0.1860941401509294
91.44  0.17296022538367883
91.56  0.1626596864250689
91.67999999999999  0.15515653783661154
91.8  0.15040848392813644
91.92  0.1483670798224188
92.03999999999999  0.14897790502251163
92.16  0.15218074900326795
92.28  0.15790980832451496
92.39999999999999  0.16609389474081682
92.52  0.17665665376158168
92.64  0.1895167930953875
92.75999999999999  0.2045883203932939
92.88  0.22178078968955295
93.0  0.24099955592149636
93.11999999999999  0.2621460368965203
93.24  0.2851179820610512
93.36  0.30980974741516254
93.47999999999999  0.3361125759061484
93.6  0.3639148826270362
93.72  0.39310254413800616
93.84  0.42355919122442365
93.96  0.45516650440124695
94.08  0.4878045114710414
94.2  0.5213518864430139
94.32  0.5556862491209789
94.44  0.5906844646708499
94.56  0.626222942482344
94.67999999999999  0.6621779336453933
94.8  0.698425826368372
94.92  0.7348434386744173
95.03999999999999  0.7713083077218269
95.16  0.8076989751059769
95.28  0.8438952675131983
95.39999999999999  0.8797785721112977
95.52  0.9152321060766903
95.64  0.9501411796753508
95.75999999999999  0.984393452332502
95.88  1.0178791811454304
96.0  1.0504914613142122
96.11999999999999  1.0821264579864966
96.24  1.1126836290353843
96.36  1.1420659383125948
96.47999999999999  1.1701800589438953
96.6  1.1969365662591203
96.72  1.22225011997498
96.84  1.2460396352762484
96.96  1.2682284424682524
97.08  1.2887444349018362
97.2  1.307520204900898
97.32  1.3244931674520104
97.44  1.339605671444835
97.56  1.352805098283012
97.67999999999999  1.3640439477145536
97.8  1.3732799107622875
97.92  1.3804759296649856
98.03999999999999  1.3856002447708262
98.16  1.3886264283558944
98.28  1.3895334053706774
98.39999999999999  1.388305461148569
98.52  1.3849322361406657
98.64  1.3794087077710941
98.75999999999999  1.3717351595371614
98.88  1.3619171375080614
99.0  1.3499653944042138
99.11999999999999  1.3358958214687024
99.24  1.3197293683688383
99.36  1.30149195139423
99.47999999999999  1.2812143502430775
99.6  1.2589320937146569
99.72  1.2346853346505664
99.84  1.20851871449119
99.96  1.1804812178364787
100.08  1.15062601742288
100.2  1.1190103099480193
100.32  1.0856951431957818
100.44  1.050745234931971
100.56  1.014228784059124
100.67999999999999  0.9762172745348386
100.8  0.9367852725733845
100.92  0.8960102176636575
101.03999999999999  0.8539722079499691
101.16  0.8107537805318736
101.28  0.7664396872507624
101.39999999999999  0.7211166665380272
101.52  0.6748732119070899
101.64  0.6277993376778666
101.75999999999999  0.5799863425253837
101.88  0.531526571448002
102.0  0.4825131767518245
102.11999999999999  0.4330398786476071
102.24  0.3832007260556316
102.36  0.33308985821068837
102.47999999999999  0.28280126765541713
102.6  0.23242856520448496
102.72  0.18206474745512002
102.83999999999999  0.13180196741139022
102.96  0.08173130877967594
103.08  0.03194256448205868
103.2  0.0
103.32  0.0
103.44  0.0
103.56  0.0
103.67999999999999  0.0
103.8  0.0
103.92  0.0
104.03999999999999  0.0
104.16  0.0
104.28  0.0
104.39999999999999  0.0
104.52  0.0
104.64  0.0
104.75999999999999  0.0
104.88  0.0
105.0  0.0
105.11999999999999  0.0
105.24  0.0
105.36  0.0
105.47999999999999  0.0
105.6  0.0
105.72  0.0
105.83999999999999  0.0
105.96  0.0
106.08  0.0
106.2  0.0
106.32  0.0
106.44  0.0
106.56  0.0
106.67999999999999  0.0
106.8  0.0
106.92  0.0
107.03999999999999  0.0
107.16  0.0
107.28  0.0
107.39999999999999  0.0
107.52  0.0
107.64  0.0
107.75999999999999  0.0
107.88  0.0
108.0  0.0
108.11999999999999  0.0
108.24  0.0
108.36  0.0
108.47999999999999  0.0
108.6  0.0
108.72  0.0
108.83999999999999  0.0
108.96  0.0
109.08  0.0
109.2  0.0
109.32  0.0
109.44  0.0
109.56  0.0
109.67999999999999  0.0
109.8  0.0
109.92  0.0
110.03999999999999  0.0
110.16  0.0
110.28  0.0
110.39999999999999  0.0
110.52  0.0
110.64  0.0
110.75999999999999  0.0
110.88  0.0
111.0  0.0
111.11999999999999  0.0
111.24  0.0
111.36  0.0
111.47999999999999  0.0
111.6  0.0
111.72  0.0
111.83999999999999  0.0
111.96  0.0
112.08  0.0
112.2  0.0
112.32  0.0
112.44  0.0
112.56  0.0
112.67999999999999  0.0
112.8  0.0
112.92  0.0
113.03999999999999  0.0
113.16  0.0
113.28  0.0
113.39999999999999  0.0
113.52  0.0
113.64  0.0
113.75999999999999  0.0
113.88  0.0
114.0  0.0
114.11999999999999  0.0
114.24  0.0
114.36  0.0
114.47999999999999  0.0
114.6  0.0
114.72  0.0
114.83999999999999  0.0
114.96  0.0
115.08  0.0
115.19999999999999  0.0
115.32  0.0
115.44  0.0
115.56  0.0
115.67999999999999  0.0
115.8  0.0
115.92  0.0
116.03999999999999  0.0
116.16  0.0
116.28  0.0
116.39999999999999  0.0
116.52  0.0
116.64  0.0
116.75999999999999  0.0
116.88  0.0
117.0  0.0
117.11999999999999  0.0
117.24  0.0
117.36  0.0
117.47999999999999  0.0
117.6  0.0
117.72  0.0
117.83999999999999  0.0
117.96  0.0
118.08  0.0
118.19999999999999  0.0
118.32  0.0
118.44  0.0
118.56  0.0
118.67999999999999  0.0
118.8  0.0
118.92  0.0
119.03999999999999  0.0
119.16  0.0
119.28  0.0
119.39999999999999  0.0
119.52  0.0
119.64  0.0
119.75999999999999  0.0
119.88  0.0
120.0  0.0
