0.0  26.384408161043314
1.68  33.24679412559843
3.36  40.200920891562475
5.04  39.87467148089283
6.72  32.613905107897416
8.4  26.115809479010018
10.08  27.269059869051333
11.76  34.851087713127036
13.44  7.490800505770893
15.12  5.522798180056768
16.8  0.0
18.48  0.0
20.16  0.0
21.84  3.057736957232242
23.52  7.796609693308456
25.2  4.270243582643154
26.88  0.0
28.56  0.0
30.24  0.0
31.919999999999998  4.468155650733207
33.6  7.772057228572041
35.28  2.836748194159133
36.96  0.0
38.64  0.0
40.32  0.0
42.0  5.689247528931307
43.68  7.418183460269205
45.36  1.2830527626600094
47.04  0.0
48.72  0.0
50.4  0.0
52.08  6.66927190628136
53.76  6.749982895934832
55.44  0.0
57.12  0.0
58.8  0.0
60.48  1.1281450493943956
62.16  7.366702723982739
63.839999999999996  5.7957688475298115
65.52  0.0
67.2  0.0
68.88  0.0
70.56  2.6900672919865554
72.24  7.751988111883405
73.92  4.595973726327042
75.6  0.0
77.28  0.0
78.96  0.0
80.64  4.138004724479576
82.32  7.808802574370425
84.0  3.2014358215602403
85.67999999999999  0.0
87.36  0.0
89.03999999999999  0.0
90.72  5.410604653663962
92.39999999999999  7.534738742030868
94.08  1.6712451562650972
95.75999999999999  0.0
97.44  0.0
99.11999999999999  0.0
100.8  6.453943870372248
102.47999999999999  6.9414093778529695
104.16  0.07023969673280117
105.83999999999999  0.0
107.52  0.0
109.2  0.7356579780641725
110.88  7.223813509331995
112.56  6.05395531571231
114.24  0.0
115.92  0.0
117.6  0.0
119.28  2.3155356396609688
120.96  7.687592288220786
122.64  4.909980181007566
124.32  0.0
126.0  0.0
127.67999999999999  0.0
129.35999999999999  3.7972983243756753
131.04  7.825628752148644
132.72  3.557957031968723
134.4  0.0
136.07999999999998  0.0
137.76  0.0
139.44  5.118160079331913
141.12  7.632073954446273
142.79999999999998  2.0551744361913515
144.48  0.0
146.16  0.0
147.84  0.0
149.51999999999998  6.222152722337779
151.2  7.115129291013947
152.88  0.46530901221549614
154.56  0.0
156.23999999999998  0.0
157.92  0.3412943456695223
159.6  7.0624973523084105
161.28  6.296698986875492
162.96  0.0
164.64  0.0
166.32  0.0
168.0  1.935097378348542
