0.0  37.57355568240454
1.68  28.084849780159864
3.36  33.97654577167757
5.04  37.983341924113276
6.72  28.363535228112976
8.4  33.30745754350119
10.08  38.32720748469883
11.76  28.712674841847726
13.44  0.0
15.12  5.266944232958994
16.8  0.0
18.48  0.0
20.16  5.465347667277264
21.84  0.0
23.52  0.0
25.2  5.586271795102151
26.88  0.0
28.56  0.0
30.24  5.628002339843656
31.919999999999998  0.0
33.6  0.0
35.28  5.589947709920967
36.96  0.0
38.64  0.0
40.32  5.472647385439432
42.0  0.0
43.68  0.0
45.36  5.277764270270035
47.04  0.0
48.72  0.0
50.4  5.0080611179519785
52.08  0.0
53.76  0.0
55.44  4.66736136561548
57.12  0.6124774485567541
58.8  0.0
60.48  4.260494931161512
62.16  1.2730751305219217
63.839999999999996  0.0
65.52  3.7932297421029384
67.2  1.9156251082544324
68.88  0.0
70.56  3.272189966745333
72.24  2.531018294887139
73.92  0.0
75.6  2.7047621069011756
77.28  3.110530590833886
78.96  0.0
80.64  2.098990283410019
82.32  3.645946560677377
84.0  0.0
85.67999999999999  1.4634621989459164
87.36  4.129675898995993
89.03999999999999  0.0
90.72  0.8071873947567183
92.39999999999999  4.554861034058926
94.08  0.0
95.75999999999999  0.13946952722301642
97.44  4.915474343946693
99.11999999999999  0.0
100.8  0.0
102.47999999999999  5.206403606919183
104.16  0.0
105.83999999999999  0.0
107.52  5.423524474644597
109.2  0.0
110.88  0.0
112.56  5.563758940876996
114.24  0.0
115.92  0.0
117.6  5.625118976701888
119.28  0.0
120.96  0.0
122.64  5.606734713757437
124.32  0.0
126.0  0.0
127.67999999999999  5.508866775892287
129.35999999999999  0.0
131.04  0.0
132.72  5.332902584440923
134.4  0.0
136.07999999999998  0.0
137.76  5.081336689494436
139.44  0.0
141.12  0.0
142.79999999999998  4.757735406000011
144.48  0.44785917152734545
146.16  0.0
147.84  4.366686256024547
149.51999999999998  1.1114752402942591
151.2  0.0
152.88  3.913732933910662
154.56  1.7593345199149173
156.23999999999998  0.0
157.92  3.4052967162920758
159.6  2.382252656393271
161.28  0.0
162.96  2.848585431094381
164.64  2.9713988729599707
166.32  0.0
168.0  2.251491276018072
