0.0  0.9184794909593734  100.0
0.12  0.9159887246913657
0.24  0.9132889952924494
0.36  0.9103818115527214
0.48  0.907268745363832
0.6  0.9039514311998058
0.72  0.9004315655781142
0.84  0.8967109065011702
0.96  0.8927912728784262
1.08  0.8886745439292556
1.2  0.8843626585668091
1.3199999999999998  0.8798576147630415
1.44  0.8751614688951125
1.56  0.8702763350733664
1.68  0.8652043844511068
1.7999999999999998  0.8599478445163845
1.92  0.8545089983660228
2.04  0.848890183962115
2.16  0.843093793371225
2.28  0.8371222719865357
2.4  0.8309781177331921
2.52  0.8246638802570925
2.6399999999999997  0.8181821600973824
2.76  0.8115356078429175
2.88  0.8047269232729621
3.0  0.797758854482395
3.12  0.7906341969917036
3.2399999999999998  0.7833557928420449
3.36  0.7759265296756651
3.48  0.7683493398019666
3.5999999999999996  0.7606271992495204
3.7199999999999998  0.7527631268043244
3.84  0.744760183034614
3.96  0.7366214693025335
4.08  0.7283501267629825
4.2  0.7199493353499555
4.32  0.7114223127506962
4.4399999999999995  0.7027723133679928
4.56  0.6940026272709423
4.68  0.6851165791345186
4.8  0.6761175271682804
4.92  0.6670088620345587
5.04  0.6577940057564676
5.16  0.6484764106160847
5.279999999999999  0.6390595580431522
5.3999999999999995  0.6295469574946484
5.52  0.6199421453255902
5.64  0.6102486836514195
5.76  0.6004701592023377
5.88  0.5906101821699534
6.0  0.580672385046604
6.12  0.5706604214577264
6.24  0.5605779649876415
6.359999999999999  0.5504287079991285
6.4799999999999995  0.5402163604471629
6.6  0.5299446486871949
6.72  0.5196173142783448
6.84  0.5092381127818976
6.96  0.4988108125554766
7.08  0.4883391935432785
7.199999999999999  0.4778270460627557
7.319999999999999  0.46727816958812796
7.4399999999999995  0.456696371531113
7.56  0.44608546601925864
7.68  0.4354492726722687
7.8  0.42479161537670723
7.92  0.4141163210594726
8.04  0.4034272184604286
8.16  0.39272813690458325
8.28  0.38202290507420467
8.4  0.37131534978126246
8.52  0.3606092947405879
8.64  0.34990855934413523
8.76  0.3392169574367414
8.879999999999999  0.32853829609376545
9.0  0.31787637440100025
9.12  0.3072349822372411
9.24  0.2966178990598981
9.36  0.2860288926940389
9.48  0.27547171812524307
9.6  0.26495011629665455
9.719999999999999  0.25446781291061116
9.84  0.244028517235233
9.959999999999999  0.23363592091634833
10.08  0.22329369679513117
10.2  0.2130054977318309
10.32  0.20277495543596133
10.44  0.192605679303326
10.559999999999999  0.1825012552602422
10.68  0.1724652446153372
10.799999999999999  0.16250118291927662
10.92  0.15261257883278684
11.04  0.14280291300333375
11.16  0.1330756369508096
11.28  0.12343417196258577
11.4  0.11388190799827885
11.52  0.10442220260458102
11.639999999999999  0.09505837984049292
11.76  0.08579372921330786
11.879999999999999  0.0766315046256783
12.0  0.06757492333410298
12.12  0.05862716491916159
12.24  0.049791370267826485
12.36  0.041070640568174555
12.48  0.0324680363168135
12.6  0.02398657633934448
12.719999999999999  0.015629236824166004
12.84  0.007398950369928103
12.959999999999999  0.0
13.08  0.0
13.2  0.0
13.32  0.0
13.44  0.0
13.559999999999999  0.0
13.68  0.0
13.799999999999999  0.0
13.92  0.0
14.04  0.0
14.16  0.0
14.28  0.0
14.399999999999999  0.0
14.52  0.0
14.639999999999999  0.0
14.76  0.0
14.879999999999999  0.0
15.0  0.0
15.12  0.0
15.24  0.0
15.36  0.0
15.479999999999999  0.0
15.6  0.0
15.719999999999999  0.0
15.84  0.0
15.959999999999999  0.0
16.08  0.0
16.2  0.0
16.32  0.0
16.439999999999998  0.0
16.56  0.0
16.68  0.0
16.8  0.0
16.919999999999998  0.0
17.04  0.0
17.16  0.0
17.28  0.0
17.4  0.0
17.52  0.0
17.64  0.0
17.759999999999998  0.0
17.88  0.0
18.0  0.0
18.12  0.0
18.24  0.0
18.36  0.0
18.48  0.0
18.599999999999998  0.0
18.72  0.0
18.84  0.0
18.96  0.0
19.08  0.0
19.2  0.0
19.32  0.0
19.439999999999998  0.0
19.56  0.0
19.68  0.0
19.8  0.0
19.919999999999998  0.0
20.04  0.0
20.16  0.0
20.279999999999998  0.0
20.4  0.0
20.52  0.0
20.64  0.0
20.759999999999998  0.0
20.88  0.0
21.0  0.0
21.119999999999997  0.0
21.24  0.0
21.36  0.0
21.48  0.0
21.599999999999998  0.0
21.72  0.0
21.84  0.0
21.96  0.0
22.08  0.0
22.2  0.0
22.32  0.0
22.439999999999998  0.0
22.56  0.0
22.68  0.0
22.8  0.0
22.919999999999998  0.0
23.04  0.0
23.16  0.0
23.279999999999998  0.0
23.4  0.0
23.52  0.0
23.64  0.0
23.759999999999998  0.0
23.88  0.006696500368595981
24.0  0.0150270437003871
24.119999999999997  0.023491693009703718
24.24  0.032087624090923084
24.36  0.04081196665292253
24.48  0.049661805233474465
24.599999999999998  0.05863418012809929
24.72  0.06772608833308819
24.84  0.07693448450238644
24.96  0.08625628191804757
25.08  0.09568835347393762
25.2  0.10522753267238638
25.32  0.11487061463346487
25.439999999999998  0.12461435711657076
25.56  0.13445548155399922
25.68  0.14439067409616635
25.8  0.15441658666816005
25.919999999999998  0.1645298380372795
26.04  0.1747270148912261
26.16  0.18500467292660133
26.279999999999998  0.1953593379473707
26.4  0.20578750697294318
26.52  0.21628564935551187
26.64  0.22685020790630828
26.759999999999998  0.2374776000304051
26.88  0.2481642188697165
27.0  0.25890643445382305
27.119999999999997  0.26970059485826503
27.24  0.28054302736993597
27.36  0.29143003965919523
27.48  0.302357920958349
27.599999999999998  0.3133229432461049
27.72  0.3243213624376393
27.84  0.3353494195798888
27.959999999999997  0.3464033420516974
28.08  0.35747934476843035
28.2  0.368573631390677
28.32  0.3796823955366575
28.439999999999998  0.3908018219979499
28.56  0.4019280879581507
28.68  0.41305736421408423
28.799999999999997  0.4241858163991704
28.919999999999998  0.43530960620856907
29.04  0.4464248926257013
29.16  0.4575278331497726
29.279999999999998  0.4686145850238935
29.4  0.47968130646342766
29.52  0.4907241578841518
29.64  0.5017393031298627
29.759999999999998  0.512722910699027
29.88  0.5236711549700899
30.0  0.534580217425053
30.119999999999997  0.545446287870933
30.24  0.5562655656587168
30.36  0.5670342608994163
30.48  0.5777485956768544
30.599999999999998  0.5884048052567787
30.72  0.598999139291936
30.84  0.6095278630227083
30.959999999999997  0.6199872584729466
31.08  0.6303736256406103
31.2  0.6406832836828412
31.32  0.6509125720950935
31.439999999999998  0.6610578518839454
31.56  0.6711155067332226
31.68  0.6810819441630608
31.799999999999997  0.6909535966815407
31.919999999999998  0.7007269229285334
32.04  0.7103984088113837
32.16  0.7199645686320832
32.28  0.7294219462055673
32.4  0.7387671159687812
32.519999999999996  0.7479966840801726
32.64  0.7571072895092449
32.76  0.7660956051158425
32.879999999999995  0.7749583387188155
33.0  0.7836922341537296
33.12  0.7922940723192773
33.24  0.8007606722120755
33.36  0.8090888919494957
33.48  0.8172756297802299
33.6  0.8253178250822505
33.72  0.8332124593478529
33.839999999999996  0.8409565571554797
33.96  0.848547187127997
34.08  0.855981462877137
34.199999999999996  0.8632565439338002
34.32  0.8703696366639189
34.44  0.8773179951695929
34.56  0.8840989221752178
34.68  0.8907097698983157
34.8  0.8971479409047942
34.92  0.9034108889483674
35.04  0.909496119793862
35.16  0.9154011920241614
35.28  0.9211237178305155
35.4  0.9266613637859766
35.519999999999996  0.9320118516017146
35.64  0.9371729588659627
35.76  0.9421425197653714
35.879999999999995  0.9469184257885302
36.0  0.9514986264114429
36.12  0.955881129764729
36.24  0.9600640032823511
36.36  0.9640453743316495
36.48  0.9678234308244924
36.6  0.9713964218093467
36.72  0.9747626580440749
36.839999999999996  0.9779205125492849
36.96  0.9808684211420486
37.08  0.983604882949825
37.199999999999996  0.9861284609044234
37.32  0.9884377822158473
37.44  0.990531538825868
37.559999999999995  0.99240848784119
37.68  0.9940674519460607
37.8  0.9955073197942005
37.92  0.9967270463799253
38.04  0.9977256533883421
38.16  0.9985022295245112
38.28  0.9990559308214618
38.4  0.9993859809269724
38.519999999999996  0.9994916713690158
38.64  0.9993723617997892
38.76  0.9990274802182507
38.879999999999995  0.9984565231710893
39.0  0.9976590559320642
39.12  0.9966347126596594
39.24  0.9953831965329984
39.36  0.9939042798659774
39.48  0.9921978041995804
39.6  0.9902636803723459
39.72  0.9881018885689634
39.839999999999996  0.98571247834698
39.96  0.9830955686416115
40.08  0.9802513477486581
40.199999999999996  0.9771800732855189
40.32  0.9738820721303315
40.44  0.9703577403392443
40.559999999999995  0.9666075430418503
40.68  0.9626320143148165
40.8  0.9584317570337477
40.92  0.9540074427033273
41.04  0.9493598112657957
41.16  0.944489670887817
41.28  0.9393978977258088
41.4  0.9340854356698072
41.519999999999996  0.9285532960659395
41.64  0.9228025574176056
41.76  0.9168343650654516
41.879999999999995  0.9106499308462381
42.0  0.9042505327307147
42.12  0.8976375144406119
42.239999999999995  0.8908122850448689
42.36  0.8837763185352292
42.48  0.8765311533813361
42.6  0.8690783920654639
42.72  0.8614197005970413
42.839999999999996  0.8535568080071085
42.96  0.8454915058228774
43.08  0.8372256475225563
43.199999999999996  0.8287611479706075
43.32  0.8200999828336238
43.44  0.8112441879770067
43.559999999999995  0.8021958588426267
43.68  0.7929571498076766
43.8  0.7835302735249147
43.92  0.7739175002444963
44.04  0.7641211571176305
44.16  0.7541436274822539
44.28  0.7439873501309717
44.4  0.7336548185614853
44.519999999999996  0.7231485802097373
44.64  0.7124712356660363
44.76  0.7016254378743876
44.879999999999995  0.6906138913152952
45.0  0.6794393511722874
45.12  0.6681046224824405
45.239999999999995  0.6566125592711474
45.36  0.6449660636714288
45.48  0.6331680850280522
45.6  0.6212216189867361
45.72  0.6091297065687502
45.839999999999996  0.5968954332311712
45.96  0.5845219279131244
46.08  0.5720123620682914
46.199999999999996  0.5593699486839911
46.32  0.5465979412871556
46.44  0.5336996329375086
46.559999999999995  0.520678355208258
46.68  0.507537477154635
46.8  0.4942804042706073
46.92  0.4809105774340776
47.04  0.4674314718409323
47.16  0.4538465959282414
47.28  0.4401594902869823
47.4  0.42637372656461225
47.519999999999996  0.41249290635783564
47.64  0.39852066009593307
47.76  0.38446064591498647
47.879999999999995  0.37031654852336615
48.0  0.35609207805883425
48.12  0.3417909689376376
48.239999999999995  0.32741697869592773
48.36  0.3129738868239077
48.48  0.29846549359305174
48.6  0.2838956188767673
48.72  0.2692681009648963
48.839999999999996  0.254586795372396
48.96  0.2398555736426089
49.08  0.22507832214548046
49.199999999999996  0.21025894087110403
49.32  0.19540134221898894
49.44  0.18050944978342692
49.559999999999995  0.16558719713532963
49.68  0.1506385266009406
49.8  0.13566738803780623
49.92  0.1206777376083697
50.04  0.10567353655161363
50.16  0.09065874995310097
50.28  0.07563734551383458
50.4  0.060613292318308504
50.519999999999996  0.04559055960213507
50.64  0.030573115519660354
50.76  0.015564925911934785
50.879999999999995  0.0005699530754392501
51.0  0.0
51.12  0.0
51.239999999999995  0.0
51.36  0.0
51.48  0.0
51.6  0.0
51.72  0.0
51.839999999999996  0.0
51.96  0.0
52.08  0.0
52.199999999999996  0.0
52.32  0.0
52.44  0.0
52.559999999999995  0.0
52.68  0.0
52.8  0.0
52.919999999999995  0.0
53.04  0.0
53.16  0.0
53.28  0.0
53.4  0.0
53.519999999999996  0.0
53.64  0.0
53.76  0.0
53.879999999999995  0.0
54.0  0.0
54.12  0.0
54.239999999999995  0.0
54.36  0.0
54.48  0.0
54.6  0.0
54.72  0.0
54.839999999999996  0.0
54.96  0.0
55.08  0.0
55.199999999999996  0.0
55.32  0.0
55.44  0.0
55.559999999999995  0.0
55.68  0.0
55.8  0.0
55.919999999999995  0.0
56.04  0.0
56.16  0.0
56.28  0.0
56.4  0.0
56.519999999999996  0.0
56.64  0.0
56.76  0.0
56.879999999999995  0.0
57.0  0.0
57.12  0.0
57.239999999999995  0.0
57.36  0.0
57.48  0.0
57.599999999999994  0.0
57.72  0.0
57.839999999999996  0.0
57.96  0.0
58.08  0.0
58.199999999999996  0.0
58.32  0.0
58.44  0.0
58.559999999999995  0.0
58.68  0.0
58.8  0.0
58.919999999999995  0.0
59.04  0.0
59.16  0.0
59.28  0.0
59.4  0.0
59.519999999999996  0.0
59.64  0.0
59.76  0.0
59.879999999999995  0.0
60.0  0.0
60.12  0.0
60.239999999999995  0.0
60.36  0.0
60.48  0.0
60.599999999999994  0.0
60.72  0.0
60.839999999999996  0.0
60.96  0.0
61.08  0.0
61.199999999999996  0.0
61.32  0.0
61.44  0.0
61.559999999999995  0.0
61.68  0.0
61.8  0.0
61.919999999999995  0.0
62.04  0.0
62.16  0.0
62.28  0.0
62.4  0.0
62.519999999999996  0.0
62.64  0.0
62.76  0.0
62.879999999999995  0.0
63.0  0.0
63.12  0.0
63.239999999999995  0.0
63.36  0.0
63.48  0.0
63.599999999999994  0.0
63.72  0.0
63.839999999999996  0.0
63.96  0.0
64.08  0.0
64.2  0.0
64.32  0.0
64.44  0.0
64.56  0.0
64.67999999999999  0.0
64.8  0.0
64.92  0.0
65.03999999999999  0.0
65.16  0.0
65.28  0.0
65.39999999999999  0.0
65.52  0.0
65.64  0.0
65.75999999999999  0.0
65.88  0.0
66.0  0.0
66.12  0.0
66.24  0.0
66.36  0.0
66.48  0.0
66.6  0.0
66.72  0.0
66.84  0.0
66.96  0.0
67.08  0.0
67.2  0.0
67.32  0.0
67.44  0.0
67.56  0.0
67.67999999999999  0.0
67.8  0.0
67.92  0.0
68.03999999999999  0.0
68.16  0.0
68.28  0.0
68.39999999999999  0.0
68.52  0.0
68.64  0.0
68.75999999999999  0.0
68.88  0.0
69.0  0.0
69.12  0.0
69.24  0.0
69.36  0.0
69.48  0.0
69.6  0.0
69.72  0.0
69.84  0.0
69.96  0.0
70.08  0.0
70.2  0.0
70.32  0.0
70.44  0.0
70.56  0.0
70.67999999999999  0.0
70.8  0.0
70.92  0.0
71.03999999999999  0.0
71.16  0.0
71.28  0.0
71.39999999999999  0.0
71.52  0.0
71.64  0.0
71.75999999999999  0.0
71.88  0.0
72.0  0.0
72.11999999999999  0.0
72.24  0.0
72.36  0.0
72.48  0.0
72.6  0.0
72.72  0.0
72.84  0.0
72.96  0.0
73.08  0.0
73.2  0.0
73.32  0.0
73.44  0.0
73.56  0.0
73.67999999999999  0.0
73.8  0.0
73.92  0.0
74.03999999999999  0.0
74.16  0.0
74.28  0.0
74.39999999999999  0.0
74.52  0.0
74.64  0.0
74.75999999999999  0.0
74.88  0.0
75.0  0.0
75.11999999999999  0.0
75.24  0.0
75.36  0.0
75.48  0.0
75.6  0.0
75.72  0.0
75.84  0.0
75.96  0.0
76.08  0.00047642561602867506
76.2  0.008542168686845986
76.32  0.01648113817357949
76.44  0.02429043914727158
76.56  0.03196722179212519
76.67999999999999  0.03950868232079818
76.8  0.04691206387498159
76.92  0.05417465741096106
77.03999999999999  0.061293802569907074
77.16  0.06826688853260049
77.28  0.07509135485832336
77.39999999999999  0.08176469230765016
77.52  0.08828444364888766
77.64  0.09464820444788835
77.75999999999999  0.10085362384100505
77.88  0.10689840529093564
78.0  0.11278030732520605
78.11999999999999  0.11849714425707814
78.24  0.12404678688863946
78.36  0.12942716319585418
78.48  0.13463625899535803
78.6  0.1396721185927885
78.72  0.14453284541244393
78.84  0.14921660260806413
78.96  0.15372161365454995
79.08  0.1580461629204294
79.2  0.16218859622088067
79.32  0.16614732135114912
79.44  0.1699208086001872
79.56  0.1735075912443388
79.67999999999999  0.17690626602093307
79.8  0.18011549358162438
79.92  0.18313399892533444
80.03999999999999  0.1859605718106636
80.16  0.18859406714764249
80.28  0.19103340536868696
80.39999999999999  0.1932775727786551
80.52  0.19532562188388586
80.64  0.19717667170011088
80.75999999999999  0.1988299080391539
80.88  0.20028458377431546
81.0  0.20154001908436459
81.11999999999999  0.20259560167605623
81.24  0.20345078698510882
81.36  0.20410509835557022
81.48  0.20455812719752503
81.6  0.20480953312308214
81.72  0.204859044060609
81.84  0.20470645634716889
81.96  0.20435163479913654
82.08  0.20379451276096738
82.2  0.20303509213210336
82.32  0.20207344337201133
82.44  0.20090970548334558
82.56  0.1995440859732467
82.67999999999999  0.19797686079278415
82.8  0.19620837425456034
82.92  0.19423903892851013
83.03999999999999  0.1920693355159182
83.16  0.18969981270170122
83.28  0.18713108698499925
83.39999999999999  0.1843638424881302
83.52  0.18139883074396596
83.64  0.17823687046180148
83.75999999999999  0.17487884727178737
83.88  0.17132571344800485
84.0  0.1675784876102802
84.11999999999999  0.16363825440482205
84.24  0.15950616416378716
84.36  0.15518343254388411
84.47999999999999  0.1506713401441298
84.6  0.14597123210287133
84.72  0.14108451767421532
84.84  0.13601266978398469
84.96  0.13075722456535394
85.08  0.1253197808742994
85.2  0.11970199978503504
85.32  0.11390560406557393
85.44  0.1079323776335897
85.56  0.10178416499276222
85.67999999999999  0.09546287064976244
85.8  0.08897045851207996
85.92  0.08230895126687876
86.03999999999999  0.07548042974107555
86.16  0.06848703224283997
86.28  0.061330953884742745
86.39999999999999  0.054014445888743934
86.52  0.04653981487324871
86.64  0.038909422122473614
86.75999999999999  0.031125682838327506
86.88  0.023191065375059494
87.0  0.015108090456922407
87.11999999999999  0.006879330379080673
87.24  0.0
87.36  0.0
87.47999999999999  0.0
87.6  0.0
87.72  0.0
87.84  0.0
87.96  0.0
88.08  0.0
88.2  0.0
88.32  0.0
88.44  0.0
88.56  0.0
88.67999999999999  0.0
88.8  0.0
88.92  0.0
89.03999999999999  0.0
89.16  0.0
89.28  0.0
89.39999999999999  0.0
89.52  0.0
89.64  0.0
89.75999999999999  0.0
89.88  0.0
90.0  0.0
90.11999999999999  0.0
90.24  0.0
90.36  0.0
90.47999999999999  0.0
90.6  0.0
90.72  0.0
90.84  0.0
90.96  0.0
91.08  0.0
91.2  0.0
91.32  0.0
91.44  0.0
91.56  0.0
91.67999999999999  0.0
91.8  0.0
91.92  0.0
92.03999999999999  0.0
92.16  0.0
92.28  0.0
92.39999999999999  0.0
92.52  0.0
92.64  0.0
92.75999999999999  0.0
92.88  0.0
93.0  0.0
93.11999999999999  0.0
93.24  0.0
93.36  0.0
93.47999999999999  0.0
93.6  0.0
93.72  0.0
93.84  0.0
93.96  0.0
94.08  0.0
94.2  0.0
94.32  0.0
94.44  0.0
94.56  0.0
94.67999999999999  0.0
94.8  0.0
94.92  0.0
95.03999999999999  0.0
95.16  0.0
95.28  0.0
95.39999999999999  0.0
95.52  0.0
95.64  0.0
95.75999999999999  0.0
95.88  0.0
96.0  0.0
96.11999999999999  0.0
96.24  0.0
96.36  0.0
96.47999999999999  0.0
96.6  0.0
96.72  0.0
96.84  0.0
96.96  0.0
97.08  0.0
97.2  0.0
97.32  0.0
97.44  0.0
97.56  0.0
97.67999999999999  0.0
97.8  0.0
97.92  0.0
98.03999999999999  0.0
98.16  0.0
98.28  0.0
98.39999999999999  0.0
98.52  0.0
98.64  0.0
98.75999999999999  0.0
98.88  0.0
99.0  0.0
99.11999999999999  0.0
99.24  0.0
99.36  0.0
99.47999999999999  0.0
99.6  0.0
99.72  0.0
99.84  0.0
99.96  0.0
100.08  0.0
100.2  0.0
100.32  0.0
100.44  0.0
100.56  0.0
100.67999999999999  0.0
100.8  0.0
100.92  0.0
101.03999999999999  0.0
101.16  0.0
101.28  0.0
101.39999999999999  0.0
101.52  0.0
101.64  0.0
101.75999999999999  0.0
101.88  0.0
102.0  0.0
102.11999999999999  0.0
102.24  0.0
102.36  0.0
102.47999999999999  0.0
102.6  0.0
102.72  0.0
102.83999999999999  0.0
102.96  0.0
103.08  0.0
103.2  0.0
103.32  0.0
103.44  0.0
103.56  0.0
103.67999999999999  0.0
103.8  0.0
103.92  0.0
104.03999999999999  0.0
104.16  0.0
104.28  0.0
104.39999999999999  0.0
104.52  0.0
104.64  0.0
104.75999999999999  0.0
104.88  0.0
105.0  0.0
105.11999999999999  0.0
105.24  0.0
105.36  0.0
105.47999999999999  0.0
105.6  0.0
105.72  0.0
105.83999999999999  0.0
105.96  0.0
106.08  0.0
106.2  0.0
106.32  0.0
106.44  0.0
106.56  0.0
106.67999999999999  0.0
106.8  0.0
106.92  0.0
107.03999999999999  0.0
107.16  0.0
107.28  0.0
107.39999999999999  0.0
107.52  0.0
107.64  0.0
107.75999999999999  0.0
107.88  0.0
108.0  0.0
108.11999999999999  0.0
108.24  0.0
108.36  0.0
108.47999999999999  0.0
108.6  0.0
108.72  0.0
108.83999999999999  0.0
108.96  0.0
109.08  0.0
109.2  0.0
109.32  0.0
109.44  0.0
109.56  0.0
109.67999999999999  0.0
109.8  0.0
109.92  0.0
110.03999999999999  0.0
110.16  0.0
110.28  0.0
110.39999999999999  0.0
110.52  0.0
110.64  0.0
110.75999999999999  0.0
110.88  0.0
111.0  0.0
111.11999999999999  0.0
111.24  0.0
111.36  0.0
111.47999999999999  0.0
111.6  0.0
111.72  0.0
111.83999999999999  0.0
111.96  0.0
112.08  0.0
112.2  0.0
112.32  0.0
112.44  0.0
112.56  0.0
112.67999999999999  0.0
112.8  0.0
112.92  0.0
113.03999999999999  0.0
113.16  0.0
113.28  0.0
113.39999999999999  0.0
113.52  0.0
113.64  0.0
113.75999999999999  0.0
113.88  0.0
114.0  0.0
114.11999999999999  0.0
114.24  0.0
114.36  0.0
114.47999999999999  0.0
114.6  0.0
114.72  0.0
114.83999999999999  0.0
114.96  0.0028372865603088493
115.08  0.017624934633337946
115.19999999999999  0.032375500784339956
115.32  0.04708509159051366
115.44  0.06174982760688838
115.56  0.07636584457058837
115.67999999999999  0.09092929460023694
115.8  0.10543634739015545
115.92  0.11988319139893422
116.03999999999999  0.13426603503205584
116.16  0.14858110781815362
116.28  0.16282466157855943
116.39999999999999  0.17699297158974148
116.52  0.19108233773830316
116.64  0.20508908566814488
116.75999999999999  0.2190095679194426
116.88  0.23284016505908894
117.0  0.24657728680220437
117.11999999999999  0.26021737312441295
117.24  0.27375689536450687
117.36  0.28719235731712733
117.47999999999999  0.3005202963151655
117.6  0.3137372843015137
117.72  0.3268399288898095
117.83999999999999  0.33982487441388
117.96  0.35268880296553284
118.08  0.3654284354203441
118.19999999999999  0.3780405324511661
118.32  0.3905218955289912
118.44  0.4028693679108911
118.56  0.41507983561467615
118.67999999999999  0.4271502283800161
118.8  0.4390775206156833
118.92  0.4508587323326293
119.03999999999999  0.4624909300626022
119.16  0.4739712277620227
119.28  0.4852967877008002
119.39999999999999  0.4964648213358529
119.52  0.5074725901690335
119.64  0.5183174065891702
119.75999999999999  0.5289966346979985
119.88  0.5395076911196981
120.0  0.5498480457937664
