0.0  36.37428174362694
1.68  39.433422868003646
3.36  42.32133404669318
5.04  44.95695140817925
6.72  47.26629298628014
8.4  49.18453539918417
10.08  50.65783344637263
11.76  51.64483154721555
13.44  18.784491261718443
15.12  18.730202308163673
16.8  18.150155247992853
18.48  17.06063204330581
20.16  15.49221568769685
21.84  13.488931739456447
23.52  11.10701252102899
25.2  8.41331867373532
26.88  5.483462374830932
28.56  2.3996848983301473
30.24  0.0
31.919999999999998  0.0
33.6  0.0
35.28  0.0
36.96  0.0
38.64  0.0
40.32  0.0
42.0  0.0
43.68  0.0
45.36  0.0
47.04  0.0
48.72  0.0
50.4  0.0
52.08  0.0
53.76  0.0
55.44  0.0
57.12  0.0
58.8  0.0
60.48  0.0
62.16  1.6049057841835228
63.839999999999996  4.714034192947798
65.52  7.690839327727626
67.2  10.451762057357353
68.88  12.919303085088266
70.56  15.024198359342515
72.24  16.70736332055101
73.92  17.921551408929332
75.6  18.632680278760173
77.28  18.82078849225388
78.96  18.480595838522273
80.64  17.621651549472613
82.32  16.268066252191
84.0  14.4578351819308
85.67999999999999  12.241771653165607
87.36  9.682080726249458
89.03999999999999  6.850613106963177
90.72  3.8268482921091675
92.39999999999999  0.695663574401828
94.08  0.0
95.75999999999999  0.0
97.44  0.0
99.11999999999999  0.0
100.8  0.0
102.47999999999999  0.0
104.16  0.0
105.83999999999999  0.0
107.52  0.0
109.2  0.0
110.88  0.0
112.56  0.0
114.24  0.0
115.92  0.0
117.6  0.0
119.28  0.0
120.96  0.0
122.64  0.0
124.32  0.15938056815356028
126.0  3.300125968171017
127.67999999999999  6.348236598308545
129.35999999999999  9.218151777090908
131.04  11.829312781994977
132.72  14.108424138502006
134.4  15.991511029263588
136.07999999999998  17.42571507175976
137.76  18.370778056843776
139.44  18.800171999526682
141.12  18.70184378139667
142.79999999999998  18.078553482507367
144.48  16.947796905735014
146.16  15.341314468351493
147.84  13.304200246261267
149.51999999999998  10.893636180094049
151.2  8.177286974077358
152.88  5.231400742992139
154.56  2.1386687221854714
156.23999999999998  0.0
157.92  0.0
159.6  0.0
161.28  0.0
162.96  0.0
164.64  0.0
166.32  0.0
168.0  0.0
