0.0  43.8364741022414
1.68  46.01184452092086
3.36  47.83132823175675
5.04  49.24385219799864
6.72  50.20976677177714
8.4  50.70195866253045
10.08  50.706612008992536
11.76  50.223596191398315
13.44  15.933136164656409
15.12  14.528765209570304
16.8  12.716570785074929
18.48  10.547421317136383
20.16  8.08220498509556
21.84  5.390120586157524
23.52  2.5467351202483552
25.2  0.0
26.88  0.0
28.56  0.0
30.24  0.0
31.919999999999998  0.0
33.6  0.0
35.28  0.0
36.96  0.0
38.64  0.0
40.32  0.0
42.0  0.0
43.68  0.0
45.36  0.0
47.04  0.0
48.72  0.0
50.4  0.0
52.08  0.0
53.76  0.0
55.44  0.0
57.12  1.1591869503824483
58.8  4.046830800842101
60.48  6.820879823833254
62.16  9.403466266621978
63.839999999999996  11.72209674467389
65.52  13.711687136097185
67.2  15.316389497558088
68.88  16.49115972000945
70.56  17.203021920024995
72.24  17.431994075184765
73.92  17.171648920861095
75.6  16.42929436399229
77.28  15.22576834961683
78.96  13.594853938278893
80.64  11.582331013123891
82.32  9.24469123533318
84.0  6.647552319189819
85.67999999999999  3.8638161381870173
87.36  0.9716223642706883
89.03999999999999  0.0
90.72  0.0
92.39999999999999  0.0
94.08  0.0
95.75999999999999  0.0
97.44  0.0
99.11999999999999  0.0
100.8  0.0
102.47999999999999  0.0
104.16  0.0
105.83999999999999  0.0
107.52  0.0
109.2  0.0
110.88  0.0
112.56  0.0
114.24  0.0
115.92  0.0
117.6  0.0
119.28  0.0
120.96  2.732484148137508
122.64  5.568512017573408
124.32  8.248231359911763
126.0  10.69642226324187
127.67999999999999  12.844363835349453
129.35999999999999  14.63176320403315
131.04  16.008447942301263
132.72  16.93577441195432
134.4  17.387712493248927
136.07999999999998  17.351576252204246
137.76  16.828380035668182
139.44  15.832809998529441
141.12  14.392811862308704
142.79999999999998  12.548806476774393
144.48  10.352555203824052
146.16  7.865706972386621
147.84  5.1580677886167265
149.51999999999998  2.305641276353465
151.2  0.0
152.88  0.0
154.56  0.0
156.23999999999998  0.0
157.92  0.0
159.6  0.0
161.28  0.0
162.96  0.0
164.64  0.0
166.32  0.0
168.0  0.0
