0.0  48.656252736036805
1.68  50.5285092395297
3.36  15.858259735086794
5.04  18.325343715143354
6.72  52.6868121307855
8.4  45.91903481562345
10.08  12.40462376204519
11.76  23.367076418337195
13.44  22.17608975224575
15.12  7.190689810513254
16.8  0.0
18.48  0.0
20.16  23.614578849626483
21.84  1.3468708400736435
23.52  0.0
25.2  1.6298369434537534
26.88  23.57916271373417
28.56  0.0
30.24  0.0
31.919999999999998  7.460427264923992
33.6  22.07205184463178
35.28  0.0
36.96  0.0
38.64  12.825374609729495
40.32  19.18731264982285
42.0  0.0
43.68  0.0
45.36  17.389825495278167
47.04  15.104996284271078
48.72  0.0
50.4  0.0
52.08  20.86888946935963
53.76  10.079900747694246
55.44  0.0
57.12  0.0
58.8  23.045420563335462
60.48  4.425667653445743
62.16  0.0
63.839999999999996  0.0
65.52  23.78357046967411
67.2  0.0
68.88  0.0
70.56  4.45798091672291
72.24  23.03726752151161
73.92  0.0
75.6  0.0
77.28  10.109682930232193
78.96  20.85309225826425
80.64  0.0
82.32  0.0
84.0  15.13038852951426
85.67999999999999  17.367370098707667
87.36  0.0
89.03999999999999  0.0
90.72  19.206730099392605
92.39999999999999  12.797662582491654
94.08  0.0
95.75999999999999  0.0
97.44  22.084282557348892
99.11999999999999  7.429188254717822
100.8  0.0
102.47999999999999  0.0
104.16  23.583443308994
105.83999999999999  1.5970207348135634
107.52  0.0
109.2  1.3797087399006926
110.88  23.61064215384128
112.56  0.0
114.24  0.0
115.92  7.22203558300016
117.6  22.16418147449875
119.28  0.0
120.96  0.0
122.64  12.613598679329005
124.32  19.334342193551674
126.0  0.0
127.67999999999999  0.0
129.35999999999999  17.217883322704697
131.04  15.297748884830867
132.72  0.0
134.4  0.0
136.07999999999998  20.747512834739048
137.76  10.30634574095551
139.44  0.0
141.12  0.0
142.79999999999998  22.982185195970892
144.48  4.671671462742658
146.16  0.0
147.84  0.0
149.51999999999998  23.782423208485525
151.2  0.0
152.88  0.0
154.56  4.2115485819770235
156.23999999999998  23.098279972868987
157.92  0.0
159.6  0.0
161.28  9.882264040902918
162.96  20.972456326671715
164.64  0.0
166.32  0.0
168.0  14.936177448043882
