0.0  10.732566544606044
1.68  59.365109764479804
3.36  52.67595393214334
5.04  4.88062778220468
6.72  17.551863254905456
8.4  63.76125316702638
10.08  45.30643438494987
11.76  1.406856008721448
13.44  0.0
15.12  32.924902951989964
16.8  3.8562797460110403
18.48  0.0
20.16  0.3250216127386949
21.84  33.366876447842905
23.52  0.0
25.2  0.0
26.88  8.60692903186491
28.56  31.72625452128254
30.24  0.0
31.919999999999998  0.0
33.6  16.351634503700275
35.28  28.105436679781697
36.96  0.0
38.64  0.0
40.32  23.07575181171347
42.0  22.73041646738365
43.68  0.0
45.36  0.0
47.04  28.35959480555943
48.72  15.936676065263406
50.4  0.0
52.08  0.0
53.76  31.873372135156725
55.44  8.148247153001039
57.12  0.0
58.8  0.0
60.48  33.39777119587971
62.16  0.0
63.839999999999996  0.0
65.52  4.3265014432790885
67.2  32.83764653679722
68.88  0.0
70.56  0.0
72.24  12.414285665870397
73.92  30.227958369207748
75.6  0.0
77.28  0.0
78.96  19.72723156816864
80.64  25.731590523134862
82.32  0.0
84.0  0.0
85.67999999999999  25.8089012308412
87.36  19.629184044148282
89.03999999999999  0.0
90.72  0.0
92.39999999999999  30.279706908540973
94.08  12.301620967121966
95.75999999999999  0.0
97.44  0.0
99.11999999999999  32.86060301983839
100.8  4.206251543150406
102.47999999999999  0.0
104.16  0.0
105.83999999999999  33.39050279248153
107.52  0.0
109.2  0.0
110.88  8.265782156241396
112.56  31.83633250311557
114.24  0.0
115.92  0.0
117.6  16.043170704776823
119.28  28.29509577553942
120.96  0.0
122.64  0.0
124.32  22.819223874407665
126.0  22.98781909420866
127.67999999999999  0.0
129.35999999999999  0.0
131.04  28.17101393513915
132.72  16.245756424093123
134.4  0.0
136.07999999999998  0.0
137.76  31.764508616985985
139.44  8.48971397629846
141.12  0.0
142.79999999999998  0.0
144.48  33.37541975241193
146.16  0.20378556533092151
147.84  0.0
149.51999999999998  3.9766859000502546
151.2  32.90320223460169
152.88  0.0
154.56  0.0
156.23999999999998  12.086231438554226
157.92  30.3773295458129
159.6  0.0
161.28  0.0
162.96  19.44141417934446
164.64  25.955454168365105
166.32  0.0
168.0  0.0
