0.0  60.832119122242375
1.68  59.10019218582422
3.36  46.381054276701065
5.04  28.098255560552364
6.72  12.047739183409178
8.4  5.073583838219395
10.08  10.149629548428926
11.76  25.111406618897746
13.44  10.245750859108732
15.12  24.344551849471138
16.8  28.062625847174207
18.48  19.814554014060132
20.16  3.1173853574311603
21.84  0.0
23.52  0.0
25.2  0.0
26.88  0.0
28.56  2.092844391802841
30.24  19.066915349471014
31.919999999999998  27.91068906203693
33.6  24.85310410012378
35.28  11.197941077264229
36.96  0.0
38.64  0.0
40.32  0.0
42.0  0.0
43.68  0.0
45.36  12.126207081897219
47.04  25.324300865025624
48.72  27.72389422040812
50.4  18.301779833749176
52.08  1.07562858871459
53.76  0.0
55.44  0.0
57.12  0.0
58.8  0.0
60.48  4.127815792396289
62.16  20.52905355104468
63.839999999999996  28.176525717754004
65.52  23.80928416591923
67.2  9.289558380844129
68.88  0.0
70.56  0.0
72.24  0.0
73.92  0.0
75.6  0.0
77.28  13.943202526396103
78.96  26.171518757560293
80.64  27.240073540439873
82.32  16.69322589440143
84.0  0.0
85.67999999999999  0.0
87.36  0.0
89.03999999999999  0.0
90.72  0.0
92.39999999999999  6.141184856739677
94.08  21.883755873691108
95.75999999999999  28.29490453777116
97.44  22.640861732888425
99.11999999999999  7.332560103242513
100.8  0.0
102.47999999999999  0.0
104.16  0.0
105.83999999999999  0.0
107.52  0.0
109.2  15.687228205642043
110.88  26.881771732857633
112.56  26.613695813913964
114.24  14.997310334039863
115.92  0.0
117.6  0.0
119.28  0.0
120.96  0.0
122.64  0.0
124.32  8.122414904488739
126.0  23.123932675680937
127.67999999999999  28.265206003388077
129.35999999999999  21.353951573480337
131.04  5.337187916316811
132.72  0.0
134.4  0.0
136.07999999999998  0.0
137.76  0.0
139.44  0.0
141.12  17.349157009549046
142.79999999999998  27.45134278309381
144.48  25.848039099481408
146.16  13.222908485293065
147.84  0.0
149.51999999999998  0.0
151.2  0.0
152.88  0.0
154.56  0.0
156.23999999999998  10.061137450267376
157.92  24.2430936682915
159.6  28.08758553765609
161.28  19.955288548789436
162.96  3.3138843163149003
164.64  0.0
166.32  0.0
168.0  0.0
