0.0  43.341933915003686
1.68  34.9282736620398
3.36  22.9951097330938
5.04  33.87497229127512
6.72  43.559617530525585
8.4  30.678249373622293
10.08  23.655769846002613
11.76  37.98845932074584
13.44  8.715498228729329
15.12  0.0
16.8  0.0
18.48  7.981793139427739
20.16  5.731599122870074
21.84  0.0
23.52  0.0
25.2  9.95935964050002
26.88  1.7789322260477087
28.56  0.0
30.24  0.3553291317049534
31.919999999999998  10.253572747257607
33.6  0.0
35.28  0.0
36.96  4.48781221521334
38.64  8.814703897846117
40.32  0.0
42.0  0.0
43.68  7.861755171823852
45.36  5.885953945439048
47.04  0.0
48.72  0.0
50.4  9.906886565094055
52.08  1.9623468023604405
53.76  0.0
55.44  0.16890398967546316
57.12  10.277533681420898
58.8  0.0
60.48  0.0
62.16  4.31904200283854
63.839999999999996  8.911048910527857
65.52  0.0
67.2  0.0
68.88  7.739165810459675
70.56  6.038398585632473
72.24  0.0
73.92  0.0
75.6  9.8511983846621
77.28  2.1451245336839952
78.96  0.0
80.64  0.0
82.32  10.298159223584246
84.0  0.0
85.67999999999999  0.0
87.36  4.148870121679225
89.03999999999999  9.004501999702546
90.72  0.0
92.39999999999999  0.0
94.08  7.614064839546822
95.75999999999999  6.188883570235543
97.44  0.0
99.11999999999999  0.0
100.8  9.792313171819423
102.47999999999999  2.3272061027348308
104.16  0.0
105.83999999999999  0.0
107.52  10.31544268009227
109.2  0.0
110.88  0.0
112.56  3.9773517980130735
114.24  9.095032836820979
115.92  0.0
117.6  0.0
119.28  7.486492858395602
120.96  6.337360062004756
122.64  0.0
124.32  0.0
126.0  9.73025003672159
127.67999999999999  2.5085324181556734
129.35999999999999  0.0
131.04  0.0
132.72  10.329378441904495
134.4  0.0
136.07999999999998  0.0
137.76  3.80454269508237
139.44  9.182612041699333
141.12  0.0
142.79999999999998  0.0
144.48  7.356491268238691
146.16  6.483779875517371
147.84  0.0
149.51999999999998  0.0
151.2  9.665029120862616
152.88  2.689044633694336
154.56  0.0
156.23999999999998  0.0
157.92  10.339961986415611
159.6  0.0
161.28  0.0
162.96  3.6304988950287376
164.64  9.267211192053711
166.32  0.0
168.0  0.0
