0.0  30.350821820332246
1.68  40.384173762432205
3.36  34.858662239650855
5.04  25.96725633433784
6.72  33.33033632352706
8.4  40.700029718146126
10.08  31.81387043944273
11.76  26.28066120176286
13.44  2.9770240547350695
15.12  6.43741672820958
16.8  0.0
18.48  0.0
20.16  5.453861809466439
21.84  4.420070399530062
23.52  0.0
25.2  0.0
26.88  7.00887555939384
28.56  1.6556338181899675
30.24  0.0
31.919999999999998  0.0
33.6  7.379233378707355
35.28  0.0
36.96  0.0
38.64  2.854381461035589
40.32  6.502336554763125
42.0  0.0
43.68  0.0
45.36  5.3627181184358825
47.04  4.526400163463011
48.72  0.0
50.4  0.0
52.08  6.964636082940335
53.76  1.785401423354105
55.44  0.0
57.12  0.0
58.8  7.38937557276569
60.48  0.0
62.16  0.0
63.839999999999996  2.7308125282565228
65.52  6.565146162853984
67.2  0.0
68.88  0.0
70.56  5.269834051974378
72.24  4.631260964183381
73.92  0.0
75.6  0.0
77.28  6.918136356878935
78.96  1.9145896080260547
80.64  0.0
82.32  0.0
84.0  7.397119675517872
85.67999999999999  0.0
87.36  0.0
89.03999999999999  2.606357358512252
90.72  6.625825168733318
92.39999999999999  0.0
94.08  0.0
95.75999999999999  5.175239753964755
97.44  4.734618770970684
99.11999999999999  0.0
100.8  0.0
102.47999999999999  6.869391471874212
104.16  2.043156446462586
105.83999999999999  0.0
107.52  0.0
109.2  7.402463173752157
110.88  0.0
112.56  0.0
114.24  2.4810563415295688
115.92  6.684353880101739
117.6  0.0
119.28  0.0
120.96  5.078965923315462
122.64  4.836440040874621
124.32  0.0
126.0  0.0
127.67999999999999  6.818417247217652
129.35999999999999  2.1710602145676163
131.04  0.0
132.72  0.0
134.4  7.4054043333305914
136.07999999999998  0.0
137.76  0.0
139.44  2.3549501415399
141.12  6.740713302499902
142.79999999999998  0.0
144.48  0.0
146.16  4.98104380399768
147.84  4.936691729600833
149.51999999999998  0.0
151.2  0.0
152.88  6.765230225693315
154.56  2.298259403432371
156.23999999999998  0.0
157.92  0.0
159.6  7.4059421997517845
161.28  0.0
162.96  0.0
164.64  2.2280796840828394
166.32  6.794885145472918
168.0  0.0
