0.0  35.12862815508593
1.68  28.5501990345383
3.36  37.404660844087786
5.04  33.122892414397306
6.72  29.520116366331425
8.4  38.22077105391547
10.08  31.151997463395737
11.76  31.121353362808197
13.44  4.894379302025673
15.12  0.0
16.8  0.0
18.48  4.091003000556079
20.16  0.0
21.84  1.7634127226233696
23.52  2.6103165263686083
25.2  0.0
26.88  3.4793987940829436
28.56  0.6974636770690514
30.24  0.0
31.919999999999998  4.619332440781554
33.6  0.0
35.28  0.0
36.96  4.994485212745585
38.64  0.0
40.32  0.0
42.0  4.542746476289345
43.68  0.0
45.36  0.8872714304280598
47.04  3.338906506944533
48.72  0.0
50.4  2.772261659827722
52.08  1.5822741435095513
53.76  0.0
55.44  4.198273730721495
57.12  0.0
58.8  0.0
60.48  4.929215789374931
62.16  0.0
63.839999999999996  0.0
65.52  4.844072404626962
67.2  0.0
68.88  0.0
70.56  3.9569399925940205
72.24  0.0
73.92  1.9733305410772624
75.6  2.4146930012137444
77.28  0.0
78.96  3.638203512718668
80.64  0.4726672432349919
82.32  0.0
84.0  4.700732206136089
85.67999999999999  0.0
87.36  0.0
89.03999999999999  4.98500340572966
90.72  0.0
92.39999999999999  0.0
94.08  4.443952913485056
95.75999999999999  0.0
97.44  1.1090593154687503
99.11999999999999  3.167157540346153
100.8  0.0
102.47999999999999  2.957666600797024
104.16  1.3660046880302308
105.83999999999999  0.0
107.52  4.316599917185524
109.2  0.0
110.88  0.0
112.56  4.96087303042438
114.24  0.0
115.92  0.0
117.6  4.7838194986787
119.28  0.0
120.96  0.2080653753041528
122.64  3.814752465485892
124.32  0.0
126.0  2.1791966524562745
127.67999999999999  2.214111549085735
129.35999999999999  0.0
131.04  3.7895381524166636
132.72  0.2469003134937804
134.4  0.0
136.07999999999998  4.772480273744146
137.76  0.0
139.44  0.0
141.12  4.965286226004312
142.79999999999998  0.0
144.48  0.0
146.16  4.336034880611158
147.84  0.0
149.51999999999998  1.3285700434991443
151.2  2.988905661870514
152.88  0.0
154.56  3.136998763566528
156.23999999999998  1.146930506863451
157.92  0.0
159.6  4.426063118934422
161.28  0.0
162.96  0.0
164.64  4.982344444043448
166.32  0.0
168.0  0.0
