0.0  0.3811889490558523  100.0
0.12  0.4165417335606819
0.24  0.45128966401859816
0.36  0.4853800995902497
0.48  0.5187613569517493
0.6  0.5513827886774042
0.72  0.5831948601097202
0.84  0.6141492245999666
0.96  0.6441987970049894
1.08  0.6732978253284999
1.2  0.7014019603978159
1.3199999999999998  0.7284683234699101
1.44  0.7544555716636904
1.56  0.7793239611186438
1.68  0.8030354077833464
1.7999999999999998  0.8255535457408512
1.92  0.8468437829816302
2.04  0.8668733545385293
2.16  0.8856113729021319
2.28  0.9030288756389635
2.4  0.9190988701391507
2.52  0.9337963754244224
2.6399999999999997  0.9470984609517306
2.76  0.9589842823522643
2.88  0.9694351140502006
3.0  0.9784343787102179
3.12  0.9859676734675353
3.2399999999999998  0.9920227928990717
3.36  0.9965897486991956
3.48  0.9996607860284902
3.5999999999999996  1.0012303965089444
3.7199999999999998  1.0012953278440255
3.84  0.9998545900471556
3.96  0.9969094582672209
4.08  0.9924634722048622
4.2  0.9865224321184232
4.32  0.9790943914235808
4.4399999999999995  0.970189645895808
4.56  0.9598207194899504
4.68  0.9480023467962992
4.8  0.9347514521576235
4.92  0.9200871254766739
5.04  0.904030594748667
5.16  0.8866051953582221
5.279999999999999  0.8678363361851132
5.3999999999999995  0.847751462568039
5.52  0.826380016180372
5.64  0.8037533918765378
5.76  0.7799048915722628
5.88  0.7548696752264523
6.0  0.7286847089968462
6.12  0.7013887106459192
6.24  0.6730220922776645
6.359999999999999  0.6436269004899773
6.4799999999999995  0.6132467540312928
6.6  0.5819267790539486
6.72  0.5497135420604099
6.84  0.5166549806420304
6.96  0.4828003321134116
7.08  0.4482000601486359
7.199999999999999  0.41290577952874064
7.319999999999999  0.3769701791126931
7.4399999999999995  0.3404469431468745
7.56  0.3033906710306512
7.68  0.26585679565799464
7.8  0.22790150045734212
7.92  0.1895816352539043
8.04  0.15095463108048118
8.16  0.11207841406449831
8.28  0.07301131852044856
8.4  0.03381199937817425
8.52  0.0
8.64  0.0
8.76  0.0
8.879999999999999  0.0
9.0  0.0
9.12  0.0
9.24  0.0
9.36  0.0
9.48  0.0
9.6  0.0
9.719999999999999  0.0
9.84  0.0
9.959999999999999  0.0
10.08  0.0
10.2  0.0
10.32  0.0
10.44  0.0
10.559999999999999  0.0
10.68  0.0
10.799999999999999  0.0
10.92  0.0
11.04  0.0
11.16  0.0
11.28  0.0
11.4  0.0
11.52  0.0
11.639999999999999  0.0
11.76  0.0
11.879999999999999  0.0
12.0  0.0
12.12  0.0
12.24  0.0
12.36  0.0
12.48  0.0
12.6  0.0
12.719999999999999  0.0
12.84  0.0
12.959999999999999  0.0
13.08  0.0
13.2  0.0
13.32  0.0
13.44  0.0
13.559999999999999  0.0
13.68  0.0
13.799999999999999  0.0
13.92  0.0
14.04  0.0
14.16  0.0
14.28  0.0
14.399999999999999  0.0
14.52  0.0
14.639999999999999  0.0
14.76  0.0
14.879999999999999  0.0
15.0  0.0
15.12  0.0
15.24  0.0
15.36  0.0
15.479999999999999  0.0
15.6  0.0
15.719999999999999  0.0
15.84  0.0
15.959999999999999  0.0
16.08  0.0
16.2  0.0
16.32  0.0
16.439999999999998  0.0
16.56  0.0
16.68  0.0
16.8  0.0
16.919999999999998  0.0
17.04  0.0
17.16  0.0
17.28  0.0
17.4  0.0
17.52  0.0
17.64  0.0
17.759999999999998  0.0
17.88  0.0
18.0  0.0
18.12  0.0
18.24  0.004252078668376624
18.36  0.04442804272476053
18.48  0.08455860665757681
18.599999999999998  0.12458338946834951
18.72  0.1644421372953678
18.84  0.2040748141612961
18.96  0.24342169244060546
19.08  0.282423442910421
19.2  0.3210212242489765
19.32  0.35915677184658507
19.439999999999998  0.3967724857950481
19.56  0.43381151792255723
19.68  0.47021785774251834
19.8  0.5059364171863119
19.919999999999998  0.5409131139917455
20.04  0.575094953620934
20.16  0.6084301095834624
20.279999999999998  0.6408680020430666
20.4  0.672359374588552
20.52  0.7028563690523855
20.64  0.7323125982632942
20.759999999999998  0.7606832166222278
20.88  0.7879249883942852
21.0  0.8139963536125827
21.119999999999997  0.8388574914935856
21.24  0.8624703812671264
21.36  0.8847988603281594
21.48  0.9058086796213254
21.599999999999998  0.9254675561734744
21.72  0.9437452226935901
21.84  0.9606134741639036
21.96  0.9760462113505064
22.08  0.9900194811663441
22.2  1.0025115138242084
22.32  1.013502756722131
22.439999999999998  1.0229759050084808
22.56  1.0309159287790395
22.68  1.037310096863382
22.8  1.042147997163001
22.919999999999998  1.0454215535087923
23.04  1.047125039010739
23.16  1.0472550858779088
23.279999999999998  1.0458106916921879
23.4  1.0427932221244878
23.52  1.0382064100875423
23.64  1.0320563513247563
23.759999999999998  1.0243514964399454
23.88  1.0151026393781601
24.0  1.0043229023731537
24.119999999999997  0.992027717382369
24.24  0.9782348040356219
24.36  0.9629641441289403
24.48  0.9462379527002075
24.599999999999998  0.9280806457284589
24.72  0.9085188045037563
24.84  0.8875811367196339
24.96  0.8652984343450421
25.08  0.8417035283376177
25.2  0.8168312402648813
25.32  0.7907183309046795
25.439999999999998  0.7634034459007247
25.56  0.7349270585536232
25.68  0.7053314098320885
25.8  0.6746604456932744
25.919999999999998  0.6429597518052927
26.04  0.6102764857688813
26.16  0.5766593069390629
26.279999999999998  0.5421583039512656
26.4  0.5068249200598691
26.52  0.4707118764005671
26.64  0.43387309329099266
26.759999999999998  0.3963636096872028
26.88  0.3582395009163374
27.0  0.3195577948085044
27.119999999999997  0.28037638635337403
27.24  0.24075395100924268
27.36  0.20074985679447074
27.48  0.1604240752930233
27.599999999999998  0.11983709170760126
27.72  0.07904981409532436
27.84  0.03812348192223797
27.959999999999997  0.0
28.08  0.0
28.2  0.0
28.32  0.0
28.439999999999998  0.0
28.56  0.0
28.68  0.0
28.799999999999997  0.0
28.919999999999998  0.0
29.04  0.0
29.16  0.0
29.279999999999998  0.0
29.4  0.0
29.52  0.0
29.64  0.0
29.759999999999998  0.0
29.88  0.0
30.0  0.0
30.119999999999997  0.0
30.24  0.0
30.36  0.0
30.48  0.0
30.599999999999998  0.0
30.72  0.0
30.84  0.0
30.959999999999997  0.0
31.08  0.0
31.2  0.0
31.32  0.0
31.439999999999998  0.0
31.56  0.0
31.68  0.0
31.799999999999997  0.0
31.919999999999998  0.0
32.04  0.0
32.16  0.0
32.28  0.0
32.4  0.0
32.519999999999996  0.0
32.64  0.0
32.76  0.0
32.879999999999995  0.0
33.0  0.0
33.12  0.0
33.24  0.0
33.36  0.0
33.48  0.0
33.6  0.0
33.72  0.0
33.839999999999996  0.0
33.96  0.0
34.08  0.0
34.199999999999996  0.0
34.32  0.0
34.44  0.0
34.56  0.0
34.68  0.0
34.8  0.0
34.92  0.0
35.04  0.0
35.16  0.0
35.28  0.0
35.4  0.0
35.519999999999996  0.0
35.64  0.0
35.76  0.0
35.879999999999995  0.0
36.0  0.0
36.12  0.0
36.24  0.0
36.36  0.0
36.48  0.0
36.6  0.0
36.72  0.0
36.839999999999996  0.0
36.96  0.0
37.08  0.0
37.199999999999996  0.0
37.32  0.0
37.44  0.0
37.559999999999995  0.0
37.68  0.0013555927426109893
37.8  0.04317324129000394
37.92  0.08494510463688065
38.04  0.12660834871887272
38.16  0.1681002742575822
38.28  0.20935841115957293
38.4  0.25032061261315497
38.519999999999996  0.29092514874117237
38.64  0.33111079966855506
38.76  0.3708169478643052
38.879999999999995  0.40998366961855526
39.0  0.44855182551659
39.12  0.4864631497731698
39.24  0.523660338292185
39.36  0.5600871353184413
39.48  0.5956884185505743
39.6  0.6304102825861819
39.72  0.6642001205728708
39.839999999999996  0.6970067039414817
39.96  0.7287802601005704
40.08  0.7594725479743123
40.199999999999996  0.789036931269129
40.32  0.8174284493577328
40.44  0.8446038856728195
40.559999999999995  0.8705218335063418
40.68  0.8951427591141604
40.8  0.9184290620298601
40.92  0.9403451324957348
41.04  0.9608574059231637
41.16  0.9799344142991255
41.28  0.9975468344600719
41.4  1.0136675331591432
41.519999999999996  1.0282716088574473
41.64  1.0413364301750578
41.76  1.0528416709423767
41.879999999999995  1.062769341797598
42.0  1.0711038182812016
42.12  1.0778318653836378
42.239999999999995  1.0829426585077027
42.36  1.086427800812483
42.48  1.0882813369111708
42.6  1.088499762900546
42.72  1.0870820327054305
42.839999999999996  1.0840295607269463
42.96  1.0793462207890006
43.08  1.073038341382964
43.199999999999996  1.0651146972160959
43.32  1.055586497074839
43.44  1.044467368019662
43.559999999999995  1.0317733359336398
43.68  1.017522802452501
43.8  1.001736518309286
43.92  0.9844375531322089
44.04  0.9656512617396622
44.16  0.9454052469815779
44.28  0.9237293191816197
44.4  0.9006554522397872
44.519999999999996  0.8762177364600785
44.64  0.8504523281728252
44.76  0.8233973962261699
44.879999999999995  0.7950930654258712
45.0  0.7655813570072996
45.12  0.7349061262279768
45.239999999999995  0.7031129971733201
45.36  0.6702492948726179
45.48  0.6363639748262359
45.6  0.6015075500490342
45.72  0.5657320157388023
45.839999999999996  0.5290907716820619
45.96  0.49163854251311073
46.08  0.4534312959454392
46.199999999999996  0.41452615909771506
46.32  0.3749813330395301
46.44  0.33485600568478413
46.559999999999995  0.2942102631631025
46.68  0.25310499980210277
46.8  0.21160182685542073
46.92  0.1697629801133303
47.04  0.12765122653461752
47.16  0.08532977003979914
47.28  0.04286215660717119
47.4  0.00031217881426293115
47.519999999999996  0.0
47.64  0.0
47.76  0.0
47.879999999999995  0.0
48.0  0.0
48.12  0.0
48.239999999999995  0.0
48.36  0.0
48.48  0.0
48.6  0.0
48.72  0.0
48.839999999999996  0.0
48.96  0.0
49.08  0.0
49.199999999999996  0.0
49.32  0.0
49.44  0.0
49.559999999999995  0.0
49.68  0.0
49.8  0.0
49.92  0.0
50.04  0.0
50.16  0.0
50.28  0.0
50.4  0.0
50.519999999999996  0.0
50.64  0.0
50.76  0.0
50.879999999999995  0.0
51.0  0.0
51.12  0.0
51.239999999999995  0.0
51.36  0.0
51.48  0.0
51.6  0.0
51.72  0.0
51.839999999999996  0.0
51.96  0.0
52.08  0.0
52.199999999999996  0.0
52.32  0.0
52.44  0.0
52.559999999999995  0.0
52.68  0.0
52.8  0.0
52.919999999999995  0.0
53.04  0.0
53.16  0.0
53.28  0.0
53.4  0.0
53.519999999999996  0.0
53.64  0.0
53.76  0.0
53.879999999999995  0.0
54.0  0.0
54.12  0.0
54.239999999999995  0.0
54.36  0.0
54.48  0.0
54.6  0.0
54.72  0.0
54.839999999999996  0.0
54.96  0.0
55.08  0.0
55.199999999999996  0.0
55.32  0.0
55.44  0.0
55.559999999999995  0.0
55.68  0.0
55.8  0.0
55.919999999999995  0.0
56.04  0.0
56.16  0.0
56.28  0.0
56.4  0.0
56.519999999999996  0.0
56.64  0.0
56.76  0.0
56.879999999999995  0.0
57.0  0.0
57.12  0.0
57.239999999999995  0.04115890457220284
57.36  0.08438501169615459
57.48  0.12750099315912355
57.599999999999994  0.17044198250798182
57.72  0.21314335149188487
57.839999999999996  0.25554080737459095
57.96  0.29757048977922573
58.08  0.33916906691943455
58.199999999999996  0.38027383107197665
58.32  0.4208227931466788
58.44  0.46075477621108474
58.559999999999995  0.500009507828684
58.68  0.5385277110712344
58.8  0.5762511940676998
58.919999999999995  0.6131229379544993
59.04  0.6490871830940681
59.16  0.6840895134312714
59.28  0.718076938860081
59.4  0.750997975475704
59.519999999999996  0.7828027235906642
59.64  0.8134429433964947
59.76  0.8428721281563285
59.879999999999995  0.8710455748172876
60.0  0.897920451935414
60.12  0.9234558648098949
60.239999999999995  0.9476129177275413
60.36  0.9703547732227068
60.48  0.9916467082623704
60.599999999999994  1.0114561672706808
60.72  1.0297528119119388
60.839999999999996  1.0465085675559258
60.96  1.0616976663543927
61.08  1.0752966868626
61.199999999999996  1.0872845901450334
61.32  1.097642752309612
61.44  1.1063549934201173
61.559999999999995  1.1134076027419926
61.68  1.1187893602821575
61.8  1.1224915545890406
61.919999999999995  1.1245079967846787
62.04  1.1248350308063717
62.16  1.1234715398410724
62.28  1.1204189489414476
62.4  1.11568122381826
62.519999999999996  1.1092648658094937
62.64  1.1011789030323842
62.76  1.0914348777302934
62.879999999999995  1.0800468298320678
63.0  1.0670312767472376
63.12  1.0524071894261224
63.239999999999995  1.03619596471948
63.36  1.0184213940779698
63.48  0.9991096286372203
63.599999999999994  0.9782891407397157
63.72  0.9559906819501304
63.839999999999996  0.9322472376260509
63.96  0.9070939781111638
64.08  0.8805682066232208
64.2  0.8527093039139213
64.32  0.8235586697829421
64.44  0.7931596615329153
64.56  0.7615575294569554
64.67999999999999  0.7287993494547058
64.8  0.694933952877306
64.92  0.6600118537059153
65.03999999999999  0.6240851731723636
65.16  0.587207561934501
65.28  0.5494341199225277
65.39999999999999  0.5108213139760491
65.52  0.4714268933950446
65.64  0.4313098035311614
65.75999999999999  0.39053009754859014
65.88  0.3491488464867245
66.0  0.3072280477593858
66.12  0.2648305322276999
66.24  0.22201986998603643
66.36  0.17886027500229287
66.48  0.13541650875572628
66.6  0.09175378301689388
66.72  0.04793766191576607
66.84  0.004033963445215727
66.96  0.0
67.08  0.0
67.2  0.0
67.32  0.0
67.44  0.0
67.56  0.0
67.67999999999999  0.0
67.8  0.0
67.92  0.0
68.03999999999999  0.0
68.16  0.0
68.28  0.0
68.39999999999999  0.0
68.52  0.0
68.64  0.0
68.75999999999999  0.0
68.88  0.0
69.0  0.0
69.12  0.0
69.24  0.0
69.36  0.0
69.48  0.0
69.6  0.0
69.72  0.0
69.84  0.0
69.96  0.0
70.08  0.0
70.2  0.0
70.32  0.0
70.44  0.0
70.56  0.0
70.67999999999999  0.0
70.8  0.0
70.92  0.0
71.03999999999999  0.0
71.16  0.0
71.28  0.0
71.39999999999999  0.0
71.52  0.0
71.64  0.0
71.75999999999999  0.0
71.88  0.0
72.0  0.0
72.11999999999999  0.0
72.24  0.0
72.36  0.0
72.48  0.0
72.6  0.0
72.72  0.0
72.84  0.0
72.96  0.0
73.08  0.0
73.2  0.0
73.32  0.0
73.44  0.0
73.56  0.0
73.67999999999999  0.0
73.8  0.0
73.92  0.0
74.03999999999999  0.0
74.16  0.0
74.28  0.0
74.39999999999999  0.0
74.52  0.0
74.64  0.0
74.75999999999999  0.0
74.88  0.0
75.0  0.0
75.11999999999999  0.0
75.24  0.0
75.36  0.0
75.48  0.0
75.6  0.0
75.72  0.0
75.84  0.0
75.96  0.0
76.08  0.0
76.2  0.0
76.32  0.0
76.44  0.0
76.56  0.0
76.67999999999999  0.038463907330313046
76.8  0.08295026056398436
76.92  0.12732621628325635
77.03999999999999  0.17152502956236582
77.16  0.2154802005261507
77.28  0.25912557444840484
77.39999999999999  0.3023954413628126
77.52  0.3452246350363398
77.64  0.38754863115594773
77.75999999999999  0.4293036445806624
77.88  0.4704267255123423
78.0  0.5108558544400249
78.11999999999999  0.5505300357146784
78.24  0.5893893896130781
78.36  0.6273752427517378
78.48  0.6644302167144138
78.6  0.7004983147591877
78.72  0.7355250064740928
78.84  0.7694573102531653
78.96  0.8022438734682465
79.08  0.8338350502151074
79.2  0.8641829765161131
79.32  0.8932416428655494
79.44  0.9209669640075805
79.56  0.9473168458409338
79.67999999999999  0.9722512493488276
79.8  0.9957322514569633
79.92  1.017724102727045
80.03999999999999  1.0381932817980801
80.16  1.0571085464924903
80.28  1.0744409815091154
80.39999999999999  1.0901640426303056
80.52  1.1042535973754952
80.64  1.1166879620389896
80.75999999999999  1.1274479350551296
80.88  1.1365168266395131
81.0  1.143880484660506
81.11999999999999  1.1495273167009885
81.24  1.153448308275964
81.36  1.155637037177438
81.48  1.1560896839238324
81.6  1.1548050382969979
81.72  1.151784501955823
81.84  1.1470320871213093
81.96  1.1405544113339066
82.08  1.1323606882898107
82.2  1.1224627147688344
82.32  1.1108748536723398
82.44  1.0976140131955858
82.56  1.082699622164685
82.67999999999999  1.0661536015741095
82.8  1.0480003323664508
82.92  1.0282666195018002
83.03999999999999  1.0069816523696915
83.16  0.9841769616020892
83.28  0.9598863723513582
83.39999999999999  0.9341459541024419
83.52  0.906993967093729
83.64  0.878470805426302
83.75999999999999  0.8486189369460779
83.88  0.8174828399884262
84.0  0.7851089370795377
84.11999999999999  0.7515455256933389
84.24  0.7168427061672966
84.36  0.6810523068848264
84.47999999999999  0.6442278068359626
84.6  0.6064242556721097
84.72  0.5676981913744711
84.84  0.5281075556592612
84.96  0.48771160724640267
85.08  0.446570833121546
85.2  0.4047468579244142
85.32  0.36230235159919544
85.44  0.3193009354454974
85.56  0.2758070867107704
85.67999999999999  0.23188604186729497
85.8  0.18760369871892196
85.92  0.14302651748455755
86.03999999999999  0.09822142100689793
86.16  0.05325569423631665
86.28  0.00819688314101416
86.39999999999999  0.0
86.52  0.0
86.64  0.0
86.75999999999999  0.0
86.88  0.0
87.0  0.0
87.11999999999999  0.0
87.24  0.0
87.36  0.0
87.47999999999999  0.0
87.6  0.0
87.72  0.0
87.84  0.0
87.96  0.0
88.08  0.0
88.2  0.0
88.32  0.0
88.44  0.0
88.56  0.0
88.67999999999999  0.0
88.8  0.0
88.92  0.0
89.03999999999999  0.0
89.16  0.0
89.28  0.0
89.39999999999999  0.0
89.52  0.0
89.64  0.0
89.75999999999999  0.0
89.88  0.0
90.0  0.0
90.11999999999999  0.0
90.24  0.0
90.36  0.0
90.47999999999999  0.0
90.6  0.0
90.72  0.0
90.84  0.0
90.96  0.0
91.08  0.0
91.2  0.0
91.32  0.0
91.44  0.0
91.56  0.0
91.67999999999999  0.0
91.8  0.0
91.92  0.0
92.03999999999999  0.0
92.16  0.0
92.28  0.0
92.39999999999999  0.0
92.52  0.0
92.64  0.0
92.75999999999999  0.0
92.88  0.0
93.0  0.0
93.11999999999999  0.0
93.24  0.0
93.36  0.0
93.47999999999999  0.0
93.6  0.0
93.72  0.0
93.84  0.0
93.96  0.0
94.08  0.0
94.2  0.0
94.32  0.0
94.44  0.0
94.56  0.0
94.67999999999999  0.0
94.8  0.0
94.92  0.0
95.03999999999999  0.0
95.16  0.0
95.28  0.0
95.39999999999999  0.0
95.52  0.0
95.64  0.0
95.75999999999999  0.0
95.88  0.0
96.0  0.0
96.11999999999999  0.03517252971345522
96.24  0.08071909877420505
96.36  0.12615612671270401
96.47999999999999  0.17141528795021815
96.6  0.2164285067672648
96.72  0.26112805974479947
96.84  0.3054466777016769
96.96  0.3493176469748257
97.08  0.3926749098896427
97.2  0.4354531642691321
97.32  0.4775879618319463
97.44  0.5190158053309221
97.56  0.5596742442856206
97.67999999999999  0.5995019691645385
97.8  0.6384389038748693
97.92  0.6764262964201647
98.03999999999999  0.7134068075891388
98.16  0.7493245975416092
98.28  0.7841254101607731
98.39999999999999  0.8177566550443501
98.52  0.8501674870106848
98.64  0.8813088829994653
98.75999999999999  0.9111337162507944
98.88  0.9395968276502862
99.0  0.9666550941321177
99.11999999999999  0.9922674940364573
99.24  1.0163951693220945
99.36  1.0390014845399431
99.47999999999999  1.0600520824778563
99.6  1.0795149363922545
99.72  1.0973603987470755
99.84  1.1135612463858928
99.96  1.1280927220683787
100.08  1.1409325723076753
100.2  1.1520610814508805
100.32  1.1614611019504255
100.44  1.1691180807799033
100.56  1.1750200819536214
100.67999999999999  1.1791578051150675
100.8  1.181524600165393
100.92  1.1821164779088762
101.03999999999999  1.18093211669846
101.16  1.1779728650703403
101.28  1.1732427403627061
101.39999999999999  1.166748423319721
101.52  1.1584992486879093
101.64  1.1485071918181378
101.75999999999999  1.136786851292364
101.88  1.1233554276003743
102.0  1.1082326978976325
102.11999999999999  1.0914409868812622
102.24  1.073005133827091
102.36  1.0529524558364267
102.47999999999999  1.0313127073469242
102.6  1.0081180359676338
102.72  0.9834029347037793
102.83999999999999  0.957204190642271
102.96  0.9295608301743561
103.08  0.9005140608370086
103.2  0.870107209859716
103.32  0.8383856595084157
103.44  0.8053967793230372
103.56  0.7711898553499329
103.67999999999999  0.7358160164749592
103.8  0.6993281579672895
103.92  0.6617808623484586
104.03999999999999  0.6232303177050058
104.16  0.5837342335669711
104.28  0.5433517544784157
104.39999999999999  0.5021433713892476
104.52  0.46017083100130374
104.64  0.41749704320462994
104.75999999999999  0.3741859867426769
104.88  0.33030261324795085
105.0  0.2859127497922728
105.11999999999999  0.2410830000977178
105.24  0.1958806445566533
105.36  0.15037353921112281
105.47999999999999  0.1046300138430892
105.6  0.058718769328899606
105.72  0.012708774412134666
105.83999999999999  0.0
105.96  0.0
106.08  0.0
106.2  0.0
106.32  0.0
106.44  0.0
106.56  0.0
106.67999999999999  0.0
106.8  0.0
106.92  0.0
107.03999999999999  0.0
107.16  0.0
107.28  0.0
107.39999999999999  0.0
107.52  0.0
107.64  0.0
107.75999999999999  0.0
107.88  0.0
108.0  0.0
108.11999999999999  0.0
108.24  0.0
108.36  0.0
108.47999999999999  0.0
108.6  0.0
108.72  0.0
108.83999999999999  0.0
108.96  0.0
109.08  0.0
109.2  0.0
109.32  0.0
109.44  0.0
109.56  0.0
109.67999999999999  0.0
109.8  0.0
109.92  0.0
110.03999999999999  0.0
110.16  0.0
110.28  0.0
110.39999999999999  0.0
110.52  0.0
110.64  0.0
110.75999999999999  0.0
110.88  0.0
111.0  0.0
111.11999999999999  0.0
111.24  0.0
111.36  0.0
111.47999999999999  0.0
111.6  0.0
111.72  0.0
111.83999999999999  0.0
111.96  0.0
112.08  0.0
112.2  0.0
112.32  0.0
112.44  0.0
112.56  0.0
112.67999999999999  0.0
112.8  0.0
112.92  0.0
113.03999999999999  0.0
113.16  0.0
113.28  0.0
113.39999999999999  0.0
113.52  0.0
113.64  0.0
113.75999999999999  0.0
113.88  0.0
114.0  0.0
114.11999999999999  0.0
114.24  0.0
114.36  0.0
114.47999999999999  0.0
114.6  0.0
114.72  0.0
114.83999999999999  0.0
114.96  0.0
115.08  0.0
115.19999999999999  0.0
115.32  0.0
115.44  0.0
115.56  0.03137373983413924
115.67999999999999  0.07777540120056584
115.8  0.12406939167073311
115.92  0.17018611056174157
116.03999999999999  0.21605620996206676
116.16  0.26161069906070034
116.28  0.30678104795958605
116.39999999999999  0.3514992908132474
116.52  0.39569812814014765
116.64  0.43931102815170986
116.75999999999999  0.48227232694646266
116.88  0.5245173274182873
117.0  0.5659823967296905
117.11999999999999  0.6066050622032457
117.24  0.6463241054866437
117.36  0.6850796548492158
117.47999999999999  0.7228132754709562
117.6  0.7594680575875992
117.72  0.7949887023588345
117.83999999999999  0.8293216053300916
117.96  0.8624149373617509
118.08  0.8942187229036378
118.19999999999999  0.9246849154965026
118.32  0.9537674703864221
118.44  0.981422414142205
118.56  1.0076079111706984
118.67999999999999  1.032284327029137
118.8  1.0554142884388604
118.92  1.0769627399093609
119.03999999999999  1.0968969968868993
119.16  1.1151867953471193
119.28  1.1318043377562668
119.39999999999999  1.1467243353313392
119.52  1.1599240465347878
119.64  1.1713833117452048
119.75999999999999  1.1810845840511432
119.88  1.1890129561209872
120.0  1.1951561831077493
