0.0  1.2703670137493053  100.0
0.12  1.3243658513610674
0.24  1.3763680844902368
0.36  1.4262946203859195
0.48  1.4740694980044662
0.6  1.5196200036114453
0.72  1.5628767814806617
0.84  1.6037739395216444
0.96  1.6422491496747036
1.08  1.6782437429205541
1.2  1.7117027987596494
1.3199999999999998  1.7425752290247258
1.44  1.7708138558986395
1.56  1.7963754840183257
1.68  1.8192209665546764
1.7999999999999998  1.8393152651672313
1.92  1.8566275037418634
2.04  1.871131015829037
2.16  1.8828033857097668
2.28  1.891626483026045
2.4  1.8975864909222597
2.52  1.9006739276539495
2.6399999999999997  1.9008836616301448
2.76  1.8982149198654867
2.88  1.8926712898283078
3.0  1.884260714680872
3.12  1.8729954819179762
3.2399999999999998  1.8588922054201382
3.36  1.841971800947578
3.48  1.8222594551111384
3.5999999999999996  1.7997845878662
3.7199999999999998  1.7745808085854602
3.84  1.7466858657761954
3.96  1.7161415905172686
4.08  1.6829938337006707
4.2  1.6472923971718028
4.32  1.6090909588719544
4.4399999999999995  1.568446992095553
4.56  1.525421678983688
4.68  1.4800798183841803
4.8  1.4324897282170177
4.92  1.3827231424923285
5.04  1.3308551031361993
5.16  1.2769638467875322
5.279999999999999  1.2211306867367844
5.3999999999999995  1.1634398901848215
5.52  1.1039785510072466
5.64  1.0428364582163914
5.76  0.9801059603197126
5.88  0.9158818257796004
6.0  0.8502610997855166
6.12  0.783342957555027
6.24  0.7152285543855763
6.359999999999999  0.6460208726838024
6.4799999999999995  0.5758245662038173
6.6  0.5047458017301363
6.72  0.43289209844484433
6.84  0.36037216522213594
6.96  0.28729573609654313
7.08  0.21377340415396265
7.199999999999999  0.1399164540970275
7.319999999999999  0.06583669373840667
7.4399999999999995  0.0
7.56  0.0
7.68  0.0
7.8  0.0
7.92  0.0
8.04  0.0
8.16  0.0
8.28  0.0
8.4  0.0
8.52  0.0
8.64  0.0
8.76  0.0
8.879999999999999  0.0
9.0  0.0
9.12  0.0
9.24  0.0
9.36  0.0
9.48  0.0
9.6  0.0
9.719999999999999  0.0
9.84  0.0
9.959999999999999  0.0
10.08  0.0
10.2  0.0
10.32  0.0
10.44  0.0
10.559999999999999  0.0
10.68  0.0
10.799999999999999  0.0
10.92  0.0
11.04  0.0
11.16  0.0
11.28  0.0
11.4  0.0
11.52  0.0
11.639999999999999  0.0
11.76  0.0
11.879999999999999  0.0
12.0  0.0
12.12  0.0
12.24  0.0
12.36  0.0
12.48  0.0
12.6  0.0
12.719999999999999  0.0
12.84  0.0
12.959999999999999  0.0
13.08  0.0
13.2  0.0
13.32  0.0
13.44  0.0
13.559999999999999  0.0
13.68  0.0
13.799999999999999  0.0
13.92  0.0
14.04  0.0
14.16  0.0
14.28  0.0
14.399999999999999  0.0
14.52  0.0
14.639999999999999  0.0
14.76  0.0
14.879999999999999  0.0
15.0  0.0
15.12  0.0
15.24  0.0
15.36  0.0
15.479999999999999  0.0
15.6  0.0
15.719999999999999  0.0
15.84  0.0
15.959999999999999  0.0
16.08  0.0
16.2  0.0
16.32  0.0
16.439999999999998  0.0
16.56  0.0
16.68  0.0
16.8  0.0
16.919999999999998  0.0
17.04  0.0
17.16  0.027939772592772555
17.28  0.10251356054631511
17.4  0.17694134015608157
17.52  0.2511103851812786
17.64  0.32490834763811116
17.759999999999998  0.39822342804205424
17.88  0.47094454483920606
18.0  0.5429615027698191
18.12  0.6141651599087828
18.24  0.6844475931297207
18.36  0.7537022617418008
18.48  0.8218241690510086
18.599999999999998  0.8887100216008521
18.72  0.954258385850895
18.84  1.0183698420553502
18.96  1.0809471351082656
19.08  1.1418953221263115
19.2  1.2011219165451832
19.32  1.258537028510799
19.439999999999998  1.314053501352166
19.56  1.3675870439286237
19.68  1.4190563586504332
19.8  1.4683832649782305
19.919999999999998  1.515492818213659
20.04  1.5603134234006575
20.16  1.6027769441642086
20.279999999999998  1.642818806321082
20.4  1.6803780961049508
20.52  1.7153976528564279
20.64  1.7478241560369607
20.759999999999998  1.7776082064340732
20.88  1.8047044014342624
21.0  1.8290714042488263
21.119999999999997  1.8506720069870486
21.24  1.8694731874804909
21.36  1.8854461597715844
21.48  1.8985664181893345
21.599999999999998  1.9088137749446372
21.72  1.9161723911875366
21.84  1.9206308014786508
21.96  1.9221819316369737
22.08  1.9208231099362907
22.2  1.9165560716325278
22.32  1.909386956814466
22.439999999999998  1.8993263015803532
22.56  1.8863890225530866
22.68  1.870594394756718
22.8  1.851966022887105
22.919999999999998  1.830531806019549
23.04  1.806323895806207
23.16  1.7793786482259508
23.279999999999998  1.7497365689591013
23.4  1.717442252469158
23.52  1.6825443148831938
23.64  1.6450953207719565
23.759999999999998  1.6051517039400323
23.88  1.5627736823454534
24.0  1.5180251672771106
24.119999999999997  1.4709736669269757
24.24  1.4216901845027006
24.36  1.370249111034445
24.48  1.316728113037805
24.599999999999998  1.2612080152025626
24.72  1.2037726782845306
24.84  1.1445088723850356
24.96  1.0835061458096067
25.08  1.020856689704153
25.2  0.9566551986733282
25.32  0.8909987275919053
25.439999999999998  0.8239865448257464
25.56  0.755719982084452
25.68  0.6863022811328751
25.8  0.6158384375934672
25.919999999999998  0.5444350420758886
26.04  0.47220011887433344
26.16  0.3992429624767897
26.279999999999998  0.32567397213375676
26.4  0.25160448473688574
26.52  0.17714660626071496
26.64  0.10241304202265325
26.759999999999998  0.02751692601843675
26.88  0.0
27.0  0.0
27.119999999999997  0.0
27.24  0.0
27.36  0.0
27.48  0.0
27.599999999999998  0.0
27.72  0.0
27.84  0.0
27.959999999999997  0.0
28.08  0.0
28.2  0.0
28.32  0.0
28.439999999999998  0.0
28.56  0.0
28.68  0.0
28.799999999999997  0.0
28.919999999999998  0.0
29.04  0.0
29.16  0.0
29.279999999999998  0.0
29.4  0.0
29.52  0.0
29.64  0.0
29.759999999999998  0.0
29.88  0.0
30.0  0.0
30.119999999999997  0.0
30.24  0.0
30.36  0.0
30.48  0.0
30.599999999999998  0.0
30.72  0.0
30.84  0.0
30.959999999999997  0.0
31.08  0.0
31.2  0.0
31.32  0.0
31.439999999999998  0.0
31.56  0.0
31.68  0.0
31.799999999999997  0.0
31.919999999999998  0.0
32.04  0.0
32.16  0.0
32.28  0.0
32.4  0.0
32.519999999999996  0.0
32.64  0.0
32.76  0.0
32.879999999999995  0.0
33.0  0.0
33.12  0.0
33.24  0.0
33.36  0.0
33.48  0.0
33.6  0.0
33.72  0.0
33.839999999999996  0.0
33.96  0.0
34.08  0.0
34.199999999999996  0.0
34.32  0.0
34.44  0.0
34.56  0.0
34.68  0.0
34.8  0.0
34.92  0.0
35.04  0.0
35.16  0.0
35.28  0.0
35.4  0.0
35.519999999999996  0.0
35.64  0.0
35.76  0.0
35.879999999999995  0.0
36.0  0.0
36.12  0.0
36.24  0.0
36.36  0.0
36.48  0.0
36.6  0.06681187006385186
36.72  0.1419217166449339
36.839999999999996  0.21682242467328317
36.96  0.2914005727929736
37.08  0.3655432196969434
37.199999999999996  0.4391380752291696
37.32  0.5120736705127668
37.44  0.5842395268462481
37.559999999999995  0.655526323111907
37.68  0.7258260614425498
37.8  0.7950322308954476
37.92  0.863039968885371
38.04  0.9297462201319124
38.16  0.9950498928801512
38.28  1.0588520121576739
38.4  1.121055869835592
38.519999999999996  1.1815671712659723
38.64  1.2402941782731838
38.76  1.2971478482823289
38.879999999999995  1.3520419693736465
39.0  1.4048932910579857
39.12  1.455621650574892
39.24  1.5041500945216812
39.36  1.5504049956288202
39.48  1.59431616450445
39.6  1.6358169561782963
39.72  1.6748443712832601
39.839999999999996  1.7113391517210113
39.96  1.7452458706662328
40.08  1.7765130167728138
40.199999999999996  1.8050930724540049
40.32  1.8309425861175368
40.44  1.8540222382458724
40.559999999999995  1.8742969012210597
40.68  1.8917356928031501
40.8  1.9063120231807262
40.92  1.9180036355218708
41.04  1.9267926399636859
41.16  1.9326655409884794
41.28  1.9356132581446983
41.4  1.9356311400808146
41.519999999999996  1.9327189718704711
41.64  1.9268809756173766
41.76  1.9181258043386205
41.879999999999995  1.906466529135256
42.0  1.89192061966918
42.12  1.8745099179754945
42.239999999999995  1.8542606056495994
42.36  1.8312031644583588
42.48  1.8053723304346154
42.6  1.7768070415242079
42.72  1.7455503788644502
42.839999999999996  1.71164950178265
42.96  1.6751555766127946
43.08  1.6361236994378925
43.199999999999996  1.5946128128746697
43.32  1.5506856170263534
43.44  1.5044084747381612
43.559999999999995  1.4558513112986544
43.68  1.4050875087386638
43.8  1.3521937948876277
43.92  1.2972501273550865
44.04  1.2403395726129087
44.16  1.1815481803611234
44.28  1.1209648533674783
44.4  1.0586812129776826
44.519999999999996  0.9947914604998482
44.64  0.9293922346729385
44.76  0.8625824654349938
44.879999999999995  0.794463224212419
45.0  0.7251375709570438
45.12  0.6547103981625588
45.239999999999995  0.5832882720963894
45.36  0.5109792714875444
45.48  0.43789282391466344
45.6  0.3641395401419868
45.72  0.28983104665423653
45.839999999999996  0.2150798166439761
45.96  0.1399989997074645
46.08  0.06470225050701509
46.199999999999996  0.0
46.32  0.0
46.44  0.0
46.559999999999995  0.0
46.68  0.0
46.8  0.0
46.92  0.0
47.04  0.0
47.16  0.0
47.28  0.0
47.4  0.0
47.519999999999996  0.0
47.64  0.0
47.76  0.0
47.879999999999995  0.0
48.0  0.0
48.12  0.0
48.239999999999995  0.0
48.36  0.0
48.48  0.0
48.6  0.0
48.72  0.0
48.839999999999996  0.0
48.96  0.0
49.08  0.0
49.199999999999996  0.0
49.32  0.0
49.44  0.0
49.559999999999995  0.0
49.68  0.0
49.8  0.0
49.92  0.0
50.04  0.0
50.16  0.0
50.28  0.0
50.4  0.0
50.519999999999996  0.0
50.64  0.0
50.76  0.0
50.879999999999995  0.0
51.0  0.0
51.12  0.0
51.239999999999995  0.0
51.36  0.0
51.48  0.0
51.6  0.0
51.72  0.0
51.839999999999996  0.0
51.96  0.0
52.08  0.0
52.199999999999996  0.0
52.32  0.0
52.44  0.0
52.559999999999995  0.0
52.68  0.0
52.8  0.0
52.919999999999995  0.0
53.04  0.0
53.16  0.0
53.28  0.0
53.4  0.0
53.519999999999996  0.0
53.64  0.0
53.76  0.0
53.879999999999995  0.0
54.0  0.0
54.12  0.0
54.239999999999995  0.0
54.36  0.0
54.48  0.0
54.6  0.0
54.72  0.0
54.839999999999996  0.0
54.96  0.0
55.08  0.0
55.199999999999996  0.0
55.32  0.0
55.44  0.0
55.559999999999995  0.0
55.68  0.0
55.8  0.0
55.919999999999995  0.029745559868292887
56.04  0.10523431789310994
56.16  0.1805659831782076
56.28  0.255626504158862
56.4  0.3303022366171489
56.519999999999996  0.4044801158079214
56.64  0.4780478277118108
56.76  0.550893979155604
56.879999999999995  0.6229082665424082
57.0  0.6939816429357892
57.12  0.7640064832447351
57.239999999999995  0.8328767472591749
57.36  0.9004881402889624
57.48  0.9667382711628123
57.599999999999994  1.0315268073478918
57.72  1.0947556269548533
57.839999999999996  1.156328967397964
57.96  1.2161535704851065
58.08  1.2741388237175846
58.199999999999996  1.3301968975857403
58.32  1.3842428786521603
58.44  1.4361948982207573
58.559999999999995  1.4859742563967588
58.68  1.5335055413494552
58.8  1.5787167435969411
58.919999999999995  1.6215393651396166
59.04  1.6619085232769715
59.16  1.6997630489502171
59.28  1.7350455794617377
59.4  1.767702645430668
59.519999999999996  1.797684751852835
59.64  1.824946453142045
59.76  1.8494464220389584
59.879999999999995  1.871147512283022
60.0  1.890016814952367
60.12  1.9060257083862
60.239999999999995  1.9191499016139486
60.36  1.9293694712252085
60.48  1.936668891624541
60.599999999999994  1.9410370586251497
60.72  1.9424673063455682
60.839999999999996  1.9409574173836521
60.96  1.9365096262523323
61.08  1.9291306160718205
61.199999999999996  1.9188315085231544
61.32  1.9056278470781995
61.44  1.8895395735314038
61.559999999999995  1.8705909978687494
61.68  1.8488107615194482
61.8  1.8242317940459665
61.919999999999995  1.7968912633378649
62.04  1.766830519384855
62.16  1.7340950317141408
62.28  1.6987343205867251
62.4  1.6608018820568864
62.519999999999996  1.6203551070082172
62.64  1.5774551942888333
62.76  1.532167058077317
62.879999999999995  1.4845592296195766
63.0  1.4347037534855072
63.12  1.3826760785025356
63.239999999999995  1.3285549435311732
63.36  1.272422258255663
63.48  1.2143629791701935
63.599999999999994  1.154464980948534
63.72  1.09281892339193
63.839999999999996  1.029518114156815
63.96  0.9646583674701602
64.08  0.8983378590466471
64.2  0.8306569774272429
64.32  0.7617181719645145
64.44  0.6916257976848788
64.56  0.6204859572628587
64.67999999999999  0.5484063403466688
64.8  0.47549606047853665
64.92  0.4018654898569479
65.03999999999999  0.3276260921909282
65.16  0.2528902538997042
65.28  0.17777111391350428
65.39999999999999  0.1023823923332357
65.52  0.02683821820864457
65.64  0.0
65.75999999999999  0.0
65.88  0.0
66.0  0.0
66.12  0.0
66.24  0.0
66.36  0.0
66.48  0.0
66.6  0.0
66.72  0.0
66.84  0.0
66.96  0.0
67.08  0.0
67.2  0.0
67.32  0.0
67.44  0.0
67.56  0.0
67.67999999999999  0.0
67.8  0.0
67.92  0.0
68.03999999999999  0.0
68.16  0.0
68.28  0.0
68.39999999999999  0.0
68.52  0.0
68.64  0.0
68.75999999999999  0.0
68.88  0.0
69.0  0.0
69.12  0.0
69.24  0.0
69.36  0.0
69.48  0.0
69.6  0.0
69.72  0.0
69.84  0.0
69.96  0.0
70.08  0.0
70.2  0.0
70.32  0.0
70.44  0.0
70.56  0.0
70.67999999999999  0.0
70.8  0.0
70.92  0.0
71.03999999999999  0.0
71.16  0.0
71.28  0.0
71.39999999999999  0.0
71.52  0.0
71.64  0.0
71.75999999999999  0.0
71.88  0.0
72.0  0.0
72.11999999999999  0.0
72.24  0.0
72.36  0.0
72.48  0.0
72.6  0.0
72.72  0.0
72.84  0.0
72.96  0.0
73.08  0.0
73.2  0.0
73.32  0.0
73.44  0.0
73.56  0.0
73.67999999999999  0.0
73.8  0.0
73.92  0.0
74.03999999999999  0.0
74.16  0.0
74.28  0.0
74.39999999999999  0.0
74.52  0.0
74.64  0.0
74.75999999999999  0.0
74.88  0.0
75.0  0.0
75.11999999999999  0.0
75.24  0.0
75.36  0.06769404460341916
75.48  0.14314997292163717
75.6  0.2183878782437415
75.72  0.29329386288914633
75.84  0.36775453380016965
75.96  0.44165717426208617
76.08  0.5148899145956531
76.2  0.5873419015633956
76.32  0.6589034662332359
76.44  0.7294662900450479
76.56  0.7989235688285422
76.67999999999999  0.8671701745241429
76.8  0.9341028143618518
76.92  0.9996201872568762
77.03999999999999  1.0636231371853224
77.16  1.1260148033075352
77.28  1.186700766611673
77.39999999999999  1.2455891928555503
77.52  1.3025909715901505
77.64  1.3576198510543007
77.75999999999999  1.4105925687362628
77.88  1.4614289774045155
78.0  1.510052166416826
78.11999999999999  1.5563885781240234
78.24  1.600368119192202
78.36  1.6419242666747442
78.48  1.680994168673692
78.6  1.7175187394380145
78.72  1.7514427487548767
78.84  1.7827149054985272
78.96  1.8112879352104914
79.08  1.8371186515936089
79.2  1.8601680218117225
79.32  1.8804012254963203
79.44  1.8977877073708493
79.56  1.912301223413115
79.67999999999999  1.9239198804860547
79.8  1.9326261693769724
79.92  1.9384069911953556
80.03999999999999  1.9412536770894802
80.16  1.9411620012520907
80.28  1.9381321871956456
80.39999999999999  1.932168907287807
80.52  1.9232812755480544
80.64  1.9114828337165393
80.75999999999999  1.8967915306164709
80.88  1.879229694841484
81.0  1.8588240008095822
81.11999999999999  1.8356054282352563
81.24  1.8096092150813698
81.36  1.7808748040623343
81.48  1.7494457827797416
81.6  1.715369817581401
81.72  1.678698581244141
81.84  1.6394876745901739
81.96  1.5977965421559155
82.08  1.5536883820412122
82.2  1.5072300500758236
82.32  1.4584919584484128
82.44  1.4075479689518648
82.56  1.3544752810068863
82.67999999999999  1.299354314633599
82.8  1.2422685885486886
82.92  1.1833045935729343
83.03999999999999  1.1225516615410336
83.16  1.0601018299125011
83.28  0.9960497022889421
83.39999999999999  0.9304923050491236
83.52  0.8635289403191371
83.64  0.7952610355006838
83.75999999999999  0.7257919895853941
83.88  0.6552270164882077
84.0  0.5836729856373921
84.11999999999999  0.5112382600625998
84.24  0.4380325322264569
84.36  0.3641666578485864
84.47999999999999  0.28975248797371933
84.6  0.21490269953845662
84.72  0.13973062469355313
84.84  0.06435007914013197
84.96  0.0
85.08  0.0
85.2  0.0
85.32  0.0
85.44  0.0
85.56  0.0
85.67999999999999  0.0
85.8  0.0
85.92  0.0
86.03999999999999  0.0
86.16  0.0
86.28  0.0
86.39999999999999  0.0
86.52  0.0
86.64  0.0
86.75999999999999  0.0
86.88  0.0
87.0  0.0
87.11999999999999  0.0
87.24  0.0
87.36  0.0
87.47999999999999  0.0
87.6  0.0
87.72  0.0
87.84  0.0
87.96  0.0
88.08  0.0
88.2  0.0
88.32  0.0
88.44  0.0
88.56  0.0
88.67999999999999  0.0
88.8  0.0
88.92  0.0
89.03999999999999  0.0
89.16  0.0
89.28  0.0
89.39999999999999  0.0
89.52  0.0
89.64  0.0
89.75999999999999  0.0
89.88  0.0
90.0  0.0
90.11999999999999  0.0
90.24  0.0
90.36  0.0
90.47999999999999  0.0
90.6  0.0
90.72  0.0
90.84  0.0
90.96  0.0
91.08  0.0
91.2  0.0
91.32  0.0
91.44  0.0
91.56  0.0
91.67999999999999  0.0
91.8  0.0
91.92  0.0
92.03999999999999  0.0
92.16  0.0
92.28  0.0
92.39999999999999  0.0
92.52  0.0
92.64  0.0
92.75999999999999  0.0
92.88  0.0
93.0  0.0
93.11999999999999  0.0
93.24  0.0
93.36  0.0
93.47999999999999  0.0
93.6  0.0
93.72  0.0
93.84  0.0
93.96  0.0
94.08  0.0
94.2  0.0
94.32  0.0
94.44  0.0
94.56  0.0
94.67999999999999  0.030126403076733782
94.8  0.10539751448071341
94.92  0.1805042217915636
95.03999999999999  0.2553328285893651
95.16  0.3297700668210129
95.28  0.403703268319172
95.39999999999999  0.4770205354018362
95.52  0.5496109102939537
95.64  0.6213645431144325
95.75999999999999  0.6921728581742836
95.88  0.7619287183339583
96.0  0.8305265871708796
96.11999999999999  0.8978626887118273
96.24  0.9638351644882119
96.36  1.02834422767637
96.47999999999999  1.091292314089729
96.6  1.152584229794126
96.72  1.212127295122888
96.84  1.2698314848737675
96.96  1.3256095644754988
97.08  1.3793772219180203
97.2  1.4310531952466243
97.32  1.4805593954273308
97.44  1.5278210243975408
97.56  1.5727666881234186
97.67999999999999  1.6153285044931271
97.8  1.6554422058827603
97.92  1.6930472362398779
98.03999999999999  1.7280868425380422
98.16  1.7605081604640993
98.28  1.7902622942087876
98.39999999999999  1.8173043902402028
98.52  1.8415937049487956
98.64  1.8630936660617579
98.75999999999999  1.8817719277342686
98.88  1.8976004192345308
99.0  1.9105553871492886
99.11999999999999  1.9206174310463675
99.24  1.9277715325406346
99.36  1.9320070777198346
99.47999999999999  1.9333178728967901
99.6  1.9317021536645929
99.72  1.9271625872415261
99.84  1.919706268102686
99.96  1.9093447069053702
100.08  1.896093812725538
100.2  1.8799738686327234
100.32  1.8610095006409182
100.44  1.8392296400829231
100.56  1.8146674794657074
100.67999999999999  1.787360421874129
100.8  1.7573500240000972
100.92  1.7246819328841294
101.03999999999999  1.6894058164654084
101.16  1.6515752880462107
101.28  1.6112478247855495
101.39999999999999  1.5684846803459136
101.52  1.5233507918260247
101.64  1.4759146811209658
101.75999999999999  1.4262483508596115
101.88  1.374427175077378
102.0  1.3205297847904602
102.11999999999999  1.264637948645204
102.24  1.2068364488238985
102.36  1.147212952395403
102.47999999999999  1.0858578783057447
102.6  1.022864260210757
102.72  0.9583276053587733
102.83999999999999  0.8923457497375672
102.96  0.8250187097052238
103.08  0.7564485303301662
103.2  0.6867391306702701
103.32  0.6159961462257431
103.44  0.5443267688047653
103.56  0.47183958404467685
103.67999999999999  0.3986444068351492
103.8  0.3248521148926894
103.92  0.25057448073904004
104.03999999999999  0.17592400233801325
104.16  0.10101373264746089
104.28  0.02595710834492798
104.39999999999999  0.0
104.52  0.0
104.64  0.0
104.75999999999999  0.0
104.88  0.0
105.0  0.0
105.11999999999999  0.0
105.24  0.0
105.36  0.0
105.47999999999999  0.0
105.6  0.0
105.72  0.0
105.83999999999999  0.0
105.96  0.0
106.08  0.0
106.2  0.0
106.32  0.0
106.44  0.0
106.56  0.0
106.67999999999999  0.0
106.8  0.0
106.92  0.0
107.03999999999999  0.0
107.16  0.0
107.28  0.0
107.39999999999999  0.0
107.52  0.0
107.64  0.0
107.75999999999999  0.0
107.88  0.0
108.0  0.0
108.11999999999999  0.0
108.24  0.0
108.36  0.0
108.47999999999999  0.0
108.6  0.0
108.72  0.0
108.83999999999999  0.0
108.96  0.0
109.08  0.0
109.2  0.0
109.32  0.0
109.44  0.0
109.56  0.0
109.67999999999999  0.0
109.8  0.0
109.92  0.0
110.03999999999999  0.0
110.16  0.0
110.28  0.0
110.39999999999999  0.0
110.52  0.0
110.64  0.0
110.75999999999999  0.0
110.88  0.0
111.0  0.0
111.11999999999999  0.0
111.24  0.0
111.36  0.0
111.47999999999999  0.0
111.6  0.0
111.72  0.0
111.83999999999999  0.0
111.96  0.0
112.08  0.0
112.2  0.0
112.32  0.0
112.44  0.0
112.56  0.0
112.67999999999999  0.0
112.8  0.0
112.92  0.0
113.03999999999999  0.0
113.16  0.0
113.28  0.0
113.39999999999999  0.0
113.52  0.0
113.64  0.0
113.75999999999999  0.0
113.88  0.0
114.0  0.0
114.11999999999999  0.06813534009859254
114.24  0.14280230128405205
114.36  0.21724472096856884
114.47999999999999  0.2913499111475635
114.6  0.36500570694919704
114.72  0.43810063647076647
114.83999999999999  0.5105240895468144
114.96  0.5821664851934136
115.08  0.6529194374749032
115.19999999999999  0.722675919542094
115.32  0.7913304255934591
115.44  0.8587791305141192
115.56  0.9249200469511594
115.67999999999999  0.9896531795872152
115.8  1.0528806763793244
115.92  1.11450697653365
116.03999999999999  1.1744389549927925
116.16  1.2325860632167513
116.28  1.2888604660446832
116.39999999999999  1.343177174430705
116.52  1.3954541738528612
116.64  1.4456125482012134
116.75999999999999  1.493576598957911
116.88  1.5392739594891314
117.0  1.5826357042762085
117.11999999999999  1.623596452921081
117.24  1.6620944687690598
117.36  1.6980717519999398
117.47999999999999  1.731474127047268
117.6  1.762251324213722
117.72  1.790357055359694
117.83999999999999  1.8157490835511123
117.96  1.8383892865615423
118.08  1.8582437141331343
118.19999999999999  1.8752826389103523
118.32  1.8894806009700313
118.44  1.9008164458810017
118.56  1.9092733562364268
118.67999999999999  1.9148388766117552
118.8  1.9175049319113002
118.92  1.9172678390763753
119.03999999999999  1.9141283121380495
119.16  1.9080914606076247
119.28  1.8991667812080997
119.39999999999999  1.887368142959871
119.52  1.8727137656441235
119.64  1.8552261916773012
119.75999999999999  1.8349322514400368
119.88  1.8118630221139098
120.0  1.7860537800891392
