0.0  0.0  100.0
0.12  0.0
0.24  0.0
0.36  0.0
0.48  0.0
0.6  0.0
0.72  0.0
0.84  0.0
0.96  0.0
1.08  0.0
1.2  0.0
1.3199999999999998  0.0
1.44  0.0
1.56  0.0
1.68  0.0
1.7999999999999998  0.0
1.92  0.0
2.04  0.0
2.16  0.0
2.28  0.0
2.4  0.0
2.52  0.0
2.6399999999999997  0.0
2.76  0.0
2.88  0.0
3.0  0.0
3.12  0.0
3.2399999999999998  0.0
3.36  0.0
3.48  0.0
3.5999999999999996  0.0
3.7199999999999998  0.0
3.84  0.0
3.96  0.0
4.08  0.0
4.2  0.0
4.32  0.0
4.4399999999999995  0.0
4.56  0.0
4.68  0.0
4.8  0.0
4.92  0.0
5.04  0.0
5.16  0.0
5.279999999999999  0.0
5.3999999999999995  0.0
5.52  0.0
5.64  0.0
5.76  0.0
5.88  0.0
6.0  0.0
6.12  0.0
6.24  0.0
6.359999999999999  0.0
6.4799999999999995  0.0
6.6  0.0
6.72  0.0
6.84  0.0
6.96  0.0
7.08  0.0
7.199999999999999  0.0
7.319999999999999  0.0
7.4399999999999995  0.0
7.56  0.0
7.68  0.0
7.8  0.0
7.92  0.0
8.04  0.0
8.16  0.0
8.28  0.0
8.4  0.0
8.52  0.0
8.64  0.0
8.76  0.0
8.879999999999999  0.0
9.0  0.0
9.12  0.0051677493509547645
9.24  0.013325797550386875
9.36  0.02143444078402784
9.48  0.029480338537978934
9.6  0.03745029038355224
9.719999999999999  0.04533125748561384
9.84  0.05311038379685773
9.959999999999999  0.06077501690375664
10.08  0.06831272849055514
10.2  0.07571133438836886
10.32  0.08295891417719115
10.44  0.090043830309398
10.559999999999999  0.09695474672418958
10.68  0.1036806469232956
10.799999999999999  0.11021085147920573
10.92  0.11653503494818174
11.04  0.12264324216132061
11.16  0.12852590386802154
11.28  0.13417385170730944
11.4  0.1395783324836256
11.52  0.1447310217248723
11.639999999999999  0.1496240365017225
11.76  0.1542499474884622
11.879999999999999  0.15860179024690424
12.0  0.16267307571623513
12.12  0.1664577998929846
12.24  0.16995045268667552
12.36  0.1731460259380848
12.48  0.1760400205884587
12.6  0.17862845298943464
12.719999999999999  0.18090786034486162
12.84  0.18287530527715135
12.959999999999999  0.18452837951225032
13.08  0.18586520667878714
13.2  0.18688444421841366
13.32  0.18758528440583078
13.44  0.18796745447845808
13.559999999999999  0.1880312158771823
13.68  0.18777736260106787
13.799999999999999  0.18720721868039447
13.92  0.1863226347738023
14.04  0.18512598389679152
14.16  0.18362015629022532
14.28  0.1818085534388958
14.399999999999999  0.17969508125160472
14.52  0.17728414241556706
14.639999999999999  0.17458062793929824
14.76  0.17158990789944967
14.879999999999999  0.16831782140836932
15.0  0.16477066582039201
15.12  0.16095518519613708
15.24  0.15687855804523398
15.36  0.15254838436910828
15.479999999999999  0.1479726720265443
15.6  0.14315982244584166
15.719999999999999  0.1381186157084372
15.84  0.13285819502982593
15.959999999999999  0.1273880506646244
16.08  0.12171800326347776
16.2  0.11585818671042011
16.32  0.1098190304700811
16.439999999999998  0.10361124147492093
16.56  0.09724578558336763
16.68  0.09073386864042243
16.8  0.08408691717288602
16.919999999999998  0.07731655875191604
17.04  0.07043460205615307
17.16  0.06345301666905953
17.28  0.05638391264454429
17.4  0.04923951987524569
17.52  0.0420321672981506
17.64  0.03477426197242442
17.759999999999998  0.027478268064500266
17.88  0.02015668577556473
18.0  0.012822030246644245
18.12  0.005486810476455217
18.24  0.0
18.36  0.0
18.48  0.0
18.599999999999998  0.0
18.72  0.0
18.84  0.0
18.96  0.0
19.08  0.0
19.2  0.0
19.32  0.0
19.439999999999998  0.0
19.56  0.0
19.68  0.0
19.8  0.0
19.919999999999998  0.0
20.04  0.0
20.16  0.0
20.279999999999998  0.0
20.4  0.0
20.52  0.0
20.64  0.0
20.759999999999998  0.0
20.88  0.0
21.0  0.0
21.119999999999997  0.0
21.24  0.0
21.36  0.0
21.48  0.0
21.599999999999998  0.0
21.72  0.0
21.84  0.0
21.96  0.0
22.08  0.0
22.2  0.0
22.32  0.0
22.439999999999998  0.0
22.56  0.0
22.68  0.0
22.8  0.0
22.919999999999998  0.0
23.04  0.0
23.16  0.0
23.279999999999998  0.0
23.4  0.0
23.52  0.0
23.64  0.0
23.759999999999998  0.0
23.88  0.0
24.0  0.0
24.119999999999997  0.0
24.24  0.0
24.36  0.0
24.48  0.0
24.599999999999998  0.0
24.72  0.0
24.84  0.0
24.96  0.0
25.08  0.0
25.2  0.0
25.32  0.0
25.439999999999998  0.0
25.56  0.0
25.68  0.0
25.8  0.0
25.919999999999998  0.0
26.04  0.0
26.16  0.0
26.279999999999998  0.0
26.4  0.0
26.52  0.0
26.64  0.0
26.759999999999998  0.0
26.88  0.0
27.0  0.0
27.119999999999997  0.0
27.24  1.8740704224140536e-05
27.36  0.006734705483308484
27.48  0.013426420184171312
27.599999999999998  0.02008228928424649
27.72  0.026690794629989245
27.84  0.03324051502521569
27.959999999999997  0.0397201456350742
28.08  0.04611851717306603
28.2  0.05242461483899563
28.32  0.058627596976175644
28.439999999999998  0.06471681341663299
28.56  0.07068182348370927
28.68  0.07651241362195615
28.799999999999997  0.08219861462494371
28.919999999999998  0.08773071843224894
29.04  0.09309929446764598
29.16  0.09829520549133064
29.279999999999998  0.10330962293981472
29.4  0.10813404172802421
29.52  0.11276029448903624
29.64  0.11718056522787912
29.759999999999998  0.12138740236678436
29.88  0.1253737311603359
30.0  0.12913286546002245
30.119999999999997  0.13265851880882418
30.24  0.13594481484756182
30.36  0.13898629701594112
30.48  0.14177793753240042
30.599999999999998  0.1443151456380911
30.72  0.14659377509156368
30.84  0.1486101309019997
30.959999999999997  0.1503609752901175
31.08  0.15184353286717067
31.2  0.15305549502379068
31.32  0.15399502352174355
31.439999999999998  0.15466075328302042
31.56  0.1550517943720252
31.68  0.15516773316798627
31.799999999999997  0.15500863272607668
31.919999999999998  0.15457503232708525
32.04  0.15386794621685485
32.16  0.15288886153805592
32.28  0.15163973545821208
32.4  0.15012299149926622
32.519999999999996  0.14834151507528037
32.64  0.1462986482462213
32.76  0.14399818369707518
32.879999999999995  0.14144435795283872
33.0  0.13864184384122397
33.12  0.13559574221615067
33.24  0.13231157295635299
33.36  0.12879526525464424
33.48  0.12505314721454486
33.6  0.12109193477216534
33.72  0.11691871996233932
33.839999999999996  0.11254095854911861
33.96  0.10796645704178037
34.08  0.10320335911854289
34.199999999999996  0.09826013148115537
34.32  0.09314554916450346
34.44  0.08786868032624634
34.56  0.08243887054238797
34.68  0.07686572663552488
34.8  0.07115910006324205
34.92  0.06532906989490833
35.04  0.059385925405796514
35.16  0.05334014831805292
35.28  0.04720239471869572
35.4  0.04098347668528746
35.519999999999996  0.034694343650454956
35.64  0.02834606353686414
35.76  0.021949803694603087
35.879999999999995  0.01551681167327848
36.0  0.009058395861427065
36.12  0.0025859060259713906
36.24  0.0
36.36  0.0
36.48  0.0
36.6  0.0
36.72  0.0
36.839999999999996  0.0
36.96  0.0
37.08  0.0
37.199999999999996  0.0
37.32  0.0
37.44  0.0
37.559999999999995  0.0
37.68  0.0
37.8  0.0
37.92  0.0
38.04  0.0
38.16  0.0
38.28  0.0
38.4  0.0
38.519999999999996  0.0
38.64  0.0
38.76  0.0
38.879999999999995  0.0
39.0  0.0
39.12  0.0
39.24  0.0
39.36  0.0
39.48  0.0
39.6  0.0
39.72  0.0
39.839999999999996  0.0
39.96  0.0
40.08  0.0
40.199999999999996  0.0
40.32  0.0
40.44  0.0
40.559999999999995  0.0
40.68  0.0
40.8  0.0
40.92  0.0
41.04  0.0
41.16  0.0
41.28  0.0
41.4  0.0
41.519999999999996  0.0
41.64  0.0
41.76  0.0
41.879999999999995  0.0
42.0  0.0
42.12  0.0
42.239999999999995  0.0
42.36  0.0
42.48  0.0
42.6  0.0
42.72  0.0
42.839999999999996  0.0
42.96  0.0
43.08  0.0
43.199999999999996  0.0
43.32  0.0
43.44  0.0
43.559999999999995  0.0
43.68  0.0
43.8  0.0
43.92  0.0
44.04  0.0
44.16  0.0
44.28  0.0
44.4  0.0
44.519999999999996  0.0
44.64  0.0
44.76  0.0
44.879999999999995  0.0
45.0  0.0
45.12  0.002217352161004549
45.239999999999995  0.00882346592948599
45.36  0.015423395179488458
45.48  0.022005595227110236
45.6  0.028558539879819073
45.72  0.03507074121481393
45.839999999999996  0.041530769308372045
45.96  0.04792727188285223
46.08  0.05424899383807766
46.199999999999996  0.06048479663406359
46.32  0.0666236774922351
46.44  0.07265478838256476
46.559999999999995  0.07856745476443658
46.68  0.0843511940493894
46.8  0.08999573375434472
46.92  0.0954910293144553
47.04  0.1008272815252162
47.16  0.10599495358409383
47.28  0.11098478770260495
47.4  0.1157878212604202
47.519999999999996  0.12039540247388014
47.64  0.12479920555204915
47.76  0.1289912453142929
47.879999999999995  0.13296389124426278
48.0  0.1367098809560648
48.12  0.1402223330493806
48.239999999999995  0.1434947593312923
48.36  0.14652107638364453
48.48  0.14929561645579248
48.6  0.15181313766377408
48.72  0.15406883347802136
48.839999999999996  0.15605834148295405
48.96  0.15777775139297862
49.08  0.15922361231064153
49.199999999999996  0.1603929392139758
49.32  0.161283218661311
49.44  0.16189241370317597
49.559999999999995  0.16221896799216862
49.68  0.16226180908308352
49.8  0.1620203509168643
49.92  0.16149449548335704
50.04  0.16068463365918406
50.16  0.1595916452184496
50.28  0.1582168980153591
50.4  0.15656224633923177
50.519999999999996  0.15463002844375873
50.64  0.15242306325374855
50.76  0.14994464625398707
50.879999999999995  0.14719854456619486
51.0  0.14418899122145157
51.12  0.14092067863678592
51.239999999999995  0.1373987513059941
51.36  0.13362879771604907
51.48  0.12961684150179598
51.6  0.12536933185288557
51.72  0.12089313318819894
51.839999999999996  0.1161955141142168
51.96  0.11128413568504003
52.08  0.10616703898291635
52.199999999999996  0.1008526320393327
52.32  0.09534967611778944
52.44  0.08966727138053454
52.559999999999995  0.08381484196254008
52.68  0.07780212047703533
52.8  0.07163913197789273
52.919999999999995  0.06533617740508957
53.04  0.05890381654036658
53.16  0.05235285050106003
53.28  0.04569430380085859
53.4  0.03893940600705348
53.519999999999996  0.03209957302447147
53.64  0.02518638803703055
53.76  0.018211582138382476
53.879999999999995  0.01118701468376243
54.0  0.004124653395521205
54.12  0.0
54.239999999999995  0.0
54.36  0.0
54.48  0.0
54.6  0.0
54.72  0.0
54.839999999999996  0.0
54.96  0.0
55.08  0.0
55.199999999999996  0.0
55.32  0.0
55.44  0.0
55.559999999999995  0.0
55.68  0.0
55.8  0.0
55.919999999999995  0.0
56.04  0.0
56.16  0.0
56.28  0.0
56.4  0.0
56.519999999999996  0.0
56.64  0.0
56.76  0.0
56.879999999999995  0.0
57.0  0.0
57.12  0.0
57.239999999999995  0.0
57.36  0.0
57.48  0.0
57.599999999999994  0.0
57.72  0.0
57.839999999999996  0.0
57.96  0.0
58.08  0.0
58.199999999999996  0.0
58.32  0.0
58.44  0.0
58.559999999999995  0.0
58.68  0.0
58.8  0.0
58.919999999999995  0.0
59.04  0.0
59.16  0.0
59.28  0.0
59.4  0.0
59.519999999999996  0.0
59.64  0.0
59.76  0.0
59.879999999999995  0.0
60.0  0.0
60.12  0.0
60.239999999999995  0.0
60.36  0.0
60.48  0.0
60.599999999999994  0.0
60.72  0.0
60.839999999999996  0.0
60.96  0.0
61.08  0.0
61.199999999999996  0.0
61.32  0.0
61.44  0.0
61.559999999999995  0.0
61.68  0.0
61.8  0.0
61.919999999999995  0.0
62.04  0.0
62.16  0.0
62.28  0.0
62.4  0.0
62.519999999999996  0.0
62.64  0.0
62.76  0.0
62.879999999999995  0.0
63.0  0.0
63.12  0.0
63.239999999999995  0.0032483973827999724
63.36  0.011150290505423655
63.48  0.01905919763506775
63.599999999999994  0.02696186014214358
63.72  0.03484499522794626
63.839999999999996  0.04269531800276799
63.96  0.05049956361425151
64.08  0.058244509389480614
64.2  0.06591699695418382
64.32  0.07350395429249318
64.44  0.08099241771057558
64.56  0.08836955366771676
64.67999999999999  0.0956226804384756
64.8  0.10273928956980677
64.92  0.1097070670972484
65.03999999999999  0.11651391448471876
65.16  0.12314796925274438
65.28  0.12959762526045196
65.39999999999999  0.1358515526071568
65.52  0.14189871711995056
65.64  0.14772839939425791
65.75999999999999  0.15333021335511346
65.88  0.15869412430753418
66.0  0.16381046644520075
66.12  0.16866995978749286
66.24  0.17326372651578945
66.36  0.17758330668091218
66.48  0.18162067325450834
66.6  0.18536824649829867
66.72  0.18881890762607692
66.84  0.19196601173456912
66.96  0.1948033999803147
67.08  0.19732541098100126
67.2  0.19952689142092295
67.32  0.2014032058414334
67.44  0.2029502455986163
67.56  0.20416443697174547
67.67999999999999  0.20504274840742265
67.8  0.20558269688570302
67.92  0.20578235339592327
68.03999999999999  0.20564034751138544
68.16  0.20515587105351552
68.28  0.20432868083756195
68.39999999999999  0.20315910049344194
68.52  0.20164802135679244
68.64  0.19979690242683662
68.75999999999999  0.19760776938917635
68.88  0.19508321270316897
69.0  0.19222638475505505
69.12  0.1890409960795647
69.24  0.18553131065423556
69.36  0.18170214027221776
69.48  0.17755883800085648
69.6  0.17310729073485276
69.72  0.16835391085430018
69.84  0.16330562699939155
69.96  0.15796987397504036
70.08  0.1523545818001225
70.2  0.14646816391747774
70.32  0.14031950458219278
70.44  0.13391794544708902
70.56  0.127273271365679
70.67999999999999  0.12039569543416684
70.8  0.11329584329536191
70.92  0.10598473672864195
71.03999999999999  0.09847377655127398
71.16  0.09077472485761917
71.28  0.0828996866238666
71.39999999999999  0.07486109070702152
71.52  0.06667167026792487
71.64  0.05834444264911387
71.75999999999999  0.04989268873921193
71.88  0.04132993185651679
72.0  0.03266991618524928
72.11999999999999  0.023926584798751982
72.24  0.015114057304667528
72.36  0.0062466071477821905
72.48  0.0
72.6  0.0
72.72  0.0
72.84  0.0
72.96  0.0
73.08  0.0
73.2  0.0
73.32  0.0
73.44  0.0
73.56  0.0
73.67999999999999  0.0
73.8  0.0
73.92  0.0
74.03999999999999  0.0
74.16  0.0
74.28  0.0
74.39999999999999  0.0
74.52  0.0
74.64  0.0
74.75999999999999  0.0
74.88  0.0
75.0  0.0
75.11999999999999  0.0
75.24  0.0
75.36  0.0
75.48  0.0
75.6  0.0
75.72  0.0
75.84  0.0
75.96  0.0
76.08  0.0
76.2  0.0
76.32  0.0
76.44  0.0
76.56  0.0
76.67999999999999  0.0
76.8  0.0
76.92  0.0
77.03999999999999  0.0
77.16  0.0
77.28  0.0
77.39999999999999  0.0
77.52  0.0
77.64  0.0
77.75999999999999  0.0
77.88  0.0
78.0  0.0
78.11999999999999  0.0
78.24  0.0
78.36  0.0
78.48  0.0
78.6  0.0
78.72  0.0
78.84  0.0
78.96  0.0
79.08  0.0
79.2  0.0
79.32  0.0
79.44  0.0
79.56  0.0
79.67999999999999  0.0
79.8  0.0
79.92  0.0
80.03999999999999  0.0
80.16  0.0
80.28  0.0
80.39999999999999  0.0
80.52  0.0
80.64  0.0
80.75999999999999  0.0
80.88  0.0
81.0  0.0
81.11999999999999  0.0
81.24  0.0
81.36  0.0
81.48  0.0
81.6  0.0
81.72  0.0
81.84  0.0026980325408578754
81.96  0.012832577947468726
82.08  0.022979943310945994
82.2  0.03312380738990839
82.32  0.0432478077109823
82.44  0.053335566845051585
82.56  0.06337071877311773
82.67999999999999  0.073336935299529
82.8  0.08321795247010344
82.92  0.09299759695264204
83.03999999999999  0.10265981233725158
83.16  0.11218868531394394
83.28  0.12156847168509333
83.39999999999999  0.1307836221704789
83.52  0.13981880796292945
83.64  0.1486589459928641
83.75999999999999  0.15728922386037014
83.88  0.16569512439399675
84.0  0.17386244979583976
84.11999999999999  0.1817773453331797
84.24  0.18942632253746547
84.36  0.19679628187226658
84.47999999999999  0.2038745348324617
84.6  0.21064882543787353
84.72  0.21710735108534074
84.84  0.2232387827242967
84.96  0.22903228432181916
85.08  0.23447753158425028
85.2  0.23956472990357705
85.32  0.24428463149797022
85.44  0.24862855171704173
85.56  0.25258838448374504
85.67999999999999  0.25615661684609126
85.8  0.25932634261325704
85.92  0.2620912750520812
86.03999999999999  0.26444575862135655
86.16  0.2663847797228919
86.28  0.2679039764497714
86.39999999999999  0.2689996473138518
86.52  0.26966875893613007
86.64  0.26990895268519804
86.75999999999999  0.26971855025073255
86.88  0.26909655814056743
87.0  0.26804267109163826
87.11999999999999  0.2665572743868
87.24  0.26464144507125165
87.36  0.2622969520640333
87.47999999999999  0.2595262551618628
87.6  0.25633250293429416
87.72  0.25271952951099363
87.84  0.2486918502636779
87.96  0.24425465638705396
88.08  0.2394138083848415
88.2  0.23417582846876994
88.32  0.2285478918801474
88.44  0.22253781714537524
88.56  0.21615405527851006
88.67999999999999  0.2094056779456649
88.8  0.20230236460776096
88.92  0.19485438865979898
89.03999999999999  0.18707260258645164
89.16  0.17896842215541353
89.28  0.17055380967152245
89.39999999999999  0.16184125631620905
89.52  0.15284376359834928
89.64  0.14357482394409826
89.75999999999999  0.1340484004546616
89.88  0.12427890586240631
90.0  0.11428118071705284
90.11999999999999  0.10407047083494692
90.24  0.09366240404570247
90.36  0.08307296627170313
90.47999999999999  0.07231847697705318
90.6  0.0614155640236862
90.72  0.0503811379733905
90.84  0.03923236587540435
90.96  0.027986644580225817
91.08  0.01666157362107057
91.2  0.00527492770521687
91.32  0.0
91.44  0.0
91.56  0.0
91.67999999999999  0.0
91.8  0.0
91.92  0.0
92.03999999999999  0.0
92.16  0.0
92.28  0.0
92.39999999999999  0.0
92.52  0.0
92.64  0.0
92.75999999999999  0.0
92.88  0.0
93.0  0.0
93.11999999999999  0.0
93.24  0.0
93.36  0.0
93.47999999999999  0.0
93.6  0.0
93.72  0.0
93.84  0.0
93.96  0.0
94.08  0.0
94.2  0.0
94.32  0.0
94.44  0.0
94.56  0.0
94.67999999999999  0.0
94.8  0.0
94.92  0.0
95.03999999999999  0.0
95.16  0.0
95.28  0.0
95.39999999999999  0.0
95.52  0.0
95.64  0.0
95.75999999999999  0.0
95.88  0.0
96.0  0.0
96.11999999999999  0.0
96.24  0.0
96.36  0.0
96.47999999999999  0.0
96.6  0.0
96.72  0.0
96.84  0.0
96.96  0.0
97.08  0.0
97.2  0.0
97.32  0.0
97.44  0.0
97.56  0.0
97.67999999999999  0.0
97.8  0.0
97.92  0.0
98.03999999999999  0.0
98.16  0.0
98.28  0.0
98.39999999999999  0.0
98.52  0.0
98.64  0.0
98.75999999999999  0.0
98.88  0.0
99.0  0.0
99.11999999999999  0.0
99.24  0.0
99.36  0.0
99.47999999999999  0.0
99.6  0.0
99.72  0.0
99.84  0.0
99.96  0.0
100.08  0.0
100.2  0.0
100.32  0.0
100.44  0.0
100.56  0.0
100.67999999999999  0.0
100.8  0.003813991756229318
100.92  0.01665861381398237
101.03999999999999  0.029513715796873896
101.16  0.04235912287701438
101.28  0.05517462287476321
101.39999999999999  0.06793999800807526
101.52  0.08063505672597776
101.64  0.093239665576196
101.75999999999999  0.10573378105666298
101.88  0.11809748140073645
102.0  0.13031099824574377
102.11999999999999  0.14235474813468868
102.24  0.15420936380108907
102.36  0.16585572518709157
102.47999999999999  0.17727499014540335
102.6  0.18844862477588498
102.72  0.19935843334822356
102.83999999999999  0.20998658776250467
102.96  0.2203156565003569
103.08  0.23032863301978446
103.2  0.24000896354770973
103.32  0.24934057422522726
103.44  0.2583078975611529
103.56  0.2668958981508245
103.67999999999999  0.27509009761790804
103.8  0.28287659873824195
103.92  0.2902421087058683
104.03999999999999  0.29717396150275155
104.16  0.3036601393348782
104.28  0.3096892930990364
104.39999999999999  0.31525076184580825
104.52  0.3203345912058726
104.64  0.3249315507484725
104.75999999999999  0.3290331502421442
104.88  0.3326316547898319
105.0  0.3357200988120616
105.11999999999999  0.33829229885347434
105.24  0.34034286519019763
105.36  0.3418672122168851
105.47999999999999  0.34286156759457265
105.6  0.3433229801421135
105.72  0.34324932645603146
105.83999999999999  0.3426393162455609
105.96  0.34149249637163637
106.08  0.33980925358063907
106.2  0.3375908159256328
106.32  0.3348392528701037
106.44  0.3315574740709458
106.56  0.32774922683981667
106.67999999999999  0.3234190922839155
106.8  0.31857248012924444
106.92  0.31321562223168803
107.03999999999999  0.3073555647831448
107.16  0.301000159222082
107.28  0.2941580518599465
107.39999999999999  0.28683867223689685
107.52  0.2790522202223018
107.64  0.2708096518775456
107.75999999999999  0.26212266410060014
107.88  0.25300367807373797
108.0  0.24346582153780993
108.11999999999999  0.23352290991828273
108.24  0.22318942633013006
108.36  0.21248050049051925
108.47999999999999  0.20141188656996867
108.6  0.1899999400143716
108.72  0.17826159337203562
108.83999999999999  0.16621433116143947
108.96  0.1538761638170203
109.08  0.141265600751863
109.2  0.12840162257756438
109.32  0.11530365252300012
109.44  0.1019915270950571
109.56  0.08848546602566665
109.67999999999999  0.07480604155065795
109.8  0.060974147067171525
109.92  0.04701096521735226
110.03999999999999  0.032937935447116096
110.16  0.018776721089635462
110.28  0.004549176024124413
110.39999999999999  0.0
110.52  0.0
110.64  0.0
110.75999999999999  0.0
110.88  0.0
111.0  0.0
111.11999999999999  0.0
111.24  0.0
111.36  0.0
111.47999999999999  0.0
111.6  0.0
111.72  0.0
111.83999999999999  0.0
111.96  0.0
112.08  0.0
112.2  0.0
112.32  0.0
112.44  0.0
112.56  0.0
112.67999999999999  0.0
112.8  0.0
112.92  0.0
113.03999999999999  0.0
113.16  0.0
113.28  0.0
113.39999999999999  0.0
113.52  0.0
113.64  0.0
113.75999999999999  0.0
113.88  0.0
114.0  0.0
114.11999999999999  0.0
114.24  0.0
114.36  0.0
114.47999999999999  0.0
114.6  0.0
114.72  0.0
114.83999999999999  0.0
114.96  0.0
115.08  0.0
115.19999999999999  0.0
115.32  0.0
115.44  0.0
115.56  0.0
115.67999999999999  0.0
115.8  0.0
115.92  0.0
116.03999999999999  0.0
116.16  0.0
116.28  0.0
116.39999999999999  0.0
116.52  0.0
116.64  0.0
116.75999999999999  0.0
116.88  0.0
117.0  0.0
117.11999999999999  0.0
117.24  0.0
117.36  0.0
117.47999999999999  0.0
117.6  0.0
117.72  0.0
117.83999999999999  0.0
117.96  0.0
118.08  0.0
118.19999999999999  0.0
118.32  0.0
118.44  0.0
118.56  0.0
118.67999999999999  0.0
118.8  0.0
118.92  0.0
119.03999999999999  0.0
119.16  0.0
119.28  0.0
119.39999999999999  0.0
119.52  0.0
119.64  0.0
119.75999999999999  0.0
119.88  0.0
120.0  0.012393153213132169
