0.0  27.626832778860262
1.68  36.192913856915425
3.36  40.28008473125665
5.04  33.48668222700751
6.72  26.453092073226777
8.4  30.195901650027107
10.08  38.85281476891371
11.76  38.86466211078796
13.44  0.0
15.12  0.0
16.8  0.134419953672134
18.48  6.943021903530733
20.16  2.8768919156508197
21.84  0.0
23.52  0.0
25.2  3.3761616037702655
26.88  6.811329738873995
28.56  0.0
30.24  0.0
31.919999999999998  0.0
33.6  5.861645132823375
35.28  5.153903905430019
36.96  0.0
38.64  0.0
40.32  0.7088175923948872
42.0  7.034123760265316
43.68  2.3420067696601987
45.36  0.0
47.04  0.0
48.72  3.870464821254558
50.4  6.630962995269444
52.08  0.0
53.76  0.0
55.44  0.0
57.12  6.165130312621542
58.8  4.742470601028852
60.48  0.0
62.16  0.0
63.839999999999996  1.278538043571864
65.52  7.078810408913181
67.2  1.7916677113900792
68.88  0.0
70.56  0.0
72.24  4.339228478134881
73.92  6.406841330976789
75.6  0.0
77.28  0.0
78.96  0.0
80.64  6.427934404611982
82.32  4.299743738638963
84.0  0.0
85.67999999999999  0.0
87.36  1.8398219628706705
89.03999999999999  7.076786981177115
90.72  1.2295061955572741
92.39999999999999  0.0
94.08  0.0
95.75999999999999  4.779359401271437
97.44  6.140443630081584
99.11999999999999  0.0
100.8  0.0
102.47999999999999  0.0
104.16  6.648323275726801
105.83999999999999  3.828644685603838
107.52  0.0
109.2  0.0
110.88  2.3889656750647603
112.56  7.028066828801059
114.24  0.6592316882765923
115.92  0.0
117.6  0.0
119.28  5.187953352826147
120.96  5.833527738357162
122.64  0.0
124.32  0.0
126.0  0.0
127.67999999999999  6.824842673004142
129.35999999999999  3.332282025354858
131.04  0.0
132.72  0.0
134.4  2.9223456130207786
136.07999999999998  6.932971435467666
137.76  0.0846071898624654
139.44  0.0
141.12  0.0
142.79999999999998  5.5623141940997565
144.48  5.4881188639836544
146.16  0.0
147.84  0.0
149.51999999999998  0.20315183617265875
151.2  6.956327819588321
152.88  2.8139310451840456
154.56  0.0
156.23999999999998  0.0
157.92  3.4364422280848776
159.6  6.792128295463339
161.28  0.0
162.96  0.0
164.64  0.0
166.32  5.899971676211451
168.0  5.1064962140555705
