0.0  8.433185982601504
1.68  0.0
3.36  17.09510588895705
5.04  51.37936026056713
6.72  69.96745141191832
8.4  56.69173680090886
10.08  23.09923363194688
11.76  0.0
13.44  0.0
15.12  1.8789897378963936
16.8  31.362476623810746
18.48  33.567352319358996
20.16  6.575849055643545
21.84  0.0
23.52  0.0
25.2  0.0
26.88  19.520833865999332
28.56  36.74440917093415
30.24  22.008249177647922
31.919999999999998  0.0
33.6  0.0
35.28  0.0
36.96  3.5898487557216185
38.64  32.2240249362054
40.32  32.83022814225763
42.0  4.881191928737383
43.68  0.0
45.36  0.0
47.04  0.0
48.72  20.953157046775743
50.4  36.77473233786645
52.08  20.610197695507935
53.76  0.0
55.44  0.0
57.12  0.0
58.8  5.292895081383943
60.48  33.015443166748895
62.16  32.02165458565247
63.839999999999996  3.175911721996748
65.52  0.0
67.2  0.0
68.88  0.0
70.56  22.339879263003667
72.24  36.72502158619253
73.92  19.167291641221144
75.6  0.0
77.28  0.0
78.96  0.0
80.64  6.9844223256772064
82.32  33.7350089289486
84.0  31.14339137167051
85.67999999999999  1.4637196862878454
87.36  0.0
89.03999999999999  0.0
90.72  0.0
92.39999999999999  23.677982550827263
94.08  36.59538510286577
95.75999999999999  17.682671253162873
97.44  0.0
99.11999999999999  0.0
100.8  0.0
102.47999999999999  8.660749168705605
104.16  34.38115621092679
105.83999999999999  30.197349890065784
107.52  0.0
109.2  0.0
110.88  0.0
112.56  0.0
114.24  24.964554757178938
115.92  36.38610501953187
117.6  16.15956755382362
119.28  0.0
120.96  0.0
122.64  0.0
124.32  10.318227371650105
126.0  34.95247878357769
127.67999999999999  29.185589038404864
129.35999999999999  0.0
131.04  0.0
132.72  0.0
134.4  0.0
136.07999999999998  26.196795877578964
137.76  36.097636798517655
139.44  14.601295318043851
141.12  0.0
142.79999999999998  0.0
144.48  0.0
146.16  11.953249716533248
147.84  35.44773326098454
149.51999999999998  28.110310741229455
151.2  0.0
152.88  0.0
154.56  0.0
156.23999999999998  0.0
157.92  27.372024149870846
159.6  35.73060824159481
161.28  13.011245858971371
162.96  0.0
164.64  0.0
166.32  0.0
168.0  13.562257856714544
