0.0  34.61845778451019
1.68  34.79905606248017
3.36  33.16508348881933
5.04  31.73940492437007
6.72  32.287016377859324
8.4  34.129972585997635
10.08  34.98668607687179
11.76  33.79654197576807
13.44  0.0
15.12  0.0
16.8  0.19237143035797133
18.48  1.6006863903292041
20.16  1.0273449232460414
21.84  0.0
23.52  0.0
25.2  0.0
26.88  1.3153781361296721
28.56  1.4421680860345751
30.24  0.0
31.919999999999998  0.0
33.6  0.0
35.28  0.8388943512583811
36.96  1.6473882140815008
38.64  0.4164085972701337
40.32  0.0
42.0  0.0
43.68  0.24048663563722328
45.36  1.6131788523118273
47.04  0.9887489218964587
48.72  0.0
50.4  0.0
52.08  0.0
53.76  1.3445119496356217
55.44  1.417385626512138
57.12  0.0
58.8  0.0
60.48  0.0
62.16  0.8804352416676712
63.839999999999996  1.6400211502717308
65.52  0.36925403496288944
67.2  0.0
68.88  0.0
70.56  0.28839709818188786
72.24  1.6242979047129942
73.92  0.9493111309083248
75.6  0.0
77.28  0.0
78.96  0.0
80.64  1.3725010880850177
82.32  1.3913964495837021
84.0  0.0
85.67999999999999  0.0
87.36  0.0
89.03999999999999  0.9212265572886378
90.72  1.6312578241948565
92.39999999999999  0.3217851014197072
94.08  0.0
95.75999999999999  0.0
97.44  0.3360620285356729
99.11999999999999  1.6340340811222802
100.8  0.9090651263727044
102.47999999999999  0.0
104.16  0.0
105.83999999999999  0.0
107.52  1.3993217224083807
109.2  1.3642226816145793
110.88  0.0
112.56  0.0
114.24  0.0
115.92  0.9612335696820808
117.6  1.6211056966702297
119.28  0.27404221019298414
120.96  0.0
122.64  0.0
124.32  0.3834408462805867
126.0  1.6423790924662525
127.67999999999999  0.868045172468148
129.35999999999999  0.0
131.04  0.0
132.72  0.0
134.4  1.4249510183638305
136.07999999999998  1.3358874574935549
137.76  0.0
139.44  0.0
141.12  0.0
142.79999999999998  1.0004222181397526
144.48  1.6095734108989403
146.16  0.2260660080741519
147.84  0.0
149.51999999999998  0.0
151.2  0.4304932145859913
152.88  1.6493258340655257
154.56  0.8262861922892909
156.23999999999998  0.0
157.92  0.0
159.6  0.0
161.28  1.4493671559773258
162.96  1.306414900936447
164.64  0.0
166.32  0.0
168.0  0.0
