0.0  21.296658294868603  100.0
0.12  21.463576386586386
0.24  21.60752620888995
0.36  21.72832723648914
0.48  21.825837367283825
0.6  21.899953045784002
0.72  21.950609315003742
0.84  21.97777979700936
0.96  21.981476602443667
1.08  21.96175016948848
1.2  21.918689032866023
1.3199999999999998  21.852419523617097
1.44  21.76310540052856
1.56  21.65094741421556
1.68  21.51618280499354
1.7999999999999998  21.35908473580277
1.92  21.17996166157156
2.04  20.979156636525612
2.16  20.757046561067565
2.28  20.51404136996438
2.4  20.250583163689267
2.52  19.967145284869833
2.6399999999999997  19.664231341894542
2.76  19.34237418182547
2.88  19.002134814856202
3.0  18.644101292639718
3.12  18.26888754289174
3.2399999999999998  17.877132162750584
3.36  17.46949717344436
3.48  17.04666673888083
3.5999999999999996  16.60934585083379
3.7199999999999998  16.158258983452743
3.84  15.694148719869567
3.96  15.21777435371688
4.08  14.729910468407734
4.2  14.23134549705522
4.32  13.722880265933329
4.4399999999999995  13.205326524397044
4.56  12.67950546419024
4.68  12.146246231074329
4.8  11.606384431708838
4.92  11.060760638707496
5.04  10.510218896779365
5.16  9.955605232844965
5.279999999999999  9.397766172991588
5.3999999999999995  8.837547269100487
5.52  8.275791637941445
5.64  7.713338515487379
5.76  7.151021829153325
5.88  6.589668790610444
6.0  6.03009851176682
6.12  5.473120646442793
6.24  4.91953406019974
6.359999999999999  4.3701255307075755
6.4799999999999995  3.8256684809580865
6.6  3.286921747548708
6.72  2.7546283861746304
6.84  2.229514516376569
6.96  1.712288207497057
7.08  1.2036384077003834
7.199999999999999  0.7042339178100295
7.319999999999999  0.21472241161327799
7.4399999999999995  0.0
7.56  0.0
7.68  0.0
7.8  0.0
7.92  0.0
8.04  0.0
8.16  0.0
8.28  0.0
8.4  0.0
8.52  0.0
8.64  0.0
8.76  0.0
8.879999999999999  0.0
9.0  0.0
9.12  0.0
9.24  0.0
9.36  0.0
9.48  0.0
9.6  0.0
9.719999999999999  0.0
9.84  0.0
9.959999999999999  0.0
10.08  0.0
10.2  0.0
10.32  0.0
10.44  0.0
10.559999999999999  0.0
10.68  0.0
10.799999999999999  0.0
10.92  0.0
11.04  0.0
11.16  0.0
11.28  0.0
11.4  0.0
11.52  0.0
11.639999999999999  0.0
11.76  0.0
11.879999999999999  0.0
12.0  0.0
12.12  0.0
12.24  0.0
12.36  0.0
12.48  0.0
12.6  0.0
12.719999999999999  0.0
12.84  0.0
12.959999999999999  0.0
13.08  0.0
13.2  0.0
13.32  0.0
13.44  0.0
13.559999999999999  0.0
13.68  0.0
13.799999999999999  0.0
13.92  0.0
14.04  0.0
14.16  0.0
14.28  0.0
14.399999999999999  0.0
14.52  0.0
14.639999999999999  0.0
14.76  0.0
14.879999999999999  0.0
15.0  0.0
15.12  0.0
15.24  0.0
15.36  0.0
15.479999999999999  0.31931528199158676
15.6  0.641024765266645
15.719999999999999  0.9618026700966418
15.84  1.2812104994876397
15.959999999999999  1.59882165793509
16.08  1.914222003036867
16.2  2.2270103605042166
16.32  2.5367990020026143
16.439999999999998  2.8432140853477947
16.56  3.1458960566753564
16.68  3.4445000142954165
16.8  3.738696034037221
16.919999999999998  4.028169455980474
17.04  4.312621132562535
17.16  4.591767638140886
17.28  4.865341440180659
17.4  5.1330910323248755
17.52  5.3947810296923375
17.64  5.650192226832985
17.759999999999998  5.8991216188540845
17.88  6.141382386311575
18.0  6.3768038445398005
18.12  6.605231358169445
18.24  6.826526221657163
18.36  7.040565506721556
18.48  7.247241877648214
18.599999999999998  7.446463375491729
18.72  7.6381531722643565
18.84  7.822249296259639
18.96  7.998704329714433
19.08  8.167485080064344
19.2  8.328572226095549
19.32  8.481959940340122
19.439999999999998  8.62765548910254
19.56  8.765678811541408
19.68  8.896062079263094
19.8  9.018849237912647
19.919999999999998  9.134095532271791
20.04  9.24186701639448
20.16  9.34224005032676
20.279999999999998  9.435300784970241
20.4  9.52114463665659
20.52  9.599875753004838
20.64  9.671606471633247
20.759999999999998  9.736456773293808
20.88  9.794553730989573
21.0  9.846030956623085
21.119999999999997  9.891028046708808
21.24  9.929690028662847
21.36  9.9621668091601
21.48  9.988612626022306
21.599999999999998  10.009185505070025
21.72  10.024046723337872
21.84  10.03336028001521
21.96  10.037292376434337
22.08  10.036010906384636
22.2  10.029684957985019
22.32  10.018484328297912
22.439999999999998  10.002579051815973
22.56  9.982138943898919
22.68  9.957333160180816
22.8  9.928329772909596
22.919999999999998  9.89529536511975
23.04  9.858394643476322
23.16  9.817790070564289
23.279999999999998  9.773641517331267
23.4  9.726105936324647
23.52  9.675337056295817
23.64  9.621485098675057
23.759999999999998  9.564696516350764
23.88  9.505113755115973
24.0  9.442875038074689
24.119999999999997  9.378114173228957
24.24  9.310960384397067
24.36  9.24153816554203
24.48  9.169967158519247
24.599999999999998  9.096362054182292
24.72  9.020832516716524
24.84  8.943483131002075
24.96  8.864413372740604
25.08  8.783717601014267
25.2  8.701485072881084
25.32  8.617799979547863
25.439999999999998  8.532741503600997
25.56  8.446383896716105
25.68  8.358796577210622
25.8  8.270044246748443
25.919999999999998  8.180187025453263
26.04  8.089280604637189
26.16  7.997376416303914
26.279999999999998  7.904521818540696
26.4  7.810760295871864
26.52  7.716131673607247
26.64  7.620672345183288
26.759999999999998  7.524415511461326
26.88  7.427391430918337
27.0  7.329627679638387
27.119999999999997  7.231149419990501
27.24  7.131979676858235
27.36  7.032139620270376
27.48  6.931648853268779
27.599999999999998  6.830525703839971
27.72  6.7287875197310365
27.84  6.626450964967723
27.959999999999997  6.523532316893295
28.08  6.42004776255124
28.2  6.3160136932423745
28.32  6.211446996098049
28.439999999999998  6.106365341525627
28.56  6.000787465400034
28.68  5.894733444896229
28.799999999999997  5.788224966881508
28.919999999999998  5.681285587813863
29.04  5.573940984122869
29.16  5.466219192082712
29.279999999999998  5.35815083622307
29.4  5.249769345362267
29.52  5.141111155388527
29.64  5.032215897959009
29.759999999999998  4.923126574332498
29.88  4.813889713600238
30.0  4.704555514629852
30.119999999999997  4.595177971089944
30.24  4.485814978977251
30.36  4.376528426124446
30.48  4.267384263223976
30.599999999999998  4.158452555962456
30.72  4.049807517920066
30.84  3.941527523950685
30.959999999999997  3.8336951038201827
31.08  3.7263969159433086
31.2  3.6197237011224126
31.32  3.513770216255013
31.439999999999998  3.4086351480406885
31.56  3.304421006781583
31.68  3.2012340004341198
31.799999999999997  3.0991838891328216
31.919999999999998  2.998383820469466
32.04  2.898950145872901
32.16  2.80100221849578
32.28  2.704662173074241
32.4  2.6100546882857545
32.519999999999996  2.517306732187175
32.64  2.426547291371441
32.76  2.3379070845352006
32.879999999999995  2.251518261202106
33.0  2.167514086397004
33.12  2.0860286121143865
33.24  2.007196336470564
33.36  1.9311518514727206
33.48  1.858029480379046
33.6  1.7879629056629427
33.72  1.7210847886298235
33.839999999999996  1.6575263817682413
33.96  1.597417134947133
34.08  1.5408842965980796
34.199999999999996  1.4880525110452858
34.32  1.4390434131672358
34.44  1.393975221591179
34.56  1.3529623316361654
34.68  1.3161149092315165
34.8  1.283538487044929
34.92  1.255333564059011
35.04  1.2315952098359266
35.16  1.2124126747069441
35.28  1.1978690071181988
35.4  1.188040679354169
35.519999999999996  1.1829972228478942
35.64  1.182800874270626
35.76  1.1875062335740554
35.879999999999995  1.1971599351356876
36.0  1.2118003331315363
36.12  1.2314572022312475
36.24  1.2561514546783399
36.36  1.2858948747826984
36.48  1.3206898718141298
36.6  1.3605292522443009
36.72  1.4053960122405504
36.839999999999996  1.4552631512679886
36.96  1.5100935076071156
37.08  1.569839616542325
37.199999999999996  1.634443591922615
37.32  1.7038370317394187
37.44  1.7779409483080282
37.559999999999995  1.8566657235791912
37.68  1.9399110900448178
37.8  2.027566137638737
37.92  2.1195093469678
38.04  2.215608649142723
38.16  2.315721512410149
38.28  2.419695055719371
38.4  2.5273661892875103
38.519999999999996  2.638561782157639
38.64  2.7530988566735046
38.76  2.8707848097244497
38.879999999999995  2.9914176605435454
39.0  3.114786324771046
39.12  3.2406709144257277
39.24  3.3688430633565494
39.36  3.4990662776781587
39.48  3.631096310625615
39.6  3.7646815611963906
39.72  3.8995634958816456
39.839999999999996  4.035477092724419
39.96  4.172151306878668
40.08  4.309309556782045
40.199999999999996  4.446670229995713
40.32  4.583947207706473
40.44  4.720850406831408
40.559999999999995  4.857086338612129
40.68  4.992358682534607
40.8  5.126368874362962
40.92  5.258816707030057
41.04  5.3894009430849215
41.16  5.517819937358146
41.28  5.643772268469064
41.4  5.76695737776613
41.519999999999996  5.8870762142611905
41.64  6.003831884092202
41.76  6.116930303025445
41.879999999999995  6.226080850488891
42.0  6.330997023612211
42.12  6.431397089736287
42.239999999999995  6.527004735846994
42.36  6.6175497133823065
42.48  6.702768476860959
42.6  6.78240481478355
42.72  6.856210471262971
42.839999999999996  6.923945756851593
42.96  6.98538014704622
43.08  7.040292866969792
43.199999999999996  7.088473460750331
43.32  7.129722344142213
43.44  7.163851338964697
43.559999999999995  7.190684187964021
43.68  7.210057048742099
43.8  7.221818965434024
43.92  7.225832316859423
44.04  7.221973239919161
44.16  7.2101320270577975
44.28  7.190213496665321
44.4  7.162137335346555
44.519999999999996  7.125838411045517
44.64  7.081267056072756
44.76  7.0283893191477125
44.879999999999995  6.96718718563406
45.0  6.897658765214754
45.12  6.819818446324149
45.239999999999995  6.733697016727071
45.36  6.63934174970954
45.48  6.536816455421885
45.6  6.426201496992771
45.72  6.307593771111655
45.839999999999996  6.181106652857407
45.96  6.046869904631956
46.08  5.905029549139783
46.199999999999996  5.7557477064362
46.32  5.599202395150754
46.44  5.435587298074757
46.559999999999995  5.26511149238471
46.68  5.087999144857033
46.8  4.904489172510829
46.92  4.714834869198112
47.04  4.519303498741413
47.16  4.3181758552987235
47.28  4.111745791714849
47.4  3.900319716695342
47.519999999999996  3.6842160617151425
47.64  3.4637647186484424
47.76  3.2393064491780796
47.879999999999995  3.0111922671131373
48.0  2.7797827948111546
48.12  2.545447594966811
48.239999999999995  2.308564479091438
48.36  2.0695187940679487
48.48  1.8287026882230268
48.6  1.5865143584115504
48.72  1.3433572796604718
48.839999999999996  1.099639418965201
48.96  0.8557724348770317
49.08  0.6121708645596473
49.199999999999996  0.3692513000297022
49.32  0.1274315553299461
49.44  0.0
49.559999999999995  0.0
49.68  0.0
49.8  0.0
49.92  0.0
50.04  0.0
50.16  0.0
50.28  0.0
50.4  0.0
50.519999999999996  0.0
50.64  0.0
50.76  0.0
50.879999999999995  0.0
51.0  0.0
51.12  0.0
51.239999999999995  0.0
51.36  0.0
51.48  0.0
51.6  0.0
51.72  0.0
51.839999999999996  0.0
51.96  0.0
52.08  0.0
52.199999999999996  0.0
52.32  0.0
52.44  0.0
52.559999999999995  0.0
52.68  0.0
52.8  0.0
52.919999999999995  0.0
53.04  0.0
53.16  0.0
53.28  0.0
53.4  0.0
53.519999999999996  0.0
53.64  0.0
53.76  0.0
53.879999999999995  0.0
54.0  0.0
54.12  0.0
54.239999999999995  0.0
54.36  0.0
54.48  0.0
54.6  0.0
54.72  0.0
54.839999999999996  0.0
54.96  0.0
55.08  0.0
55.199999999999996  0.0
55.32  0.0
55.44  0.0
55.559999999999995  0.0
55.68  0.0
55.8  0.0
55.919999999999995  0.0
56.04  0.0
56.16  0.0
56.28  0.0
56.4  0.0
56.519999999999996  0.0
56.64  0.0
56.76  0.0
56.879999999999995  0.0
57.0  0.0
57.12  0.0
57.239999999999995  0.0
57.36  0.020270463473350375
57.48  0.2534669276327035
57.599999999999994  0.48710407285182045
57.72  0.720725122546376
57.839999999999996  0.9538739794374684
57.96  1.186096181782091
58.08  1.4169398576488537
58.199999999999996  1.6459566751572967
58.32  1.8727027866018444
58.44  2.0967397643915504
58.559999999999995  2.3176355267493514
58.68  2.534965251133086
58.8  2.748312273362672
58.919999999999995  2.957268970465736
59.04  3.1614376252849903
59.16  3.3604312709268473
59.28  3.5538745131720004
59.4  3.741404329011891
59.519999999999996  3.9226708395259426
59.64  4.097338055365219
59.76  4.265084593167109
59.879999999999995  4.425604361285096
60.0  4.578607213282911
60.12  4.723819567710212
60.239999999999995  4.860984992748573
60.36  4.989864754391367
60.48  5.11023832689904
60.599999999999994  5.221903864352298
60.72  5.324678632209308
60.839999999999996  5.418399397859108
60.96  5.502922779252504
61.08  5.578125550782137
61.199999999999996  5.643904905676577
61.32  5.700178674267737
61.44  5.746885497587358
61.559999999999995  5.78398495584588
61.68  5.8114576514456235
61.8  5.8293052462802
61.919999999999995  5.837550453172471
62.04  5.8362369814039905
62.16  5.8254294363905705
62.28  5.805213173659498
62.4  5.7756941073851245
62.519999999999996  5.736998473840103
62.64  5.689272550219797
62.76  5.632682329396246
62.879999999999995  5.567413151256256
63.0  5.493669291374918
63.12  5.411673507871441
63.239999999999995  5.321666547386652
63.36  5.2239066112144945
63.48  5.118668782707955
63.599999999999994  5.006244417167548
63.72  4.886940495504816
63.839999999999996  4.761078943054766
63.96  4.6289959149903375
64.08  4.491041049867063
64.2  4.3475766928990485
64.32  4.198977090635797
64.44  4.045627558774681
64.56  3.887923624906048
64.67999999999999  3.7262701480444025
64.8  3.5610804168533887
64.92  3.3927752285220096
65.03999999999999  3.221781950293308
65.16  3.048533565688916
65.28  2.87346770750829
65.39999999999999  2.697025679712893
65.52  2.5196514703334243
65.64  2.3417907575596946
65.75999999999999  2.163889911190787
65.88  1.986394991635294
66.0  1.8097507486602218
66.12  1.6343996220889632
66.24  1.4607807466481517
66.36  1.289328963154974
66.48  1.1204738382267565
66.6  0.9546386946763219
66.72  0.7922396547364012
66.84  0.6336846982306519
66.96  0.47937273777650313
67.08  0.3296927130715921
67.2  0.18502270627434925
67.32  0.04572908044475832
67.44  0.0
67.56  0.0
67.67999999999999  0.0
67.8  0.0
67.92  0.0
68.03999999999999  0.0
68.16  0.0
68.28  0.0
68.39999999999999  0.0
68.52  0.0
68.64  0.0
68.75999999999999  0.0
68.88  0.0
69.0  0.0
69.12  0.0
69.24  0.0
69.36  0.0
69.48  0.0
69.6  0.0
69.72  0.0
69.84  0.0
69.96  0.0
70.08  0.0
70.2  0.0
70.32  0.0
70.44  0.0
70.56  0.0
70.67999999999999  0.0
70.8  0.0
70.92  0.0
71.03999999999999  0.0
71.16  0.0
71.28  0.0
71.39999999999999  0.023964069696976065
71.52  0.16836490155732253
71.64  0.3191464535017623
71.75999999999999  0.4759737080510833
71.88  0.63849623617081
72.0  0.8063489340594079
72.11999999999999  0.9791527929381232
72.24  1.1565157001888284
72.36  1.3380332701165516
72.48  1.5232897025488663
72.6  1.7118586674214074
72.72  1.9033042134423055
72.84  2.0971816988738228
72.96  2.293038742421776
73.08  2.490416192177465
73.2  2.688849110517295
73.32  2.8878677728299555
73.44  3.0869986779098606
73.56  3.2857655678294324
73.67999999999999  3.4836904550824537
73.8  3.680294654773125
73.92  3.875099819615047
74.03999999999999  4.067628975497308
74.16  4.257407555373811
74.28  4.443964429234468
74.39999999999999  4.626832927926215
74.52  4.805551858604776
74.64  4.979666509615319
74.75999999999999  5.148729642625024
74.88  5.312302469856409
75.0  5.469955614303884
75.11999999999999  5.6212700508533135
75.24  5.765838026265416
75.36  5.903263956030402
75.48  6.033165296152269
75.6  6.15517338797545
75.72  6.26893427422606
75.84  6.374109484502484
75.96  6.470376788517651
76.08  6.5574309154654395
76.2  6.634984237957967
76.32  6.702767419058444
76.44  6.760530021014606
76.56  6.808041074381762
76.67999999999999  6.845089606311469
76.8  6.871485126870897
76.92  6.887058072349664
77.03999999999999  6.891660204605456
77.16  6.88516496559535
77.28  6.867467786338049
77.39999999999999  6.838486349651676
77.52  6.798160806112375
77.64  6.74645394278193
77.75999999999999  6.683351304354346
77.88  6.608861266476418
78.0  6.523015061100473
78.11999999999999  6.425866753832317
78.24  6.31749317334199
78.36  6.197993793008837
78.48  6.067490565076302
78.6  5.926127707695016
78.72  5.774071445334421
78.84  5.611509703145162
78.96  5.438651755952884
79.08  5.25572783266271
79.2  5.062988676950612
79.32  4.860705065210355
79.44  4.6491672828183574
79.56  4.428684559867779
79.67999999999999  4.199584467609471
79.8  3.962212276922318
79.92  3.716930280216815
80.03999999999999  3.464117078252224
80.16  3.2041668334237707
80.28  2.937488491146863
80.39999999999999  2.664504971032018
80.52  2.385652329608789
80.64  2.101378896416108
80.75999999999999  1.812144385331558
80.88  1.518418983064116
81.0  1.2206824167817523
81.11999999999999  0.9194230028873158
81.24  0.615136678994622
81.36  0.30832602119070707
81.48  0.0
81.6  0.0
81.72  0.0
81.84  0.0
81.96  0.0
82.08  0.0
82.2  0.0
82.32  0.0
82.44  0.0
82.56  0.0
82.67999999999999  0.0
82.8  0.0
82.92  0.0
83.03999999999999  0.0
83.16  0.0
83.28  0.0
83.39999999999999  0.0
83.52  0.0
83.64  0.0
83.75999999999999  0.0
83.88  0.0
84.0  0.0
84.11999999999999  0.0
84.24  0.0
84.36  0.0
84.47999999999999  0.0
84.6  0.0
84.72  0.0
84.84  0.0
84.96  0.0
85.08  0.0
85.2  0.0
85.32  0.0
85.44  0.0
85.56  0.0
85.67999999999999  0.0
85.8  0.0
85.92  0.0
86.03999999999999  0.0
86.16  0.0
86.28  0.0
86.39999999999999  0.0
86.52  0.0
86.64  0.0
86.75999999999999  0.0
86.88  0.0
87.0  0.0
87.11999999999999  0.0
87.24  0.0
87.36  0.0
87.47999999999999  0.0
87.6  0.0
87.72  0.0
87.84  0.0
87.96  0.0
88.08  0.0
88.2  0.0
88.32  0.0
88.44  0.0
88.56  0.0
88.67999999999999  0.0
88.8  0.0
88.92  0.0
89.03999999999999  0.0
89.16  0.0
89.28  0.0
89.39999999999999  0.0
89.52  0.0
89.64  0.0
89.75999999999999  0.0
89.88  0.0
90.0  0.0
90.11999999999999  0.0
90.24  0.0
90.36  0.0
90.47999999999999  0.0
90.6  0.0
90.72  0.0
90.84  0.0
90.96  0.0
91.08  0.0
91.2  0.0
91.32  0.0
91.44  0.0
91.56  0.0
91.67999999999999  0.0
91.8  0.022610671387147008
91.92  0.29189440538981337
92.03999999999999  0.558279340644408
92.16  0.821409497238788
92.28  1.0809402494378126
92.39999999999999  1.3365389093553701
92.52  1.5878852788903752
92.64  1.8346721688625784
92.75999999999999  2.0766058843661694
92.88  2.3134066754405183
93.0  2.5448091522427947
93.11999999999999  2.7705626639937435
93.24  2.9904316410550513
93.36  3.204195899585611
93.47999999999999  3.411650908314902
93.6  3.61260801706112
93.72  3.8068946467139124
93.84  3.9943544404930114
93.96  4.174847376385831
94.08  4.348249840758882
94.2  4.514454663229389
94.32  4.673371112974568
94.44  4.8249248567459855
94.56  4.969057878946491
94.67999999999999  5.105728364214313
94.8  5.234910543047524
94.92  5.356594501085378
95.03999999999999  5.470785952748812
95.16  5.577505980022431
95.28  5.676790737241113
95.39999999999999  5.768691122820849
95.52  5.8532724189493175
95.64  5.930613900322466
95.75999999999999  6.0008084130846315
95.88  6.0639619251944
96.0  6.120193049503152
96.11999999999999  6.169632540892459
96.24  6.2124227688736795
96.36  6.248717167105938
96.47999999999999  6.278679661338464
96.6  6.302484077329128
96.72  6.320313530332367
96.84  6.332359797788556
96.96  6.33882267687994
97.08  6.339909328649122
97.2  6.33583361040059
97.32  6.326815398128494
97.44  6.313079900730072
97.56  6.294856967777969
97.67999999999999  6.272380392632388
97.8  6.2458872126793885
97.92  6.215617008480374
98.03999999999999  6.181811203614882
98.16  6.144712366988539
98.28  6.104563519366758
98.39999999999999  6.061607445876403
98.52  6.0160860161965
98.64  5.968239514134332
98.75999999999999  5.91830597825259
98.88  5.866520555180732
99.0  5.813114867205579
99.11999999999999  5.758316395695319
99.24  5.70234788186599
99.36  5.64542674635109
99.47999999999999  5.587764528983078
99.6  5.5295663501398025
99.72  5.471030394951084
99.84  5.412347421598444
99.96  5.353700294876915
100.08  5.295263546120678
100.2  5.237202960524359
100.32  5.179675192819619
100.44  5.1228274121925415
100.56  5.066796977250787
100.67999999999999  5.011711141770849
100.8  4.957686791876499
100.92  4.904830215217457
101.03999999999999  4.853236902634745
101.16  4.802991382716013
101.28  4.754167089558383
101.39999999999999  4.7068262639722525
101.52  4.661019888272859
101.64  4.616787654720838
101.75999999999999  4.574157967586982
101.88  4.533147978730197
102.0  4.493763656492548
102.11999999999999  4.455999887630348
102.24  4.419840611915516
102.36  4.385258988959362
102.47999999999999  4.352217596727903
102.6  4.320668661137938
102.72  4.29055431604419
102.83999999999999  4.261806892850053
102.96  4.2343492388995445
103.08  4.208095063735447
103.2  4.182949312236882
103.32  4.158808563582054
103.44  4.135561454915786
103.56  4.113089128538879
103.67999999999999  4.091265701376554
103.8  4.06995875542589
103.92  4.049029847829534
104.03999999999999  4.028335039171641
104.16  4.007725438546991
104.28  3.9870477639090325
104.39999999999999  3.9661449161654483
104.52  3.944856565452584
104.64  3.923019747989424
104.75999999999999  3.9004694718836346
104.88  3.877039330238741
105.0  3.8525621198921884
105.11999999999999  3.8268704640979125
105.24  3.7997974374563137
105.36  3.7711771913879524
105.47999999999999  3.7408455784433423
105.6  3.7086407737433857
105.72  3.674403891851039
105.83999999999999  3.6379795973833593
105.96  3.599216707688946
106.08  3.557968785932023
106.2  3.51409472294897
106.32  3.467459306267214
106.44  3.4179337747092715
106.56  3.3653963570366923
106.67999999999999  3.3097327931290854
106.8  3.250836836233849
106.92  3.188610734868643
107.03999999999999  3.122965693007683
107.16  3.0538223072359663
107.28  2.9811109796106514
107.39999999999999  2.904772305029289
107.52  2.8247574319655544
107.64  2.7410283954993955
107.75999999999999  2.653558421635471
107.88  2.5623322019749026
108.0  2.4673461378779304
108.11999999999999  2.368608553330345
108.24  2.266139875803319
108.36  2.1599727844764187
108.47999999999999  2.0501523252730403
108.6  1.9367359922407363
108.72  1.8197937748920223
108.83999999999999  1.6994081712064828
108.96  1.5756741660794598
109.08  1.4486991750906513
109.2  1.3186029535509909
109.32  1.185517470874354
109.44  1.0495867504075531
109.56  0.9109666749389493
109.67999999999999  0.7698247581927022
109.8  0.6263398827020983
109.92  0.48070200454062917
110.03999999999999  0.33311182547376106
110.16  0.18378043317769066
110.28  0.03292891025381728
110.39999999999999  0.0
110.52  0.0
110.64  0.0
110.75999999999999  0.0
110.88  0.0
111.0  0.0
111.11999999999999  0.0
111.24  0.0
111.36  0.0
111.47999999999999  0.0
111.6  0.0
111.72  0.0
111.83999999999999  0.0
111.96  0.0
112.08  0.0
112.2  0.0
112.32  0.0
112.44  0.0
112.56  0.0
112.67999999999999  0.0
112.8  0.0
112.92  0.0
113.03999999999999  0.0
113.16  0.0
113.28  0.0
113.39999999999999  0.0
113.52  0.0
113.64  0.0
113.75999999999999  0.0
113.88  0.0
114.0  0.0
114.11999999999999  0.0
114.24  0.0
114.36  0.0
114.47999999999999  0.0
114.6  0.0
114.72  0.0
114.83999999999999  0.0
114.96  0.0
115.08  0.0
115.19999999999999  0.0
115.32  0.0
115.44  0.0
115.56  0.0
115.67999999999999  0.0
115.8  0.0
115.92  0.0
116.03999999999999  0.0
116.16  0.0
116.28  0.0
116.39999999999999  0.0
116.52  0.0
116.64  0.0
116.75999999999999  0.0
116.88  0.0
117.0  0.0
117.11999999999999  0.0
117.24  0.0
117.36  0.0
117.47999999999999  0.0
117.6  0.0
117.72  0.0
117.83999999999999  0.0
117.96  0.0
118.08  0.0
118.19999999999999  0.0
118.32  0.0
118.44  0.0
118.56  0.0
118.67999999999999  0.01136584341336011
118.8  0.24277994532426206
118.92  0.47694142655835225
119.03999999999999  0.7134306330581563
119.16  0.951819578998006
119.28  1.1916727699738372
119.39999999999999  1.4325480485048459
119.52  1.6739974601129768
119.64  1.9155681381933893
119.75999999999999  2.15680320583892
119.88  2.3972426927358486
120.0  2.6364244652061735
