0.0  20.371348625995104  100.0
0.12  20.509926151723036
0.24  20.626932200721136
0.36  20.722225711712433
0.48  20.79570194295313
0.6  20.84729254093174
0.72  20.876965540703377
0.84  20.88472529811513
0.96  20.870612354315167
1.08  20.834703233073643
1.2  20.777110171577046
1.3199999999999998  20.69798078548984
1.44  20.597497669206767
1.56  20.475877932346958
1.68  20.333372673665217
1.7999999999999998  20.170266393678354
1.92  19.986876347422502
2.04  19.783551838873095
2.16  19.560673458670557
2.28  19.318652266902653
2.4  19.05792892279818
2.52  18.778972763286074
2.6399999999999997  18.482280832468955
2.76  18.168376864150446
2.88  17.837810219641078
3.0  17.491154783148083
3.12  17.129007817129505
3.2399999999999998  16.751988780063318
3.36  16.36073810914667
3.48  15.95591597049943
3.5999999999999996  15.538200979499639
3.7199999999999998  15.10828889392621
3.84  14.666891282625866
3.96  14.214734172457518
4.08  13.752556676297171
4.2  13.281109604910494
4.32  12.801154065518405
4.4399999999999995  12.313460049892885
4.56  11.818805014826369
4.68  11.31797245781812
4.8  10.811750490814925
4.92  10.300930414831727
5.04  9.786305298259919
5.16  9.268668561647463
5.279999999999999  8.74881257170572
5.3999999999999995  8.227527247262813
5.52  7.705598679842837
5.64  7.183807771504193
5.76  6.6629288925191315
5.88  6.14372856141992
6.0  5.626964149875681
6.12  5.11338261479744
6.24  4.603719259997833
6.359999999999999  4.098696529656243
6.4799999999999995  3.59902283576013
6.6  3.105391421609145
6.72  2.6184792633804435
6.84  2.13894601166182
6.96  1.6674329747637713
7.08  1.2045621455229945
7.199999999999999  0.7509352732079716
7.319999999999999  0.3071329820326745
7.4399999999999995  0.0
7.56  0.0
7.68  0.0
7.8  0.0
7.92  0.0
8.04  0.0
8.16  0.0
8.28  0.0
8.4  0.0
8.52  0.0
8.64  0.0
8.76  0.0
8.879999999999999  0.0
9.0  0.0
9.12  0.0
9.24  0.0
9.36  0.0
9.48  0.0
9.6  0.0
9.719999999999999  0.0
9.84  0.0
9.959999999999999  0.0
10.08  0.0
10.2  0.0
10.32  0.0
10.44  0.0
10.559999999999999  0.0
10.68  0.0
10.799999999999999  0.0
10.92  0.0
11.04  0.0
11.16  0.0
11.28  0.0
11.4  0.0
11.52  0.0
11.639999999999999  0.0
11.76  0.0
11.879999999999999  0.0
12.0  0.0
12.12  0.0
12.24  0.0
12.36  0.0
12.48  0.0
12.6  0.0
12.719999999999999  0.0
12.84  0.0
12.959999999999999  0.0
13.08  0.0
13.2  0.0
13.32  0.0
13.44  0.0
13.559999999999999  0.0
13.68  0.0
13.799999999999999  0.0
13.92  0.0
14.04  0.0
14.16  0.0
14.28  0.0
14.399999999999999  0.0
14.52  0.0
14.639999999999999  0.0
14.76  0.0
14.879999999999999  0.0
15.0  0.0
15.12  0.005282183848523969
15.24  0.2881883676937027
15.36  0.5706455678603577
15.479999999999999  0.8522414769515674
15.6  1.1325750520429447
15.719999999999999  1.4112570846820423
15.84  1.6879107348684075
15.959999999999999  1.9621720283002753
16.08  2.233690316267556
16.2  2.5021286976648267
16.32  2.7671644026925315
16.439999999999998  3.0284891379095216
16.56  3.2858093923947056
16.68  3.5388467048699184
16.8  3.7873378917305622
16.919999999999998  4.0310352360233495
17.04  4.269706637503456
17.16  4.5031357239941014
17.28  4.731121924362196
17.4  4.95348050351153
17.52  5.170042559882115
17.64  5.38065498602874
17.759999999999998  5.585180392934709
17.88  5.783496998796908
18.0  5.975498483096192
18.12  6.161093806842429
18.24  6.340206999955753
18.36  6.5127769168151595
18.48  6.678756961071697
18.599999999999998  6.83811478088673
18.72  6.990831935815251
18.84  7.136903536610418
18.96  7.276337859278029
19.08  7.409155934758399
19.2  7.535391115658074
19.32  7.655088621494862
19.439999999999998  7.768305063956817
19.56  7.87510795370876
19.68  7.975575190308869
19.8  8.069794536822759
19.919999999999998  8.157863080742974
20.04  8.239886682838343
20.16  8.315979415569739
20.279999999999998  8.386262992716912
20.4  8.45086619186474
20.52  8.509924271396974
20.64  8.563578383640767
20.759999999999998  8.611974985796845
20.88  8.655265250277312
21.0  8.693604476056139
21.119999999999997  8.727151502616978
21.24  8.756068128058082
21.36  8.780518532885763
21.48  8.800668710995852
21.599999999999998  8.816685909306784
21.72  8.828738077468866
21.84  8.836993329031731
21.96  8.841619415406306
22.08  8.84278321390857
22.2  8.840650231120836
22.32  8.835384122751515
22.439999999999998  8.827146231116977
22.56  8.816095141309624
22.68  8.80238625705393
22.8  8.78617139718812
22.919999999999998  8.767598413642897
23.04  8.746810831720525
23.16  8.72394751340813
23.279999999999998  8.699142344387731
23.4  8.672523945333488
23.52  8.644215408013066
23.64  8.614334056635899
23.759999999999998  8.582991234816333
23.88  8.550292118444016
24.0  8.51633555467871
24.119999999999997  8.481213927210538
24.24  8.445013047851555
24.36  8.407812074448945
24.48  8.369683455035581
24.599999999999998  8.330692898059697
24.72  8.290899368462044
24.84  8.250355109297068
24.96  8.209105688523698
25.08  8.167190070521935
25.2  8.124640711823732
25.32  8.081483680480538
25.439999999999998  8.037738798425929
25.56  7.993419806129627
25.68  7.948534548779666
25.8  7.903085183171967
25.919999999999998  7.85706840443193
26.04  7.810475691640386
26.16  7.76329357138715
26.279999999999998  7.715503898228685
26.4  7.667084150983346
26.52  7.618007743757043
26.64  7.568244350555559
26.759999999999998  7.517760242305447
26.88  7.466518635075738
27.0  7.414480048265084
27.119999999999997  7.361602671496221
27.24  7.307842738939216
27.36  7.253154909769203
27.48  7.197492653451345
27.599999999999998  7.140808638536993
27.72  7.083055123649656
27.84  7.024184349337844
27.959999999999997  6.964148929473736
28.08  6.902902240882503
28.2  6.84039880989631
28.32  6.776594694539918
28.439999999999998  6.711447861071349
28.56  6.64491855362094
28.68  6.576969655695498
28.799999999999997  6.507567042341056
28.919999999999998  6.436679921787707
29.04  6.364281165433254
29.16  6.290347625058737
29.279999999999998  6.214860436208229
29.4  6.137805306707535
29.52  6.059172789341431
29.64  5.978958537756787
29.759999999999998  5.897163544708974
29.88  5.813794361821731
30.0  5.728863300085289
30.119999999999997  5.64238861037459
30.24  5.554394643328222
30.36  5.464911987989438
30.48  5.373977588672702
30.599999999999998  5.281634839583171
30.72  5.1879336567812775
30.84  5.092930527150957
30.959999999999997  4.996688534096819
31.08  4.899277359763746
31.2  4.8007732636404095
31.32  4.7012590374773415
31.439999999999998  4.600823936518935
31.56  4.499563587118025
31.68  4.39757987087037
31.799999999999997  4.294980785475226
31.919999999999998  4.191880282595895
32.04  4.088398083061836
32.16  3.984659469820304
32.28  3.8807950591107776
32.4  3.7769405504001172
32.519999999999996  3.6732364556786807
32.64  3.5698278087794915
32.76  3.4668638554417934
32.879999999999995  3.364497724898145
33.0  3.262886083820046
33.12  3.162188773510461
33.24  3.062568431282897
33.36  2.9641900970155346
33.48  2.8672208059149646
33.6  2.7718291685678422
33.72  2.678184939399181
33.839999999999996  2.5864585746939044
33.96  2.4968207813730796
34.08  2.4094420577477726
34.199999999999996  2.3244922275017954
34.32  2.242139968180031
34.44  2.16255233548047
34.56  2.085894284666538
34.68  2.012328190431422
34.8  1.942013366557026
34.92  1.8751055867183617
35.04  1.8117566077884617
35.16  1.7521136969991167
35.28  1.6963191643104492
35.4  1.6445099013352085
35.519999999999996  1.5968169281539955
35.64  1.5533649493436947
35.76  1.5142719205242154
35.879999999999995  1.4796486267080406
36.0  1.4495982737127675
36.12  1.4242160938693207
36.24  1.4035889672276192
36.36  1.38779505942736
36.48  1.3769034773641164
36.6  1.3709739437406057
36.72  1.370056491549602
36.839999999999996  1.37419117948853
36.96  1.3834078292567347
37.08  1.397725785634717
37.199999999999996  1.4171537001902665
37.32  1.4416893393998222
37.44  1.4713194179142308
37.559999999999995  1.5060194576374064
37.68  1.5457536732228503
37.8  1.5904748845286534
37.92  1.640124456504632
38.04  1.6946322669177218
38.16  1.75391670225199
38.28  1.8178846820496104
38.4  1.8864317118873164
38.519999999999996  1.959441965111027
38.64  2.0367883933781092
38.76  2.1183328659837324
38.879999999999995  2.2039263378743366
39.0  2.293409046177199
39.12  2.386610735002202
39.24  2.483350908198346
39.36  2.5834391096750142
39.48  2.686675230826046
39.6  2.7928498445234413
39.72  2.9017445650774087
39.839999999999996  3.013132433490817
39.96  3.1267783272681857
40.08  3.242439393973699
40.199999999999996  3.359865507668627
40.32  3.4787997472958083
40.44  3.598978896018913
40.559999999999995  3.720133960466227
40.68  3.8419907087725713
40.8  3.9642702262602896
40.92  4.086689487549515
41.04  4.208961943839921
41.16  4.3307981240619355
41.28  4.451906248552758
41.4  4.571992853874711
41.519999999999996  4.690763427357281
41.64  4.8079230499126595
41.76  4.92317704564554
41.879999999999995  5.036231636753085
42.0  5.146794602189261
42.12  5.254575938549657
42.239999999999995  5.359288521619257
42.36  5.460648767014506
42.48  5.558377288344675
42.6  5.6521995513148475
42.72  5.74184652219337
42.839999999999996  5.827055309071948
42.96  5.907569794354782
43.08  5.983141256925968
43.199999999999996  6.053528982460749
43.32  6.118500860365749
43.44  6.177833965858193
43.559999999999995  6.231315125720673
43.68  6.278741466299934
43.8  6.319920942352665
43.92  6.354672845379684
44.04  6.382828290131763
44.16  6.404230678015157
44.28  6.4187361361737105
44.4  6.426213931075367
44.519999999999996  6.4265468554859115
44.64  6.419631587769803
44.76  6.40537902251839
44.879999999999995  6.3837145715684365
45.0  6.35457843453929
45.12  6.3179258380847205
45.239999999999995  6.273727243125101
45.36  6.221968519397656
45.48  6.162651086736145
45.6  6.095792022566759
45.72  6.021424135183896
45.839999999999996  5.939596002447784
45.96  5.850371975625354
46.08  5.753832148176095
46.199999999999996  5.650072289365633
46.32  5.539203742671822
46.44  5.421353289030024
46.559999999999995  5.296662975046402
46.68  5.165289906390978
46.8  5.02740600666348
46.92  4.883197742107521
47.04  4.732865812629267
47.16  4.576624809657254
47.28  4.4147028414595635
47.4  4.2473411266125325
47.519999999999996  4.074793556392108
47.64  3.8973262269344566
47.76  3.715216942085714
47.879999999999995  3.5287546879326923
48.0  3.3382390800758763
48.12  3.143979784773486
48.239999999999995  2.9462959151501296
48.36  2.7455154037261034
48.48  2.5419743525832494
48.6  2.3360163625392323
48.72  2.12799184275713
48.839999999999996  1.918257302266368
48.96  1.7071746249195932
49.08  1.495110329353209
49.199999999999996  1.2824348155597416
49.32  1.0695215997175163
49.44  0.8567465389554194
49.559999999999995  0.6444870477602247
49.68  0.4331213077592895
49.8  0.22302747263264067
49.92  0.014582869925867215
50.04  0.0
50.16  0.0
50.28  0.0
50.4  0.0
50.519999999999996  0.0
50.64  0.0
50.76  0.0
50.879999999999995  0.0
51.0  0.0
51.12  0.0
51.239999999999995  0.0
51.36  0.0
51.48  0.0
51.6  0.0
51.72  0.0
51.839999999999996  0.0
51.96  0.0
52.08  0.0
52.199999999999996  0.0
52.32  0.0
52.44  0.0
52.559999999999995  0.0
52.68  0.0
52.8  0.0
52.919999999999995  0.0
53.04  0.0
53.16  0.0
53.28  0.0
53.4  0.0
53.519999999999996  0.0
53.64  0.0
53.76  0.0
53.879999999999995  0.0
54.0  0.0
54.12  0.0
54.239999999999995  0.0
54.36  0.0
54.48  0.0
54.6  0.0
54.72  0.0
54.839999999999996  0.0
54.96  0.0
55.08  0.0
55.199999999999996  0.0
55.32  0.0
55.44  0.0
55.559999999999995  0.0
55.68  0.0
55.8  0.0
55.919999999999995  0.0
56.04  0.0
56.16  0.0
56.28  0.0
56.4  0.0
56.519999999999996  0.0
56.64  0.0
56.76  0.0
56.879999999999995  0.0
57.0  0.0
57.12  0.0
57.239999999999995  0.0
57.36  0.0
57.48  0.0
57.599999999999994  0.014672752328393268
57.72  0.20658185585636146
57.839999999999996  0.3987718220800345
57.96  0.5908481809354702
58.08  0.7824178613162129
58.199999999999996  0.9730900551881414
58.32  1.1624770774594206
58.44  1.3501952196599571
58.559999999999995  1.5358655954946379
58.68  1.7191149763499798
58.8  1.899576614852693
58.919999999999995  2.076891054603153
59.04  2.2507069242341378
59.16  2.4206817139777046
59.28  2.586482532960253
59.4  2.7477868454852317
59.519999999999996  2.9042831846093558
59.64  3.0556718413650352
59.76  3.2016655280358846
59.879999999999995  3.3419900139472745
60.0  3.476384732294351
60.12  3.60460335659301
60.239999999999995  3.7264143454060754
60.36  3.8416014540667263
60.48  3.949964212194094
60.599999999999994  4.051318365871743
60.72  4.145496283438221
60.839999999999996  4.232347323919582
60.96  4.311738167217551
61.08  4.383553105252058
61.199999999999996  4.447694293344554
61.32  4.504081961217548
61.44  4.552654583076748
61.559999999999995  4.593369006334287
61.68  4.62620053862457
61.8  4.65114299285883
61.919999999999995  4.668208690159344
62.04  4.677428420609383
62.16  4.678851361851281
62.28  4.672544955660401
62.4  4.658594742718652
62.519999999999996  4.637104155906365
62.64  4.608194272526396
62.76  4.572003525967867
62.879999999999995  4.528687377410089
63.0  4.478417948258839
63.12  4.421383614097761
63.239999999999995  4.357788561025297
63.36  4.2878523053356865
63.48  4.211809177586048
63.599999999999994  4.129907772174683
63.72  4.042410363635618
63.839999999999996  3.949592290931602
63.96  3.8517413111027077
64.08  3.7491569236987843
64.2  3.6421496674930456
64.32  3.5310403910387698
64.44  3.416159498692773
64.56  3.2978461737880544
64.67999999999999  3.176447580691298
64.8  3.0523180475320997
64.92  2.92581823143748
65.03999999999999  2.7973142681465433
65.16  2.667176907919618
65.28  2.5357806396892832
65.39999999999999  2.4035028054301604
65.52  2.270722706750004
65.64  2.1378207057244816
65.75999999999999  2.0051773220145592
65.88  1.8731723283161732
66.0  1.742183846199395
66.12  1.612587444395438
66.24  1.484755241588254
66.36  1.359055015758963
66.48  1.2358493221210118
66.6  1.1154946216658292
66.72  0.9983404223184428
66.84  0.8847284346771196
66.96  0.7749917442794755
67.08  0.669454002304532
67.2  0.5684286365800901
67.32  0.47221808472141025
67.44  0.3811130511804387
67.56  0.29539178993243564
67.67999999999999  0.21531941447175118
67.8  0.14114723672881757
67.92  0.07311213645721426
68.03999999999999  0.011435962573409286
68.16  0.0
68.28  0.0
68.39999999999999  0.0
68.52  0.0
68.64  0.0
68.75999999999999  0.0
68.88  0.0
69.0  0.0
69.12  0.0
69.24  0.0
69.36  0.0
69.48  0.0
69.6  0.0
69.72  0.0
69.84  0.0
69.96  0.004868490633303413
70.08  0.0685136818836094
70.2  0.1394807999459866
70.32  0.21764305246767046
70.44  0.30285492199753383
70.56  0.39495243352527165
70.67999999999999  0.4937534646674222
70.8  0.59905809787753
70.92  0.7106490139626973
71.03999999999999  0.8282919260952619
71.16  0.9517360534157806
71.28  1.0807146332337894
71.39999999999999  1.214945470744793
71.52  1.354131525096295
71.64  1.4979615305524474
71.75999999999999  1.6461106514270338
71.88  1.798241169376757
72.0  1.9540032015723576
72.11999999999999  2.113035448194585
72.24  2.27496596763408
72.36  2.4394129777098312
72.48  2.6059856811616453
72.6  2.774285113614382
72.72  2.9439050121604042
72.84  3.114432702657232
72.96  3.2854500037946597
73.08  3.456534145944624
73.2  3.6272587027724414
73.32  3.79719453355725
73.44  3.9659107341430193
73.56  4.132975594419797
73.67999999999999  4.297957560218733
73.8  4.460426197491144
73.92  4.619953156635442
74.03999999999999  4.776113134832604
74.16  4.928484834253549
74.28  5.076651914007995
74.39999999999999  5.2202039337169115
74.52  5.358737286607103
74.64  5.491856120046709
74.75999999999999  5.619173241468102
74.88  5.740311007653352
75.0  5.854902195393581
75.11999999999999  5.962590851573083
75.24  6.063033120772376
75.36  6.155898048533007
75.48  6.240868358479458
75.6  6.317641201549626
75.72  6.385928875646012
75.84  6.445459514083708
75.96  6.495977741279489
76.08  6.537245294197458
76.2  6.569041608141397
76.32  6.591164365562196
76.44  6.60343000662931
76.56  6.605674200399048
76.67999999999999  6.597752275499161
76.8  6.5795396093377
76.92  6.550931974935299
77.03999999999999  6.511845844573362
77.16  6.462218649545276
77.28  6.402008995394788
77.39999999999999  6.331196832123265
77.52  6.24978357894679
77.64  6.157792203284832
77.75999999999999  6.055267253761845
77.88  5.942274847105908
78.0  5.818902608929285
78.11999999999999  5.685259568477677
78.24  5.541476007536801
78.36  5.387703263785769
78.48  5.2241134889872445
78.6  5.0508993625042855
78.72  4.8682737607317845
78.84  4.676469383128728
78.96  4.47573833563192
79.08  4.266351672326586
79.2  4.048598896341913
79.32  3.822787421027792
79.44  3.589241992558228
79.56  3.348304075191402
79.67999999999999  3.100331200497867
79.8  2.8456962819485945
79.92  2.584786896331007
80.03999999999999  2.31800453353259
80.16  2.045763816302842
80.28  1.7684916916696198
80.39999999999999  1.4866265957474543
80.52  1.2006175937347554
80.64  0.910923496950623
80.75999999999999  0.6180119588116602
80.88  0.3223585516958227
81.0  0.024445826681747995
81.11999999999999  0.0
81.24  0.0
81.36  0.0
81.48  0.0
81.6  0.0
81.72  0.0
81.84  0.0
81.96  0.0
82.08  0.0
82.2  0.0
82.32  0.0
82.44  0.0
82.56  0.0
82.67999999999999  0.0
82.8  0.0
82.92  0.0
83.03999999999999  0.0
83.16  0.0
83.28  0.0
83.39999999999999  0.0
83.52  0.0
83.64  0.0
83.75999999999999  0.0
83.88  0.0
84.0  0.0
84.11999999999999  0.0
84.24  0.0
84.36  0.0
84.47999999999999  0.0
84.6  0.0
84.72  0.0
84.84  0.0
84.96  0.0
85.08  0.0
85.2  0.0
85.32  0.0
85.44  0.0
85.56  0.0
85.67999999999999  0.0
85.8  0.0
85.92  0.0
86.03999999999999  0.0
86.16  0.0
86.28  0.0
86.39999999999999  0.0
86.52  0.0
86.64  0.0
86.75999999999999  0.0
86.88  0.0
87.0  0.0
87.11999999999999  0.0
87.24  0.0
87.36  0.0
87.47999999999999  0.0
87.6  0.0
87.72  0.0
87.84  0.0
87.96  0.0
88.08  0.0
88.2  0.0
88.32  0.0
88.44  0.0
88.56  0.0
88.67999999999999  0.0
88.8  0.0
88.92  0.0
89.03999999999999  0.0
89.16  0.0
89.28  0.0
89.39999999999999  0.0
89.52  0.0
89.64  0.0
89.75999999999999  0.0
89.88  0.0
90.0  0.0
90.11999999999999  0.0
90.24  0.0
90.36  0.0
90.47999999999999  0.0
90.6  0.0
90.72  0.0
90.84  0.0
90.96  0.0
91.08  0.0
91.2  0.0
91.32  0.10405476791307233
91.44  0.3727757608961526
91.56  0.6384065441511195
91.67999999999999  0.9005669578568671
91.8  1.1588880602203133
91.92  1.4130128005851366
92.03999999999999  1.6625966622070552
92.16  1.9073082733750022
92.28  2.146829985633944
92.39999999999999  2.380858417943811
92.52  2.60910496569033
92.64  2.831296273546492
92.75999999999999  3.0471746712703656
92.88  3.256498571611222
93.0  3.459042829585993
93.11999999999999  3.654599062479204
93.24  3.8429759300111135
93.36  4.023999374212133
93.47999999999999  4.197512818636547
93.6  4.363377326642152
93.72  4.521471718558558
93.84  4.67169264766207
93.96  4.8139546349705045
94.08  4.948190062966503
94.2  5.074349128452746
94.32  5.192399754836639
94.44  5.302327464234977
94.56  5.404135209881912
94.67999999999999  5.4978431694132155
94.8  5.583488499690781
94.92  5.661125053917011
95.03999999999999  5.730823061876187
95.16  5.792668774222097
95.28  5.8467640718133636
95.39999999999999  5.893226041175954
95.52  5.932186517249308
95.64  5.963791594644468
95.75999999999999  5.988201108714342
95.88  6.005588087801794
96.0  6.016138178096199
96.11999999999999  6.020049042588403
96.24  6.017529735671346
96.36  6.008800054986004
96.47999999999999  5.994089872161717
96.6  5.973638444145079
96.72  5.947693706852132
96.84  5.916511552916149
96.96  5.880355095335336
97.08  5.839493918853869
97.2  5.794203320932697
97.32  5.744763544187094
97.44  5.691459002182297
97.56  5.634577500489925
97.67999999999999  5.574409454913129
97.8  5.51124710879108
97.92  5.445383751289427
98.03999999999999  5.377112938577134
98.16  5.3067277197768465
98.28  5.234519869561251
98.39999999999999  5.160779129245814
98.52  5.085792458203703
98.64  5.009843297399906
98.75999999999999  4.933210846806938
98.88  4.856169358427883
99.0  4.778987446610143
99.11999999999999  4.701927417287889
99.24  4.625244617741677
99.36  4.54918680841063
99.47999999999999  4.473993558235795
99.6  4.399895664952901
99.72  4.32711460168982
99.84  4.25586199115683
99.96  4.186339108648555
100.08  4.118736415004109
100.2  4.053233120596755
100.32  3.9899967813469193
100.44  3.929182927672798
100.56  3.870934727210998
100.67999999999999  3.815382682055415
100.8  3.7626443611779354
100.92  3.71282416860695
101.03999999999999  3.666013147851612
101.16  3.6222888229710817
101.28  3.5817150765967662
101.39999999999999  3.5443420651259645
101.52  3.5102061712132357
101.64  3.47932999359479
101.75999999999999  3.451722374189793
101.88  3.427378462330925
102.0  3.406279815886074
102.11999999999999  3.388394538942977
102.24  3.3736774556386324
102.36  3.3620703196281503
102.47999999999999  3.353502058599782
102.6  3.3478890531578944
102.72  3.3451354493120156
102.83999999999999  3.3451335037276193
102.96  3.3477639608148038
103.08  3.3528964606537204
103.2  3.3603899766798495
103.32  3.370093281980175
103.44  3.3818454429814206
103.56  3.3954763392446043
103.67999999999999  3.4108072080170264
103.8  3.4276512121315297
103.92  3.4458140297868844
104.03999999999999  3.4650944646885105
104.16  3.485285074980621
104.28  3.5061728193526838
104.39999999999999  3.5275397186632036
104.52  3.54916353138396
104.64  3.57081844113477
104.75999999999999  3.5922757545484942
104.88  3.6133046076805404
105.0  3.633672679155813
105.11999999999999  3.6531469082287193
105.24  3.671494215919191
105.36  3.6884822273801934
105.47999999999999  3.703879993647218
105.6  3.717458710921659
105.72  3.728992435545095
105.83999999999999  3.738258792830229
105.96  3.7450396779294737
106.08  3.7491219469386454
106.2  3.7502980964580326
106.32  3.7483669298576068
106.44  3.743134208526764
106.56  3.734413286421769
106.67999999999999  3.722025726265632
106.8  3.7058018957968506
106.92  3.6855815425113874
107.03999999999999  3.661214345392981
107.16  3.632560442181806
107.28  3.599490930788734
107.39999999999999  3.561888343525177
107.52  3.5196470928819408
107.64  3.4726738876594525
107.75999999999999  3.4208881183214994
107.88  3.3642222105188635
108.0  3.302621945804847
108.11999999999999  3.2360467486435374
108.24  3.1644699388918536
108.36  3.0878789490200935
108.47999999999999  3.00627550541936
108.6  2.9196757732311474
108.72  2.828110464221781
108.83999999999999  2.7316249073138636
108.96  2.630279081475747
109.08  2.5241476107626224
109.2  2.4133197213924986
109.32  2.297899160833268
109.44  2.178004078968831
109.56  2.0537668715040542
109.67999999999999  1.9253339858600933
109.8  1.7928656899031172
109.92  1.6565358039399198
110.03999999999999  1.5165313965034333
110.16  1.3730524445398071
110.28  1.2263114586965487
110.39999999999999  1.0765330744958108
110.52  0.9239536102621551
110.64  0.7688205927554885
110.75999999999999  0.6113922515401189
110.88  0.45193698319842257
111.0  0.2907327865732867
111.11999999999999  0.12806667029533658
111.24  0.0
111.36  0.0
111.47999999999999  0.0
111.6  0.0
111.72  0.0
111.83999999999999  0.0
111.96  0.0
112.08  0.0
112.2  0.0
112.32  0.0
112.44  0.0
112.56  0.0
112.67999999999999  0.0
112.8  0.0
112.92  0.0
113.03999999999999  0.0
113.16  0.0
113.28  0.0
113.39999999999999  0.0
113.52  0.0
113.64  0.0
113.75999999999999  0.0
113.88  0.0
114.0  0.0
114.11999999999999  0.0
114.24  0.0
114.36  0.0
114.47999999999999  0.0
114.6  0.0
114.72  0.0
114.83999999999999  0.0
114.96  0.0
115.08  0.0
115.19999999999999  0.0
115.32  0.0
115.44  0.0
115.56  0.0
115.67999999999999  0.0
115.8  0.0
115.92  0.0
116.03999999999999  0.0
116.16  0.0
116.28  0.0
116.39999999999999  0.0
116.52  0.0
116.64  0.0
116.75999999999999  0.0
116.88  0.0
117.0  0.0
117.11999999999999  0.0
117.24  0.0
117.36  0.0
117.47999999999999  0.0
117.6  0.0
117.72  0.0
117.83999999999999  0.0
117.96  0.0
118.08  0.0
118.19999999999999  0.0
118.32  0.0
118.44  0.0
118.56  0.0
118.67999999999999  0.0
118.8  0.0
118.92  0.0
119.03999999999999  0.0
119.16  0.0
119.28  0.0645201194935705
119.39999999999999  0.2908749143951652
119.52  0.519476028489281
119.64  0.7498894138189598
119.75999999999999  0.9816745353436092
119.88  1.214385263899152
120.0  1.4475707859674487
