0.0  20.125419664932  100.0
0.12  20.27591305691067
0.24  20.405177726522624
0.36  20.513054657531125
0.48  20.59942067750534
0.6  20.664188553514524
0.72  20.707307020114634
0.84  20.728760739842766
0.96  20.72857019657065
1.08  20.706791522203066
1.2  20.663516257339744
1.3199999999999998  20.598871046650892
1.44  20.513017269845314
1.56  20.406150609237223
1.68  20.278500555041703
1.7999999999999998  20.130329849650636
1.92  19.961933872258705
2.04  19.773639965324502
2.16  19.565806704462805
2.28  19.3388231134719
2.4  19.09310782630341
2.52  18.829108197881368
2.6399999999999997  18.54729936577239
2.76  18.24818326479904
2.88  17.932287596774312
3.0  17.60016475761562
3.12  17.2523907241724
3.2399999999999998  16.889563903171855
3.36  16.51230394475226
3.48  16.121250523112913
3.5999999999999996  15.717062086863697
3.7199999999999998  15.300414581705647
3.84  14.872000148116248
3.96  14.43252579675017
4.08  13.98271206429681
4.2  13.523291652561067
4.32  13.05500805355274
4.4399999999999995  12.57861416338301
4.56  12.094870887773492
4.68  11.604545741984657
4.8  11.108411447965375
4.92  10.607244531514993
5.04  10.101823922232583
5.16  9.592929559005876
5.279999999999999  9.081341003764416
5.3999999999999995  8.567836066187827
5.52  8.053189442021061
5.64  7.5381713676039
5.76  7.023546293172375
5.88  6.510071577434603
6.0  5.998496205863848
6.12  5.489559535086663
6.24  4.983990065674579
6.359999999999999  4.48250424557382
6.4799999999999995  3.985805306329198
6.6  3.4945821341759142
6.72  3.0095081779865818
6.84  2.5312403959707357
6.96  2.0604182429303637
7.08  1.5976626997782082
7.199999999999999  1.1435753469254917
7.319999999999999  0.6987374830429445
7.4399999999999995  0.2637092905936729
7.56  0.0
7.68  0.0
7.8  0.0
7.92  0.0
8.04  0.0
8.16  0.0
8.28  0.0
8.4  0.0
8.52  0.0
8.64  0.0
8.76  0.0
8.879999999999999  0.0
9.0  0.0
9.12  0.0
9.24  0.0
9.36  0.0
9.48  0.0
9.6  0.0
9.719999999999999  0.0
9.84  0.0
9.959999999999999  0.0
10.08  0.0
10.2  0.0
10.32  0.0
10.44  0.0
10.559999999999999  0.0
10.68  0.0
10.799999999999999  0.0
10.92  0.0
11.04  0.0
11.16  0.0
11.28  0.0
11.4  0.0
11.52  0.0
11.639999999999999  0.0
11.76  0.0
11.879999999999999  0.0
12.0  0.0
12.12  0.0
12.24  0.0
12.36  0.0
12.48  0.0
12.6  0.0
12.719999999999999  0.0
12.84  0.0
12.959999999999999  0.0
13.08  0.0
13.2  0.0
13.32  0.0
13.44  0.0
13.559999999999999  0.0
13.68  0.0
13.799999999999999  0.0
13.92  0.0
14.04  0.0
14.16  0.0
14.28  0.0
14.399999999999999  0.0
14.52  0.0
14.639999999999999  0.0
14.76  0.0
14.879999999999999  0.0
15.0  0.0
15.12  0.0
15.24  0.0
15.36  0.22363827446364093
15.479999999999999  0.4984188291053071
15.6  0.7724552867988543
15.719999999999999  1.045367662355453
15.84  1.3167875664775481
15.959999999999999  1.586358690627978
16.08  1.8537372556950678
16.2  2.118592423943853
16.32  2.3806066738363834
16.439999999999998  2.639476137397236
16.56  2.894910899893274
16.68  3.1466352616892492
16.8  3.3943879622335213
16.919999999999998  3.637922366219141
17.04  3.877006612056735
17.16  4.111423722884541
17.28  4.340971680429712
17.4  4.565463462121116
17.52  4.784727041939086
17.64  4.998605355570315
17.759999999999998  5.206956230517143
17.88  5.409652281888889
18.0  5.606580774678972
18.12  5.7976434534051275
18.24  5.9827563400605195
18.36  6.161849501391377
18.48  6.334866786581272
18.599999999999998  6.50176553648361
18.72  6.66251626560186
18.84  6.8171023180715595
18.96  6.965519498949121
19.08  7.107775682159663
19.2  7.243890396499545
19.32  7.3738943911288555
19.439999999999998  7.497829182024855
19.56  7.615746580898874
19.68  7.7277082081068595
19.8  7.833784991107274
19.919999999999998  7.93405665003938
20.04  8.028611172010201
20.16  8.117544275689493
20.279999999999998  8.200958867819006
20.4  8.27896449324504
20.52  8.351676780081986
20.64  8.419216881608946
20.759999999999998  8.481710916492105
20.88  8.539289408911975
21.0  8.59208673015696
21.119999999999997  8.640240543223525
21.24  8.683891251937908
21.36  8.723181456085339
21.48  8.758255414000363
21.599999999999998  8.789258514035563
21.72  8.816336756286649
21.84  8.839636245908991
21.96  8.859302699314833
22.08  8.875480964491297
22.2  8.88831455662758
22.32  8.897945210185082
22.439999999999998  8.90451244848687
22.56  8.908153171843624
22.68  8.909001265170936
22.8  8.907187225989153
22.919999999999998  8.902837813631042
23.04  8.89607572041476
23.16  8.887019265470844
23.279999999999998  8.875782111840929
23.4  8.862473007394719
23.52  8.84719555003864
23.64  8.8300479776164
23.759999999999998  8.811122982827532
23.88  8.790507553415427
24.0  8.768282837801952
24.119999999999997  8.7445240362707
24.24  8.71930031772676
24.36  8.692674761986432
24.48  8.664704327476988
24.599999999999998  8.635439844153641
24.72  8.604926031368953
24.84  8.57320154035923
24.96  8.54029902094299
25.08  8.506245211958495
25.2  8.471061054901135
25.32  8.434761830156827
25.439999999999998  8.397357315165113
25.56  8.358851963785176
25.68  8.31924510607989
25.8  8.278531167677357
25.919999999999998  8.236699907816178
26.04  8.193736675130255
26.16  8.1496226801815
26.279999999999998  8.104335283703772
26.4  8.05784829948014
26.52  8.01013231073665
26.64  7.96115499890097
26.759999999999998  7.910881483541786
26.88  7.859274672276879
27.0  7.80629561941204
27.119999999999997  7.751903892052087
27.24  7.696057942406519
27.36  7.638715484998541
27.48  7.579833877474927
27.599999999999998  7.519370503707222
27.72  7.457283157871285
27.84  7.393530428192315
27.959999999999997  7.3280720790461995
28.08  7.26086943011564
28.2  7.191885731310405
28.32  7.12108653217568
28.439999999999998  7.048440044530693
28.56  6.973917497101288
28.68  6.897493480935175
28.799999999999997  6.819146284416865
28.919999999999998  6.738858216730945
29.04  6.656615918657007
29.16  6.572410659617448
29.279999999999998  6.486238619940018
29.4  6.398101157340723
29.52  6.308005056678988
29.64  6.215962762085969
29.759999999999998  6.121992590618276
29.88  6.026118926643274
30.0  5.928372396217941
30.119999999999997  5.828790020781374
30.24  5.727415349540836
30.36  5.624298569993028
30.48  5.519496596085155
30.599999999999998  5.413073133585283
30.72  5.305098722296975
30.84  5.195650754820335
30.959999999999997  5.084813471628986
31.08  4.972677932301318
31.2  4.859341962812916
31.32  4.744910078866609
31.439999999999998  4.629493385305836
31.56  4.5132094517265395
31.68  4.396182164471828
31.799999999999997  4.278541555262613
31.919999999999998  4.160423606785375
32.04  4.041970035625855
32.16  3.9233280530039623
32.28  3.8046501038302734
32.4  3.686093584669184
32.519999999999996  3.5678205412556983
32.64  3.4499973462745586
32.76  3.3327943581692008
32.879999999999995  3.216385561805482
33.0  3.1009481918704815
33.12  2.986662339939452
33.24  2.8737105461947245
33.36  2.7622773768284996
33.48  2.652548988206778
33.6  2.544712678914628
33.72  2.438956430842542
33.839999999999996  2.335468440510571
33.96  2.234436641860791
34.08  2.1360482217790815
34.199999999999996  2.040489129634444
34.32  1.9479435821483522
34.44  1.858593564926867
34.56  1.772618332005422
34.68  1.6901939047700167
34.8  1.6114925716281356
34.92  1.5366823898094548
35.04  1.4659266906792814
35.16  1.399383589946355
35.28  1.337205504142874
35.4  1.2795386747458948
35.519999999999996  1.2265227012979913
35.64  1.1782900848695204
35.76  1.1349657831859936
35.879999999999995  1.0966667787217794
36.0  1.063501661035342
36.12  1.0355702245919982
36.24  1.0129630832875143
36.36  0.9957613028500003
36.48  0.9840360522583056
36.6  0.9778482752729922
36.72  0.9772483831307932
36.839999999999996  0.9822759694051937
36.96  0.9929595479849631
37.08  1.0093163150689135
37.199999999999996  1.031351936019017
37.32  1.0590603578556037
37.44  1.0924236481174034
37.559999999999995  1.1314118607467352
37.68  1.175982929594848
37.8  1.2260825900762842
37.92  1.2816443294324644
38.04  1.3425893659954047
38.16  1.4088266577710296
38.28  1.4802529405898588
38.4  1.5567527959993332
38.519999999999996  1.638198748998661
38.64  1.724451395642174
38.76  1.8153595604626984
38.879999999999995  1.9107604835914234
39.0  2.01048003737529
39.12  2.114332972218566
39.24  2.2221231913003505
39.36  2.3336440537458234
39.48  2.4486787057558583
39.6  2.5670004391270815
39.72  2.688373076523164
39.839999999999996  2.8125513827883566
39.96  2.939281501525198
40.08  3.0683014160917144
40.199999999999996  3.1993414341082715
40.32  3.332124694500638
40.44  3.4663676960449967
40.559999999999995  3.6017808463218723
40.68  3.738069029929072
40.8  3.874932194750369
40.92  4.012065955025372
41.04  4.149162209917391
41.16  4.285909776231502
41.28  4.421995033891887
41.4  4.557102582749392
41.519999999999996  4.690915909253864
41.64  4.823118061493916
41.76  4.953392331077791
41.879999999999995  5.081422940303876
42.0  5.206895733047866
42.12  5.329498867775444
42.239999999999995  5.448923511075947
42.36  5.564864530101456
42.48  5.677021182289771
42.6  5.7850978007473595
42.72  5.8888044736693095
42.839999999999996  5.987857716179132
42.96  6.081981132979998
43.08  6.170906070222505
43.199999999999996  6.254372255010992
43.32  6.332128420990842
43.44  6.403932918484758
43.559999999999995  6.469554307673517
43.68  6.528771933349486
43.8  6.5813764798067
43.92  6.627170504470765
44.04  6.665968948914741
44.16  6.69759962595321
44.28  6.721903681556686
44.4  6.7387360303807515
44.519999999999996  6.747965763760617
44.64  6.749476529080173
44.76  6.743166879486414
44.879999999999995  6.7289505929842495
45.0  6.7067569600135055
45.12  6.676531038679226
45.239999999999995  6.638233876877527
45.36  6.591842700632917
45.48  6.5373510680382525
45.6  6.474768988265578
45.72  6.4041230051946245
45.839999999999996  6.325456245285804
45.96  6.238828429405639
46.08  6.144315848394671
46.199999999999996  6.042011302250666
46.32  5.932024002883725
46.44  5.814479440483636
46.559999999999995  5.689519213623698
46.68  5.557300823309995
46.8  5.417997431268212
46.92  5.27179758284435
47.04  5.118904894978174
47.16  4.9595377097905065
47.28  4.793928714406847
47.4  4.62232452771951
47.519999999999996  4.444985254869246
47.64  4.262184010304527
47.76  4.0742064103517155
47.879999999999995  3.8813500363029783
48.0  3.6839238691000613
48.12  3.482247696761121
48.239999999999995  3.2766514957642325
48.36  3.067474787665352
48.48  2.8550659722899434
48.6  2.6397816388949873
48.72  2.421985856754671
48.839999999999996  2.202049446673616
48.96  1.9803492349815865
49.08  1.7572672916080665
49.199999999999996  1.5331901538769577
49.32  1.308508037700223
49.44  1.0836140378828814
49.559999999999995  0.8589033192826441
49.68  0.6347723005939965
49.8  0.41161783254881534
49.92  0.18983637234404882
50.04  0.0
50.16  0.0
50.28  0.0
50.4  0.0
50.519999999999996  0.0
50.64  0.0
50.76  0.0
50.879999999999995  0.0
51.0  0.0
51.12  0.0
51.239999999999995  0.0
51.36  0.0
51.48  0.0
51.6  0.0
51.72  0.0
51.839999999999996  0.0
51.96  0.0
52.08  0.0
52.199999999999996  0.0
52.32  0.0
52.44  0.0
52.559999999999995  0.0
52.68  0.0
52.8  0.0
52.919999999999995  0.0
53.04  0.0
53.16  0.0
53.28  0.0
53.4  0.0
53.519999999999996  0.0
53.64  0.0
53.76  0.0
53.879999999999995  0.0
54.0  0.0
54.12  0.0
54.239999999999995  0.0
54.36  0.0
54.48  0.0
54.6  0.0
54.72  0.0
54.839999999999996  0.0
54.96  0.0
55.08  0.0
55.199999999999996  0.0
55.32  0.0
55.44  0.0
55.559999999999995  0.0
55.68  0.0
55.8  0.0
55.919999999999995  0.0
56.04  0.0
56.16  0.0
56.28  0.0
56.4  0.0
56.519999999999996  0.0
56.64  0.0
56.76  0.0
56.879999999999995  0.0
57.0  0.0
57.12  0.0
57.239999999999995  0.0
57.36  0.0
57.48  0.0
57.599999999999994  0.0
57.72  0.0
57.839999999999996  0.052495756781691494
57.96  0.25194749227520175
58.08  0.45138893044650746
58.199999999999996  0.6504177336531565
58.32  0.8486339770424887
58.44  1.0456410201584312
58.559999999999995  1.241046371435961
58.68  1.4344625436351257
58.8  1.625507898283936
58.919999999999995  1.8138074772225339
59.04  1.9989938193670573
59.16  2.180707760842797
59.28  2.3585992166722187
59.4  2.532327942241513
59.519999999999996  2.7015642728147338
59.64  2.865989839410163
59.76  3.025298259406779
59.879999999999995  3.179195800302737
60.0  3.3274020151073316
60.12  3.4696503479100826
60.239999999999995  3.6056887082365625
60.36  3.7352800128695893
60.48  3.8582026938866303
60.599999999999994  3.974251171739451
60.72  4.083236292279883
60.839999999999996  4.184985726715917
60.96  4.279344333565584
61.08  4.366174481760838
61.199999999999996  4.445356334141047
61.32  4.5167880906644715
61.44  4.580386190756983
61.559999999999995  4.63608547430918
61.68  4.683839300926236
61.8  4.723619627129283
61.919999999999995  4.755417041302263
62.04  4.7792407562733885
62.16  4.795118559516988
62.28  4.80309672105723
62.4  4.803239859251487
62.519999999999996  4.795630764726734
62.64  4.78037018283794
62.76  4.757576555111621
62.879999999999995  4.727385720231442
63.0  4.689950575215198
63.12  4.645440697523757
63.239999999999995  4.594041928931272
63.36  4.535955922074725
63.48  4.471399650685562
63.599999999999994  4.400604884590198
63.72  4.323817630647178
63.839999999999996  4.241297540867114
63.96  4.153317289037661
64.08  4.060161917248106
64.2  3.9621281537785187
64.32  3.8595237038844044
64.44  3.75266651507091
64.56  3.641884018510771
64.67999999999999  3.5275123483149695
64.8  3.409895540417764
64.92  3.2893847128859734
65.03999999999999  3.166337229505311
65.16  3.041115848537634
65.28  2.914087858577685
65.39999999999999  2.785624203469086
65.52  2.6560985982666394
65.64  2.525886638253626
65.75999999999999  2.3953649030410107
65.88  2.2649100577880343
66.0  2.134897953592924
66.12  2.0057027291054137
66.24  1.8776959154129542
66.36  1.7512455462457854
66.48  1.6267152755375014
66.6  1.5044635043614325
66.72  1.3848425192446636
66.84  1.2681976438379117
66.96  1.1548664058896663
67.08  1.045177721441829
67.2  0.9394510981257466
67.32  0.8379958593959236
67.44  0.7411103914936926
67.56  0.6490814148824806
67.67999999999999  0.562183281842885
67.8  0.480677301857798
67.92  0.40481109635625456
68.03999999999999  0.3348179843200527
68.16  0.2709164001878299
68.28  0.21330934542009783
68.39999999999999  0.16218387501321474
68.52  0.11771062017259748
68.64  0.08004334827425152
68.75999999999999  0.049318561160676344
68.88  0.025655132730889374
69.0  0.009153986696389893
69.12  0.0
69.24  0.0
69.36  0.0033586120956059506
69.48  0.016147862083535802
69.6  0.03632638397713084
69.72  0.06388296928300852
69.84  0.09878738212582316
69.96  0.1409903785579787
70.08  0.19042376964600605
70.2  0.24700052824572927
70.32  0.3106149392799833
70.44  0.3811427932340492
70.56  0.4584416224855352
70.67999999999999  0.5423509799889472
70.8  0.6326927597384051
70.92  0.7292715583372757
71.03999999999999  0.8318750769102059
71.16  0.9402745625007816
71.28  1.0542252880084644
71.39999999999999  1.1734670696304872
71.52  1.2977248206887895
71.64  1.4267091406388368
71.75999999999999  1.5601169379770834
71.88  1.6976320856859801
72.0  1.8389261077807144
72.11999999999999  1.9836588954509917
72.24  2.1314794512228614
72.36  2.2820266595007204
72.48  2.434930081789841
72.6  2.58981077484152
72.72  2.7462821299109796
72.84  2.9039507312679613
72.96  3.062417232056429
73.08  3.221277245557971
73.2  3.3801222498779664
73.32  3.53854050404174
73.44  3.6961179734605034
73.56  3.8524392627040918
73.67999999999999  4.0070885535001874
73.8  4.159650545865327
73.92  4.309711400265268
74.03999999999999  4.456859678697856
74.16  4.6006872825928555
74.28  4.740790385428138
74.39999999999999  4.876770357972572
74.52  5.008234684081053
74.64  5.134797864985783
74.75999999999999  5.256082310054067
74.88  5.371719212010008
75.0  5.48134940465204
75.11999999999999  5.5846242011361
75.24  5.681206210935922
75.36  5.770770133638834
75.48  5.853003527786302
75.6  5.9276075530227965
75.72  5.994297683875512
75.84  6.052804393549609
75.96  6.102873806190123
76.08  6.144268316130981
76.2  6.17676717272452
76.32  6.2001670294212685
76.44  6.21428245584857
76.56  6.218946411718612
76.67999999999999  6.214010681481334
76.8  6.199346268724381
76.92  6.174843749411629
77.03999999999999  6.140413583143399
77.16  6.095986381714331
77.28  6.0415131343401365
77.39999999999999  5.976965389020348
77.52  5.902335389601672
77.64  5.817636168205621
77.75999999999999  5.722901592782164
77.88  5.618186369652134
78.0  5.503566001000386
78.11999999999999  5.37913669738199
78.24  5.245015245404108
78.36  5.101338830845475
78.48  4.948264817574576
78.6  4.785970482726027
78.72  4.614652708691352
78.84  4.434527632577341
78.96  4.245830253878328
79.08  4.048814001202264
79.2  3.843750258981947
79.32  3.63092785518985
79.44  3.410652511163186
79.56  3.1832462547292577
79.67999999999999  2.949046797901815
79.8  2.708406880498422
79.92  2.4616935811044254
80.03999999999999  2.2092875968798964
80.16  1.9515824937762718
80.28  1.6889839287941681
80.39999999999999  1.4219088459747904
80.52  1.150784647876152
80.64  0.876048344338723
80.75999999999999  0.5981456803944385
80.88  0.31753024521933737
81.0  0.03466256407123591
81.11999999999999  0.0
81.24  0.0
81.36  0.0
81.48  0.0
81.6  0.0
81.72  0.0
81.84  0.0
81.96  0.0
82.08  0.0
82.2  0.0
82.32  0.0
82.44  0.0
82.56  0.0
82.67999999999999  0.0
82.8  0.0
82.92  0.0
83.03999999999999  0.0
83.16  0.0
83.28  0.0
83.39999999999999  0.0
83.52  0.0
83.64  0.0
83.75999999999999  0.0
83.88  0.0
84.0  0.0
84.11999999999999  0.0
84.24  0.0
84.36  0.0
84.47999999999999  0.0
84.6  0.0
84.72  0.0
84.84  0.0
84.96  0.0
85.08  0.0
85.2  0.0
85.32  0.0
85.44  0.0
85.56  0.0
85.67999999999999  0.0
85.8  0.0
85.92  0.0
86.03999999999999  0.0
86.16  0.0
86.28  0.0
86.39999999999999  0.0
86.52  0.0
86.64  0.0
86.75999999999999  0.0
86.88  0.0
87.0  0.0
87.11999999999999  0.0
87.24  0.0
87.36  0.0
87.47999999999999  0.0
87.6  0.0
87.72  0.0
87.84  0.0
87.96  0.0
88.08  0.0
88.2  0.0
88.32  0.0
88.44  0.0
88.56  0.0
88.67999999999999  0.0
88.8  0.0
88.92  0.0
89.03999999999999  0.0
89.16  0.0
89.28  0.0
89.39999999999999  0.0
89.52  0.0
89.64  0.0
89.75999999999999  0.0
89.88  0.0
90.0  0.0
90.11999999999999  0.0
90.24  0.0
90.36  0.0
90.47999999999999  0.0
90.6  0.0
90.72  0.0
90.84  0.0
90.96  0.0
91.08  0.0
91.2  0.0
91.32  0.035252999057165724
91.44  0.28921389897188954
91.56  0.5402069805690659
91.67999999999999  0.7878735235804188
91.8  1.0318658150993176
91.92  1.271847791595993
92.03999999999999  1.5074956509533801
92.16  1.738498433247981
92.28  1.964558569075952
92.39999999999999  2.1853923943026397
92.52  2.4007306301944435
92.64  2.6103188279740643
92.75999999999999  2.813917776926251
92.88  3.011303875266628
93.0  3.2022694630751936
93.11999999999999  3.386623116686235
93.24  3.564189904016863
93.36  3.734811600408691
93.47999999999999  3.8983468646508017
93.6  4.054671374944645
93.72  4.2036779246662626
93.84  4.345276477875131
93.96  4.479394184612925
94.08  4.6059753561293615
94.2  4.7249814002655715
94.32  4.836390717318215
94.44  4.9401985567988325
94.56  5.036416835594308
94.67999999999999  5.125073918122236
94.8  5.206214359164407
94.92  5.279898610145608
95.03999999999999  5.34620268971071
95.16  5.405217819533459
95.28  5.457050026370858
95.39999999999999  5.501819711453249
95.52  5.539661188375472
95.64  5.570722190724549
95.75999999999999  5.595163350749373
95.88  5.613157650441602
96.0  5.624889846460105
96.11999999999999  5.630555870388794
96.24  5.63036220587321
96.36  5.624525244231788
96.47999999999999  5.613270620185353
96.6  5.596832529391733
96.72  5.575453029511118
96.84  5.549381326563612
96.96  5.518873048370682
97.08  5.484189506899589
97.2  5.445596951351159
97.32  5.403365813850149
97.44  5.357769949610116
97.56  5.309085873454442
97.67999999999999  5.257591994578817
97.8  5.203567851441584
97.92  5.147293348662766
98.03999999999999  5.089047997804991
98.16  5.0291101638947255
98.28  4.967756319526118
98.39999999999999  4.905260308366412
98.52  4.84189261985583
98.64  4.777919676864878
98.75999999999999  4.713603138036117
98.88  4.649199216499653
99.0  4.584958016608061
99.11999999999999  4.52112289029006
99.24  4.457929814571696
99.36  4.395606791759736
99.47999999999999  4.3343732737243865
99.6  4.274439611657126
99.72  4.216006532615813
99.84  4.159264644101306
99.96  4.104393967839972
100.08  4.051563503873507
100.2  4.000930825981813
100.32  3.95264170938668
100.44  3.9068297916041823
100.56  3.8636162672314036
100.67999999999999  3.823109617368782
100.8  3.785405374294559
100.92  3.7505859219199706
101.03999999999999  3.7187203324659555
101.16  3.689864239713308
101.28  3.66405974908717
101.39999999999999  3.6413353847473333
101.52  3.6217060737639057
101.64  3.605173167367283
101.75999999999999  3.591724499170252
101.88  3.581334480169
102.0  3.5739642302398447
102.11999999999999  3.569561745758992
102.24  3.5680621028833306
102.36  3.569387695943736
102.47999999999999  3.5734485103153393
102.6  3.580142429044934
102.72  3.5893555724330164
102.83999999999999  3.6009626696864747
102.96  3.614827461679403
103.08  3.6308031337832585
103.2  3.6487327776530307
103.32  3.6684498807851424
103.44  3.6897788425941993
103.56  3.712535515690016
103.67999999999999  3.7365277709746105
103.8  3.7615560851188805
103.92  3.787414148924165
104.03999999999999  3.8138894950206685
104.16  3.8407641433081254
104.28  3.8678152624974205
104.39999999999999  3.8948158460735627
104.52  3.9215354009621346
104.64  3.947740647149934
104.75999999999999  3.9731962264818153
104.88  3.9976654188319807
105.0  4.020910863828354
105.11999999999999  4.042695286293114
105.24  4.06278222355151
105.36  4.080936752755401
105.47999999999999  4.096926216364753
105.6  4.110520943933538
105.72  4.121494968353373
105.83999999999999  4.129626734718805
105.96  4.1346997999951824
106.08  4.136503521688324
106.2  4.134833733741818
106.32  4.129493407914094
106.44  4.1202932989228085
106.56  4.10705257167866
106.67999999999999  4.089599408974076
106.8  4.067771598035665
106.92  4.041417094399023
107.03999999999999  4.010394561616888
107.16  3.9745738853682764
107.28  3.9338366605951345
107.39999999999999  3.888076650357386
107.52  3.837200215162328
107.64  3.781126711594837
107.75999999999999  3.7197888591461474
107.88  3.6531330742147166
108.0  3.581119770329787
108.11999999999999  3.5037236237284843
108.24  3.4209338034988814
108.36  3.332754165586501
108.47999999999999  3.239203410046599
108.6  3.1403152010127586
108.72  3.0361382489409
108.83999999999999  2.9267363547784035
108.96  2.812188415797971
109.08  2.6925883929294483
109.2  2.5680452395134643
109.32  2.4386827914945703
109.44  2.3046396191641674
109.56  2.1660688406561004
109.67999999999999  2.023137897490244
109.8  1.8760282925515868
109.92  1.7249352909833289
110.03999999999999  1.5700675845625658
110.16  1.4116469202162318
110.28  1.2499076934231743
110.39999999999999  1.085096507333168
110.52  0.9174716985191096
110.64  0.7473028303602915
110.75999999999999  0.5748701551348283
110.88  0.4004640459770936
111.0  0.22438439993155246
111.11999999999999  0.04694001340612575
111.24  0.0
111.36  0.0
111.47999999999999  0.0
111.6  0.0
111.72  0.0
111.83999999999999  0.0
111.96  0.0
112.08  0.0
112.2  0.0
112.32  0.0
112.44  0.0
112.56  0.0
112.67999999999999  0.0
112.8  0.0
112.92  0.0
113.03999999999999  0.0
113.16  0.0
113.28  0.0
113.39999999999999  0.0
113.52  0.0
113.64  0.0
113.75999999999999  0.0
113.88  0.0
114.0  0.0
114.11999999999999  0.0
114.24  0.0
114.36  0.0
114.47999999999999  0.0
114.6  0.0
114.72  0.0
114.83999999999999  0.0
114.96  0.0
115.08  0.0
115.19999999999999  0.0
115.32  0.0
115.44  0.0
115.56  0.0
115.67999999999999  0.0
115.8  0.0
115.92  0.0
116.03999999999999  0.0
116.16  0.0
116.28  0.0
116.39999999999999  0.0
116.52  0.0
116.64  0.0
116.75999999999999  0.0
116.88  0.0
117.0  0.0
117.11999999999999  0.0
117.24  0.0
117.36  0.0
117.47999999999999  0.0
117.6  0.0
117.72  0.0
117.83999999999999  0.0
117.96  0.0
118.08  0.0
118.19999999999999  0.0
118.32  0.0
118.44  0.0
118.56  0.0
118.67999999999999  0.0
118.8  0.0
118.92  0.0
119.03999999999999  0.0
119.16  0.0
119.28  0.0
119.39999999999999  0.1773801718951462
119.52  0.42046653355498953
119.64  0.665510183704263
119.75999999999999  0.9120491586421322
119.88  1.1596157195265073
120.0  1.4077372937947277
