0.0  19.184594222909173  100.0
0.12  19.26239606277258
0.24  19.320453658614856
0.36  19.35871228979536
0.48  19.37715075243352
0.6  19.37578130575167
0.72  19.354649554337485
0.84  19.313834266754792
0.96  19.253447131061826
1.08  19.17363244792465
1.2  19.07456676214006
1.3199999999999998  18.956458433507077
1.44  18.819547148108597
1.56  18.664103371184346
1.68  18.4904277428933
1.7999999999999998  18.29885041837767
1.92  18.0897303536508
2.04  17.86345453893856
2.16  17.620437181206697
2.28  17.36111883770604
2.4  17.085965502462273
2.52  16.795467647727666
2.6399999999999997  16.49013922249812
2.76  16.170516610280238
2.88  15.837157548369447
3.0  15.490640010971653
3.12  15.131561058566815
3.2399999999999998  14.760535655973896
3.36  14.378195461631886
3.48  13.985187590661402
3.5999999999999996  13.58217335431571
3.7199999999999998  13.169826978468407
3.84  12.74883430381774
3.96  12.319891470514479
4.08  11.883703589941296
4.2  11.440983406386662
4.32  10.992449951365646
4.4399999999999995  10.538827193343174
4.56  10.080842685612865
4.68  9.619226215076068
4.8  9.15470845465141
4.92  8.688019622025244
5.04  8.219888147427485
5.16  7.7510393530859725
5.279999999999999  7.282194146975564
5.3999999999999995  6.814067733435697
5.52  6.347368343182444
5.64  5.882795985188026
5.76  5.421041222842876
5.88  4.962783976752081
6.0  4.508692356450499
6.12  4.059421523248302
6.24  3.6156125863418724
6.359999999999999  3.1778915342439524
6.4799999999999995  2.746868203501678
6.6  2.3231352865821946
6.72  1.9072673807127944
6.84  1.4998200793664773
6.96  1.1013291079844165
7.08  0.7123095054246058
7.199999999999999  0.33325485252082043
7.319999999999999  0.0
7.4399999999999995  0.0
7.56  0.0
7.68  0.0
7.8  0.0
7.92  0.0
8.04  0.0
8.16  0.0
8.28  0.0
8.4  0.0
8.52  0.0
8.64  0.0
8.76  0.0
8.879999999999999  0.0
9.0  0.0
9.12  0.0
9.24  0.0
9.36  0.0
9.48  0.0
9.6  0.0
9.719999999999999  0.0
9.84  0.0
9.959999999999999  0.0
10.08  0.0
10.2  0.0
10.32  0.0
10.44  0.0
10.559999999999999  0.0
10.68  0.0
10.799999999999999  0.0
10.92  0.0
11.04  0.0
11.16  0.0
11.28  0.0
11.4  0.0
11.52  0.0
11.639999999999999  0.0
11.76  0.0
11.879999999999999  0.0
12.0  0.0
12.12  0.0
12.24  0.0
12.36  0.0
12.48  0.0
12.6  0.0
12.719999999999999  0.0
12.84  0.0
12.959999999999999  0.0
13.08  0.0
13.2  0.0
13.32  0.0
13.44  0.0
13.559999999999999  0.0
13.68  0.0
13.799999999999999  0.0
13.92  0.0
14.04  0.0
14.16  0.0
14.28  0.0
14.399999999999999  0.06385991028691505
14.52  0.30124367812740793
14.639999999999999  0.5383596112192364
14.76  0.7748024744264321
14.879999999999999  1.0101777346071503
15.0  1.2441022323929332
15.12  1.4762048190504278
15.24  1.7061269573226476
15.36  1.933523285238703
15.479999999999999  2.15806214197496
15.6  2.3794260549459314
15.719999999999999  2.5973121873998646
15.84  2.8114327458918593
15.959999999999999  3.0215153471058382
16.08  3.22730334359602
16.2  3.4285561081181086
16.32  3.6250492763200777
16.439999999999998  3.8165749476621893
16.56  4.002941844535138
16.68  4.18397542964381
16.8  4.359517981822516
16.919999999999998  4.5294286305439835
17.04  4.693583349480644
17.16  4.851874909570499
17.28  5.004212792132982
17.4  5.1505230626705085
17.52  5.290748206080347
17.64  5.424846924087647
17.759999999999998  5.552793895794483
17.88  5.674579502320953
18.0  5.79020951659276
18.12  5.899704759405178
18.24  6.003100722965509
18.36  6.100447163185039
18.48  6.1918076620569655
18.599999999999998  6.277259161518609
18.72  6.356891470254274
18.84  6.430806744949445
18.96  6.499118947557184
19.08  6.561953280183887
19.2  6.619445599243541
19.32  6.671741810567459
19.439999999999998  6.718997247190009
19.56  6.7613760315599105
19.68  6.799050423951472
19.8  6.832200158870376
19.919999999999998  6.861011771264428
20.04  6.885677914360972
20.16  6.906396670959474
20.279999999999998  6.9233708600100465
20.4  6.936807340306572
20.52  6.946916313116429
20.64  6.953910625557667
20.759999999999998  6.9580050765192345
20.88  6.959415726900042
21.0  6.958359215918595
21.119999999999997  6.955052085216934
21.24  6.949710112450354
21.36  6.9425476560180766
21.48  6.933777012550126
21.599999999999998  6.923607788721722
21.72  6.9122462889190475
21.84  6.899894920229274
21.96  6.88675161617346
22.08  6.873009280543176
22.2  6.858855252641318
22.32  6.844470795163909
22.439999999999998  6.83003060589336
22.56  6.815702354305059
22.68  6.801646244117683
22.8  6.788014602744428
22.919999999999998  6.774951498526837
23.04  6.7625923865556254
23.16  6.751063783804269
23.279999999999998  6.740482974220527
23.4  6.730957744339928
23.52  6.722586149902478
23.64  6.715456313870708
23.759999999999998  6.709646256163303
23.88  6.705223755334055
24.0  6.702246242341807
24.119999999999997  6.700760726472206
24.24  6.700803753388258
24.36  6.702401395202679
24.48  6.7055692723821
24.599999999999998  6.7103126072109305
24.72  6.716626308461428
24.84  6.724495086836666
24.96  6.733893600674629
25.08  6.7447866313247316
25.2  6.757129287533109
25.32  6.7708672380999495
25.439999999999998  6.785936972001303
25.56  6.802266085099262
25.68  6.819773592498416
25.8  6.838370265543112
25.919999999999998  6.857958992389499
26.04  6.878435161028715
26.16  6.899687063583147
26.279999999999998  6.921596320646186
26.4  6.944038324388194
26.52  6.966882699106441
26.64  6.989993777856324
26.759999999999998  7.013231093763076
26.88  7.036449884580216
27.0  7.059501609030411
27.119999999999997  7.082234473438953
27.24  7.104493967147381
27.36  7.126123405176964
27.48  7.146964476597266
27.599999999999998  7.166857797044837
27.72  7.185643463830884
27.84  7.203161612074565
27.959999999999997  7.21925297030027
28.08  7.233759413943215
28.2  7.246524515217318
28.32  7.257394087813112
28.439999999999998  7.266216724911118
28.56  7.2728443290174845
28.68  7.277132632153979
28.799999999999997  7.2789417049634055
28.919999999999998  7.278136453324079
29.04  7.274587101103047
29.16  7.268169657717453
29.279999999999998  7.258766369216138
29.4  7.246266151639837
29.52  7.230565005467439
29.64  7.211566410008004
29.759999999999998  7.1891816966530975
29.88  7.163330399961911
30.0  7.13394058561153
30.119999999999997  7.100949154307628
30.24  7.064302120815381
30.36  7.0239548673374905
30.48  6.97987237053471
30.599999999999998  6.93202940155493
30.72  6.88041069850859
30.84  6.8250111109017775
30.959999999999997  6.7658357156124405
31.08  6.702899904071006
31.2  6.636229440382431
31.32  6.565860490203866
31.439999999999998  6.491839620268978
31.56  6.41422376852755
31.68  6.333080184946104
31.799999999999997  6.2484863430927335
31.919999999999998  6.1605298227057546
32.04  6.0693081635222415
32.16  5.97492869071789
32.28  5.877508312383827
32.4  5.777173289539826
32.519999999999996  5.674058979254734
32.64  5.568309551515944
32.76  5.460077680558217
32.879999999999995  5.349524211429117
33.0  5.23681780263344
33.12  5.122134545761539
33.24  5.005657563066922
33.36  4.887576584016494
33.48  4.768087501891948
33.6  4.647391911573553
33.72  4.5256966296870225
33.839999999999996  4.4032131983407705
33.96  4.280157373724566
34.08  4.156748600880609
34.199999999999996  4.033209475994964
34.32  3.9097651975910384
34.44  3.7866430080364677
34.56  3.6640716268012077
34.68  3.542280676927687
34.8  3.421500106192435
34.92  3.3019596044542405
35.04  3.1838880186955194
35.16  3.0675127672706517
35.28  2.953059254879815
35.4  2.840750289786043
35.519999999999996  2.7308055047900304
35.64  2.623440783469248
35.76  2.5188676931766345
35.879999999999995  2.4172929262788476
36.0  2.3189177510952104
36.12  2.2239374739757354
36.24  2.132540913930305
36.36  2.0449098911915207
36.48  1.9612187310599187
36.6  1.8816337843439488
36.72  1.8063129656667911
36.839999999999996  1.7354053108688565
36.96  1.669050554688373
37.08  1.607378729853195
37.199999999999996  1.5505097886644421
37.32  1.4985532480978894
37.44  1.4516078593909985
37.559999999999995  1.4097613030237488
37.68  1.3730899099387486
37.8  1.341658409781696
37.92  1.3155197068764675
38.04  1.2947146845809852
38.16  1.279272038599537
38.28  1.2692081397559956
38.4  1.2645269266591743
38.519999999999996  1.2652198286176881
38.64  1.2712657190865406
38.76  1.2826308998519373
38.879999999999995  1.2992691160844945
39.0  1.3211216023140335
39.12  1.3481171593024266
39.24  1.3801722617137917
39.36  1.4171911964045143
39.48  1.459066231079201
39.6  1.5056778129826098
39.72  1.5568947972225056
39.839999999999996  1.612574704244205
39.96  1.6725640059042053
40.08  1.736698439518583
40.199999999999996  1.804803349191517
40.32  1.876694053660319
40.44  1.9521762398264808
40.559999999999995  2.031046381077519
40.68  2.113092179441012
40.8  2.1980930305522595
40.92  2.285820510358558
41.04  2.376038882427487
41.16  2.4685056246742363
41.28  2.5629719742723736
41.4  2.659183489466292
41.519999999999996  2.7568806269589547
41.64  2.855799333508489
41.76  2.9556716503293856
41.879999999999995  3.0562263288604457
42.0  3.1571894564309724
42.12  3.2582850903296814
42.239999999999995  3.35923589875805
42.36  3.4597638071296246
42.48  3.5595906481612922
42.6  3.658438814190669
42.72  3.7560319101450443
42.839999999999996  3.852095405583498
42.96  3.9463572842327537
43.08  4.038548689441068
43.199999999999996  4.128404563981598
43.32  4.215664282647208
43.44  4.300072276094478
43.559999999999995  4.381378644412317
43.68  4.459339758913612
43.8  4.533718850674107
43.92  4.604286584372495
44.04  4.67082161601897
44.16  4.733111133196061
44.28  4.790951376475999
44.4  4.844148140721912
44.519999999999996  4.89251725502718
44.64  4.935885040096637
44.76  4.974088741926243
44.879999999999995  5.006976940693288
45.0  5.034409933827355
45.12  5.056260092293309
45.239999999999995  5.072412189180604
45.36  5.082763699758774
45.48  5.08722507222677
45.6  5.085719968453202
45.72  5.078185474076051
45.839999999999996  5.064572277403365
45.96  5.0448448166310484
46.08  5.018981394969385
46.199999999999996  4.9869742633468315
46.32  4.948829670437346
46.44  4.904567879835946
46.559999999999995  4.854223154285886
46.68  4.7978437069405695
46.8  4.73549161972215
46.92  4.667242728918626
47.04  4.593186478240038
47.16  4.513425739633024
47.28  4.428076602231347
47.4  4.337268129896772
47.519999999999996  4.241142087881272
47.64  4.139852639216371
47.76  4.033566011509127
47.879999999999995  3.9224601348963426
48.0  3.8067242519790354
48.12  3.686558500627638
48.239999999999995  3.562173470614724
48.36  3.4337897350963407
48.48  3.301637358024968
48.6  3.1659553786358003
48.72  3.026991274205577
48.839999999999996  2.8850004023358644
48.96  2.740245424064395
49.08  2.5929957091553195
49.199999999999996  2.443526724963603
49.32  2.292119410310676
49.44  2.139059535845397
49.559999999999995  1.984637052399298
49.68  1.8291454288755629
49.8  1.6728809812381467
49.92  1.5161421941907967
50.04  1.359229037155335
50.16  1.2024422761739575
50.28  1.0460827833722188
50.4  0.8904508456271263
50.519999999999996  0.7358454740887468
50.64  0.5825637162032621
50.76  0.430899971882041
50.879999999999995  0.28114531545231347
51.0  0.13358682501419372
51.12  0.0
51.239999999999995  0.0
51.36  0.0
51.48  0.0
51.6  0.0
51.72  0.0
51.839999999999996  0.0
51.96  0.0
52.08  0.0
52.199999999999996  0.0
52.32  0.0
52.44  0.0
52.559999999999995  0.0
52.68  0.0
52.8  0.0
52.919999999999995  0.0
53.04  0.0
53.16  0.0
53.28  0.0
53.4  0.0
53.519999999999996  0.0
53.64  0.0
53.76  0.0
53.879999999999995  0.0
54.0  0.0
54.12  0.0
54.239999999999995  0.0
54.36  0.0
54.48  0.0
54.6  0.0
54.72  0.0
54.839999999999996  0.0
54.96  0.0
55.08  0.0
55.199999999999996  0.0
55.32  0.0
55.44  0.0
55.559999999999995  0.0
55.68  0.0
55.8  0.0
55.919999999999995  0.0
56.04  0.0
56.16  0.0
56.28  0.0
56.4  0.0
56.519999999999996  0.0
56.64  0.0
56.76  0.0
56.879999999999995  0.0
57.0  0.0
57.12  0.0
57.239999999999995  0.0
57.36  0.0
57.48  0.0
57.599999999999994  0.0
57.72  0.0
57.839999999999996  0.0
57.96  0.054372735234344716
58.08  0.17257371473886957
58.199999999999996  0.2907704344244162
58.32  0.4086813625963252
58.44  0.5260274804093742
58.559999999999995  0.642532974084197
58.68  0.7579259194456524
58.8  0.8719389571027747
58.919999999999995  0.9843099566106365
59.04  1.0947826679776482
59.16  1.2031073589100982
59.28  1.3090414362177956
59.4  1.4123500498396264
59.519999999999996  1.5128066779882734
59.64  1.6101936919552067
59.76  1.7043028991648326
59.879999999999995  1.7949360631159568
60.0  1.8819053989026377
60.12  1.9650340430629494
60.239999999999995  2.044156496564045
60.36  2.11911903979456
60.48  2.189780118501033
60.599999999999994  2.256010699673047
60.72  2.3176945964528475
60.839999999999996  2.3747287612176575
60.96  2.4270235460588068
61.08  2.4745029299584655
61.199999999999996  2.517104712044111
61.32  2.554780670381276
61.44  2.5874966858474644
61.559999999999995  2.615232830713354
61.68  2.63798342164166
61.8  2.6557570368995456
61.919999999999995  2.6685764976662982
62.04  2.6764788134040667
62.16  2.6795150913465218
62.28  2.677750410246593
62.4  2.6712636586110503
62.519999999999996  2.660147337735699
62.64  2.644507329940749
62.76  2.624462632490357
62.879999999999995  2.6001450577642475
63.0  2.571698900331939
63.12  2.5392805716615308
63.239999999999995  2.503058203273881
63.36  2.4632112192320066
63.48  2.419929878930474
63.599999999999994  2.373414791223871
63.72  2.32387640100482
63.839999999999996  2.271534449410832
63.96  2.216617408905946
64.08  2.159361894546128
64.2  2.1000120527985415
64.32  2.0388189293417383
64.44  1.9760398173280462
64.56  1.9119375876407325
64.67999999999999  1.8467800027248338
64.8  1.7808390156148608
64.92  1.7143900558224356
65.03999999999999  1.647711303782178
65.16  1.5810829555872674
65.28  1.5147864797733153
65.39999999999999  1.449103867933348
65.52  1.3843168809667152
65.64  1.3207062927797986
65.75999999999999  1.2585511332682142
65.88  1.1981279324165997
66.0  1.1397099673552793
66.12  1.0835665142108895
66.24  1.0299621065826168
66.36  0.9791558024644483
66.48  0.9314004614202799
66.6  0.8869420337986529
66.72  0.8460188637511581
66.84  0.8088610077913929
66.96  0.7756895705986668
67.08  0.7467160597362057
67.2  0.7221417609130407
67.32  0.702157135375028
67.44  0.6869412409637183
67.56  0.6766611783295028
67.67999999999999  0.6714715637315055
67.8  0.6715140297976891
67.92  0.6769167555570308
68.03999999999999  0.687794026991063
68.16  0.7042458292832727
68.28  0.7263574718743496
68.39999999999999  0.7541992473574055
68.52  0.7878261251707662
68.64  0.8272774809669728
68.75999999999999  0.8725768624560186
68.88  0.9237317924370537
69.0  0.9807336096481086
69.12  1.0435573479765354
69.24  1.11216165448464
69.36  1.18648874661532
69.48  1.2664644088520411
69.6  1.3519980290159337
69.72  1.4429826742905913
69.84  1.5392952069725887
69.96  1.640796439852727
70.08  1.7473313310405212
70.2  1.858729217951156
70.32  1.9748040900823849
70.44  2.0953549001171297
70.56  2.2201659127961273
70.67999999999999  2.349007090916185
70.8  2.4816345177202397
70.92  2.617790854858661
71.03999999999999  2.7572058350162245
71.16  2.8995967882149962
71.28  3.04466920072245
71.39999999999999  3.192117305414864
71.52  3.341624702369268
71.64  3.492865008382934
71.75999999999999  3.645502534048615
71.88  3.799192986945071
72.0  3.9535841994370995
72.11999999999999  4.108316879518027
72.24  4.26302538306878
72.36  4.417338505852534
72.48  4.570880293513883
72.6  4.723270867802958
72.72  4.874127267202805
72.84  5.023064300097956
72.96  5.169695408588437
73.08  5.313633541021432
73.2  5.454492031287129
73.32  5.591885482903131
73.44  5.725430655894137
73.56  5.854747354460431
73.67999999999999  5.979459313420886
73.8  6.099195081411339
73.92  6.213588898820756
74.03999999999999  6.322281568452396
74.16  6.4249213169075325
74.28  6.521164644703305
74.39999999999999  6.610677163155775
74.52  6.693134416083074
74.64  6.768222684410644
74.75999999999999  6.835639771794688
74.88  6.8950957694153505
75.0  6.946313798133245
75.11999999999999  6.98903072624841
75.24  7.022997861149614
75.36  7.0479816131961215
75.48  7.063764130231247
75.6  7.070143901188173
75.72  7.066936327313318
75.84  7.053974259600948
75.96  7.031108501104333
76.08  6.9982082728636
76.2  6.955161642268356
76.32  6.901875912753776
76.44  6.838277973812379
76.56  6.764314610389394
76.67999999999999  6.679952770818111
76.8  6.58517979254149
76.92  6.480003584958867
77.03999999999999  6.364452768830163
77.16  6.238576771765412
77.28  6.1024458794244065
77.39999999999999  5.956151242148237
77.52  5.7998048368434505
77.64  5.633539384039077
77.75999999999999  5.457508220135025
77.88  5.271885124961348
78.0  5.076864104866856
78.11999999999999  4.872659131654565
78.24  4.65950383778097
78.36  4.43765116833379
78.48  4.207372990399695
78.6  3.9689596605301234
78.72  3.7227195511068314
78.84  3.468978536503126
78.96  3.208079440026074
79.08  2.94038144271517
79.2  2.666259455160096
79.32  2.386103453582831
79.44  2.1003177815128184
79.56  1.8093204184623937
79.67999999999999  1.513542217084582
79.8  1.2134261103691828
79.92  0.9094262905026359
80.03999999999999  0.6020073610813395
80.16  0.291643464432195
80.28  0.0
80.39999999999999  0.0
80.52  0.0
80.64  0.0
80.75999999999999  0.0
80.88  0.0
81.0  0.0
81.11999999999999  0.0
81.24  0.0
81.36  0.0
81.48  0.0
81.6  0.0
81.72  0.0
81.84  0.0
81.96  0.0
82.08  0.0
82.2  0.0
82.32  0.0
82.44  0.0
82.56  0.0
82.67999999999999  0.0
82.8  0.0
82.92  0.0
83.03999999999999  0.0
83.16  0.0
83.28  0.0
83.39999999999999  0.0
83.52  0.0
83.64  0.0
83.75999999999999  0.0
83.88  0.0
84.0  0.0
84.11999999999999  0.0
84.24  0.0
84.36  0.0
84.47999999999999  0.0
84.6  0.0
84.72  0.0
84.84  0.0
84.96  0.0
85.08  0.0
85.2  0.0
85.32  0.0
85.44  0.0
85.56  0.0
85.67999999999999  0.0
85.8  0.0
85.92  0.0
86.03999999999999  0.0
86.16  0.0
86.28  0.0
86.39999999999999  0.0
86.52  0.0
86.64  0.0
86.75999999999999  0.0
86.88  0.0
87.0  0.0
87.11999999999999  0.0
87.24  0.0
87.36  0.0
87.47999999999999  0.0
87.6  0.0
87.72  0.0
87.84  0.0
87.96  0.0
88.08  0.0
88.2  0.0
88.32  0.0
88.44  0.0
88.56  0.0
88.67999999999999  0.0
88.8  0.0
88.92  0.0
89.03999999999999  0.0
89.16  0.0
89.28  0.0
89.39999999999999  0.0
89.52  0.0
89.64  0.0
89.75999999999999  0.0
89.88  0.0
90.0  0.0
90.11999999999999  0.0
90.24  0.0
90.36  0.0
90.47999999999999  0.048678004937013686
90.6  0.35262211541267874
90.72  0.6536013247834107
90.84  0.95114546280076
90.96  1.2447942723681709
91.08  1.5340982939305876
91.2  1.8186197245270666
91.32  2.0979332496926184
91.44  2.3716268464552055
91.56  2.6393025557401035
91.67999999999999  2.900577222563396
91.8  3.155083202467983
91.92  3.402469032732141
92.03999999999999  3.6424000669602616
92.16  3.874559071747118
92.28  4.098646784192594
92.39999999999999  4.314382429131649
92.52  4.521504195034765
92.64  4.719769667626138
92.75999999999999  4.90895622036271
92.88  5.0888613610124995
93.0  5.25930303366935
93.11999999999999  5.420119875641159
93.24  5.5711714287486815
93.36  5.7123383046739775
93.47999999999999  5.843522304100553
93.6  5.964646489489172
93.72  6.075655211437296
93.84  6.1765140886730805
93.96  6.267209941837843
94.08  6.347750681313556
94.2  6.418165149453827
94.32  6.478502917678014
94.44  6.528834038987627
94.56  6.569248756563608
94.67999999999999  6.599857169198732
94.8  6.620788854416324
94.92  6.632192450217968
95.03999999999999  6.634235196495438
95.16  6.627102437229533
95.28  6.6109970846853665
95.39999999999999  6.586139046896171
95.52  6.552764619808767
95.64  6.511125845539776
95.75999999999999  6.461489838266607
95.88  6.404138079346373
96.0  6.339365683323491
96.11999999999999  6.267480636548476
96.24  6.188803010190117
96.36  6.103664149477346
96.47999999999999  6.0124058410580155
96.6  5.915379460408033
96.72  5.812945101265834
96.84  5.705470689104739
96.96  5.593331080688407
97.08  5.4769071517829495
97.2  5.356584875122028
97.32  5.232754390740463
97.44  5.105809070805293
97.56  4.9761445810827105
97.67999999999999  4.844157941182512
97.8  4.710246585722044
97.92  4.574807428545127
98.03999999999999  4.438235932121852
98.16  4.3009251842387695
98.28  4.163264984070654
98.39999999999999  4.025640939698634
98.52  3.88843357911096
98.64  3.7520174766890415
98.75999999999999  3.616760397141845
98.88  3.4830224588098555
99.0  3.3511553182121614
99.11999999999999  3.2215013776586425
99.24  3.094393017693995
99.36  2.9701518560808524
99.47999999999999  2.8490880349657353
99.6  2.731499537804637
99.72  2.617671537554904
99.84  2.5078757775656078
99.96  2.402369986521962
100.08  2.3013973287192924
100.2  2.205185890859013
100.32  2.1139482064734274
100.44  2.0278808189985074
100.56  1.9471638844235835
100.67999999999999  1.871960814354134
100.8  1.8024179602305295
100.92  1.7386643393494718
101.03999999999999  1.6808114032376664
101.16  1.6289528488298517
101.28  1.5831644728029395
101.39999999999999  1.543504069319404
101.52  1.510011371331756
101.64  1.4827080354998234
101.75999999999999  1.461597670671898
101.88  1.446665909780063
102.0  1.4378805249003797
102.11999999999999  1.435191585129296
102.24  1.4385316568285729
102.36  1.4478160456946285
102.47999999999999  1.4629430800113958
102.6  1.483794434351644
102.72  1.5102354928992463
102.83999999999999  1.5421157514736357
102.96  1.579269257249501
103.08  1.6215150850786813
103.2  1.6686578492373676
103.32  1.7204882493410245
103.44  1.776783649091767
103.56  1.837308686447604
103.67999999999999  1.901815913732557
103.8  1.970046466137357
103.92  2.041730756997301
104.03999999999999  2.116589198171936
104.16  2.1943329437961876
104.28  2.274664655617671
104.39999999999999  2.357279288088541
104.52  2.441864891334179
104.64  2.5281034300819956
104.75999999999999  2.6156716165976204
104.88  2.7042417556449725
105.0  2.793482599459964
105.11999999999999  2.88306021070615
105.24  2.9726388313626924
105.36  3.061881755483782
105.47999999999999  3.1504522037598193
105.6  3.2380141978085266
105.72  3.3242334321255993
105.83999999999999  3.4087781416311658
105.96  3.4913199627603113
106.08  3.5715347860605426
106.2  3.6491035982819002
106.32  3.723713311968452
106.44  3.7950575805923163
106.56  3.862837597303363
106.67999999999999  3.92676287540881
106.8  3.986552008738533
106.92  4.041933410100082
107.03999999999999  4.092646026078718
107.16  4.138440026493623
107.28  4.179077466880017
107.39999999999999  4.214332922431206
107.52  4.243994091900109
107.64  4.267862370030978
107.75999999999999  4.285753387164559
107.88  4.297497514737169
108.0  4.302940335472964
108.11999999999999  4.301943077151429
108.24  4.294383008916295
108.36  4.280153799179536
108.47999999999999  4.259165834263232
108.6  4.231346497013134
108.72  4.196640404710783
108.83999999999999  4.155009605705848
108.96  4.106433734285014
109.08  4.05091012339234
109.2  3.9884538749119995
109.32  3.919097887323801
109.44  3.8428928406404235
109.56  3.7599071386341683
109.67999999999999  3.6702268084599994
109.8  3.573955357880639
109.92  3.4712135903975874
110.03999999999999  3.3621393786893004
110.16  3.2468873968544667
110.28  3.125628812054339
110.39999999999999  2.9985509362410014
110.52  2.865856838752252
110.64  2.7277649206436343
110.75999999999999  2.584508451717374
110.88  2.4363350712941085
111.0  2.28350625385807
111.11999999999999  2.12629674078722
111.24  1.964993939458846
111.36  1.7998972910977302
111.47999999999999  1.6313176088050838
111.6  1.459576387277736
111.72  1.285005085791627
111.83999999999999  1.107944386086558
111.96  0.9287434268478663
112.08  0.747759016535481
112.2  0.5653548263611952
112.32  0.381900565262278
112.44  0.19777113876087532
112.56  0.01334579363883212
112.67999999999999  0.0
112.8  0.0
112.92  0.0
113.03999999999999  0.0
113.16  0.0
113.28  0.0
113.39999999999999  0.0
113.52  0.0
113.64  0.0
113.75999999999999  0.0
113.88  0.0
114.0  0.0
114.11999999999999  0.0
114.24  0.0
114.36  0.0
114.47999999999999  0.0
114.6  0.0
114.72  0.0
114.83999999999999  0.0
114.96  0.0
115.08  0.0
115.19999999999999  0.0
115.32  0.0
115.44  0.0
115.56  0.0
115.67999999999999  0.0
115.8  0.0
115.92  0.0
116.03999999999999  0.0
116.16  0.0
116.28  0.0
116.39999999999999  0.0
116.52  0.0
116.64  0.0
116.75999999999999  0.0
116.88  0.0
117.0  0.0
117.11999999999999  0.0
117.24  0.0
117.36  0.0
117.47999999999999  0.0
117.6  0.0
117.72  0.0
117.83999999999999  0.0
117.96  0.0
118.08  0.0
118.19999999999999  0.0
118.32  0.0
118.44  0.0
118.56  0.0
118.67999999999999  0.0
118.8  0.0
118.92  0.0
119.03999999999999  0.0
119.16  0.0
119.28  0.0
119.39999999999999  0.0
119.52  0.0
119.64  0.0
119.75999999999999  0.0
119.88  0.0
120.0  0.0
