0.0  35.283246607333886
1.68  38.50775832550703
3.36  31.846660299439982
5.04  28.025813982999406
6.72  34.34485085875164
8.4  38.731408759377345
10.08  32.805078346314865
11.76  27.887965895636942
13.44  0.0407586327132714
15.12  5.4490163530508715
16.8  0.4470643906281
18.48  0.0
20.16  0.0
21.84  5.325617936319437
23.52  1.4080801018107
25.2  0.0
26.88  0.0
28.56  5.031828264384848
30.24  2.3240447900241206
31.919999999999998  0.0
33.6  0.0
35.28  4.5770470335012
36.96  3.165652490249343
38.64  0.0
40.32  0.0
42.0  3.9758248076968368
43.68  3.9059762629003005
45.36  0.0
47.04  0.0
48.72  3.2473974786440243
50.4  4.521329711696356
52.08  0.0
53.76  0.0
55.44  2.4150708201338453
57.12  4.992024821502423
58.8  0.0
60.48  0.0
62.16  1.5054748281176817
63.839999999999996  5.3030018693836505
65.52  0.0
67.2  0.0
68.88  0.5477117034406285
70.56  5.444311255094308
72.24  0.0
73.92  0.0
75.6  0.0
77.28  5.411431835005422
78.96  0.9120335332486937
80.64  0.0
82.32  0.0
84.0  5.2054155744900745
85.67999999999999  1.8551967812365526
87.36  0.0
89.03999999999999  0.0
90.72  4.832853890664784
92.39999999999999  2.739003666829742
94.08  0.0
95.75999999999999  0.0
97.44  4.305666762338848
99.11999999999999  3.535177102487665
100.8  0.0
102.47999999999999  0.0
104.16  3.6407213545242776
105.83999999999999  4.218243801789104
107.52  0.0
109.2  0.0
110.88  2.859292359479012
112.56  4.766349288188282
114.24  0.0
115.92  0.0
117.6  1.986381320481344
119.28  5.1619571212330255
120.96  0.0
122.64  0.0
124.32  1.0499167163282306
126.0  5.392409968751421
127.67999999999999  0.0
129.35999999999999  0.0
131.04  0.07986039957134383
132.72  5.4503345737011255
134.4  0.4080806374335766
136.07999999999998  0.0
137.76  0.0
139.44  5.333877658910812
141.12  1.3702662575671234
142.79999999999998  0.0
144.48  0.0
146.16  5.046765222025365
147.84  2.288610695253637
149.51999999999998  0.0
151.2  0.0
152.88  4.59818332353389
154.56  3.133731846234679
156.23999999999998  0.0
157.92  0.0
159.6  4.002484182025869
161.28  3.8785903593142574
162.96  0.0
164.64  0.0
166.32  3.2787269800522063
168.0  4.499354750801798
