0.0  27.211301626038193
1.68  37.00038023366319
3.36  36.45707573370244
5.04  27.112219443629634
6.72  35.29616325113934
8.4  37.949577660735315
10.08  27.59612136337459
11.76  33.40800836656131
13.44  5.676155386907781
15.12  0.0
16.8  0.0
18.48  6.204150713863325
20.16  0.0
21.84  0.0
23.52  6.150751567470153
25.2  0.0
26.88  0.0
28.56  5.520962011946928
30.24  0.4232733526521242
31.919999999999998  0.0
33.6  4.373799982840553
35.28  2.2908910382282435
36.96  0.0
38.64  2.816766682897053
40.32  3.943828028557257
42.0  0.0
43.68  0.995772583534259
45.36  5.227186663138525
47.04  0.0
48.72  0.0
50.4  6.020702678274681
52.08  0.0
53.76  0.0
55.44  6.250015239261504
57.12  0.0
58.8  0.0
60.48  5.893635336277032
62.16  0.0
63.839999999999996  0.0
65.52  4.9849595316492135
67.2  1.4079700865932279
68.88  0.0
70.56  3.6091403491064464
72.24  3.1852156395754374
73.92  0.0
75.6  1.8951065826042681
77.28  4.663972832960665
78.96  0.0
80.64  0.003481306103727988
82.32  5.705666493560915
84.0  0.0
85.67999999999999  0.0
87.36  6.212678919110728
89.03999999999999  0.0
90.72  0.0
92.39999999999999  6.137497688373331
94.08  0.0
95.75999999999999  0.0
97.44  5.487168077014357
99.11999999999999  0.4942766175929416
100.8  0.0
102.47999999999999  4.322632840833325
104.16  2.3569873514246975
105.83999999999999  0.0
107.52  2.753021235640204
109.2  3.9988234671062153
110.88  0.0
112.56  0.9254224529538453
114.24  5.26592757338039
115.92  0.0
117.6  0.0
119.28  6.039558627593222
120.96  0.0
122.64  0.0
124.32  6.247219225978495
126.0  0.0
127.67999999999999  0.0
129.35999999999999  5.869449376379008
131.04  0.0
132.72  0.0
134.4  4.941650105121311
136.07999999999998  1.4772448763663464
137.76  0.0
139.44  3.550766006810554
141.12  3.2462760338114
142.79999999999998  0.0
144.48  1.8271376171817013
146.16  4.711096827571526
147.84  0.0
149.51999999999998  0.0
151.2  5.73443807235145
152.88  0.0
154.56  0.0
156.23999999999998  6.220401881155246
157.92  0.0
159.6  0.0
161.28  6.123448310529412
162.96  0.0
164.64  0.0
166.32  5.452662934428029
168.0  0.5652158179181348
