0.0  39.80484015114698
1.68  26.01287978744732
3.36  32.84725244135241
5.04  41.05122143087354
6.72  27.50903369736819
8.4  30.37757012633563
10.08  41.57435505064123
11.76  29.55098602122998
13.44  0.0
15.12  7.991884529649299
16.8  0.0
18.48  0.0
20.16  6.993823321367438
21.84  1.1403272210698892
23.52  0.0
25.2  5.340366972936163
26.88  3.55974281491082
28.56  0.0
30.24  3.1864618141977616
31.919999999999998  5.645572895668163
33.6  0.0
35.28  0.7339515161335775
36.96  7.20235314643109
38.64  0.0
40.32  0.0
42.0  8.084196809163751
43.68  0.0
45.36  0.0
47.04  8.208465815334828
48.72  0.0
50.4  0.0
52.08  7.563514846071781
53.76  0.0
55.44  0.0
57.12  6.209782621580474
58.8  2.4230071121680274
60.48  0.0
62.16  4.274128154482139
63.839999999999996  4.69624964045154
65.52  0.0
67.2  1.9379427199706538
68.88  6.529403958059589
70.56  0.0
72.24  0.0
73.92  7.750684136795691
75.6  0.0
77.28  0.0
78.96  8.245643320180228
80.64  0.0
82.32  0.0
84.0  7.967898603118634
85.67999999999999  0.0
87.36  0.0
89.03999999999999  6.943477600178797
90.72  1.2333142982299683
92.39999999999999  0.0
94.08  5.2683793831049375
95.75999999999999  3.644285409415526
97.44  0.0
99.11999999999999  3.0995783534933823
100.8  5.7137484731570165
102.47999999999999  0.0
104.16  0.6403140828124352
105.83999999999999  7.247772934967915
107.52  0.0
109.2  0.0
110.88  8.102604494668768
112.56  0.0
114.24  0.0
115.92  8.198136403185352
117.6  0.0
119.28  0.0
120.96  7.525416311324166
122.64  0.016666234304237193
124.32  0.0
126.0  6.147485199479956
127.67999999999999  2.5126718753772104
129.35999999999999  0.0
131.04  4.193469771697815
132.72  4.773213613482748
134.4  0.0
136.07999999999998  1.846481919185171
137.76  6.5864548034583805
139.44  0.0
141.12  0.0
142.79999999999998  7.7824755875637255
144.48  0.0
146.16  0.0
147.84  8.249196181480096
149.51999999999998  0.0
151.2  0.0
152.88  7.942879934308016
154.56  0.0
156.23999999999998  0.0
157.92  6.89223191486599
159.6  1.3261415219725916
161.28  0.0
162.96  5.195708943452687
164.64  3.728355657595228
166.32  0.0
168.0  3.0122931475140304
