0.0  27.851750540081685
1.68  28.224671899030454
3.36  30.16528045797015
5.04  33.0780646064396
6.72  36.06918268266206
8.4  38.22075481104635
10.08  38.87253130996807
11.76  37.82450251197235
13.44  2.0649420942839813
15.12  0.0
16.8  0.0
18.48  0.0
20.16  0.0
21.84  0.0
23.52  0.0
25.2  2.194484926886738
26.88  4.572189970366276
28.56  5.546833999792097
30.24  4.819329477434877
31.919999999999998  2.612924614651281
33.6  0.0
35.28  0.0
36.96  0.0
38.64  0.0
40.32  0.0
42.0  0.0
43.68  1.6271095966647664
45.36  4.2027649663065985
47.04  5.488724213592615
48.72  5.090366971210229
50.4  3.1299365230289196
52.08  0.20902719265169256
53.76  0.0
55.44  0.0
57.12  0.0
58.8  0.0
60.48  0.0
62.16  1.040448375184993
63.839999999999996  3.783525205890994
65.52  5.365557384804031
67.2  5.301069092328288
68.88  3.609849753142553
70.56  0.8108812854095413
72.24  0.0
73.92  0.0
75.6  0.0
77.28  0.0
78.96  0.0
80.64  0.4414548718083553
82.32  3.3194398764728303
84.0  5.178793391772251
85.67999999999999  5.448938419469698
87.36  4.046975963906782
89.03999999999999  1.403124121294828
90.72  0.0
92.39999999999999  0.0
94.08  0.0
95.75999999999999  0.0
97.44  0.0
99.11999999999999  0.0
100.8  2.8160097133534636
102.47999999999999  4.930645920697554
104.16  5.532222279200852
105.83999999999999  4.436133962497261
107.52  1.9787359328901668
109.2  0.0
110.88  0.0
112.56  0.0
114.24  0.0
115.92  0.0
117.6  0.0
119.28  2.2792018003739054
120.96  4.624056227136931
122.64  5.549933520154943
124.32  4.772711116268728
126.0  2.530894077868476
127.67999999999999  0.0
129.35999999999999  0.0
131.04  0.0
132.72  0.0
134.4  0.0
136.07999999999998  0.0
137.76  1.7153788429457535
139.44  4.262658273733676
141.12  5.501862213592212
142.79999999999998  5.052718025612987
144.48  3.0530539067709235
146.16  0.11650375778620592
147.84  0.0
149.51999999999998  0.0
151.2  0.0
152.88  0.0
154.56  0.0
156.23999999999998  1.1312237518378645
157.92  3.8507356573913616
159.6  5.3885781416544845
161.28  5.2728358097268195
162.96  3.539026335776738
164.64  0.7192012081420802
166.32  0.0
168.0  0.0
