0.0  13.027807755760463
1.68  10.690577398114442
3.36  8.590367701686215
5.04  6.749163317653739
6.72  5.186237671998768
8.4  3.9179512144398494
10.08  2.9575801599237934
11.76  2.315177515381688
13.44  0.0
15.12  0.0
16.8  0.0
18.48  0.0
20.16  0.0
21.84  0.0
23.52  0.0
25.2  0.0
26.88  0.0
28.56  0.0
30.24  0.0
31.919999999999998  0.0
33.6  0.0
35.28  0.0
36.96  0.0
38.64  0.0
40.32  0.5944898018596092
42.0  3.7963408494959463
43.68  6.958452422797544
45.36  10.047724055633285
47.04  13.031817758440837
48.72  15.879496527005719
50.4  18.56095132630623
52.08  21.048113126610573
53.76  23.314946725483537
55.44  25.337723280022246
57.12  27.095268696497794
58.8  28.56918527730108
60.48  29.74404430502854
62.16  30.607547547769446
63.839999999999996  31.15065599498357
65.52  31.36768447638334
67.2  31.256361173365416
68.88  30.817851400035813
70.56  30.056745404892652
72.24  28.98101032085659
73.92  27.601906766628023
75.6  25.93387097237467
77.28  23.99436366363802
78.96  21.80368728531787
80.64  19.384773479003606
82.32  16.76294303830549
84.0  13.965640854933334
85.67999999999999  11.022148630064626
87.36  7.963278358291461
89.03999999999999  4.821049792707138
90.72  1.6283552673738697
92.39999999999999  0.0
94.08  0.0
95.75999999999999  0.0
97.44  0.0
99.11999999999999  0.0
100.8  0.0
102.47999999999999  0.0
104.16  0.0
105.83999999999999  0.0
107.52  0.0
109.2  0.0
110.88  0.0
112.56  0.0
114.24  0.0
115.92  0.0
117.6  0.0
119.28  0.0
120.96  0.0
122.64  0.0
124.32  0.0
126.0  0.0
127.67999999999999  0.0
129.35999999999999  0.0
131.04  0.0
132.72  0.0
134.4  0.0
136.07999999999998  0.0
137.76  0.0
139.44  0.0
141.12  0.0
142.79999999999998  0.0
144.48  2.5667126071167097
146.16  5.748070196508891
147.84  8.869257928371393
149.51999999999998  11.897603720643561
151.2  14.801407345485185
152.88  17.550272262069836
154.56  20.11542380259685
156.23999999999998  22.470010380801746
157.92  24.589384569964214
159.6  26.451361108134638
161.28  28.036449129823357
162.96  29.328056193188704
164.64  30.3126619670012
166.32  30.979959759256815
168.0  31.322964405940937
