0.0  0.8723997916798538
1.3714285714285714  2.4982138422238584
2.742857142857143  4.173821236276478
4.114285714285714  5.8965161599496945
5.485714285714286  7.66351676120237
6.857142857142858  9.471969642046432
8.228571428571428  11.318954466287266
9.6  13.201488675357687
10.971428571428572  15.116532304630148
12.342857142857143  0.0
13.714285714285715  0.0
15.085714285714285  0.0
16.457142857142856  0.0
17.82857142857143  0.0
19.2  0.0
20.571428571428573  0.0
21.942857142857143  0.0
23.314285714285713  0.0
24.685714285714287  2.021870221729074
26.057142857142857  4.082520711721077
27.42857142857143  6.136578642334861
28.8  8.180727068028656
30.17142857142857  10.21166504538396
31.542857142857144  12.226112963553792
32.91428571428571  14.220817840262562
34.285714285714285  16.19255857480553
35.65714285714286  18.13815114956495
37.02857142857143  20.054453771643566
38.4  21.938371946312557
39.77142857142857  23.786863474081173
41.142857142857146  25.596943363318644
42.51428571428571  27.365688650495375
43.885714285714286  29.090243120259625
45.25714285714286  30.767821917727414
46.628571428571426  32.395716045537846
48.0  33.971296738411596
49.371428571428574  35.4920197081487
50.74285714285714  36.955429252210514
52.114285714285714  38.35916221925131
53.48571428571429  39.700951825195794
54.85714285714286  40.978631313700305
56.22857142857143  42.19013745508662
57.6  43.33351387809833
58.971428571428575  44.40691422909937
60.34285714285714  45.40860515361337
61.714285714285715  46.33696909538897
63.08571428571429  47.19050690847129
64.45714285714286  47.96784027806129
65.82857142857142  48.66771394625398
67.2  49.28899773906113
68.57142857142857  49.830688391445264
69.94285714285715  50.29191116741785
71.31428571428572  50.67192127258545
72.68571428571428  50.97010505686284
74.05714285714286  51.18598100541099
75.42857142857143  51.31920051619949
76.8  51.3695484629382
78.17142857142858  51.33694354246863
79.54285714285714  51.2214384060544
80.91428571428571  51.02321957435862
82.28571428571429  50.742607136245525
83.65714285714286  50.38005423189276
85.02857142857142  49.936146321048945
86.4  49.41160023761827
87.77142857142857  48.807263032098675
89.14285714285714  48.12411060374288
90.51428571428572  47.36324612465126
91.88571428571429  46.52589825834113
93.25714285714285  45.61341917566932
94.62857142857143  44.62728237131196
96.0  43.56908028432741
97.37142857142857  42.44052172664466
98.74285714285715  41.24342912362995
100.11428571428571  39.97973557118751
101.48571428571428  38.65148171414648
102.85714285714286  37.26081245097531
104.22857142857143  35.809973470144485
105.6  34.301307623731155
106.97142857142858  32.73725114412128
108.34285714285714  31.120329709919083
109.71428571428572  29.453154367416168
111.08571428571429  27.738417314207013
112.45714285714286  25.978887551758977
113.82857142857144  24.17740641395761
115.2  22.33688297884766
116.57142857142857  20.460289370979076
117.94285714285715  18.550655961943868
119.31428571428572  16.611066476854255
120.68571428571428  14.644653014663945
122.05714285714286  12.65459099037436
123.42857142857143  10.644094007292882
124.8  8.616408667623517
126.17142857142858  6.574809329770318
127.54285714285714  4.522592820819238
128.9142857142857  2.463073112737
130.28571428571428  0.3995759708840012
131.65714285714284  0.0
133.02857142857144  0.0
134.4  0.0
135.77142857142857  0.0
137.14285714285714  0.0
138.5142857142857  0.0
139.8857142857143  0.0
141.25714285714287  0.0
142.62857142857143  0.0
144.0  0.0
145.37142857142857  0.0
146.74285714285713  0.0
148.11428571428573  0.0
149.4857142857143  0.0
150.85714285714286  0.0
152.22857142857143  0.0
153.6  0.0
154.97142857142856  0.0
156.34285714285716  0.0
157.71428571428572  0.0
159.0857142857143  0.0
160.45714285714286  0.0
161.82857142857142  0.0
163.2  0.0
164.57142857142858  0.0
165.94285714285715  0.0
167.31428571428572  0.0
168.68571428571428  0.0
170.05714285714285  0.0
171.42857142857142  0.0
172.8  0.0
174.17142857142858  0.0
175.54285714285714  0.0
176.9142857142857  0.0
178.28571428571428  0.0
179.65714285714287  0.0
181.02857142857144  0.0
182.4  0.0
183.77142857142857  0.0
185.14285714285714  0.0
186.5142857142857  0.0
187.8857142857143  0.0
189.25714285714287  0.0
190.62857142857143  0.0
192.0  0.0
193.37142857142857  0.0
194.74285714285713  0.0
196.11428571428573  0.0
197.4857142857143  0.0
198.85714285714286  0.0
200.22857142857143  0.0
201.6  0.0
202.97142857142856  0.0
204.34285714285716  0.0
205.71428571428572  0.0
207.0857142857143  0.0
208.45714285714286  0.0
209.82857142857142  0.0
211.2  0.0
212.57142857142858  0.0
213.94285714285715  0.0
215.31428571428572  0.0
216.68571428571428  0.0
218.05714285714285  0.0
219.42857142857144  0.0
220.8  0.0
222.17142857142858  0.0
223.54285714285714  0.0
224.9142857142857  0.0
226.28571428571428  0.0
227.65714285714287  0.0
229.02857142857144  0.0
230.4  0.0
231.77142857142857  0.0
233.14285714285714  0.0
234.5142857142857  0.0
235.8857142857143  0.0
237.25714285714287  0.0
238.62857142857143  1.3071819776412106
240.0  3.369340433773239
241.37142857142857  5.426057992370687
242.74285714285713  7.4740134130562055
244.11428571428573  9.50989960477802
245.4857142857143  11.530428966185216
246.85714285714286  13.53233869453151
248.22857142857143  15.512396054532438
249.6  17.46740359866979
250.97142857142856  19.394204330511705
252.34285714285716  21.289686802711948
253.71428571428572  23.150790141454845
255.0857142857143  24.97450898923306
256.45714285714286  26.757898357976256
257.8285714285714  28.49807838469332
259.2  30.19223898194935
260.57142857142856  31.837644375666876
261.9428571428571  33.43163752292436
263.3142857142857  34.97164440261719
264.6857142857143  36.455178172053365
266.0571428571429  37.87984318277066
267.42857142857144  39.24333884909164
268.8  40.54346336316851
270.1714285714286  41.7781172505188
271.54285714285714  42.945306760310984
272.9142857142857  44.04314708492436
274.2857142857143  45.069865403585
275.65714285714284  46.02380374516226
277.0285714285714  46.903421665503025
278.4  47.70729873498076
279.7714285714286  48.43413683224167
281.14285714285717  49.082762240444346
282.51428571428573  49.65212754260806
283.8857142857143  50.14131331300845
285.25714285714287  50.54952960188999
286.62857142857143  50.87611721109698
288.0  51.12054875856383
289.37142857142857  51.282429529945055
290.74285714285713  51.36149811601022
292.1142857142857  51.35762683477424
293.48571428571427  51.27082193768157
294.85714285714283  51.10122359951116
296.22857142857146  50.84910569201867
297.6  50.51487534168133
298.9714285714286  50.09907227225957
300.34285714285716  49.60236793323726
301.7142857142857  49.025564415547805
303.0857142857143  48.36959315633719
304.45714285714286  47.635513434855184
305.8285714285714  46.82451066190406
307.2  45.93789446560674
308.57142857142856  44.97709657658575
309.9428571428571  43.94366851596761
311.31428571428575  42.83927908994673
312.6857142857143  41.665711694954446
314.0571428571429  40.42486143778426
315.42857142857144  39.11873207532511
316.8  37.749432778842866
318.1714285714286  36.31917472803653
319.54285714285714  34.83026754036839
320.9142857142857  33.28511554143455
322.2857142857143  31.68621388239785
323.65714285714284  30.03614451075383
325.0285714285714  28.337572000935506
326.4  26.593239251490033
327.7714285714286  24.805963055775834
329.14285714285717  22.978629553332148
330.51428571428573  21.114189569266557
331.8857142857143  19.215653849186893
333.25714285714287  17.286088197372145
334.62857142857143  15.32860852603235
336.0  13.34637582365384
337.37142857142857  11.342591050553711
338.74285714285713  9.320489969886694
340.1142857142857  7.283337922452056
341.48571428571427  5.234424553736776
342.85714285714283  3.1770585017118265
344.22857142857146  1.1145620539582701
345.6  0.0
346.9714285714286  0.0
348.34285714285716  0.0
349.7142857142857  0.0
351.0857142857143  0.0
352.45714285714286  0.0
353.8285714285714  0.0
355.2  0.0
356.57142857142856  0.0
357.9428571428571  0.0
359.31428571428575  0.0
360.6857142857143  0.0
362.0571428571429  0.0
363.42857142857144  0.0
364.8  0.0
366.1714285714286  0.0
367.54285714285714  0.0
368.9142857142857  0.0
370.2857142857143  0.0
371.65714285714284  0.0
373.0285714285714  0.0
374.4  0.0
375.7714285714286  0.0
377.14285714285717  0.0
378.51428571428573  0.0
379.8857142857143  0.0
381.25714285714287  0.0
382.62857142857143  0.0
384.0  0.0
385.37142857142857  0.0
386.74285714285713  0.0
388.1142857142857  0.0
389.48571428571427  0.0
390.85714285714283  0.0
392.22857142857146  0.0
393.6  0.0
394.9714285714286  0.0
396.34285714285716  0.0
397.7142857142857  0.0
399.0857142857143  0.0
400.45714285714286  0.0
401.8285714285714  0.0
403.2  0.0
404.57142857142856  0.0
405.9428571428571  0.0
407.31428571428575  0.0
408.6857142857143  0.0
410.0571428571429  0.0
411.42857142857144  0.0
412.8  0.0
414.1714285714286  0.0
415.54285714285714  0.0
416.9142857142857  0.0
418.2857142857143  0.0
419.65714285714284  0.0
421.0285714285714  0.0
422.4  0.0
423.7714285714286  0.0
425.14285714285717  0.0
426.51428571428573  0.0
427.8857142857143  0.0
429.25714285714287  0.0
430.62857142857143  0.0
432.0  0.0
433.37142857142857  0.0
434.74285714285713  0.0
436.1142857142857  0.0
437.48571428571427  0.0
438.8571428571429  0.0
440.22857142857146  0.0
441.6  0.0
442.9714285714286  0.0
444.34285714285716  0.0
445.7142857142857  0.0
447.0857142857143  0.0
448.45714285714286  0.0
449.8285714285714  0.0
451.2  0.0
452.57142857142856  0.5922404505487933
453.9428571428571  2.6555073035959182
455.31428571428575  4.714485975194851
456.6857142857143  6.765851573664715
458.0571428571429  8.806291501110802
459.42857142857144  10.832510802692987
460.8  12.841237487403216
462.1714285714286  14.829227811760834
463.54285714285714  16.79327151789263
464.9142857142857  18.73019701754027
466.2857142857143  20.636876513622155
467.65714285714284  22.510231051080765
469.0285714285714  24.347235488858054
470.4  26.1449233849715
471.7714285714286  27.900391786800604
473.14285714285717  29.61080591884918
474.51428571428573  31.273403760414208
475.8857142857143  32.88550050576726
477.25714285714287  34.44449289964834
478.62857142857143  35.94786344106906
480.0  37.393184448638095
481.37142857142857  38.77812198084324
482.74285714285713  40.10043960496055
484.1142857142857  41.358002008503085
485.48571428571427  42.54877844737851
486.8571428571429  43.67084602518694
488.22857142857146  44.72239279836304
489.6  45.70172070214971
490.9714285714286  46.60724829267627
492.34285714285716  47.437513300714784
493.7142857142857  48.19117499299003
495.0857142857143  48.86701633722989
496.45714285714286  49.4639459674606
497.8285714285714  49.98099994637238
499.2  50.41734332191029
500.57142857142856  50.77227147557613
501.9428571428571  51.0452112602647
503.31428571428575  51.2357219257963
504.6857142857143  51.343495830651534
506.0571428571429  51.36835893875873
507.42857142857144  51.31027110053188
508.8  51.16932611770517
510.1714285714286  50.94575159185956
511.54285714285714  50.63990855688593
512.9142857142857  50.252290895978255
514.2857142857143  49.78352454409825
515.6571428571428  49.234366477199686
517.0285714285715  48.605703489843904
518.4  47.89855076318146
519.7714285714286  47.11405022561125
521.1428571428571  46.25346870876545
522.5142857142857  45.31819590179681
523.8857142857142  44.30974210727344
525.2571428571429  43.22973580230292
526.6285714285714  42.07992100882603
528.0  40.86215447732474
529.3714285714286  39.578402688494435
530.7428571428571  38.23073867772003
532.1142857142858  36.821338687484996
533.4857142857143  35.352478653119505
534.8571428571429  33.826530527560884
536.2285714285714  32.24595845106389
537.6  30.61331477204291
538.9714285714285  28.93123592547486
540.3428571428572  27.20243817551531
541.7142857142857  25.429713229206364
543.0857142857143  23.615923728355487
544.4571428571429  21.76399862686851
545.8285714285714  19.876928460999473
547.2  17.95776052015513
548.5714285714286  16.009593926055274
549.9428571428572  14.035574628189051
551.3142857142857  12.038890323657352
552.6857142857143  10.022765309595687
554.0571428571428  7.990455276497183
555.4285714285714  5.945242050839703
556.8  3.8904282955081086
558.1714285714286  1.829332176569153
559.5428571428572  0.0
560.9142857142857  0.0
562.2857142857143  0.0
563.6571428571428  0.0
565.0285714285715  0.0
566.4  0.0
567.7714285714286  0.0
569.1428571428571  0.0
570.5142857142857  0.0
571.8857142857142  0.0
573.2571428571429  0.0
574.6285714285715  0.0
576.0  0.0
577.3714285714286  0.0
578.7428571428571  0.0
580.1142857142858  0.0
581.4857142857143  0.0
582.8571428571429  0.0
584.2285714285714  0.0
585.6  0.0
586.9714285714285  0.0
588.3428571428572  0.0
589.7142857142857  0.0
591.0857142857143  0.0
592.4571428571429  0.0
593.8285714285714  0.0
595.2  0.0
596.5714285714286  0.0
597.9428571428572  0.0
599.3142857142857  0.0
600.6857142857143  0.0
602.0571428571428  0.0
603.4285714285714  0.0
604.8  0.0
606.1714285714286  0.0
607.5428571428572  0.0
608.9142857142857  0.0
610.2857142857143  0.0
611.6571428571428  0.0
613.0285714285715  0.0
614.4  0.0
615.7714285714286  0.0
617.1428571428571  0.0
618.5142857142857  0.0
619.8857142857142  0.0
621.2571428571429  0.0
622.6285714285715  0.0
624.0  0.0
625.3714285714286  0.0
626.7428571428571  0.0
628.1142857142858  0.0
629.4857142857143  0.0
630.8571428571429  0.0
632.2285714285714  0.0
633.6  0.0
634.9714285714285  0.0
636.3428571428572  0.0
637.7142857142857  0.0
639.0857142857143  0.0
640.4571428571429  0.0
641.8285714285714  0.0
643.2  0.0
644.5714285714286  0.0
645.9428571428572  0.0
647.3142857142857  0.0
648.6857142857143  0.0
650.0571428571428  0.0
651.4285714285714  0.0
652.8  0.0
654.1714285714286  0.0
655.5428571428572  0.0
656.9142857142857  0.0
658.2857142857143  0.0
659.6571428571428  0.0
661.0285714285715  0.0
662.4  0.0
663.7714285714286  0.0
665.1428571428571  0.0
666.5142857142857  0.0
667.8857142857142  1.9411596353666205
669.2571428571429  4.00200046686556
670.6285714285715  6.056378765147279
672.0  8.100977067331712
673.3714285714286  10.13249370352895
674.7428571428571  12.147648128458126
676.1142857142858  14.143186218959091
677.4857142857143  16.115885528831516
678.8571428571429  18.06256049252575
680.2285714285714  19.98006756927508
681.6  21.865310319366486
682.9714285714285  23.715244404350283
684.3428571428572  25.526882503117875
685.7142857142857  27.297299135902247
687.0857142857143  29.023635388420416
688.4571428571429  30.703103528519524
689.8285714285714  32.33299150787933
691.2  33.91066734149835
692.5714285714286  35.43358335788894
693.9428571428572  36.8992803131249
695.3142857142857  38.305391362089736
696.6857142857143  39.649645880520474
698.0571428571428  40.92987313166942
699.4285714285714  42.14400577166576
700.8  43.29008318791559
702.1714285714286  44.36625466514966
703.5428571428572  45.37078237400553
704.9142857142857  46.302044177319665
706.2857142857143  47.1585362495959
707.6571428571428  47.93887550542151
709.0285714285715  48.6418018329092
710.4  49.26618012855789
711.7714285714286  49.81100213024759
713.1428571428571  50.275388045406274
714.5142857142857  50.658587971722085
715.8857142857142  50.95998310810464
717.2571428571429  51.17908675394095
718.6285714285715  51.31554509503212
720.0  51.369137774941535
721.3714285714286  51.33977825083221
722.7428571428571  51.227513933218304
724.1142857142858  51.032526109405424
725.4857142857143  50.75512965074323
726.8571428571429  50.39577250416305
728.2285714285714  49.95503496882183
729.6  49.43362875901976
730.9714285714285  48.832395854906245
732.3428571428572  48.15230714282828
733.7142857142857  47.39446084751843
735.0857142857143  46.56008075865327
736.4571428571429  45.65051425464627
737.8285714285714  44.667230126866826
739.2  43.61181620779772
740.5714285714286  42.48597680696276
741.9428571428572  41.29152995876383
743.3142857142857  40.030404486672246
744.6857142857143  38.7046368885149
746.0571428571428  37.31636804788582
747.4285714285714  35.86783977699101
748.8  34.361391196514326
750.1714285714286  32.79945495834318
751.5428571428572  31.184553317261667
752.9142857142857  29.51929405794786
754.2857142857143  27.806366283855255
755.6571428571428  26.048536074781232
757.0285714285715  24.248642020128727
758.4  22.40959063507983
759.7714285714286  20.534351667080216
761.1428571428571  18.625953300214633
762.5142857142857  16.687477265217236
763.8857142857142  14.722053863014468
765.2571428571429  12.732856909832748
766.6285714285715  10.723098612040868
768.0  8.69602437899471
769.3714285714286  6.654907582267459
770.7428571428571  4.603044269725789
772.1142857142858  2.5437478429850593
773.4857142857143  0.4803437068459502
774.8571428571429  0.0
776.2285714285714  0.0
777.6  0.0
778.9714285714285  0.0
780.3428571428572  0.0
781.7142857142857  0.0
783.0857142857143  0.0
784.4571428571429  0.0
785.8285714285714  0.0
787.2  0.0
788.5714285714286  0.0
789.9428571428572  0.0
791.3142857142857  0.0
792.6857142857143  0.0
794.0571428571428  0.0
795.4285714285714  0.0
796.8  0.0
798.1714285714286  0.0
799.5428571428572  0.0
800.9142857142857  0.0
802.2857142857143  0.0
803.6571428571428  0.0
805.0285714285715  0.0
806.4  0.0
807.7714285714286  0.0
809.1428571428571  0.0
810.5142857142857  0.0
811.8857142857142  0.0
813.2571428571429  0.0
814.6285714285715  0.0
816.0  0.0
817.3714285714286  0.0
818.7428571428571  0.0
820.1142857142858  0.0
821.4857142857143  0.0
822.8571428571429  0.0
824.2285714285714  0.0
825.6  0.0
826.9714285714285  0.0
828.3428571428572  0.0
829.7142857142857  0.0
831.0857142857143  0.0
832.4571428571429  0.0
833.8285714285714  0.0
835.2  0.0
836.5714285714286  0.0
837.9428571428572  0.0
839.3142857142857  0.0
840.6857142857143  0.0
842.0571428571428  0.0
843.4285714285714  0.0
844.8  0.0
846.1714285714286  0.0
847.5428571428572  0.0
848.9142857142857  0.0
850.2857142857143  0.0
851.6571428571428  0.0
853.0285714285715  0.0
854.4  0.0
855.7714285714286  0.0
857.1428571428571  0.0
858.5142857142857  0.0
859.8857142857142  0.0
861.2571428571429  0.0
862.6285714285715  0.0
864.0  0.0
865.3714285714286  0.0
866.7428571428571  0.0
868.1142857142858  0.0
869.4857142857143  0.0
870.8571428571429  0.0
872.2285714285714  0.0
873.6  0.0
874.9714285714285  0.0
876.3428571428572  0.0
877.7142857142858  0.0
879.0857142857143  0.0
880.4571428571429  0.0
881.8285714285714  1.22643584296123
883.2  3.2887395204414496
884.5714285714286  5.345732456813664
885.9428571428572  7.394092967013556
887.3142857142857  9.430513305839757
888.6857142857143  11.451705009387776
890.0571428571428  13.454404205343366
891.4285714285714  15.435376883570285
892.8  17.391424118470294
894.1714285714286  19.319387234692428
895.5428571428572  21.216152907842382
896.9142857142857  23.078658191958123
898.2857142857143  24.903895465635596
899.6571428571428  26.688917288810757
901.0285714285715  28.430841162363308
902.4  30.12685418284962
903.7714285714286  31.774217584851627
905.1428571428571  33.37027116360562
906.5142857142857  34.91243757076946
907.8857142857142  36.398226476390164
909.2571428571429  37.82523859035428
910.6285714285715  39.19116953682132
912.0  40.493813575390575
913.3714285714286  41.73106716298683
914.7428571428571  42.90093235071542
916.1142857142858  44.00152001020261
917.4857142857143  45.031052884207156
918.8571428571429  45.98786845658216
920.2285714285714  46.870421636948365
921.6  47.67728725574585
922.9714285714285  48.40716236563454
924.3428571428572  49.058868345527074
925.7142857142858  49.631352803856224
927.0857142857143  50.123691278004195
928.4571428571429  50.535088727148356
929.8285714285714  50.86488081611369
931.2  51.112534988158316
932.5714285714286  51.27765132495972
933.9428571428572  51.35996319241331
935.3142857142857  51.359337671199825
936.6857142857143  51.275775771427014
938.0571428571428  51.10941243099841
939.4285714285714  50.86051629771218
940.8  50.52948929544172
942.1714285714286  50.11686597509865
943.5428571428572  49.62331265142636
944.9142857142857  49.04962632701769
946.2857142857143  48.396733405294725
947.6571428571428  47.66568819452877
949.0285714285715  46.85767120531612
950.4  45.97398724425963
951.7714285714286  45.01606330693262
953.1428571428571  43.985446273530904
954.5142857142857  42.88380041092959
955.8857142857142  41.71290468518346
957.2571428571429  40.47464988880587
958.6285714285715  39.17103558746872
960.0  37.80416689105281
