0.0  1000.0  100.0
0.12  1000.0
0.24  1000.0
0.36  1000.0
0.48  1000.0
0.6  1000.0
0.72  1000.0
0.84  1000.0
0.96  1000.0
1.08  1000.0
1.2  1000.0
1.3199999999999998  1000.0
1.44  1000.0
1.56  1000.0
1.68  1000.0
1.7999999999999998  1000.0
1.92  1000.0
2.04  1000.0
2.16  1000.0
2.28  1000.0
2.4  1000.0
2.52  1000.0
2.6399999999999997  1000.0
2.76  1000.0
2.88  1000.0
3.0  1000.0
3.12  1000.0
3.2399999999999998  999.5681353220507
3.36  985.5602190266943
3.48  971.245116890735
3.5999999999999996  956.6272390863444
3.7199999999999998  941.7110911030347
3.84  926.5012724228902
3.96  911.0024751643713
4.08  895.2194826949795
4.2  879.1571682130814
4.32  862.8204932992043
4.4399999999999995  846.2145064371341
4.56  829.3443415051555
4.68  812.2152162377927
4.8  794.83243065842
4.92  777.2013654831297
5.04  759.3274804962581
5.16  741.2163128979828
5.279999999999999  722.8734756244227
5.3999999999999995  704.3046556406862
5.52  685.515612207324
5.64  666.5121751206653
5.76  647.3002429275225
5.88  627.885781114769
6.0  608.2748202743111
6.12  588.4734542439825
6.24  568.487838224911
6.359999999999999  548.3241868759228
6.4799999999999995  527.9887723855499
6.6  507.4879225222433
6.72  486.8280186633858
6.84  466.0154938037275
6.96  445.056830543873
7.08  423.95855905946337
7.199999999999999  402.7272550517142
7.319999999999999  381.3695376799762
7.4399999999999995  359.8920674770025
7.56  338.30154424761673
7.68  316.60470495149224
7.8  294.80832157075554
7.92  272.9191989631481
8.04  250.9441727014862
8.16  228.89010690016832
8.28  206.76389202949764
8.4  184.57244271858028
8.52  162.32269554759458
8.64  140.02160683020603
8.76  117.6761503869399
8.879999999999999  95.29331531030867
9.0  72.88010372251146
9.12  50.44352852653158
9.24  27.990611151448885
9.36  5.528379292815476
9.48  0.0
9.6  0.0
9.719999999999999  0.0
9.84  0.0
9.959999999999999  0.0
10.08  0.0
10.2  0.0
10.32  0.0
10.44  0.0
10.559999999999999  0.0
10.68  0.0
10.799999999999999  0.0
10.92  0.0
11.04  0.0
11.16  0.0
11.28  0.0
11.4  0.0
11.52  0.0
11.639999999999999  0.0
11.76  0.0
11.879999999999999  0.0
12.0  0.0
12.12  0.0
12.24  0.0
12.36  0.0
12.48  0.0
12.6  0.0
12.719999999999999  0.0
12.84  0.0
12.959999999999999  0.0
13.08  0.0
13.2  0.0
13.32  0.0
13.44  0.0
13.559999999999999  0.0
13.68  0.0
13.799999999999999  0.0
13.92  0.0
14.04  0.0
14.16  0.0
14.28  0.0
14.399999999999999  0.0
14.52  0.0
14.639999999999999  0.0
14.76  0.0
14.879999999999999  0.0
15.0  0.0
15.12  0.0
15.24  0.0
15.36  0.0
15.479999999999999  0.0
15.6  0.0
15.719999999999999  0.0
15.84  0.0
15.959999999999999  0.0
16.08  0.0
16.2  0.0
16.32  0.0
16.439999999999998  0.0
16.56  0.0
16.68  0.0
16.8  0.0
16.919999999999998  0.0
17.04  0.0
17.16  0.0
17.28  0.0
17.4  0.0
17.52  0.0
17.64  0.0
17.759999999999998  0.0
17.88  0.0
18.0  0.0
18.12  0.0
18.24  0.0
18.36  0.0
18.48  0.0
18.599999999999998  0.0
18.72  0.0
18.84  0.0
18.96  0.0
19.08  0.0
19.2  0.0
19.32  0.0
19.439999999999998  0.0
19.56  0.0
19.68  0.0
19.8  0.0
19.919999999999998  0.0
20.04  0.0
20.16  0.0
20.279999999999998  0.0
20.4  0.0
20.52  0.0
20.64  0.0
20.759999999999998  0.0
20.88  0.0
21.0  0.0
21.119999999999997  0.0
21.24  0.0
21.36  0.0
21.48  0.0
21.599999999999998  0.0
21.72  0.0
21.84  0.0
21.96  0.0
22.08  0.0
22.2  0.0
22.32  0.0
22.439999999999998  0.0
22.56  0.0
22.68  0.0
22.8  0.0
22.919999999999998  0.0
23.04  0.0
23.16  0.0
23.279999999999998  0.0
23.4  0.0
23.52  0.0
23.64  0.0
23.759999999999998  0.0
23.88  0.0
24.0  0.0
24.119999999999997  0.0
24.24  0.0
24.36  0.0
24.48  0.0
24.599999999999998  0.0
24.72  0.0
24.84  0.0
24.96  0.0
25.08  0.0
25.2  0.0
25.32  0.0
25.439999999999998  0.0
25.56  0.0
25.68  0.0
25.8  0.0
25.919999999999998  0.0
26.04  0.0
26.16  0.0
26.279999999999998  0.0
26.4  0.0
26.52  0.0
26.64  0.0
26.759999999999998  0.0
26.88  0.0
27.0  0.0
27.119999999999997  0.0
27.24  0.0
27.36  0.0
27.48  0.0
27.599999999999998  0.0
27.72  0.0
27.84  0.0
27.959999999999997  0.0
28.08  0.0
28.2  0.0
28.32  0.0
28.439999999999998  0.0
28.56  0.0
28.68  0.0
28.799999999999997  0.0
28.919999999999998  0.0
29.04  0.0
29.16  0.0
29.279999999999998  0.0
29.4  0.0
29.52  0.0
29.64  0.0
29.759999999999998  0.0
29.88  0.0
30.0  0.0
30.119999999999997  0.0
30.24  0.0
30.36  0.0
30.48  0.0
30.599999999999998  0.0
30.72  0.0
30.84  14.203156283894504
30.959999999999997  36.61255284003253
31.08  59.011481866842466
31.2  81.3930052285793
31.32  103.75018846788002
31.439999999999998  126.07610291106754
31.56  148.3638277749302
31.68  170.60645227438366
31.799999999999997  192.7970777304527
31.919999999999998  214.92881967800506
32.04  236.99480997262373
32.16  258.98819889605954
32.28  280.9021572596386
32.4  302.7298785050264
32.519999999999996  324.4645808017628
32.64  346.09950914091183
32.76  367.6279374242302
32.879999999999995  389.0431705482297
33.0  410.33854648248365
33.12  431.507438341547
33.24  452.54325644985886
33.36  473.4394503989518
33.48  494.1895110963471
33.6  514.786972805453
33.72  535.225415175808
33.839999999999996  555.4984652630299
33.96  575.5997995377586
34.08  595.5231458829492
34.199999999999996  615.2622855788386
34.32  634.8110552748893
34.44  654.1633489480423
34.56  673.3131198466002
34.68  692.2543824190352
34.8  710.9812142270566
34.92  729.4877578422416
35.04  747.7682227255289
35.16  765.8168870889122
35.28  783.6280997386194
35.4  801.1962818990986
35.519999999999996  818.5159290171346
35.64  835.5816125453883
35.76  852.3879817046891
35.879999999999995  868.9297652243987
36.0  885.2017730601609
36.12  901.1988980883558
36.24  916.9161177766107
36.36  932.3484958296626
36.48  947.4911838099431
36.6  962.3394227322024
36.72  976.8885446315301
36.839999999999996  991.133974104129
36.96  1000.0
37.08  1000.0
37.199999999999996  1000.0
37.32  1000.0
37.44  1000.0
37.559999999999995  1000.0
37.68  1000.0
37.8  1000.0
37.92  1000.0
38.04  1000.0
38.16  1000.0
38.28  1000.0
38.4  1000.0
38.519999999999996  1000.0
38.64  1000.0
38.76  1000.0
38.879999999999995  1000.0
39.0  1000.0
39.12  1000.0
39.24  1000.0
39.36  1000.0
39.48  1000.0
39.6  1000.0
39.72  1000.0
39.839999999999996  1000.0
39.96  1000.0
40.08  1000.0
40.199999999999996  1000.0
40.32  1000.0
40.44  1000.0
40.559999999999995  1000.0
40.68  1000.0
40.8  1000.0
40.92  1000.0
41.04  1000.0
41.16  1000.0
41.28  1000.0
41.4  1000.0
41.519999999999996  1000.0
41.64  1000.0
41.76  1000.0
41.879999999999995  1000.0
42.0  1000.0
42.12  1000.0
42.239999999999995  1000.0
42.36  1000.0
42.48  1000.0
42.6  1000.0
42.72  1000.0
42.839999999999996  1000.0
42.96  1000.0
43.08  1000.0
43.199999999999996  1000.0
43.32  1000.0
43.44  1000.0
43.559999999999995  1000.0
43.68  1000.0
43.8  1000.0
43.92  1000.0
44.04  1000.0
44.16  1000.0
44.28  1000.0
44.4  1000.0
44.519999999999996  1000.0
44.64  1000.0
44.76  1000.0
44.879999999999995  1000.0
45.0  1000.0
45.12  1000.0
45.239999999999995  1000.0
45.36  1000.0
45.48  1000.0
45.6  1000.0
45.72  1000.0
45.839999999999996  1000.0
45.96  1000.0
46.08  988.321522699603
46.199999999999996  974.0120656813808
46.32  959.3996351174595
46.44  944.4888271382273
46.559999999999995  929.2843305238949
46.68  913.7909251547911
46.8  898.0134804338085
46.92  881.9569536816397
47.04  865.626388505498
47.16  849.0269131419507
47.28  832.1637387745799
47.4  815.0421578271332
47.519999999999996  797.6675422328469
47.64  780.0453416806475
47.76  762.1810818389229
47.879999999999995  744.080362557551
48.0  725.7488560489078
48.12  707.1923050485553
48.239999999999995  688.4165209562971
48.36  669.4273819583473
48.48  650.2308311312993
48.6  630.8328745286068
48.72  611.2395792503099
48.839999999999996  591.4570714966927
48.96  571.4915346066068
49.08  551.3492070811652
49.199999999999996  531.0363805935079
49.32  510.559397985364
49.44  489.92465125111715
49.559999999999995  469.1385795100509
49.68  448.2076669675191
49.8  427.1384408657142
49.92  405.93746942472296
50.04  384.61135977459
50.16  363.1667558790447
50.28  341.61033645159984
50.4  319.9488128646928
50.519999999999996  298.18892705253313
50.64  276.3374494083435
50.76  254.4011766766551
50.879999999999995  232.38692984129028
51.0  210.30155200972501
51.12  188.15190629445246
51.239999999999995  165.94487369198472
51.36  143.6873509601449
51.48  121.38624849426772
51.6  99.04848820291822
51.72  76.68100138376951
51.839999999999996  54.29072660022076
51.96  31.88460755936626
52.08  9.469590991920642
52.199999999999996  0.0
52.32  0.0
52.44  0.0
52.559999999999995  0.0
52.68  0.0
52.8  0.0
52.919999999999995  0.0
53.04  0.0
53.16  0.0
53.28  0.0
53.4  0.0
53.519999999999996  0.0
53.64  0.0
53.76  0.0
53.879999999999995  0.0
54.0  0.0
54.12  0.0
54.239999999999995  0.0
54.36  0.0
54.48  0.0
54.6  0.0
54.72  0.0
54.839999999999996  0.0
54.96  0.0
55.08  0.0
55.199999999999996  0.0
55.32  0.0
55.44  0.0
55.559999999999995  0.0
55.68  0.0
55.8  0.0
55.919999999999995  0.0
56.04  0.0
56.16  0.0
56.28  0.0
56.4  0.0
56.519999999999996  0.0
56.64  0.0
56.76  0.0
56.879999999999995  0.0
57.0  0.0
57.12  0.0
57.239999999999995  0.0
57.36  0.0
57.48  0.0
57.599999999999994  0.0
57.72  0.0
57.839999999999996  0.0
57.96  0.0
58.08  0.0
58.199999999999996  0.0
58.32  0.0
58.44  0.0
58.559999999999995  0.0
58.68  0.0
58.8  0.0
58.919999999999995  0.0
59.04  0.0
59.16  0.0
59.28  0.0
59.4  0.0
59.519999999999996  0.0
59.64  0.0
59.76  0.0
59.879999999999995  0.0
60.0  0.0
60.12  0.0
60.239999999999995  0.0
60.36  0.0
60.48  0.0
60.599999999999994  0.0
60.72  0.0
60.839999999999996  0.0
60.96  0.0
61.08  0.0
61.199999999999996  0.0
61.32  0.0
61.44  0.0
61.559999999999995  0.0
61.68  0.0
61.8  0.0
61.919999999999995  0.0
62.04  0.0
62.16  0.0
62.28  0.0
62.4  0.0
62.519999999999996  0.0
62.64  0.0
62.76  0.0
62.879999999999995  0.0
63.0  0.0
63.12  0.0
63.239999999999995  0.0
63.36  0.0
63.48  0.0
63.599999999999994  0.0
63.72  0.0
63.839999999999996  0.0
63.96  0.0
64.08  0.0
64.2  0.0
64.32  0.0
64.44  0.0
64.56  0.0
64.67999999999999  0.0
64.8  0.0
64.92  0.0
65.03999999999999  0.0
65.16  0.0
65.28  0.0
65.39999999999999  0.0
65.52  0.0
65.64  0.0
65.75999999999999  0.0
65.88  0.0
66.0  0.0
66.12  0.0
66.24  0.0
66.36  0.0
66.48  0.0
66.6  0.0
66.72  0.0
66.84  0.0
66.96  0.0
67.08  0.0
67.2  0.0
67.32  0.0
67.44  0.0
67.56  0.0
67.67999999999999  0.0
67.8  0.0
67.92  0.0
68.03999999999999  0.0
68.16  0.0
68.28  0.0
68.39999999999999  0.0
68.52  0.0
68.64  0.0
68.75999999999999  0.0
68.88  0.0
69.0  0.0
69.12  0.0
69.24  0.0
69.36  0.0
69.48  0.0
69.6  0.0
69.72  0.0
69.84  0.0
69.96  0.0
70.08  0.0
70.2  0.0
70.32  0.0
70.44  0.0
70.56  0.0
70.67999999999999  0.0
70.8  0.0
70.92  0.0
71.03999999999999  0.0
71.16  0.0
71.28  0.0
71.39999999999999  0.0
71.52  0.0
71.64  0.0
71.75999999999999  0.0
71.88  0.0
72.0  0.0
72.11999999999999  0.0
72.24  0.0
72.36  0.0
72.48  0.0
72.6  0.0
72.72  0.0
72.84  0.0
72.96  0.0
73.08  0.0
73.2  0.0
73.32  0.0
73.44  0.0
73.56  10.085490256056667
73.67999999999999  32.54866649971929
73.8  55.00126849963933
73.92  77.43626511527839
74.03999999999999  99.84663158364356
74.16  122.22535178690961
74.28  144.56542051557798
74.39999999999999  166.859845726291
74.52  189.10165079349355
74.64  211.2838767540581
74.75999999999999  233.39958454405956
74.88  255.44185722690747
75.0  277.4038022119274
75.11999999999999  299.2785534626909
75.24  321.0592736942001
75.36  342.7391565581813
75.48  364.31142881567723
75.6  385.76935249618015
75.72  407.10622704254337
75.84  428.31539144086105
75.96  449.39022633466305
76.08  470.3241561226069
76.2  491.11065103899307
76.32  511.74322921636326
76.44  532.2154587295304
76.56  552.5209596202726
76.67999999999999  572.653405902107
76.8  592.6065275444422
76.92  612.3741124354264
77.03999999999999  631.9500083229449
77.16  651.3281247330665
77.28  670.5024348653805
77.39999999999999  689.4669774646047
77.52  708.2158586679369
77.64  726.7432538275035
77.75999999999999  745.0434093074595
77.88  763.1106442551256
78.0  780.939352345695
78.11999999999999  798.5240034999771
78.24  815.8591455747263
78.36  832.93940602505
78.48  849.7594935384518
78.6  866.3141996400938
78.72  882.5984002688095
78.84  898.6070573234958
78.96  914.3352201794606
79.08  929.7780271743874
79.2  944.9307070634911
79.32  959.7885804435816
79.44  974.3470611456738
79.56  988.6016575957964
79.67999999999999  1000.0
79.8  1000.0
79.92  1000.0
80.03999999999999  1000.0
80.16  1000.0
80.28  1000.0
80.39999999999999  1000.0
80.52  1000.0
80.64  1000.0
80.75999999999999  1000.0
80.88  1000.0
81.0  1000.0
81.11999999999999  1000.0
81.24  1000.0
81.36  1000.0
81.48  1000.0
81.6  1000.0
81.72  1000.0
81.84  1000.0
81.96  1000.0
82.08  1000.0
82.2  1000.0
82.32  1000.0
82.44  1000.0
82.56  1000.0
82.67999999999999  1000.0
82.8  1000.0
82.92  1000.0
83.03999999999999  1000.0
83.16  1000.0
83.28  1000.0
83.39999999999999  1000.0
83.52  1000.0
83.64  1000.0
83.75999999999999  1000.0
83.88  1000.0
84.0  1000.0
84.11999999999999  1000.0
84.24  1000.0
84.36  1000.0
84.47999999999999  1000.0
84.6  1000.0
84.72  1000.0
84.84  1000.0
84.96  1000.0
85.08  1000.0
85.2  1000.0
85.32  1000.0
85.44  1000.0
85.56  1000.0
85.67999999999999  1000.0
85.8  1000.0
85.92  1000.0
86.03999999999999  1000.0
86.16  1000.0
86.28  1000.0
86.39999999999999  1000.0
86.52  1000.0
86.64  1000.0
86.75999999999999  1000.0
86.88  1000.0
87.0  1000.0
87.11999999999999  1000.0
87.24  1000.0
87.36  1000.0
87.47999999999999  1000.0
87.6  1000.0
87.72  1000.0
87.84  1000.0
87.96  1000.0
88.08  1000.0
88.2  1000.0
88.32  1000.0
88.44  1000.0
88.56  1000.0
88.67999999999999  1000.0
88.8  991.0599102115535
88.92  976.8807479406842
89.03999999999999  962.3982063908228
89.16  947.6167459362287
89.28  932.5409190563417
89.39999999999999  917.1753690035115
89.52  901.5248284439288
89.64  885.5941180720951
89.75999999999999  869.3881451990185
89.88  852.9119023144842
90.0  836.1704656236468
90.11999999999999  819.1689935582585
90.24  801.912725262793
90.36  784.4069790558386
90.47999999999999  766.6571508670003
90.6  748.6687126496599
90.72  730.4472107699588
90.84  711.9982643722572
90.96  693.3275637214986
91.08  674.4408685227495
91.2  655.3440062183591
91.32  636.0428702630282
91.44  616.5434183771947
91.56  596.851670779159
91.67999999999999  576.9737083962631
91.8  556.9156710555991
91.92  536.6837556546192
92.03999999999999  516.284214312095
92.16  495.72335249981097
92.28  475.0075271555182
92.39999999999999  454.1431447774962
92.52  433.136659501266
92.64  411.9945711588938
92.75999999999999  390.723423321349
92.88  369.3298013244476
93.0  347.82033027884944
93.11999999999999  326.2016730646497
93.24  304.4805283110363
93.36  282.6636283616351
93.47999999999999  260.7577372259793
93.6  238.76964851774156
93.72  216.70618338024823
93.84  194.57418839987125
93.96  172.3805335078659
94.08  150.1321098712417
94.2  127.83582777333221
94.32  105.49861448457732
94.44  83.12741212423579
94.56  60.72917551360706
94.67999999999999  38.310870021441964
94.8  15.879469402141405
94.92  0.0
95.03999999999999  0.0
95.16  0.0
95.28  0.0
95.39999999999999  0.0
95.52  0.0
95.64  0.0
95.75999999999999  0.0
95.88  0.0
96.0  0.0
96.11999999999999  0.0
96.24  0.0
96.36  0.0
96.47999999999999  0.0
96.6  0.0
96.72  0.0
96.84  0.0
96.96  0.0
97.08  0.0
97.2  0.0
97.32  0.0
97.44  0.0
97.56  0.0
97.67999999999999  0.0
97.8  0.0
97.92  0.0
98.03999999999999  0.0
98.16  0.0
98.28  0.0
98.39999999999999  0.0
98.52  0.0
98.64  0.0
98.75999999999999  0.0
98.88  0.0
99.0  0.0
99.11999999999999  0.0
99.24  0.0
99.36  0.0
99.47999999999999  0.0
99.6  0.0
99.72  0.0
99.84  0.0
99.96  0.0
100.08  0.0
100.2  0.0
100.32  0.0
100.44  0.0
100.56  0.0
100.67999999999999  0.0
100.8  0.0
100.92  0.0
101.03999999999999  0.0
101.16  0.0
101.28  0.0
101.39999999999999  0.0
101.52  0.0
101.64  0.0
101.75999999999999  0.0
101.88  0.0
102.0  0.0
102.11999999999999  0.0
102.24  0.0
102.36  0.0
102.47999999999999  0.0
102.6  0.0
102.72  0.0
102.83999999999999  0.0
102.96  0.0
103.08  0.0
103.2  0.0
103.32  0.0
103.44  0.0
103.56  0.0
103.67999999999999  0.0
103.8  0.0
103.92  0.0
104.03999999999999  0.0
104.16  0.0
104.28  0.0
104.39999999999999  0.0
104.52  0.0
104.64  0.0
104.75999999999999  0.0
104.88  0.0
105.0  0.0
105.11999999999999  0.0
105.24  0.0
105.36  0.0
105.47999999999999  0.0
105.6  0.0
105.72  0.0
105.83999999999999  0.0
105.96  0.0
106.08  0.0
106.2  0.0
106.32  0.0
106.44  0.0
106.56  0.0
106.67999999999999  0.0
106.8  0.0
106.92  0.0
107.03999999999999  0.0
107.16  0.0
107.28  0.0
107.39999999999999  0.0
107.52  0.0
107.64  0.0
107.75999999999999  0.0
107.88  0.0
108.0  0.0
108.11999999999999  0.0
108.24  0.0
108.36  0.0
108.47999999999999  0.0
108.6  0.0
108.72  0.0
108.83999999999999  0.0
108.96  0.0
109.08  0.0
109.2  0.0
109.32  0.0
109.44  0.0
109.56  0.0
109.67999999999999  0.0
109.8  0.0
109.92  0.0
110.03999999999999  0.0
110.16  0.0
110.28  0.0
110.39999999999999  0.0
110.52  0.0
110.64  0.0
110.75999999999999  0.0
110.88  0.0
111.0  0.0
111.11999999999999  0.0
111.24  0.0
111.36  0.0
111.47999999999999  0.0
111.6  0.0
111.72  0.0
111.83999999999999  0.0
111.96  0.0
112.08  0.0
112.2  0.0
112.32  0.0
112.44  0.0
112.56  0.0
112.67999999999999  0.0
112.8  0.0
112.92  0.0
113.03999999999999  0.0
113.16  0.0
113.28  0.0
113.39999999999999  0.0
113.52  0.0
113.64  0.0
113.75999999999999  0.0
113.88  0.0
114.0  0.0
114.11999999999999  0.0
114.24  0.0
114.36  0.0
114.47999999999999  0.0
114.6  0.0
114.72  0.0
114.83999999999999  0.0
114.96  0.0
115.08  0.0
115.19999999999999  0.0
115.32  0.0
115.44  0.0
115.56  0.0
115.67999999999999  0.0
115.8  0.0
115.92  0.0
116.03999999999999  0.0
116.16  0.0
116.28  4.972999572971623
116.39999999999999  27.37355857292891
116.52  49.76546052287671
116.64  72.14178914801523
116.75999999999999  94.49563318433509
116.88  116.82008843736838
117.0  139.10825983865055
117.11999999999999  161.35326349937336
117.24  183.5482287607127
117.36  205.68630024047215
117.47999999999999  227.76063987543068
117.6  249.7644289590693
117.72  271.69087017406525
117.83999999999999  293.53318961919643
117.96  315.28463883013984
118.08  336.93849679365394
118.19999999999999  358.48807195475325
118.32  379.9267042163625
118.44  401.2477669309407
118.56  422.44466888367907
118.67999999999999  443.510856266758
118.8  464.439814644149
118.92  485.2250709065887
119.03999999999999  505.8601952161164
119.16  526.338802939833
119.28  546.6545565722702
119.39999999999999  566.8011676459905
119.52  586.7723986298979
119.64  606.5620648147326
119.75999999999999  626.1640361853412
119.88  645.5722392791939
120.0  664.7806590306269
