0.0  43.86361646880676
1.68  34.593170414701724
3.36  22.641705599985112
5.04  33.44274978702556
6.72  44.0109483391766
8.4  31.856457924147847
10.08  22.844858552468523
11.76  36.15344492032726
13.44  10.127309216924289
15.12  0.0
16.8  0.0
18.48  5.346550587684819
20.16  8.91532080570411
21.84  0.0
23.52  0.0
25.2  7.523664852915564
26.88  7.120836815153085
28.56  0.0
30.24  0.0
31.919999999999998  9.209209424503168
33.6  4.86110249246496
35.28  0.0
36.96  0.0
38.64  10.293056772198097
40.32  2.2837608986258564
42.0  0.0
43.68  0.0
45.36  10.704392137624183
47.04  0.0
48.72  0.0
50.4  1.8064193919753704
52.08  10.416340320527292
53.76  0.0
55.44  0.0
57.12  4.422908396531134
58.8  9.447721609457233
60.48  0.0
62.16  0.0
63.839999999999996  6.75042018479698
65.52  7.861822130572696
67.2  0.0
68.88  0.0
70.56  8.636883355524114
72.24  5.762258955636529
73.92  0.0
75.6  0.0
77.28  9.959043066686444
78.96  3.286210128443151
80.64  0.0
82.32  0.0
84.0  10.630514071616387
85.67999999999999  0.595451935845261
87.36  0.0
89.03999999999999  0.7757411319049377
90.72  10.607424825975317
92.39999999999999  0.0
94.08  0.0
95.75999999999999  3.45767685460153
97.44  9.891283899539815
99.11999999999999  0.0
100.8  0.0
102.47999999999999  5.913700181496131
104.16  8.528881411579581
105.83999999999999  0.0
107.52  0.0
109.2  7.98334322121087
110.88  6.609231929691502
112.56  0.0
114.24  0.0
115.92  9.531382805931369
117.6  4.257758572283971
119.28  0.0
120.96  0.0
122.64  10.456675495687328
124.32  1.6280983049195277
126.0  0.0
127.67999999999999  0.0
129.35999999999999  10.698765933558212
131.04  0.0
132.72  0.0
134.4  2.4599321962601537
136.07999999999998  10.241836785212358
137.76  0.0
139.44  0.0
141.12  5.0213726617873125
142.79999999999998  9.115742187677379
144.48  0.0
146.16  0.0
147.84  7.254734369252009
149.51999999999998  7.394057185448897
151.2  0.0
152.88  0.0
154.56  9.01409735121879
156.23999999999998  5.189270596894395
157.92  0.0
159.6  0.0
161.28  10.184511043174231
162.96  2.6454353920844786
164.64  0.0
166.32  0.0
168.0  10.689504747494514
