0.0  46.180529097500454
1.68  42.66837498566222
3.36  19.29061906616774
5.04  25.7967115878432
6.72  48.341246373295654
8.4  38.94792426215424
10.08  17.606371831439606
11.76  29.73286019548855
13.44  16.188066274229545
15.12  1.5273026604770035
16.8  0.0
18.48  0.5709176705020855
20.16  16.310548422042963
21.84  0.0
23.52  0.0
25.2  4.705006734304183
26.88  15.367356932377984
28.56  0.0
30.24  0.0
31.919999999999998  8.531687272582335
33.6  13.420116606536318
35.28  0.0
36.96  0.0
38.64  11.800937491882818
40.32  10.596053251240628
42.0  0.0
43.68  0.0
45.36  14.299156127374983
47.04  7.079681193687941
48.72  0.0
50.4  0.0
52.08  15.863118395218738
53.76  3.100747766974383
55.44  0.0
57.12  0.0
58.8  16.39064052355516
60.48  0.0
62.16  0.0
63.839999999999996  3.162165059634135
65.52  15.847256079324616
67.2  0.0
68.88  0.0
70.56  7.136061572634215
72.24  14.268467883293656
73.92  0.0
75.6  0.0
77.28  10.643713021605574
78.96  11.757428381115087
80.64  0.0
82.32  0.0
84.0  13.455941847222249
85.67999999999999  8.478200026784766
87.36  0.0
89.03999999999999  0.0
90.72  15.389006948665932
92.39999999999999  4.645036021241196
94.08  0.0
95.75999999999999  0.0
97.44  16.316608678319987
99.11999999999999  0.508381764794243
100.8  0.0
102.47999999999999  1.5895890156111605
104.16  16.178140814750698
105.83999999999999  0.0
107.52  0.0
109.2  5.673334286739878
110.88  14.982650359200886
112.56  0.0
114.24  0.0
115.92  9.386403929462746
117.6  12.808246436475487
119.28  0.0
120.96  0.0
122.64  12.48619908505471
124.32  9.796996920549057
126.0  0.0
127.67999999999999  0.0
129.35999999999999  14.77019008416174
131.04  6.145646221355454
132.72  0.0
134.4  0.0
136.07999999999998  16.08914902021677
137.76  2.092760699793997
139.44  0.0
141.12  0.0020657989968277946
142.79999999999998  16.356899773894874
144.48  0.0
146.16  0.0
147.84  4.157259685331147
149.51999999999998  15.555948456442199
151.2  0.0
152.88  0.0
154.56  8.040832904096629
156.23999999999998  13.738626398592135
157.92  0.0
159.6  0.0
161.28  11.399046494997961
162.96  11.023671006208327
164.64  0.0
166.32  0.0
168.0  14.012486640654927
