0.0  48.497441726194154
1.68  50.74357955662271
3.36  15.939532532350366
5.04  18.150673388660834
6.72  52.67154440741471
8.4  46.03939060016064
10.08  12.367885110410686
11.76  23.312275470649837
13.44  22.2488233315348
15.12  7.171699396654811
16.8  0.0
18.48  0.0
20.16  23.70577603838182
21.84  1.1687680128776705
23.52  0.0
25.2  1.8863486156928015
26.88  23.61387704960288
28.56  0.0
30.24  0.0
31.919999999999998  7.854165120661504
33.6  21.979130720607674
35.28  0.0
36.96  0.0
38.64  13.30881821156754
40.32  18.9083456038554
42.0  0.0
43.68  0.0
45.36  17.893920117125784
47.04  14.602155955203544
48.72  0.0
50.4  0.0
52.08  21.309896469910186
53.76  9.341913000117277
55.44  0.0
57.12  0.0
58.8  23.333559437653086
60.48  3.471302438115668
62.16  0.0
63.839999999999996  0.0
65.52  23.832690028076538
67.2  0.0
68.88  0.0
70.56  5.635239789744318
72.24  22.77467681095078
73.92  0.0
75.6  0.0
77.28  11.328382976524702
78.96  20.228646633787026
80.64  0.0
82.32  0.0
84.0  16.28136962282811
85.67999999999999  16.36094811772427
87.36  0.0
89.03999999999999  0.0
90.72  20.170589071356545
92.39999999999999  11.424283026040882
94.08  0.0
95.75999999999999  0.0
97.44  22.74193345710016
99.11999999999999  5.741195623290716
100.8  0.0
102.47999999999999  0.0
104.16  23.827400217921817
105.83999999999999  0.0
107.52  0.0
109.2  3.3633253522688875
110.88  23.35606878871027
112.56  0.0
114.24  0.0
115.92  9.241425052994124
117.6  21.358734300667006
119.28  0.0
120.96  0.0
122.64  14.515722674422092
124.32  17.96589553617859
126.0  0.0
127.67999999999999  0.0
129.35999999999999  18.841614234765267
131.04  13.399228599197711
132.72  0.0
134.4  0.0
136.07999999999998  21.936461255221175
137.76  7.957103381401826
139.44  0.0
141.12  0.0
142.79999999999998  23.59805736011237
144.48  1.995089127085846
146.16  0.0
147.84  1.0597850014102868
149.51999999999998  23.717839727435496
151.2  0.0
152.88  0.0
154.56  7.0675684569744694
156.23999999999998  22.287982200289875
157.92  0.0
159.6  0.0
161.28  12.61358194682169
162.96  19.401906620332174
164.64  0.0
166.32  0.0
168.0  17.33546853381534
