0.0  37.8392491738177
1.68  32.96320463880425
3.36  28.692219651603054
5.04  32.00819073433261
6.72  37.49040883759715
8.4  36.176941380650135
10.08  30.214949708486987
11.76  29.35066543875924
13.44  1.6636244837564975
15.12  4.590344203307457
16.8  0.013102114413553023
18.48  0.0
20.16  0.0
21.84  3.9689489137976164
23.52  3.1378285502811467
25.2  0.0
26.88  0.0
28.56  1.2999963361922535
30.24  4.6437677816606895
31.919999999999998  0.3962444271094103
33.6  0.0
35.28  0.0
36.96  3.7540146592012507
38.64  3.410855065693381
40.32  0.0
42.0  0.0
43.68  0.9275875603286827
45.36  4.665825734077911
47.04  0.7767103668545918
48.72  0.0
50.4  0.0
52.08  3.513724481334152
53.76  3.6608434773195184
55.44  0.0
57.12  0.0
58.8  0.5489135348212795
60.48  4.656369073461368
62.16  1.1519301341009156
63.839999999999996  0.0
65.52  0.0
67.2  3.2497013837980564
68.88  3.8861052763072363
70.56  0.0
72.24  0.0
73.92  0.16653195600502868
75.6  4.61546167339248
77.28  1.5193693637774093
78.96  0.0
80.64  0.0
82.32  2.963728670604883
84.0  4.085118965963117
85.67999999999999  0.0
87.36  0.0
89.03999999999999  0.0
90.72  4.543379836707415
92.39999999999999  1.8765462432754692
94.08  0.0
95.75999999999999  0.0
97.44  2.6577379011202686
99.11999999999999  4.256540338471606
100.8  0.0
102.47999999999999  0.0
104.16  0.0
105.83999999999999  4.440610429251439
107.52  2.2210482754758982
109.2  0.0
110.88  0.0
112.56  2.3337958436380166
114.24  4.399211554142944
115.92  0.0
117.6  0.0
119.28  0.0
120.96  4.307847591417357
122.64  2.550548573595269
124.32  0.0
126.0  0.0
127.67999999999999  1.9940905157072175
129.35999999999999  4.512168961866012
131.04  0.0
132.72  0.0
134.4  0.0
136.07999999999998  4.145988049679258
137.76  2.8628215777904167
139.44  0.0
141.12  0.0
142.79999999999998  1.6409164054989687
144.48  4.59464960794373
146.16  0.03738283867529657
147.84  0.0
149.51999999999998  0.0
151.2  3.956125059789704
152.88  3.1557580873646187
154.56  0.0
156.23999999999998  0.0
157.92  1.276658974033699
159.6  4.646096389348261
161.28  0.42043236566775355
162.96  0.0
164.64  0.0
166.32  3.7395410225490204
168.0  3.4273795070449014
