0.0  33.333333333333336
0.768  33.333333333333336
1.536  33.333333333333336
2.3040000000000003  33.333333333333336
3.072  33.333333333333336
3.84  33.333333333333336
4.6080000000000005  33.333333333333336
5.376  33.333333333333336
6.144  33.333333333333336
6.912  33.333333333333336
7.68  33.333333333333336
8.448  33.333333333333336
9.216000000000001  33.333333333333336
9.984  33.333333333333336
10.752  33.333333333333336
11.52  33.333333333333336
12.288  0.0
13.056000000000001  0.0
13.824  0.0
14.592  0.0
15.36  0.0
16.128  0.0
16.896  0.0
17.664  0.0
18.432000000000002  0.0
19.2  0.0
19.968  0.0
20.736  0.0
21.504  0.0
22.272000000000002  0.0
23.04  0.0
23.808  0.0
24.576  0.0
25.344  0.0
26.112000000000002  0.0
26.88  0.0
27.648  0.0
28.416  0.0
29.184  0.0
29.952  0.0
30.72  0.0
31.488  0.0
32.256  0.0
33.024  0.0
33.792  0.0
34.56  0.0
35.328  0.0
36.096000000000004  0.0
36.864000000000004  0.0
37.632  0.0
38.4  0.0
39.168  0.0
39.936  0.0
40.704  0.0
41.472  0.0
42.24  0.0
43.008  0.0
43.776  0.0
44.544000000000004  0.0
45.312  0.0
46.08  0.0
46.848  0.0
47.616  0.0
48.384  0.0
49.152  0.0
49.92  0.0
50.688  0.0
51.456  0.0
52.224000000000004  0.0
52.992000000000004  0.0
53.76  0.0
54.528  0.0
55.296  0.0
56.064  0.0
56.832  0.0
57.6  0.0
58.368  0.0
59.136  0.0
59.904  0.0
60.672000000000004  0.0
61.44  0.0
62.208  0.0
62.976  0.0
63.744  0.0
64.512  0.0
65.28  0.0
66.048  0.0
66.816  0.0
67.584  0.0
68.352  0.0
69.12  0.0
69.888  0.0
70.656  0.0
71.424  0.0
72.19200000000001  0.0
72.96000000000001  0.0
73.72800000000001  0.0
74.496  0.0
75.264  0.0
76.032  0.0
76.8  0.0
77.568  0.0
78.336  0.0
79.104  0.0
79.872  0.0
80.64  0.0
81.408  0.0
82.176  0.0
82.944  0.0
83.712  0.0
84.48  0.0
85.248  0.0
86.016  0.0
86.784  0.0
87.552  0.0
88.32000000000001  0.0
89.08800000000001  0.0
89.85600000000001  0.0
90.624  0.0
91.392  0.0
92.16  0.0
92.928  0.0
93.696  0.0
94.464  0.0
95.232  0.0
96.0  0.0
96.768  0.0
97.536  0.0
98.304  0.0
99.072  0.0
99.84  0.0
100.608  0.0
101.376  0.0
102.144  0.0
102.912  0.0
103.68  0.0
104.44800000000001  0.0
105.21600000000001  0.0
105.98400000000001  0.0
106.752  0.0
107.52  0.0
108.288  0.0
109.056  0.0
109.824  0.0
110.592  0.0
111.36  0.0
112.128  0.0
112.896  0.0
113.664  0.0
114.432  0.0
115.2  0.0
115.968  0.0
116.736  0.0
117.504  0.0
118.272  0.0
119.04  0.0
119.808  0.0
120.57600000000001  0.0
121.34400000000001  0.0
122.11200000000001  0.0
122.88  0.0
123.648  0.0
124.416  0.0
125.184  0.0
125.952  0.0
126.72  0.0
127.488  0.0
128.256  0.0
129.024  0.0
129.792  0.0
130.56  0.0
131.328  0.0
132.096  0.0
132.864  0.0
133.632  0.0
134.4  0.0
135.168  0.0
135.936  0.0
136.704  0.0
137.472  0.0
138.24  0.0
139.008  0.0
139.776  0.0
140.544  0.0
141.312  0.0
142.08  0.0
142.848  0.0
143.616  0.0
144.38400000000001  0.0
145.15200000000002  0.0
145.92000000000002  0.0
146.68800000000002  0.0
147.45600000000002  0.0
148.224  0.0
148.992  0.0
149.76  0.0
150.528  0.0
151.296  0.0
152.064  0.0
152.832  0.0
153.6  0.0
154.368  0.0
155.136  0.0
155.904  0.0
156.672  0.0
157.44  0.0
158.208  0.0
158.976  0.0
159.744  0.0
160.512  0.0
161.28  0.0
162.048  0.0
162.816  0.0
163.584  0.0
164.352  0.0
165.12  0.0
165.888  0.0
166.656  0.0
167.424  0.0
168.192  0.0
168.96  0.0
169.728  0.0
170.496  0.0
171.264  0.0
172.032  0.0
172.8  0.0
173.568  0.0
174.336  0.0
175.104  0.0
175.872  0.0
176.64000000000001  0.0
177.40800000000002  0.0
178.17600000000002  0.0
178.94400000000002  0.0
179.71200000000002  0.0
180.48  0.0
181.248  0.0
182.016  0.0
182.784  0.0
183.552  0.0
184.32  0.0
185.088  0.0
185.856  0.0
186.624  0.0
187.392  0.0
188.16  0.0
188.928  0.0
189.696  0.0
190.464  0.0
191.232  0.0
192.0  0.0
192.768  0.0
193.536  0.0
194.304  0.0
195.072  0.0
195.84  0.0
196.608  0.0
197.376  0.0
198.144  0.0
198.912  0.0
199.68  0.0
200.448  0.0
201.216  0.0
201.984  0.0
202.752  0.0
203.52  0.0
204.288  0.0
205.056  0.0
205.824  0.0
206.592  0.0
207.36  0.0
208.12800000000001  0.0
208.89600000000002  0.0
209.66400000000002  0.0
210.43200000000002  0.0
211.20000000000002  0.0
211.96800000000002  0.0
212.73600000000002  0.0
213.504  0.0
214.272  0.0
215.04  0.0
215.808  0.0
216.576  0.0
217.344  0.0
218.112  0.0
218.88  0.0
219.648  0.0
220.416  0.0
221.184  0.0
221.952  0.0
222.72  0.0
223.488  0.0
224.256  0.0
225.024  0.0
225.792  0.0
226.56  0.0
227.328  0.0
228.096  0.0
228.864  0.0
229.632  0.0
230.4  0.0
231.168  0.0
231.936  0.0
232.704  0.0
233.472  0.0
234.24  0.0
235.008  0.0
235.776  0.0
236.544  0.0
237.312  0.0
238.08  0.0
238.848  0.0
239.616  0.0
240.38400000000001  0.0
241.15200000000002  0.0
241.92000000000002  0.0
242.68800000000002  0.0
243.45600000000002  0.0
244.22400000000002  0.0
244.99200000000002  0.0
245.76  0.0
246.528  0.0
247.296  0.0
248.064  0.0
248.832  0.0
249.6  0.0
250.368  0.0
251.136  0.0
251.904  0.0
252.672  0.0
253.44  0.0
254.208  0.0
254.976  0.0
255.744  0.0
256.512  0.0
257.28000000000003  0.0
258.048  0.0
258.81600000000003  0.0
259.584  0.0
260.35200000000003  0.0
261.12  0.0
261.88800000000003  0.0
262.656  0.0
263.424  0.0
264.192  0.0
264.96  0.0
265.728  0.0
266.496  0.0
267.264  0.0
268.032  0.0
268.8  0.0
269.568  0.0
270.336  0.0
271.104  0.0
271.872  0.0
272.64  0.0
273.408  0.0
274.176  0.0
274.944  0.0
275.712  0.0
276.48  0.0
277.248  0.0
278.016  0.0
278.784  0.0
279.552  0.0
280.32  0.0
281.088  0.0
281.856  0.0
282.624  0.0
283.392  0.0
284.16  0.0
284.928  0.0
285.696  0.0
286.464  0.0
287.232  0.0
288.0  0.0
288.76800000000003  0.0
289.536  0.0
290.30400000000003  0.0
291.072  0.0
291.84000000000003  0.0
292.608  0.0
293.37600000000003  0.0
294.144  0.0
294.91200000000003  0.0
295.68  0.0
296.448  0.0
297.216  0.0
297.984  0.0
298.752  0.0
299.52  0.0
300.288  0.0
301.056  0.0
301.824  0.0
302.592  0.0
303.36  0.0
304.128  0.0
304.896  0.0
305.664  0.0
306.432  0.0
307.2  0.0
307.968  0.0
308.736  0.0
309.504  0.0
310.272  0.0
311.04  0.0
311.808  0.0
312.576  0.0
313.344  0.0
314.112  0.0
314.88  0.0
315.648  0.0
316.416  0.0
317.184  0.0
317.952  0.0
318.72  0.0
319.488  0.0
320.25600000000003  0.0
321.024  0.0
321.79200000000003  0.0
322.56  0.0
323.32800000000003  0.0
324.096  0.0
324.86400000000003  0.0
325.632  0.0
326.40000000000003  0.0
327.168  0.0
327.936  0.0
328.704  0.0
329.472  0.0
330.24  0.0
331.008  0.0
331.776  0.0
332.544  0.0
333.312  0.0
334.08  0.0
334.848  0.0
335.616  0.0
336.384  0.0
337.152  0.0
337.92  0.0
338.688  0.0
339.456  0.0
340.224  0.0
340.992  0.0
341.76  0.0
342.528  0.0
343.296  0.0
344.064  0.0
344.832  0.0
345.6  0.0
346.368  0.0
347.136  0.0
347.904  0.0
348.672  0.0
349.44  0.0
350.208  0.0
350.976  0.0
351.744  0.0
352.512  0.0
353.28000000000003  0.0
354.048  0.0
354.81600000000003  0.0
355.584  0.0
356.35200000000003  0.0
357.12  0.0
357.88800000000003  0.0
358.656  0.0
359.42400000000004  0.0
360.192  0.0
360.96  0.0
361.728  0.0
362.496  0.0
363.264  0.0
364.032  0.0
364.8  0.0
365.568  0.0
366.336  0.0
367.104  0.0
367.872  0.0
368.64  0.0
369.408  0.0
370.176  0.0
370.944  0.0
371.712  0.0
372.48  0.0
373.248  0.0
374.016  0.0
374.784  0.0
375.552  0.0
376.32  0.0
377.088  0.0
377.856  0.0
378.624  0.0
379.392  0.0
380.16  0.0
380.928  0.0
381.696  0.0
382.464  0.0
383.232  0.0
384.0  0.0
