0.0  85.33285663219854
1.68  112.26177000766242
3.36  97.60541959581087
5.04  151.50744520014632
6.72  180.3479775194405
8.4  51.7760897930218
10.08  0.0
11.76  0.0
13.44  0.0
15.12  0.0
16.8  0.0
18.48  43.541637470941296
20.16  140.24101294985223
21.84  131.58317506039413
23.52  36.81066933545656
25.2  0.0
26.88  0.0
28.56  0.0
30.24  0.0
31.919999999999998  0.0
33.6  7.944194520507274
35.28  18.583819405870862
36.96  72.15571509204281
38.64  99.38368689123881
40.32  15.20991011352561
42.0  0.0
43.68  0.0
45.36  38.375012283506166
47.04  7.250535029829464
48.72  0.0
50.4  0.0
52.08  59.55396295678465
53.76  36.263348123180435
55.44  0.0
57.12  0.0
58.8  39.94772328798665
60.48  65.86194089837454
62.16  26.99689891682649
63.839999999999996  8.068376522787908
65.52  5.060907734791336
67.2  0.0
68.88  0.0
70.56  0.0
72.24  0.0
73.92  0.0
75.6  60.27382699815216
77.28  140.15496081890416
78.96  95.46519731342384
80.64  0.0
82.32  0.0
84.0  0.0
85.67999999999999  0.0
87.36  0.0
89.03999999999999  0.0
90.72  75.12595486705362
92.39999999999999  134.49678779460038
94.08  84.98871580822693
95.75999999999999  73.32902985027027
97.44  87.65000462615689
99.11999999999999  11.579087741922649
100.8  0.0
102.47999999999999  0.0
104.16  0.0
105.83999999999999  0.0
107.52  45.110276922501725
109.2  115.94033686107039
110.88  124.45429083661087
112.56  78.93022829677015
114.24  43.7080137987805
115.92  0.03866717827631305
117.6  0.0
119.28  0.0
120.96  0.0
122.64  41.20201235533085
124.32  72.03675787111347
126.0  28.217055393373847
127.67999999999999  62.878617068174805
129.35999999999999  126.15109964229381
131.04  57.2419010817902
132.72  0.0
134.4  0.0
136.07999999999998  0.0
137.76  0.0
139.44  0.0
141.12  0.0
142.79999999999998  49.35524439189288
144.48  56.73553702191678
146.16  25.333601902788793
147.84  1.0761443168603755
149.51999999999998  0.0
151.2  0.0
152.88  0.8579233749605493
154.56  41.42054562857416
156.23999999999998  1.2158114196848295
157.92  0.0
159.6  0.0
161.28  36.02483445383136
162.96  8.266100225835139
164.64  0.0
166.32  0.0
168.0  114.39514030433969
