0.0  54.34533198609296
1.68  130.97409140500207
3.36  136.11513871099024
5.04  148.2757042173228
6.72  140.5391259433399
8.4  39.00501013230426
10.08  0.0
11.76  0.0
13.44  0.0
15.12  0.0
16.8  0.0
18.48  83.62601045774299
20.16  147.02236754066513
21.84  94.22484909430536
23.52  15.011584609037875
25.2  0.0
26.88  0.0
28.56  0.0
30.24  0.0
31.919999999999998  0.0
33.6  47.09960073220525
35.28  34.95471450131792
36.96  39.581269837880896
38.64  69.91814112573431
40.32  35.93945591993473
42.0  0.0
43.68  0.0
45.36  0.0
47.04  0.0
48.72  0.0
50.4  0.0
52.08  33.7979582097303
53.76  0.9717230745889935
55.44  0.0
57.12  0.0
58.8  44.43511556061258
60.48  27.723541134500756
62.16  7.178193459085902
63.839999999999996  38.23982481052829
65.52  37.00827946620187
67.2  0.0
68.88  0.0
70.56  0.0
72.24  0.0
73.92  0.0
75.6  26.402699113859768
77.28  112.30973697364311
78.96  118.14278141705411
80.64  33.90489325558037
82.32  0.0
84.0  0.0
85.67999999999999  0.0
87.36  0.0
89.03999999999999  0.0
90.72  47.63764786012595
92.39999999999999  100.36422400311929
94.08  98.75602171028395
95.75999999999999  112.9959338292401
97.44  89.82845763770554
99.11999999999999  0.0
100.8  0.0
102.47999999999999  0.0
104.16  0.0
105.83999999999999  0.0
107.52  6.8222511478709755
109.2  119.93747556397618
110.88  164.34913246292925
112.56  90.97047750815743
114.24  8.653250220557425
115.92  0.0
117.6  0.0
119.28  0.0
120.96  0.0
122.64  1.149947606295079
124.32  66.01407300659353
126.0  65.84805191603209
127.67999999999999  84.02864331903461
129.35999999999999  97.02223426129096
131.04  24.382318041758843
132.72  0.0
134.4  0.0
136.07999999999998  0.0
137.76  0.0
139.44  0.0
141.12  30.542845063223275
142.79999999999998  78.29404304987415
144.48  35.35192295131867
146.16  0.0
147.84  7.371075078546994
149.51999999999998  18.02571354787078
151.2  0.0
152.88  0.0
154.56  17.08905287684714
156.23999999999998  27.556159612682478
157.92  0.0
159.6  0.0
161.28  0.0
162.96  4.543196374649497
164.64  0.0
166.32  16.338199700610353
168.0  83.72293589777425
