0.0  10.479195096248873
1.3714285714285714  11.844995334587527
2.742857142857143  14.36188019387443
4.114285714285714  17.8950254985781
5.485714285714286  22.255168159852055
6.857142857142858  27.20874459717063
8.228571428571428  32.4904022432007
9.6  37.81721391717036
10.971428571428572  42.903833632947425
12.342857142857143  14.144448644049675
13.714285714285715  17.96070892033833
15.085714285714285  20.814852172000126
16.457142857142856  22.55398800783019
17.82857142857143  23.084954615384902
19.2  22.379309241379726
20.571428571428573  20.474851809564363
21.942857142857143  17.473600059102324
23.314285714285713  13.53632467099056
24.685714285714287  8.873937124188371
26.057142857142857  3.7361916157089943
27.42857142857143  0.0
28.8  0.0
30.17142857142857  0.0
31.542857142857144  0.0
32.91428571428571  0.0
34.285714285714285  0.0
35.65714285714286  0.0
37.02857142857143  0.0
38.4  0.0
39.77142857142857  0.0
41.142857142857146  0.0
42.51428571428571  0.0
43.885714285714286  0.0
45.25714285714286  0.0
46.628571428571426  4.028356937537559
48.0  9.146819630475507
49.371428571428574  13.775306625532917
50.74285714285714  17.66587970624183
52.114285714285714  20.610129137045256
53.48571428571429  22.450337730125693
54.85714285714286  23.08792942013291
56.22857142857143  22.488749774608984
57.6  20.68489557438396
58.971428571428575  17.772995457206985
60.34285714285714  13.909033726881136
61.714285714285715  9.299994605451436
63.08571428571429  4.19277452810687
64.45714285714286  0.0
65.82857142857142  0.0
67.2  0.0
68.57142857142857  0.0
69.94285714285715  0.0
71.31428571428572  0.0
72.68571428571428  0.0
74.05714285714286  0.0
75.42857142857143  0.0
76.8  0.0
78.17142857142858  0.0
79.54285714285714  0.0
80.91428571428571  0.0
82.28571428571429  0.0
83.65714285714286  3.5712100219935587
85.02857142857142  8.719453153147157
86.4  13.400613700796555
87.77142857142857  17.363931838150794
89.14285714285714  20.39710103149387
90.51428571428572  22.337640850212882
91.88571428571429  23.081600698324294
93.25714285714285  22.589128227088345
94.62857142857143  20.8866041406764
96.0  18.06522903788669
97.37142857142857  14.276137989795277
98.74285714285715  9.722304555040514
100.11428571428571  4.647667917444563
101.48571428571428  0.0
102.85714285714286  0.0
104.22857142857143  0.0
105.6  0.0
106.97142857142858  0.0
108.34285714285714  0.0
109.71428571428572  0.0
111.08571428571429  0.0
112.45714285714286  0.0
113.82857142857144  0.0
115.2  0.0
116.57142857142857  0.0
117.94285714285715  0.0
119.31428571428572  0.0
120.68571428571428  3.1126240494135713
122.05714285714286  8.288573079493577
123.42857142857143  13.0205208563371
124.8  17.05498698916794
126.17142857142858  20.175853697285323
127.54285714285714  22.21594278049736
128.9142857142857  23.065971000184774
130.28571428571428  22.68040415025347
131.65714285714284  21.07989622783107
133.02857142857144  18.35018304251406
134.4  14.637489531168285
135.77142857142857  10.140696798672831
137.14285714285714  5.100688479595832
138.5142857142857  0.0
139.8857142857143  0.0
141.25714285714287  0.0
142.62857142857143  0.0
144.0  0.0
145.37142857142857  0.0
146.74285714285713  0.0
148.11428571428573  0.0
149.4857142857143  0.0
150.85714285714286  0.0
152.22857142857143  0.0
153.6  0.0
154.97142857142856  0.0
156.34285714285716  0.0
157.71428571428572  2.652783811889482
159.0857142857143  7.854353037220028
160.45714285714286  12.635181254606186
161.82857142857142  16.73916965190391
163.2  19.94647628838446
164.57142857142858  22.08529256050985
165.94285714285715  23.041046623867352
167.31428571428572  22.76254076350098
168.68571428571428  21.26469394674686
170.05714285714285  18.627742645844194
171.42857142857142  14.99294274055601
172.8  10.555002740746701
174.17142857142858  5.551653665110013
175.54285714285714  0.2509142954863264
176.9142857142857  0.0
178.28571428571428  0.0
179.65714285714287  0.0
181.02857142857144  0.0
182.4  0.0
183.77142857142857  0.0
185.14285714285714  0.0
186.5142857142857  0.0
187.8857142857143  0.0
189.25714285714287  0.0
190.62857142857143  0.0
192.0  0.0
193.37142857142857  0.0
194.74285714285713  2.1918746069323443
196.11428571428573  7.416967999907853
197.4857142857143  12.244750172292097
198.85714285714286  16.416607088311505
200.22857142857143  19.709061234856346
201.6  21.945742837145094
202.97142857142856  23.006837612914357
204.34285714285716  22.835504969009516
205.71428571428572  21.440922831218845
207.0857142857143  18.897796002284743
208.45714285714286  15.342354384309507
209.82857142857142  10.965055432279417
211.2  6.000381752772553
212.57142857142858  0.7142803688132444
213.94285714285715  0.0
215.31428571428572  0.0
216.68571428571428  0.0
218.05714285714285  0.0
219.42857142857144  0.0
220.8  0.0
222.17142857142858  0.0
223.54285714285714  0.0
224.9142857142857  0.0
226.28571428571428  0.0
227.65714285714287  0.0
229.02857142857144  0.0
230.4  0.0
231.77142857142857  1.7300821628055296
233.14285714285714  6.9765942165066335
234.5142857142857  11.84938493774905
235.8857142857143  16.087429278404237
237.25714285714287  19.463704205620154
238.62857142857143  21.79734984344742
240.0  22.963357752210378
241.37142857142857  22.89926736507702
242.74285714285713  21.608511867944934
244.11428571428573  19.16023429096545
245.4857142857143  15.685583663293109
246.85714285714286  11.370689638180266
248.22857142857143  6.4466919228309285
249.6  1.1773586152737763
250.97142857142856  0.0
252.34285714285716  0.0
253.71428571428572  0.0
255.0857142857143  0.0
256.45714285714286  0.0
257.8285714285714  0.0
259.2  0.0
260.57142857142856  0.0
261.9428571428571  0.0
263.3142857142857  0.0
264.6857142857143  0.0
266.0571428571429  0.0
267.42857142857144  0.0
268.8  1.2675925636825303
270.1714285714286  6.533409140313266
271.54285714285714  11.449244867600843
272.9142857142857  15.751768867879314
274.2857142857143  19.210504069898576
275.65714285714284  21.6401733759508
277.0285714285714  22.9106245624274
278.4  22.953802257968235
279.7714285714286  21.767393525141358
281.14285714285717  19.414951759588494
282.51428571428573  16.0224922696208
283.8857142857143  11.771741903834727
285.25714285714287  6.8904043298586135
286.62857142857143  1.6399624325662217
288.0  0.0
289.37142857142857  0.0
290.74285714285713  0.0
292.1142857142857  0.0
293.48571428571427  0.0
294.85714285714283  0.0
296.22857142857146  0.0
297.6  0.0
298.9714285714286  0.0
300.34285714285716  0.0
301.7142857142857  0.0
303.0857142857143  0.0
304.45714285714286  0.0
305.8285714285714  0.8045921746628548
307.2  6.08759135746457
308.57142857142856  11.044491202541462
309.9428571428571  15.409761114666697
311.31428571428575  18.949562857377774
312.6857142857143  21.47427677058351
314.0571428571429  22.848659292964793
315.42857142857144  22.9990876722684
316.8  21.917503779755865
318.1714285714286  19.661845767042625
319.54285714285714  16.352944442388836
320.9142857142857  12.168050620969794
322.2857142857143  7.33134017522476
323.65714285714284  2.10190540956581
325.0285714285714  0.0
326.4  0.0
327.7714285714286  0.0
329.14285714285717  0.0
330.51428571428573  0.0
331.8857142857143  0.0
333.25714285714287  0.0
334.62857142857143  0.0
336.0  0.0
337.37142857142857  0.0
338.74285714285713  0.0
340.1142857142857  0.0
341.48571428571427  0.0
342.85714285714283  0.3412675666745568
344.22857142857146  5.639320514974646
345.6  10.635287042362714
346.9714285714286  15.061543834425917
348.34285714285716  18.680985717092465
349.7142857142857  21.299726877145922
351.0857142857143  22.77748691338642
352.45714285714286  23.035105359738555
353.8285714285714  22.058782143265745
355.2  19.900816824763275
356.57142857142856  16.67680702238167
357.9428571428571  12.55945609277547
359.31428571428575  7.769321779144017
360.6857142857143  2.5630014014395743
362.0571428571429  0.0
363.42857142857144  0.0
364.8  0.0
366.1714285714286  0.0
367.54285714285714  0.0
368.9142857142857  0.0
370.2857142857143  0.0
371.65714285714284  0.0
373.0285714285714  0.0
374.4  0.0
375.7714285714286  0.0
377.14285714285717  0.0
378.51428571428573  0.0
379.8857142857143  0.0
381.25714285714287  5.188777248343895
382.62857142857143  10.221797280229566
384.0  14.707257345011051
385.37142857142857  18.404880875056158
386.74285714285713  21.116594032372706
388.1142857142857  22.697136103359163
389.48571428571427  23.06184080666868
390.85714285714283  22.191171686052805
392.22857142857146  20.13176863682268
393.6  16.993949505730427
394.9714285714286  12.945800598256454
396.34285714285716  8.204172652274025
397.7142857142857  3.02306460465751
399.0857142857143  0.0
400.45714285714286  0.0
401.8285714285714  0.0
403.2  0.0
404.57142857142856  0.0
405.9428571428571  0.0
407.31428571428575  0.0
408.6857142857143  0.0
410.0571428571429  0.0
411.42857142857144  0.0
412.8  0.0
414.1714285714286  0.0
415.54285714285714  0.0
416.9142857142857  0.0
418.2857142857143  4.736143108770655
419.65714285714284  9.804188536237296
421.0285714285714  14.347044409928392
422.4  18.12135959064971
423.7714285714286  20.92495203159055
425.14285714285717  22.60763924109595
426.51428571428573  23.07928323972626
427.8857142857143  22.31461906034351
429.25714285714287  20.354608138733514
430.62857142857143  17.30424409650104
432.0  13.326928455788565
433.37142857142857  8.635717566833208
434.74285714285713  3.4819096318611518
436.1142857142857  0.0
437.48571428571427  0.0
438.8571428571429  0.0
440.22857142857146  0.0
441.6  0.0
442.9714285714286  0.0
444.34285714285716  0.0
445.7142857142857  0.0
447.0857142857143  0.0
448.45714285714286  0.0
449.8285714285714  0.0
451.2  0.0
452.57142857142856  0.0
453.9428571428571  0.0
455.31428571428575  4.281600489992259
456.6857142857143  9.382629090267677
458.0571428571429  13.981050180809532
459.42857142857144  17.830536111788067
460.8  20.724878098980042
462.1714285714286  22.509032390308665
463.54285714285714  23.087425630297513
464.9142857142857  22.429074521706596
466.2857142857143  20.569245534950124
467.65714285714284  17.607565758189555
469.0285714285714  13.702686085850011
470.4  9.0637826272119
471.7714285714286  3.9393515865701447
473.14285714285717  0.0
474.51428571428573  0.0
475.8857142857143  0.0
477.25714285714287  0.0
478.62857142857143  0.0
480.0  0.0
481.37142857142857  0.0
482.74285714285713  0.0
484.1142857142857  0.0
485.48571428571427  0.0
486.8571428571429  0.0
488.22857142857146  0.0
489.6  0.0
490.9714285714286  0.0
492.34285714285716  3.8253325547881856
493.7142857142857  8.957288814180131
495.0857142857143  13.609422138918132
496.45714285714286  17.532527628883138
497.8285714285714  20.51645285645929
499.2  22.401355285675827
500.57142857142856  23.086264697319617
501.9428571428571  22.534491949097138
503.31428571428575  20.775594335051913
504.6857142857143  17.903792264108674
506.0571428571429  14.072922072910178
507.42857142857144  9.488195340043301
508.8  4.3952061376867855
510.1714285714286  0.0
511.54285714285714  0.0
512.9142857142857  0.0
514.2857142857143  0.0
515.6571428571428  0.0
517.0285714285715  0.0
518.4  0.0
519.7714285714286  0.0
521.1428571428571  0.0
522.5142857142857  0.0
523.8857142857142  0.0
525.2571428571429  0.0
526.6285714285714  0.0
528.0  0.0
529.3714285714286  3.3675231611724996
530.7428571428571  8.52833910335976
532.1142857142858  13.232310035724414
533.4857142857143  17.227454227620363
534.8571428571429  20.299760291194943
536.2285714285714  22.284651316831372
537.6  23.07580090860286
538.9714285714285  22.63082886344245
540.3428571428572  20.97357138859723
541.7142857142857  18.192804246639508
543.0857142857143  14.437487226442919
544.4571428571429  9.90878468371469
545.8285714285714  4.849289593774516
547.2  0.0
548.5714285714286  0.0
549.9428571428572  0.0
551.3142857142857  0.0
552.6857142857143  0.0
554.0571428571428  0.0
555.4285714285714  0.0
556.8  0.0
558.1714285714286  0.0
559.5428571428572  0.0
560.9142857142857  0.0
562.2857142857143  0.0
563.6571428571428  0.0
565.0285714285715  0.0
566.4  2.9083567883059938
567.7714285714286  8.09595280765176
569.1428571428571  12.84986583255807
570.5142857142857  16.915438840569767
571.8857142857142  20.07488772175919
573.2571428571429  22.1589675108799
574.6285714285715  23.056038480642112
576.0  22.718046444758755
577.3714285714286  21.16309691862753
578.7428571428571  18.47448524533143
580.1142857142858  14.796234641044727
581.4857142857143  10.325381177279667
582.8571428571429  5.301418977078353
584.2285714285714  0.0
585.6  0.0
586.9714285714285  0.0
588.3428571428572  0.0
589.7142857142857  0.0
591.0857142857143  0.0
592.4571428571429  0.0
593.8285714285714  0.0
595.2  0.0
596.5714285714286  0.0
597.9428571428572  0.0
599.3142857142857  0.0
600.6857142857143  0.0
602.0571428571428  0.0
603.4285714285714  2.4480184621596486
604.8  7.660304161709414
606.1714285714286  12.462243639376506
607.5428571428572  16.59660719764793
608.9142857142857  19.84192576294432
610.2857142857143  22.024354513446887
611.6571428571428  23.02698537691775
613.0285714285715  22.796109547794842
614.4  21.3440945538166
615.7714285714286  18.74872175383212
617.1428571428571  15.149019755632093
618.5142857142857  10.737816948752647
619.8857142857142  5.751412097258017
621.2571428571429  0.4569163168938526
622.6285714285715  0.0
624.0  0.0
625.3714285714286  0.0
626.7428571428571  0.0
628.1142857142858  0.0
629.4857142857143  0.0
630.8571428571429  0.0
632.2285714285714  0.0
633.6  0.0
634.9714285714285  0.0
636.3428571428572  0.0
637.7142857142857  0.0
639.0857142857143  0.0
640.4571428571429  1.9866936809544997
641.8285714285714  7.221568714785643
643.2  12.069599652661596
644.5714285714286  16.271087775453477
645.9428571428572  19.600968289247763
647.3142857142857  21.880866568270314
648.6857142857143  22.988653304686764
650.0571428571428  22.864986716193606
651.4285714285714  21.516491359243158
652.8  19.015403265626425
654.1714285714286  15.495700411692908
655.5428571428572  11.145925802756112
656.9142857142857  6.199087624802216
658.2857142857143  0.9201774909230349
659.6571428571428  0.0
661.0285714285715  0.0
662.4  0.0
663.7714285714286  0.0
665.1428571428571  0.0
666.5142857142857  0.0
667.8857142857142  0.0
669.2571428571429  0.0
670.6285714285715  0.0
672.0  0.0
673.3714285714286  0.0
674.7428571428571  0.0
676.1142857142858  0.0
677.4857142857143  1.5245683404141306
678.8571428571429  6.779923259991705
680.2285714285714  11.672092092481114
681.6  15.939011745498144
682.9714285714285  19.352112397044117
684.3428571428572  21.728561495342998
685.7142857142857  22.94105771026503
687.0857142857143  22.92465019516787
688.4571428571429  21.680217865782218
689.8285714285714  19.274422318563534
691.2  15.836136910572028
692.5714285714286  11.549543287489929
693.9428571428572  6.644265164099194
695.3142857142857  1.3830678696522027
696.6857142857143  0.0
698.0571428571428  0.0
699.4285714285714  0.0
700.8  0.0
702.1714285714286  0.0
703.5428571428572  0.0
704.9142857142857  0.0
706.2857142857143  0.0
707.6571428571428  0.0
709.0285714285715  0.0
710.4  0.0
711.7714285714286  0.0
713.1428571428571  0.0
714.5142857142857  1.0618286588573285
715.8857142857142  6.335545763057452
717.2571428571429  11.26988113873202
718.6285714285715  15.600512921347537
720.0  19.095458365460697
721.3714285714286  21.567500667612915
722.7428571428571  22.884217772803268
724.1142857142858  22.975075942684672
725.4857142857143  21.83520809809787
726.8571428571429  19.52567453816376
728.2285714285714  16.17019206976453
729.6  11.948506760997798
730.9714285714285  7.086765326128106
732.3428571428572  1.8454009264826272
733.7142857142857  0.0
735.0857142857143  0.0
736.4571428571429  0.0
737.8285714285714  0.0
739.2  0.0
740.5714285714286  0.0
741.9428571428572  0.0
743.3142857142857  0.0
744.6857142857143  0.0
746.0571428571428  0.0
747.4285714285714  0.0
748.8  0.0
750.1714285714286  0.0
751.5428571428572  0.5986611021561568
752.9142857142857  5.888615290619095
754.2857142857143  10.86312886659286
755.6571428571428  15.255727704700433
757.0285714285715  18.83110961596747
758.4  21.397748986252
759.7714285714286  22.818156396558436
761.1428571428571  23.01624363915309
762.5142857142857  21.98139960122841
763.8857142857142  19.76905867967469
765.2571428571429  16.497731278192912
766.6285714285715  12.342655456708428
768.0  7.5264098007444815
769.3714285714286  2.3069903593953445
770.7428571428571  0.0
772.1142857142858  0.0
773.4857142857143  0.0
774.8571428571429  0.0
776.2285714285714  0.0
777.6  0.0
778.9714285714285  0.0
780.3428571428572  0.0
781.7142857142857  0.0
783.0857142857143  0.0
784.4571428571429  0.0
785.8285714285714  0.0
787.2  0.0
788.5714285714286  0.13525230860017157
789.9428571428572  5.439311938060842
791.3142857142857  10.451999181214982
792.6857142857143  14.904795030425024
794.0571428571428  18.559172670701983
795.4285714285714  21.21937485450511
796.8  22.74290020166404
798.1714285714286  23.04813669561227
799.5428571428572  22.11873346575394
800.9142857142857  20.004476668869277
802.2857142857143  16.81862255045113
803.6571428571428  12.731830548215822
805.0285714285715  7.963021428535322
806.4  2.767650166022226
807.7714285714286  0.0
809.1428571428571  0.0
810.5142857142857  0.0
811.8857142857142  0.0
813.2571428571429  0.0
814.6285714285715  0.0
816.0  0.0
817.3714285714286  0.0
818.7428571428571  0.0
820.1142857142858  0.0
821.4857142857143  0.0
822.8571428571429  0.0
824.2285714285714  0.0
825.6  0.0
826.9714285714285  4.9878167569428795
828.3428571428572  10.03665775167492
829.7142857142857  14.547856310572154
831.0857142857143  18.279757109547653
832.4571428571429  21.032450150124568
833.8285714285714  22.65847951340395
835.2  23.07074226041612
836.5714285714286  22.247154351534046
837.9428571428572  20.23183364156674
839.3142857142857  17.132736579991917
840.6857142857143  13.115875213278754
842.0571428571428  8.39642427220486
843.4285714285714  3.227194718597932
844.8  0.0
846.1714285714286  0.0
847.5428571428572  0.0
848.9142857142857  0.0
850.2857142857143  0.0
851.6571428571428  0.0
853.0285714285715  0.0
854.4  0.0
855.7714285714286  0.0
857.1428571428571  0.0
858.5142857142857  0.0
859.8857142857142  0.0
861.2571428571429  0.0
862.6285714285715  0.0
864.0  4.534311682048884
865.3714285714286  9.61727194421628
866.7428571428571  14.185055377392814
868.1142857142858  17.99297552597431
869.4857142857143  20.837050196405976
870.8571428571429  22.564928349991828
872.2285714285714  23.084051224412057
873.6  22.366610510007852
874.9714285714285  20.451037981858406
876.3428571428572  17.439946791227076
877.7142857142858  13.49463469701914
879.0857142857143  8.826443687469455
880.4571428571429  3.6854388387606027
881.8285714285714  0.0
883.2  0.0
884.5714285714286  0.0
885.9428571428572  0.0
887.3142857142857  0.0
888.6857142857143  0.0
890.0571428571428  0.0
891.4285714285714  0.0
892.8  0.0
894.1714285714286  0.0
895.5428571428572  0.0
896.9142857142857  0.0
898.2857142857143  0.0
899.6571428571428  0.0
901.0285714285715  4.078979458069
902.4  9.194010754807145
903.7714285714286  13.816538425379164
905.1428571428571  17.6989434816692
906.5142857142857  20.633253731838362
907.8857142857142  22.462284408862896
909.2571428571429  23.088058224611537
910.6285714285715  22.47705380504662
912.0  20.66200135902547
913.3714285714286  17.740129390537156
914.7428571428571  13.86795637427724
916.1142857142858  9.252906393435158
917.4857142857143  4.14219787217208
918.8571428571429  0.0
920.2285714285714  0.0
921.6  0.0
922.9714285714285  0.0
924.3428571428572  0.0
925.7142857142858  0.0
927.0857142857143  0.0
928.4571428571429  0.0
929.8285714285714  0.0
931.2  0.0
932.5714285714286  0.0
933.9428571428572  0.0
935.3142857142857  0.0
936.6857142857143  0.0
938.0571428571428  3.622003565960577
939.4285714285714  8.767044741044346
940.8  13.44245395235338
942.1714285714286  17.397779459969783
943.5428571428572  20.421142878372958
944.9142857142857  22.35058905148463
946.2857142857143  23.082761646351276
947.6571428571428  22.578439732350876
949.0285714285715  20.864638763132824
950.4  18.033163416153194
951.7714285714286  14.235689811114181
953.1428571428571  9.675640542423622
954.5142857142857  4.59728776292312
955.8857142857142  0.0
957.2571428571429  0.0
958.6285714285715  0.0
960.0  0.0
