0.0  29.461890937147796
1.68  31.169066199190627
3.36  33.534172589985204
5.04  35.83822441097088
6.72  37.38079638128967
8.4  37.692950955477876
10.08  36.6797940199112
11.76  34.64932243676262
13.44  0.0
15.12  0.0
16.8  0.0
18.48  0.0
20.16  0.0
21.84  0.0
23.52  1.9792836633027115
25.2  3.7667770532245255
26.88  4.40918080088929
28.56  3.711205971697506
30.24  1.885034952918284
31.919999999999998  0.0
33.6  0.0
35.28  0.0
36.96  0.0
38.64  0.0
40.32  0.0
42.0  1.4156838320545804
43.68  3.4137876454555256
45.36  4.374109604915882
47.04  4.004714532570874
48.72  2.417897492680004
50.4  0.09604640756020077
52.08  0.0
53.76  0.0
55.44  0.0
57.12  0.0
58.8  0.0
60.48  0.8249099017310837
62.16  2.9952704682796947
63.839999999999996  4.2550772270181385
65.52  4.221352462437123
67.2  2.9043484082270306
68.88  0.7044305970374758
70.56  0.0
72.24  0.0
73.92  0.0
75.6  0.0
77.28  0.0
78.96  0.2183017979217221
80.64  2.519258973079183
82.32  4.054368497718899
84.0  4.356961388899542
85.67999999999999  3.335050257769687
87.36  1.299293217360533
89.03999999999999  0.0
90.72  0.0
92.39999999999999  0.0
94.08  0.0
95.75999999999999  0.0
97.44  0.0
99.11999999999999  1.9948902166167315
100.8  3.7758360278708034
102.47999999999999  4.408938294024509
104.16  3.7017357047273
105.83999999999999  1.8692158603969828
107.52  0.0
109.2  0.0
110.88  0.0
112.56  0.0
114.24  0.0
115.92  0.0
117.6  1.4322294749219007
119.28  3.424826257660536
120.96  4.376285479358794
122.64  3.9973662095336735
124.32  2.403258841722523
126.0  0.07856753744947254
127.67999999999999  0.0
129.35999999999999  0.0
131.04  0.0
132.72  0.0
134.4  0.0
136.07999999999998  0.842077039976793
137.76  3.0080768315085176
139.44  4.259629716785168
141.12  4.216267134642369
142.79999999999998  2.891171188234035
144.48  0.6871673227055921
146.16  0.0
147.84  0.0
149.51999999999998  0.0
151.2  0.0
152.88  0.0
154.56  0.2357609077461389
156.23999999999998  2.533587268756168
157.92  4.061210217614858
159.6  4.354236669386393
161.28  3.3235874059249277
162.96  1.2825769079426192
164.64  0.0
166.32  0.0
168.0  0.0
