0.0  0.0
1.68  39.74589501003231
3.36  63.28214978949372
5.04  4.070666036911923
6.72  25.711109963641512
8.4  68.41154293372277
10.08  14.191868211596109
11.76  12.85952388973072
13.44  34.76240656725998
15.12  0.0
16.8  0.0
18.48  29.050429512930684
20.16  7.982581130125314
21.84  0.0
23.52  18.828949563884702
25.2  20.774955099288377
26.88  0.0
28.56  5.6846487138596835
30.24  30.342429411936916
31.919999999999998  0.0
33.6  0.0
35.28  35.19984347556359
36.96  0.0
38.64  0.0
40.32  34.59318011562001
42.0  0.0
43.68  0.0
45.36  28.616611784068123
47.04  8.700684587087295
48.72  0.0
50.4  18.197882154357195
52.08  21.370516840010687
53.76  0.0
55.44  4.954292320212491
57.12  30.723000290613495
58.8  0.0
60.48  0.0
62.16  35.30634741284518
63.839999999999996  0.0
65.52  0.0
67.2  34.40908448801283
68.88  0.0
70.56  0.0
72.24  28.170493785765554
73.92  9.415048231469546
75.6  0.0
77.28  17.558992754741695
78.96  21.956892898054047
80.64  0.0
82.32  4.221806424621134
84.0  31.090365511526315
85.67999999999999  0.0
87.36  0.0
89.03999999999999  35.39767563367955
90.72  0.0
92.39999999999999  0.0
94.08  34.210198814205256
95.75999999999999  0.0
97.44  0.0
99.11999999999999  27.7122672727851
100.8  10.125365008567293
102.47999999999999  0.0
104.16  16.91255597867163
105.83999999999999  22.5338312315776
107.52  0.0
109.2  3.4875058712740374
110.88  31.444367170195857
112.56  0.0
114.24  0.0
115.92  35.473788882485536
117.6  0.0
119.28  0.0
120.96  33.99660858116541
122.64  0.0
124.32  0.0
126.0  27.242129204488513
127.67999999999999  10.831329603138256
129.35999999999999  0.0
131.04  16.258849683868043
132.72  23.10108385535416
134.4  0.0
136.07999999999998  2.7517062843491322
137.76  31.78485310619782
139.44  0.0
141.12  0.0
142.79999999999998  35.5346544435291
144.48  0.0
146.16  0.0
147.84  33.76840559631777
149.51999999999998  0.0
151.2  0.0
152.88  26.76028166017578
154.56  11.532638570636973
156.23999999999998  0.0
157.92  15.598154852706523
159.6  23.65840694736451
161.28  0.0
162.96  2.0147239323615587
164.64  32.11167696856707
166.32  0.0
168.0  0.0
