0.0  16.7222699414354
1.68  23.494834038080104
3.36  35.11805843287117
5.04  45.8613625345734
6.72  50.427991511666676
8.4  46.56646724632071
10.08  36.180631156024845
11.76  24.390996163980624
13.44  0.0
15.12  0.0
16.8  0.0
18.48  4.7000894038280965
20.16  14.353170064525255
21.84  16.92972918518165
23.52  11.159449753280436
25.2  0.0
26.88  0.0
28.56  0.0
30.24  0.0
31.919999999999998  0.0
33.6  7.473755921552156
35.28  15.745593110422748
36.96  16.254404549182887
38.64  8.749331710411901
40.32  0.0
42.0  0.0
43.68  0.0
45.36  0.0
47.04  0.0
48.72  10.022104454780514
50.4  16.663319719673336
52.08  15.089043884359885
53.76  6.0754397622450345
55.44  0.0
57.12  0.0
58.8  0.0
60.48  0.0
62.16  1.40930795257795
63.839999999999996  12.268307667789824
65.52  17.078682369804415
67.2  13.468780357886413
68.88  3.218386113786892
70.56  0.0
72.24  0.0
73.92  0.0
75.6  0.0
77.28  4.336421921514448
78.96  14.144647269263789
80.64  16.979158752602466
82.32  11.442461499166718
84.0  0.26430490915755334
85.67999999999999  0.0
87.36  0.0
89.03999999999999  0.0
90.72  0.0
92.39999999999999  7.1328019117748
94.08  15.594555576009213
95.75999999999999  16.36774929530556
97.44  9.071176549806061
99.11999999999999  0.0
100.8  0.0
102.47999999999999  0.0
104.16  0.0
105.83999999999999  0.0
107.52  9.714142962118391
109.2  16.574320909345513
110.88  15.26288670404771
112.56  6.426414751768448
114.24  0.0
115.92  0.0
117.6  0.0
119.28  0.0
120.96  1.0332058067307561
122.64  12.002623081987073
124.32  17.054405410062035
126.0  13.697880256629812
127.67999999999999  3.587910097448297
129.35999999999999  0.0
131.04  0.0
132.72  0.0
134.4  0.0
136.07999999999998  3.9706467066886026
137.76  13.929249420453047
139.44  17.02033554259988
141.12  11.719911598018179
142.79999999999998  0.6412375178981686
144.48  0.0
146.16  0.0
147.84  0.0
149.51999999999998  0.0
151.2  6.788380979552209
152.88  15.435938255219849
154.56  16.473138441635275
156.23999999999998  9.388612313219273
157.92  0.0
159.6  0.0
161.28  0.0
162.96  0.0
164.64  0.0
166.32  9.401459877480129
168.0  16.47726609439453
