0.0  62.992309466049605
1.68  48.385868275919336
3.36  26.358098746853262
5.04  7.769318484699106
6.72  1.7843254634833485
8.4  11.353891661885811
10.08  31.75994845622219
11.76  52.941728796200266
13.44  31.122678501913
15.12  27.292594839216378
16.8  10.006484779907213
18.48  0.0
20.16  0.0
21.84  0.0
23.52  0.0
25.2  3.921119861308819
26.88  23.613914099556798
28.56  31.664376294154334
30.24  24.103399350902357
31.919999999999998  4.658760197276736
33.6  0.0
35.28  0.0
36.96  0.0
38.64  0.0
40.32  9.29741110260768
42.0  26.907523010157956
43.68  31.25145989751943
45.36  20.187537188128402
47.04  0.0
48.72  0.0
50.4  0.0
52.08  0.0
53.76  0.0
55.44  14.393405000421469
57.12  29.389926829763713
58.8  29.89637787083621
60.48  15.663063339489248
62.16  0.0
63.839999999999996  0.0
65.52  0.0
67.2  0.0
68.88  0.0
70.56  19.055468082355546
72.24  30.986286316738646
73.92  27.63998308035871
75.6  10.66638115280352
77.28  0.0
78.96  0.0
80.64  0.0
82.32  0.0
84.0  3.2274412227165348
85.67999999999999  23.14304897527969
87.36  31.648474598073832
89.03999999999999  24.550301071977646
90.72  5.34813006174924
92.39999999999999  0.0
94.08  0.0
95.75999999999999  0.0
97.44  0.0
99.11999999999999  8.627820406897591
100.8  26.532915732911334
102.47999999999999  31.35652809314488
104.16  20.72047924442638
105.83999999999999  0.0
107.52  0.0
109.2  0.0
110.88  0.0
112.56  0.0
114.24  13.768088995405217
115.92  29.12287101919112
117.6  30.119248373579396
119.28  16.265978651586995
120.96  0.0
122.64  0.0
124.32  0.0
126.0  0.0
127.67999999999999  0.0
129.35999999999999  18.493278727262485
131.04  30.834833142508522
132.72  27.973936814428534
134.4  11.321093095136932
136.07999999999998  0.0
137.76  0.0
139.44  0.0
141.12  0.0
142.79999999999998  2.5321938754236086
144.48  22.660935093931016
146.16  31.617190054088244
147.84  24.985270036349377
149.51999999999998  6.034900449553135
151.2  0.0
152.88  0.0
154.56  0.0
156.23999999999998  0.0
157.92  7.954036129956159
159.6  26.145412042413167
161.28  31.446355342449404
162.96  21.243350041847073
164.64  0.5667682784884889
166.32  0.0
168.0  0.0
