0.0  26.20703203117413
1.68  24.084406037492407
3.36  26.521764558524527
5.04  32.317420441025135
6.72  38.61395030696669
8.4  42.3069856423878
10.08  41.57575486987709
11.76  36.780775581656364
13.44  0.0
15.12  0.0
16.8  0.0
18.48  0.0
20.16  0.5901011054538428
21.84  6.515122357363097
23.52  9.228002772745153
25.2  7.3912150591133
26.88  1.910347860757585
28.56  0.0
30.24  0.0
31.919999999999998  0.0
33.6  0.0
35.28  2.1783247989665817
36.96  7.553210537519127
38.64  9.20414840776603
40.32  6.317179030173012
42.0  0.3156605126794334
43.68  0.0
45.36  0.0
47.04  0.0
48.72  0.0
50.4  3.700876592241739
52.08  8.363585344018182
53.76  8.902808372930265
55.44  5.052693371659938
57.12  0.0
58.8  0.0
60.48  0.0
62.16  0.0
63.839999999999996  0.0
65.52  5.111854758630531
67.2  8.921815684916305
68.88  8.333067434988317
70.56  3.63587966032752
72.24  0.0
73.92  0.0
75.6  0.0
77.28  0.0
78.96  0.3864095326473196
80.64  6.368721281109732
82.32  9.211072092323981
84.0  7.512102082063279
85.67999999999999  2.1094518425762763
87.36  0.0
89.03999999999999  0.0
90.72  0.0
92.39999999999999  0.0
94.08  1.9795657533055935
95.75999999999999  7.4335842838143265
97.44  9.22263409538246
99.11999999999999  6.464662688746451
100.8  0.5194284990211919
102.47999999999999  0.0
104.16  0.0
105.83999999999999  0.0
107.52  0.0
109.2  3.5130422399193386
110.88  8.27434039220926
112.56  8.956153124075083
114.24  5.222327344483154
115.92  0.0
117.6  0.0
119.28  0.0
120.96  0.0
122.64  0.0
124.32  4.940607909367626
126.0  8.865642582149675
127.67999999999999  8.41966301787856
129.35999999999999  3.8225498407505674
131.04  0.0
132.72  0.0
134.4  0.0
136.07999999999998  0.0
137.76  0.18253014418314528
139.44  6.219224666380661
141.12  9.189664339221164
142.79999999999998  7.629337822439888
144.48  2.3075305182065153
146.16  0.0
147.84  0.0
149.51999999999998  0.0
151.2  0.0
152.88  1.779844533028311
154.56  7.310344911377016
156.23999999999998  9.236637090566626
157.92  6.609004176199138
159.6  0.7229440153877151
161.28  0.0
162.96  0.0
164.64  0.0
166.32  0.0
168.0  3.3235003615582865
