0.0  55.50129343222544
1.68  29.66671625913041
3.36  7.016847462379754
5.04  7.2246513631232965
6.72  30.109636022895153
8.4  55.79462286985562
10.08  61.97043941546711
11.76  43.272965467862946
13.44  0.0
15.12  0.0
16.8  0.0
18.48  11.38016138203496
20.16  28.99377430412659
21.84  21.424305922790023
23.52  0.0
25.2  0.0
26.88  0.0
28.56  0.0
30.24  23.161835334444742
31.919999999999998  28.336045800492126
33.6  8.898457273888322
35.28  0.0
36.96  0.0
38.64  0.0
40.32  12.386093629058818
42.0  29.19956805101934
43.68  20.65121518755651
45.36  0.0
47.04  0.0
48.72  0.0
50.4  0.0
52.08  23.830557243281987
53.76  27.996052370175153
55.44  7.845056114543903
57.12  0.0
58.8  0.0
60.48  0.0
62.16  13.375007636199655
63.839999999999996  29.36524218728648
65.52  19.849750104085444
67.2  0.0
68.88  0.0
70.56  0.0
72.24  0.06461520741858351
73.92  24.46653645277788
75.6  27.61759293521787
77.28  6.780876008192305
78.96  0.0
80.64  0.0
82.32  0.0
84.0  14.34554465579265
85.67999999999999  29.490569080045717
87.36  19.02101186904552
89.03999999999999  0.0
90.72  0.0
92.39999999999999  0.0
94.08  1.1625527240856197
95.75999999999999  25.06889914047692
97.44  27.201187491160677
99.11999999999999  5.707379116583208
100.8  0.0
102.47999999999999  0.0
104.16  0.0
105.83999999999999  15.29637118977838
107.52  29.57537653270394
109.2  18.166139151860065
110.88  0.0
112.56  0.0
114.24  0.0
115.92  2.258892917034011
117.6  25.636817672338978
119.28  26.74740817058602
120.96  4.626040402538175
122.64  0.0
124.32  0.0
126.0  0.0
127.67999999999999  16.226180821903064
129.35999999999999  29.619548021551864
131.04  17.286306530197265
132.72  0.0
134.4  0.0
136.07999999999998  0.0
137.76  3.352129437211694
139.44  26.169511739890467
141.12  26.25687845702026
142.79999999999998  3.5383456033844283
144.48  0.0
146.16  0.0
147.84  0.0
149.51999999999998  17.133696012706633
151.2  29.62302285586521
152.88  16.38272287612349
154.56  0.0
156.23999999999998  0.0
157.92  0.0
159.6  4.4407601999496595
161.28  26.66624943235339
162.96  25.730272328279487
164.64  2.4457891895783437
166.32  0.0
168.0  0.0
