0.0  41.170714670926834
1.68  56.93603889614923
3.36  35.8912283048779
5.04  10.85719459262155
6.72  20.876332856684705
8.4  50.32306876349271
10.08  53.27307741942217
11.76  25.12560591309238
13.44  0.0
15.12  0.0
16.8  22.600516523845357
18.48  12.120269428202416
20.16  0.0
21.84  0.0
23.52  8.575822225112988
25.2  23.50013661030907
26.88  1.7742799153599584
28.56  0.0
30.24  0.0
31.919999999999998  17.530367234306574
33.6  19.50106656524088
35.28  0.0
36.96  0.0
38.64  0.0
40.32  22.830642551503768
42.0  11.436927285826938
43.68  0.0
45.36  0.0
47.04  9.304854791373428
48.72  23.371786242439647
50.4  0.9887183408114959
52.08  0.0
53.76  0.0
55.44  18.05176690858914
57.12  19.040994909309056
58.8  0.0
60.48  0.0
62.16  0.0
63.839999999999996  23.035721649079363
65.52  10.741037974993723
67.2  0.0
68.88  0.0
70.56  10.0236792328794
72.24  23.21779526920379
73.92  0.20207206796320065
75.6  0.0
77.28  0.0
78.96  18.55336243839293
80.64  18.560033851463725
82.32  0.0
84.0  0.0
85.67999999999999  0.1913881602792582
87.36  23.2155288293951
89.03999999999999  10.033364938557092
90.72  0.0
92.39999999999999  0.0
94.08  10.731506945215257
95.75999999999999  23.038332630268105
97.44  0.0
99.11999999999999  0.0
100.8  0.0
102.47999999999999  19.034603535738356
104.16  18.058711042118784
105.83999999999999  0.0
107.52  0.0
109.2  0.9780432237136427
110.88  23.369866830465636
112.56  9.314684547003399
114.24  0.0
115.92  0.0
117.6  11.427561388203253
119.28  22.83359520962992
120.96  0.0
122.64  0.0
124.32  0.0
126.0  19.494962242987693
127.67999999999999  17.537576470058774
129.35999999999999  0.0
131.04  0.0
132.72  1.76362530025356
134.4  23.498566331908936
136.07999999999998  8.585785246715453
137.76  0.0
139.44  0.0
141.12  12.111078937827209
142.79999999999998  22.603807619621215
144.48  0.0
146.16  0.0
147.84  0.0
149.51999999999998  19.93393351205262
151.2  16.997201859061118
152.88  0.0
154.56  0.0
156.23999999999998  2.54727254734241
157.92  23.601486140702928
159.6  7.847466694984323
161.28  0.0
162.96  0.0
164.64  12.781309723983506
166.32  22.349221954491334
168.0  0.0
