0.0  24.069649535313044
1.68  18.293590336325085
3.36  35.97310345941302
5.04  49.53570320717039
6.72  37.82952951641844
8.4  19.111211085721607
10.08  22.573325992124992
11.76  42.81645440573953
13.44  14.936632921623836
15.12  0.0
16.8  0.0
18.48  0.0
20.16  14.349680462842793
21.84  10.557299759107098
23.52  0.0
25.2  0.0
26.88  3.168672961585684
28.56  16.224996047355013
30.24  3.9772585324988103
31.919999999999998  0.0
33.6  0.0
35.28  9.91413283842626
36.96  14.71815137725598
38.64  0.0
40.32  0.0
42.0  0.0
43.68  14.592955167424282
45.36  10.143253780412367
47.04  0.0
48.72  0.0
50.4  3.6940995247990163
52.08  16.22982218126938
53.76  3.4539575305016923
55.44  0.0
57.12  0.0
58.8  10.334268055900804
60.48  14.483522915092816
62.16  0.0
63.839999999999996  0.0
65.52  0.0
67.2  14.82022030385821
68.88  9.718079890285662
70.56  0.0
72.24  0.0
73.92  4.215473383306204
75.6  16.216842980948677
77.28  2.9268672776072764
78.96  0.0
80.64  0.0
82.32  10.743065804932646
84.0  14.233004940184225
85.67999999999999  0.0
87.36  0.0
89.03999999999999  0.0
90.72  15.031226545216125
92.39999999999999  9.282244536426417
94.08  0.0
95.75999999999999  0.0
97.44  4.732222550814677
99.11999999999999  16.186072685550755
100.8  2.396566031421889
102.47999999999999  0.0
104.16  0.0
105.83999999999999  11.140077603679455
107.52  13.966872289569402
109.2  0.0
110.88  0.0
112.56  0.0
114.24  15.225742401798897
115.92  8.836225862960937
117.6  0.0
119.28  0.0
120.96  5.243780114665954
122.64  16.13754505240133
124.32  1.8636355722523463
126.0  0.0
127.67999999999999  0.0
129.35999999999999  11.524867900371252
131.04  13.685416930760065
132.72  0.0
134.4  0.0
136.07999999999998  0.0
137.76  15.403554475098456
139.44  8.38051318588246
141.12  0.0
142.79999999999998  0.0
144.48  5.749584857780779
146.16  16.07131331995972
147.84  1.3286605648501908
149.51999999999998  0.0
151.2  0.0
152.88  11.89701455114465
154.56  13.388947641429558
156.23999999999998  0.0
157.92  0.0
159.6  0.0
161.28  15.564467691911924
162.96  7.915606456233603
164.64  0.0
166.32  0.0
168.0  6.249081874355794
