0.0  16.336012185979932
1.68  21.556552887171836
3.36  27.42755570680874
5.04  33.624749937041756
6.72  39.8058484726777
8.4  45.629453215468295
10.08  50.773911376240875
11.76  54.95508119241394
13.44  24.608692480923498
15.12  26.23643521253159
16.8  26.41507160248664
18.48  25.134735099809568
20.16  22.466142009152662
21.84  18.556685645942963
23.52  13.622295421415338
25.2  7.935510501376054
26.88  1.8104267614458038
28.56  0.0
30.24  0.0
31.919999999999998  0.0
33.6  0.0
35.28  0.0
36.96  0.0
38.64  0.0
40.32  0.0
42.0  0.0
43.68  0.0
45.36  0.0
47.04  0.0
48.72  0.0
50.4  2.329035777584938
52.08  8.430321970257792
53.76  14.065979622684347
55.44  18.92473675079507
57.12  22.738231600797498
58.8  25.295834964636704
60.48  26.45628377726787
62.16  26.15548344200034
63.839999999999996  24.41004794125497
65.52  21.316382203238984
67.2  17.045357407805767
68.88  11.832873328163277
70.56  5.966828974767237
72.24  0.0
73.92  0.0
75.6  0.0
77.28  0.0
78.96  0.0
80.64  0.0
82.32  0.0
84.0  0.0
85.67999999999999  0.0
87.36  0.0
89.03999999999999  0.0
90.72  0.0
92.39999999999999  0.0
94.08  0.0
95.75999999999999  4.352872451797413
97.44  10.338240812828353
99.11999999999999  15.752601329155883
100.8  20.29690483130842
102.47999999999999  23.720157654558918
104.16  25.833284669795198
105.83999999999999  26.519572393127667
107.52  25.7411153742151
109.2  23.540909812566778
110.88  20.04047876596468
112.56  15.43316011690155
114.24  9.97342802005167
115.92  3.9628376349166885
117.6  0.0
119.28  0.0
120.96  0.0
122.64  0.0
124.32  0.0
126.0  0.0
127.67999999999999  0.0
129.35999999999999  0.0
131.04  0.0
132.72  0.0
134.4  0.0
136.07999999999998  0.0
137.76  0.0
139.44  0.16613974689123623
141.12  6.350950198782845
142.79999999999998  12.184981204685336
144.48  17.346004105881725
146.16  21.548962226228355
147.84  24.561715291463138
149.51999999999998  26.217861138437733
151.2  26.42592653802969
152.88  25.174419498755192
154.56  22.532463999254826
156.23999999999998  18.64598209173118
157.92  13.729634248664121
159.6  8.054963108352275
161.28  1.935395470953834
162.96  0.0
164.64  0.0
166.32  0.0
168.0  0.0
