0.0  41.21510073511783
1.68  40.69098963658067
3.36  39.76049610375432
5.04  38.47501370700622
6.72  36.90554297206027
8.4  35.13876983687357
10.08  33.27227776252693
11.76  31.409157945658578
13.44  0.0
15.12  0.0
16.8  0.0
18.48  0.0
20.16  0.0
21.84  0.0
23.52  0.0
25.2  0.0
26.88  0.0
28.56  0.0
30.24  0.0
31.919999999999998  0.0
33.6  1.30372288515423
35.28  3.1075890143458955
36.96  4.739814945032658
38.64  6.110248607087286
40.32  7.143197396144472
42.0  7.781608872392933
43.68  7.990221914749656
45.36  7.757514284001047
47.04  7.096339025949146
48.72  6.0432145643670685
50.4  4.6563076937703896
52.08  3.0122208765433216
53.76  1.2017612903291899
55.44  0.0
57.12  0.0
58.8  0.0
60.48  0.0
62.16  0.0
63.839999999999996  0.0
65.52  0.0
67.2  0.0
68.88  0.0
70.56  0.0
72.24  0.0
73.92  0.0
75.6  0.0
77.28  0.042182715876549315
78.96  1.9058521867348683
80.64  3.6642564998963327
82.32  5.220274426018934
84.0  6.487963060656856
85.67999999999999  7.3973046737025285
87.36  7.898073970159941
89.03999999999999  7.962612163409513
90.72  7.587354641705816
92.39999999999999  6.793027850926472
94.08  5.623504519227499
95.75999999999999  4.143380452515791
97.44  2.4344067406070486
99.11999999999999  0.5909744325742832
100.8  0.0
102.47999999999999  0.0
104.16  0.0
105.83999999999999  0.0
107.52  0.0
109.2  0.0
110.88  0.0
112.56  0.0
114.24  0.0
115.92  0.0
117.6  0.0
119.28  0.0
120.96  0.0
122.64  0.6562670469650281
124.32  2.496703255762772
126.0  4.199240070384328
127.67999999999999  5.669841968283242
129.35999999999999  6.82728379371599
131.04  7.607637033691335
132.72  7.967800755494214
134.4  7.887882182950197
136.07999999999998  7.372295426030837
137.76  6.449517678115169
139.44  5.170516346764808
141.12  3.6059339916578805
142.79999999999998  1.842186552858594
144.48  0.0
146.16  0.0
147.84  0.0
149.51999999999998  0.0
151.2  0.0
152.88  0.0
154.56  0.0
156.23999999999998  0.0
157.92  0.0
159.6  0.0
161.28  0.0
162.96  0.0
164.64  0.0
166.32  0.0
168.0  1.266467796512429
