0.0  21.98346516556429
1.68  23.046930421331446
3.36  24.351029142384178
5.04  25.865254085616616
6.72  27.55418245081093
8.4  29.37830453874451
10.08  31.294948015572523
11.76  33.259276161841946
13.44  1.8920034204111378
15.12  3.8138037064243773
16.8  5.646386332032239
18.48  7.346881043036566
20.16  8.87550756459208
21.84  10.196506195260273
23.52  11.278974346366123
25.2  12.097589457196204
26.88  12.63320137462709
28.56  12.873280339437573
30.24  12.812210099402389
31.919999999999998  12.45141929226898
33.6  11.799348025128852
35.28  10.871250432004118
36.96  9.688837828489481
38.64  8.279770811259521
40.32  6.677012183937265
42.0  4.918055846558353
43.68  3.0440496874925493
45.36  1.0988329963224581
47.04  0.0
48.72  0.0
50.4  0.0
52.08  0.0
53.76  0.0
55.44  0.0
57.12  0.0
58.8  0.0
60.48  0.0
62.16  0.0
63.839999999999996  0.0
65.52  0.0
67.2  0.0
68.88  0.0
70.56  0.0
72.24  0.0
73.92  0.0
75.6  0.0
77.28  0.0
78.96  0.0
80.64  0.0
82.32  1.81352974741012
84.0  3.7379865757092525
85.67999999999999  5.574999360585342
87.36  7.281594211555971
89.03999999999999  8.817848151041801
90.72  10.147823046716187
92.39999999999999  11.240406324958691
94.08  12.070038798305458
95.75999999999999  12.617312580570935
97.44  12.869425102400898
99.11999999999999  12.820478606310164
100.8  12.471618115011594
102.47999999999999  11.831004645494366
104.16  10.913624295464095
105.83999999999999  9.740937668253284
107.52  8.340377837329271
109.2  6.744708594693815
110.88  4.9912579958965555
112.56  3.121045131615216
114.24  1.1778205535445485
115.92  0.0
117.6  0.0
119.28  0.0
120.96  0.0
122.64  0.0
124.32  0.0
126.0  0.0
127.67999999999999  0.0
129.35999999999999  0.0
131.04  0.0
132.72  0.0
134.4  0.0
136.07999999999998  0.0
137.76  0.0
139.44  0.0
141.12  0.0
142.79999999999998  0.0
144.48  0.0
146.16  0.0
147.84  0.0
149.51999999999998  0.0
151.2  1.7349874049097291
152.88  3.662027905729486
154.56  5.503401291186691
156.23999999999998  7.216031661725571
157.92  8.759854848720723
159.6  10.098755649758498
161.28  11.201412684354052
162.96  12.042031106094463
164.64  12.600946030613764
166.32  12.865082563195392
168.0  12.828261664413455
