0.0  36.02544151104564
1.68  7.8034451453684675
3.36  46.02668692897246
5.04  51.2136342969639
6.72  9.864504148199014
8.4  29.59640705410173
10.08  59.05420279360109
11.76  21.56970391311368
13.44  0.0
15.12  22.99185718910347
16.8  4.775646092856097
18.48  0.0
20.16  10.814708184560883
21.84  19.35244606929217
23.52  0.0
25.2  0.0
26.88  25.976667222532576
28.56  0.0
30.24  0.0
31.919999999999998  21.926191600417468
33.6  6.828023229303339
35.28  0.0
36.96  8.865497509253542
38.64  20.69831772891592
40.32  0.0
42.0  0.0
43.68  26.062968928587104
45.36  0.0
47.04  0.0
48.72  20.717459044281707
50.4  8.83584796034913
52.08  0.0
53.76  6.858440042004412
55.44  21.909134217867347
57.12  0.0
58.8  0.0
60.48  25.979211465438627
62.16  0.0
63.839999999999996  0.0
65.52  19.373546421641592
67.2  10.786019360822232
68.88  0.0
70.56  4.806631701638785
72.24  22.97699503767545
73.92  0.0
75.6  0.0
77.28  25.725941345061173
78.96  0.0
80.64  0.0
82.32  17.903222674543084
84.0  12.665812689766545
85.67999999999999  0.0
87.36  2.7234604035034793
89.03999999999999  23.894932466269097
90.72  0.0
92.39999999999999  0.0
94.08  25.30481113844054
95.75999999999999  0.0
97.44  0.0
99.11999999999999  16.31608156935983
100.8  14.462962418544041
102.47999999999999  0.0
104.16  0.6225187041972036
105.83999999999999  24.656957021908543
107.52  0.0
109.2  0.0
110.88  24.71856869265653
112.56  0.43033422347819394
114.24  0.0
115.92  14.622479098092914
117.6  16.165742262606596
119.28  0.0
120.96  0.0
122.64  25.258096544161454
124.32  0.0
126.0  0.0
127.67999999999999  23.97103920136057
129.35999999999999  2.532216288217743
131.04  0.0
132.72  12.833465906200761
134.4  17.76304169473829
136.07999999999998  0.0
137.76  0.0
139.44  25.69442863692662
141.12  0.0
142.79999999999998  0.0
144.48  23.06710024563705
146.16  4.61757580714009
147.84  0.0
149.51999999999998  10.960715187858693
151.2  19.244438440518252
152.88  0.0
154.56  0.0
156.23999999999998  25.96310626180991
157.92  0.0
159.6  0.0
161.28  22.012649968105446
162.96  6.6728059456520015
164.64  0.0
166.32  9.016446519133071
168.0  20.600266482980498
