0.0  3.438012593738571  100.0
0.12  3.4826953259105657
0.24  3.5262896541441107
0.36  3.5687245268297607
0.48  3.6099309864912943
0.6  3.6498422957711334
0.72  3.6883940593584312
0.84  3.7255243416369694
0.96  3.7611737798378737
1.08  3.7952856924903307
1.2  3.8278061829721235
1.3199999999999998  3.8586842379707185
1.44  3.887871820674978
1.56  3.9153239585271615
1.68  3.9409988253748605
1.7999999999999998  3.964857817872712
1.92  3.9868656259942696
2.04  4.006990297525162
2.16  4.02520329641967
2.28  4.041479554914078
2.4  4.055797519301549
2.52  4.068139189284872
2.6399999999999997  4.078490150835155
2.76  4.086839602496429
2.88  4.093180375088057
3.0  4.097508944768972
3.12  4.09982543943986
3.2399999999999998  4.100133638471565
3.36  4.098440965760252
3.48  4.094758476121983
3.5999999999999996  4.089100835051596
3.7199999999999998  4.081486291882868
3.84  4.07193664639902
3.96  4.060477208954579
4.08  4.0471367541814915
4.2  4.031947468364077
4.32  4.014944890579011
4.4399999999999995  3.9961678477079117
4.56  3.9756583834412855
4.68  3.953461681403603
4.8  3.929625982539987
4.92  3.9042024969154965
5.04  3.8772453100882145
5.16  3.8488112842272315
5.279999999999999  3.81895995415626
5.3999999999999995  3.787753418512854
5.52  3.755256226222163
5.64  3.7215352584926826
5.76  3.686659606549691
5.88  3.6507004453297958
6.0  3.6137309033674447
6.12  3.5758259291111916
6.24  3.537062153914029
6.359999999999999  3.4975177519481875
6.4799999999999995  3.4572722973004364
6.6  3.4164066185090225
6.72  3.3750026508081277
6.84  3.333143286349867
6.96  3.2909122226775542
7.08  3.248393809727176
7.199999999999999  3.205672895636687
7.319999999999999  3.1628346716449216
7.4399999999999995  3.1199645163635856
7.56  3.077147839706938
7.68  3.034469926764387
7.8  2.9920157819013458
7.92  2.9498699733732616
8.04  2.9081164787368032
8.16  2.866838531340731
8.28  2.8261184681769977
8.4  2.7860375793701553
8.52  2.746675959580128
8.64  2.7081123615899276
8.76  2.670424052345907
8.879999999999999  2.6336866717136305
9.0  2.5979740942075114
9.12  2.5633582939469157
9.24  2.529909213085529
9.36  2.497694633954458
9.48  2.4667800551527197
9.6  2.4372285718115925
9.719999999999999  2.409100760251634
9.84  2.382454567243194
9.959999999999999  2.357345204072778
10.08  2.33382504560889
10.2  2.311943534551808
10.32  2.291747091042281
10.44  2.2732790277943615
10.559999999999999  2.256579470907459
10.68  2.2416852865023436
10.799999999999999  2.228630013315186
10.92  2.217443801372815
11.04  2.2081533568612706
11.16  2.2007818932884167
11.28  2.1953490890298557
11.4  2.191871051335757
11.52  2.190360286864343
11.639999999999999  2.1908256787959326
11.76  2.1932724705693185
11.879999999999999  2.197702256270246
12.0  2.2041129776895283
12.12  2.212498928056192
12.24  2.2228507624388216
12.36  2.2351555147960966
12.48  2.2493966216453645
12.6  2.265553952305985
12.719999999999999  2.2836038456621774
12.84  2.3035191533781867
12.959999999999999  2.325269289486783
13.08  2.348820286260474
13.2  2.374134856263309
13.32  2.4011724604698914
13.44  2.4298893823270795
13.559999999999999  2.4602388076230404
13.68  2.492170910017685
13.799999999999999  2.525632942078159
13.92  2.5605693316530402
14.04  2.596921783409079
14.16  2.634629385344933
14.28  2.6736287200872324
14.399999999999999  2.7138539807655677
14.52  2.755237091254628
14.639999999999999  2.7977078305637413
14.76  2.841193961146479
14.879999999999999  2.885621360895831
15.0  2.93091415858372
15.12  2.9769948724973188
15.24  3.023784552018815
15.36  3.0712029218898604
15.479999999999999  3.119168528897053
15.6  3.1675988907103765
15.719999999999999  3.2164106466025744
15.84  3.2655197097740154
15.959999999999999  3.3148414210046457
16.08  3.3642907033522382
16.2  3.4137822176142016
16.32  3.463230518268816
16.439999999999998  3.512550209610935
16.56  3.56165610179677
16.68  3.6104633665125743
16.8  3.658887691982753
16.919999999999998  3.7068454370340764
17.04  3.754253783934462
17.16  3.801030889726962
17.28  3.8470960357824158
17.4  3.8923697752974356
17.52  3.9367740784681398
17.64  3.9802324750743487
17.759999999999998  4.022670194213625
17.88  4.064014300929826
18.0  4.104193829486403
18.12  4.143139913040949
18.24  4.180785909483957
18.36  4.217067523211819
18.48  4.251922922611519
18.599999999999998  4.285292853042309
18.72  4.317120745107875
18.84  4.347352818021118
18.96  4.375938177872654
19.08  4.402828910623414
19.2  4.42798016965143
19.32  4.451350257692751
19.439999999999998  4.472900703026807
19.56  4.492596329766919
19.68  4.510405322127532
19.8  4.5262992825507045
19.919999999999998  4.540253283585621
20.04  4.552245913426329
20.16  4.562259315024452
20.279999999999998  4.5702792187054095
20.4  4.576294968228548
20.52  4.580299540243523
20.64  4.58228955710741
20.759999999999998  4.582265293039097
20.88  4.580230673599713
21.0  4.576193268500058
21.119999999999997  4.5701642777481535
21.24  4.562158511162261
21.36  4.552194361286779
21.48  4.540293769760546
21.599999999999998  4.52648218719899
21.72  4.510788526663457
21.84  4.493245110802765
21.96  4.473887612763562
22.08  4.452754990977505
22.2  4.429889417944423
22.32  4.4053362031416405
22.439999999999998  4.379143710200329
22.56  4.351363268500266
22.68  4.32204907934457
22.8  4.291258116885886
22.919999999999998  4.259050023985082
23.04  4.225487003192782
23.16  4.190633703053001
23.279999999999998  4.154557099936628
23.4  4.1173263756207605
23.52  4.079012790837605
23.64  4.0396895550240295
23.759999999999998  3.999431692509856
23.88  3.958315905389389
24.0  3.9164204333268504
24.119999999999997  3.8738249105518916
24.24  3.830610220306568
24.36  3.7868583470097765
24.48  3.74265222640933
24.599999999999998  3.6980755939955485
24.72  3.653212831953376
24.84  3.6081488149327754
24.96  3.562968754919214
25.08  3.517758045487808
25.2  3.4726021057257173
25.32  3.4275862241080777
25.439999999999998  3.3827954026127682
25.56  3.3383142013589224
25.68  3.2942265840531277
25.8  3.250615764525761
25.919999999999998  3.2075640546379294
26.04  3.1651527138369793
26.16  3.1234618006355537
26.279999999999998  3.0825700262855693
26.4  3.042554610914613
26.52  3.0034911423876167
26.64  2.965453438151796
26.759999999999998  2.928513410317325
26.88  2.892740934220318
27.0  2.8582037207083575
27.119999999999997  2.824967192381947
27.24  2.7930943640180823
27.36  2.7626457273944895
27.48  2.733679140724999
27.599999999999998  2.706249722908142
27.72  2.6804097527822277
27.84  2.6562085735710306
27.959999999999997  2.6336925026947204
28.08  2.612904747110851
28.2  2.593885324340147
28.32  2.5766709893214097
28.439999999999998  2.5612951672292295
28.56  2.547787892377273
28.68  2.5361757533188243
28.799999999999997  2.5264818442448957
28.919999999999998  2.518725722768738
29.04  2.512923374173915
29.16  2.509087182191254
29.279999999999998  2.5072259063581215
29.4  2.5073446660013516
29.52  2.5094449308731486
29.64  2.513524518457042
29.759999999999998  2.5195775979488357
29.88  2.527594700905268
30.0  2.5375627385409327
30.119999999999997  2.549465025641825
30.24  2.5632813110518455
30.36  2.5789878146764993
30.48  2.596557270936213
30.599999999999998  2.615958978589809
30.72  2.6371588568371145
30.84  2.6601195075981505
30.959999999999997  2.6848002838550915
31.08  2.7111573639320965
31.2  2.739143831577246
31.32  2.768709761700242
31.439999999999998  2.7998023116091666
31.56  2.8323658175795763
31.68  2.866341896579401
31.799999999999997  2.901669552963792
31.919999999999998  2.938285289944884
32.04  2.9761232256327563
32.16  3.0151152134355437
32.28  3.0551909665986203
32.4  3.096278186655264
32.519999999999996  3.13830269555407
32.64  3.181188571221598
32.76  3.2248582863125166
32.879999999999995  3.2692328498936916
33.0  3.314231951803245
33.12  3.359774109420745
33.24  3.4057768165803686
33.36  3.4521566943547644
33.48  3.4988296434341697
33.6  3.545710997822188
33.72  3.5927156795674144
33.839999999999996  3.6397583542480856
33.96  3.6867535869255876
34.08  3.733615998281811
34.199999999999996  3.78026042065503
34.32  3.8266020536890766
34.44  3.872556619311373
34.56  3.918040515756637
34.68  3.962970970354663
34.8  4.007266190803051
34.92  4.050845514648342
35.04  4.09362955670242
35.16  4.135540354124742
35.28  4.176501508905245
35.4  4.216438327487519
35.519999999999996  4.255277957277125
35.64  4.292949519785498
35.76  4.329384240166162
35.879999999999995  4.364515572906505
36.0  4.398279323445388
36.12  4.43061376549432
36.24  4.461459753847805
36.36  4.490760832476684
36.48  4.518463337706897
36.6  4.5445164962951345
36.72  4.5688725182220935
36.839999999999996  4.591486684033805
36.96  4.612317426571361
37.08  4.631326406939677
37.199999999999996  4.6484785845764955
37.32  4.663742281293516
37.44  4.677089239172639
37.559999999999995  4.688494672211521
37.68  4.697937311624035
37.8  4.705399444712849
37.92  4.7108669472430975
38.04  4.7143293092579555
38.16  4.715779654288949
38.28  4.715214751925894
38.4  4.712635023723483
38.519999999999996  4.708044542433736
38.64  4.701451024565701
38.76  4.692865816286023
38.879999999999995  4.682303872686132
39.0  4.6697837304539584
39.12  4.655327474000092
39.24  4.638960695100328
39.36  4.620712446128336
39.48  4.600615186963914
39.6  4.57870472567388
39.72  4.5550201530740155
39.839999999999996  4.529603771291604
39.96  4.502501016459194
40.08  4.473760375680832
40.199999999999996  4.443433298422495
40.32  4.411574102488727
40.44  4.378239874757251
40.559999999999995  4.343490366853019
40.68  4.3073878859523305
40.8  4.269997180916617
40.92  4.231385323963966
41.04  4.191621588094662
41.16  4.150777320494729
41.28  4.108925812148877
41.4  4.066142163901146
41.519999999999996  4.022503149207971
41.64  3.9780870738345864
41.76  3.932973632751141
41.879999999999995  3.887243764490048
42.0  3.840979503230764
42.12  3.79426382888234
42.239999999999995  3.7471805154376865
42.36  3.6998139778767456
42.48  3.652249117898352
42.6  3.6045711687626807
42.72  3.5568655395279425
42.839999999999996  3.509217658965876
42.96  3.461712819441397
43.08  3.4144360210416895
43.199999999999996  3.367471816239572
43.32  3.3209041553750924
43.44  3.274816233237724
43.559999999999995  3.229290337029509
43.68  3.1844076959870806
43.8  3.140248332937334
43.92  3.096890918058056
44.04  3.054412625110823
44.16  3.0128889904088214
44.28  2.9723937747774394
44.4  2.9329988287598576
44.519999999999996  2.8947739613139643
44.64  2.8577868122406267
44.76  2.822102728576425
44.879999999999995  2.7877846451767434
45.0  2.7548929697075044
45.12  2.723485472255691
45.239999999999995  2.693617179760433
45.36  2.6653402754575737
45.48  2.6387040035215183
45.6  2.6137545790785905
45.72  2.590535103756423
45.839999999999996  2.569085486923651
45.96  2.549442372763914
46.08  2.5316390733174012
46.199999999999996  2.5157055076123287
46.32  2.5016681469975923
46.44  2.489549966776506
46.559999999999995  2.479370404230009
46.68  2.4711453231060725
46.8  2.464886984640194
46.92  2.4606040251599475
47.04  2.4583014403145125
47.16  2.4579805759580124
47.28  2.4596391257033234
47.4  2.4632711351508063
47.519999999999996  2.4688670127842656
47.64  2.47641354751419
47.76  2.4858939328362295
47.879999999999995  2.4972877975607624
48.0  2.5105712430573712
48.12  2.5257168869461744
48.239999999999995  2.5426939131561714
48.36  2.561468128259092
48.48  2.5820020239758055
48.6  2.60425484574108
48.72  2.628182667201321
48.839999999999996  2.6537384705092126
48.96  2.680872232268459
49.08  2.709531014971571
49.199999999999996  2.739659063763613
49.32  2.7711979083550253
49.44  2.8040864698972796
49.559999999999995  2.838261172626077
49.68  2.8736560600679955
49.8  2.910202915598246
49.92  2.947831387129199
50.04  2.9864691157017846
50.16  3.026041867744806
50.28  3.066473670760373
50.4  3.1076869521875308
50.519999999999996  3.1496026811903137
50.64  3.1921405131110325
50.76  3.2352189363248347
50.879999999999995  3.278755421227167
51.0  3.3226665710818
51.12  3.3668682744537515
51.239999999999995  3.41127585894856
51.36  3.4558042459768643
51.48  3.500368106261491
51.6  3.5448820158028624
51.72  3.5892606120176116
51.839999999999996  3.6334187497651462
51.96  3.677271656976922
52.08  3.7207350896040303
52.199999999999996  3.763725485599964
52.32  3.8061601176570563
52.44  3.8479572444175383
52.559999999999995  3.8890362598827863
52.68  3.929317840747789
52.8  3.968724091391477
52.919999999999995  4.007178686257995
53.04  4.044607009368674
53.16  4.080936290709729
53.28  4.116095739246468
53.4  4.150016672320832
53.519999999999996  4.182632641195869
53.64  4.213879552517643
53.76  4.2436957854726005
53.879999999999995  4.272022304426319
54.0  4.298802766837722
54.12  4.32398362625158
54.239999999999995  4.3475142301810585
54.36  4.369346912701419
54.48  4.389437081585638
54.6  4.407743299822742
54.72  4.424227361369804
54.839999999999996  4.438854360999241
54.96  4.451592758113682
55.08  4.46241443441183
55.199999999999996  4.47129474529992
55.32  4.478212564954792
55.44  4.483150324956251
55.559999999999995  4.486094046418083
55.68  4.487033365559029
55.8  4.485961552666966
55.919999999999995  4.482875524421647
56.04  4.47777584955347
56.16  4.47066674782794
56.28  4.461556082357678
56.4  4.450455345256035
56.519999999999996  4.437379636658511
56.64  4.422347637150333
56.76  4.405381573650595
56.879999999999995  4.386507178815281
57.0  4.3657536440333775
57.12  4.343153566102003
57.239999999999995  4.318742887677958
57.36  4.292560831614584
57.48  4.264649829303901
57.599999999999994  4.2350554431549785
57.72  4.203826283350244
57.839999999999996  4.171013919031867
57.96  4.136672784080476
58.08  4.100860077658491
58.199999999999996  4.063635659699765
58.32  4.0250619415365865
58.44  3.9852037718638904
58.559999999999995  3.9441283182491205
58.68  3.9019049444042753
58.8  3.858605083444459
58.919999999999995  3.8143021073645134
59.04  3.7690711929723344
59.16  3.7229891845238843
59.28  3.676134453310873
59.4  3.6285867544578494
59.519999999999996  3.5804270811902885
59.64  3.5317375168401104
59.76  3.4826010848590663
59.879999999999995  3.433101597114074
60.0  3.3833235007418203
60.12  3.3333517238424855
60.239999999999995  3.283271520294562
60.36  3.2331683139744523
60.48  3.183127542665515
60.599999999999994  3.133234501941785
60.72  3.083574189311773
60.839999999999996  3.034231148907128
60.96  2.985289316999986
61.08  2.936831868631409
61.199999999999996  2.8889410656311507
61.32  2.841698106306529
61.44  2.7951829770751297
61.559999999999995  2.749474306312441
61.68  2.7046492206815937
61.8  2.6607832042077426
61.919999999999995  2.6179499603546184
62.04  2.5762212773553657
62.16  2.535666897043777
62.28  2.496354387425587
62.4  2.4583490192228217
62.519999999999996  2.4217136466167037
62.64  2.386508592407178
62.76  2.352791537798878
62.879999999999995  2.3206174170149474
63.0  2.2900383169313683
63.12  2.2611033819152033
63.239999999999995  2.2338587240406276
63.36  2.2083473388469046
63.48  2.184609026792232
63.599999999999994  2.1626803205469867
63.72  2.142594418259292
63.839999999999996  2.1243811229148406
63.96  2.108066787901805
64.08  2.093674268880319
64.2  2.081222882044492
64.32  2.0707283688532536
64.44  2.062202867294447
64.56  2.055654889734731
64.67999999999999  2.0510893073957472
64.8  2.048507341484922
64.92  2.047906560997131
65.03999999999999  2.04928088719122
65.16  2.0526206047332263
65.28  2.0579123794859058
65.39999999999999  2.0651392829120825
65.52  2.0742808230472067
65.64  2.0853129819845053
65.75999999999999  2.0982082598042435
65.88  2.1129357248668006
66.0  2.129461070377623
66.12  2.1477466771207157
66.24  2.167751682246004
66.36  2.189432053984833
66.48  2.2127406721570746
66.6  2.237627414322722
66.72  2.2640392474204805
66.84  2.2919203247259192
66.96  2.3212120879519444
67.08  2.351853374305046
67.2  2.3837805283016107
67.32  2.416927518139969
67.44  2.451226056415535
67.56  2.4866057249583178
67.67999999999999  2.522994103564773
67.8  2.5603169023886725
67.92  2.5984980977489767
68.03999999999999  2.637460071106624
68.16  2.6771237509561874
68.28  2.7174087573730183
68.39999999999999  2.7582335489518237
68.52  2.799515571868076
68.64  2.841171410789768
68.75999999999999  2.8831169413638325
68.88  2.9252674839984807
69.0  2.967537958660353
69.12  3.0098430404036915
69.24  3.0520973153472184
69.36  3.0942154368136556
69.48  3.136112281346561
69.6  3.1777031043193125
69.72  3.2189036948518943
69.84  3.2596305297523123
69.96  3.2998009262013106
70.08  3.339333192901402
70.2  3.3781467794138447
70.32  3.4161624234107872
70.44  3.453302295573386
70.56  3.489490141871041
70.67999999999999  3.524651422961824
70.8  3.5587134504592868
70.92  3.5916055198165378
71.03999999999999  3.6232590395848616
71.16  3.653607656810569
71.28  3.6825873783408802
71.39999999999999  3.710136687817218
71.52  3.736196658142069
71.64  3.760711059213803
71.75999999999999  3.783626460732664
71.88  3.8048923298899835
72.0  3.8244611237620583
72.11999999999999  3.8422883762399063
72.24  3.858332779335962
72.36  3.872556258719147
72.48  3.8849240433402747
72.6  3.8954047290205143
72.72  3.90397033588673
72.84  3.91059635954871
72.96  3.9152618159247528
73.08  3.917949279633707
73.2  3.918644915883271
73.32  3.9173385057963
73.44  3.914023465128816
73.56  3.9086968563455247
73.67999999999999  3.9013593940307563
73.8  3.8920154436249543
73.92  3.880673013489017
74.03999999999999  3.8673437403109894
74.16  3.852042867881774
74.28  3.8347892192786737
74.39999999999999  3.8156051625075706
74.52  3.794516569666536
74.64  3.7715527697055515
74.75999999999999  3.7467464948686047
74.88  3.720133820916082
75.0  3.6917541012367265
75.11999999999999  3.6616498949695178
75.24  3.62986688926689
75.36  3.5964538158413477
75.48  3.5614623619479624
75.6  3.5249470759655033
75.72  3.4869652677486673
75.84  3.4475769039336495
75.96  3.4068444983882644
76.08  3.364832998006885
76.2  3.321609664058978
76.32  3.2772439493079686
76.44  3.231807371125056
76.56  3.185373380829957
76.67999999999999  3.138017229497231
76.8  3.089815830473495
76.92  3.0408476188568745
77.03999999999999  2.9911924081953547
77.16  2.9409312446659976
77.28  2.8901462590016083
77.39999999999999  2.838920516435307
77.52  2.787337864937325
77.64  2.735482782021477
77.75999999999999  2.6834402204010823
77.88  2.6312954527765906
78.0  2.579133916038502
78.11999999999999  2.5270410551702955
78.24  2.475102167136696
78.36  2.4234022450425594
78.48  2.372025822847199
78.6  2.321056820917938
78.72  2.2705783927051377
78.84  2.2206727728190088
78.96  2.1714211267857246
79.08  2.122903402757481
79.2  2.0751981854475905
79.32  2.028382552557413
79.44  1.982531933957595
79.56  1.9377199738810305
79.67999999999999  1.8940183963792694
79.8  1.8514968742883342
79.92  1.810222901943483
80.03999999999999  1.7702616718754043
80.16  1.7316759557132833
80.28  1.6945259895124232
80.39999999999999  1.6588693637159098
80.52  1.6247609179514637
80.64  1.5922526408558069
80.75999999999999  1.561393575109504
80.88  1.5322297278559385
81.0  1.5048039866681004
81.11999999999999  1.4791560412167464
81.24  1.4553223107831248
81.36  1.4333358777487264
81.48  1.413226427183611
81.6  1.3950201926437216
81.72  1.3787399082762335
81.84  1.3644047673205142
81.96  1.3520303870804697
82.08  1.3416287804323397
82.2  1.333208333920015
82.32  1.3267737924778762
82.44  1.3223262508091052
82.56  1.319863151435216
82.67999999999999  1.3193782894203576
82.8  1.3208618237617813
82.92  1.3243002954256222
83.03999999999999  1.3296766519950598
83.16  1.3369702788858036
83.28  1.3461570370718332
83.39999999999999  1.3572093072524898
83.52  1.3700960403801499
83.64  1.3847828144561714
83.75999999999999  1.4012318974913063
83.88  1.4194023165154972
84.0  1.4392499325109571
84.11999999999999  1.4607275211315673
84.24  1.4837848590610947
84.36  1.508368815852374
84.47999999999999  1.534423451079618
84.6  1.561890116626337
84.72  1.5907075639218458
84.84  1.6208120559304715
84.96  1.6521374836887124
85.08  1.6846154871774313
85.2  1.7181755803080931
85.32  1.752745279794719
85.44  1.7882502376759932
85.56  1.824614377245262
85.67999999999999  1.861760032140121
85.8  1.8996080883373225
85.92  1.9380781287934505
86.03999999999999  1.9770885804671288
86.16  2.016556863454005
86.28  2.056399541961898
86.39999999999999  2.0965324768503204
86.52  2.136870979455477
86.64  2.1773299664196593
86.75999999999999  2.2178241152420886
86.88  2.2582680202668834
87.0  2.2985763488230995
87.11999999999999  2.338663997231454
87.24  2.3784462463926683
87.36  2.4178389166730234
87.47999999999999  2.456758521804064
87.6  2.4951224215152648
87.72  2.5328489726205676
87.84  2.56985767828281
87.96  2.6060693351831503
88.08  2.6414061783266023
88.2  2.6757920232189214
88.32  2.7091524051551366
88.44  2.7414147153650914
88.56  2.772508333767142
88.67999999999999  2.802364758087485
88.8  2.8309177291090823
88.92  2.858103351821249
89.03999999999999  2.8838602122485772
89.16  2.908129489745607
89.28  2.9308550645520364
89.39999999999999  2.9519836204119354
89.52  2.9714647420693634
89.64  2.9892510074622525
89.75999999999999  3.0052980744460367
89.88  3.0195647618885557
90.0  3.032013124987996
90.11999999999999  3.042608524676251
90.24  3.051319690980824
90.36  3.0581187802295133
90.47999999999999  3.0629814259932835
90.6  3.0658867836742916
90.72  3.0668175686574846
90.84  3.0657600879561393
90.96  3.062704265293439
91.08  3.057643659574276
91.2  3.0505754767135276
91.32  3.0415005747991715
91.44  3.0304234625808046
91.56  3.017352291286355
91.67999999999999  3.0022988397818997
91.8  2.9852784931017373
91.92  2.9663102143879554
92.03999999999999  2.9454165102907703
92.16  2.922623389892834
92.28  2.8979603172326813
92.39999999999999  2.8714601575139493
92.52  2.843159117098774
92.64  2.8130966773950075
92.75999999999999  2.78131552275808
92.88  2.7478614625392073
93.0  2.7127833474225804
93.11999999999999  2.676132980204212
93.24  2.637965021175682
93.36  2.598336888285611
93.47999999999999  2.5573086522613493
93.6  2.514942926882537
93.72  2.4713047546071336
93.84  2.4264614877588224
93.96  2.3804826654930693
94.08  2.3334398867665973
94.2  2.285406679542464
94.32  2.2364583664698254
94.44  2.186671927283704
94.56  2.1361258581765505
94.67999999999999  2.084900028398228
94.8  2.033075534346794
94.92  1.9807345514166006
95.03999999999999  1.9279601838745364
95.16  1.874836313038633
95.28  1.8214474440368011
95.39999999999999  1.7678785514253756
95.52  1.7142149239499314
95.64  1.6605420087319107
95.75999999999999  1.606945255165925
95.88  1.5535099588128438
96.0  1.5003211055743004
96.11999999999999  1.447463216432995
96.24  1.395020193042871
96.36  1.3430751644511925
96.47999999999999  1.2917103352327084
96.6  1.2410068353134194
96.72  1.1910445717584823
96.84  1.1419020827949782
96.96  1.0936563943365032
97.08  1.0463828792716687
97.2  1.0001551197737257
97.32  0.9550447728829763
97.44  0.9111214396075028
97.56  0.8684525377817045
97.67999999999999  0.8271031789146774
97.8  0.7871360492537784
97.92  0.7486112952805895
98.03999999999999  0.7115864138486288
98.16  0.6761161471634747
98.28  0.6422523827974409
98.39999999999999  0.6100440589212881
98.52  0.5795370749263636
98.64  0.5507742076004145
98.75999999999999  0.5237950330103219
98.88  0.4986358542344389
99.0  0.47532963507675485
99.11999999999999  0.45390593988385963
99.24  0.43439087957481703
99.36  0.4168070639825474
99.47999999999999  0.4011735605937947
99.6  0.38750585976311314
99.72  0.3758158464644519
99.84  0.36611177863193145
99.96  0.35839827212942943
100.08  0.3526762923764175
100.2  0.34894315264538833
100.32  0.34719251903393933
100.44  0.3474144221024682
100.56  0.3495952751561737
100.67999999999999  0.35371789913799057
100.8  0.3597615540869179
100.92  0.36770197710429287
101.03999999999999  0.37751142675857463
101.16  0.3891587338475563
101.28  0.4026093584251226
101.39999999999999  0.41782545298846263
101.52  0.43476593171014244
101.64  0.4533865455885826
101.75999999999999  0.4736399633795617
101.88  0.49547585816084994
102.0  0.5188409993717482
102.11999999999999  0.5436793501593739
102.24  0.569932169853707
102.36  0.5975381213841785
102.47999999999999  0.6264333834414567
102.6  0.6565517671794505
102.72  0.6878248372442627
102.83999999999999  0.7201820369088447
102.96  0.7535508170847717
103.08  0.7878567689752217
103.2  0.8230237601268238
103.32  0.8589740736316449
103.44  0.8956285502250712
103.56  0.9329067330195993
103.67999999999999  0.9707270146103757
103.8  1.0090067862833378
103.92  1.0476625890534483
104.03999999999999  1.0866102662568635
104.16  1.1257651174183378
104.28  1.1650420531123653
104.39999999999999  1.2043557505353883
104.52  1.2436208095044528
104.64  1.2827519085973813
104.75999999999999  1.32166396114904
104.88  1.3602722708186168
105.0  1.3984926864435687
105.11999999999999  1.4362417558973164
105.24  1.4734368786693672
105.36  1.509996456889119
105.47999999999999  1.5458400445172868
105.6  1.5808884944322978
105.72  1.6150641031428616
105.83999999999999  1.648290752862174
105.96  1.6804940506842592
106.08  1.711601464607821
106.2  1.74154245615934
106.32  1.7702486093727234
106.44  1.7976537558900625
106.56  1.8236940959545827
106.67999999999999  1.8483083150749475
106.8  1.8714376961474677
106.92  1.8930262268314526
107.03999999999999  1.9130207019813557
107.16  1.9313708209486464
107.28  1.9480292795753928
107.39999999999999  1.9629518567116337
107.52  1.9760974950982537
107.64  1.987428376467642
107.75999999999999  1.9969099907248353
107.88  2.0045111990827236
108.0  2.010204291035942
108.11999999999999  2.013965035069292
108.24  2.0157727230080686
108.36  2.015610207929185
108.47999999999999  2.01346393556385
108.6  2.0093239691343734
108.72  2.003184007579743
108.83999999999999  1.9950413971366323
108.96  1.984897136254687
109.08  1.972755873837117
109.2  1.9586259008097813
109.32  1.9425191350342101
109.44  1.9244510995920912
109.56  1.9044408944809683
109.67999999999999  1.8825111617728092
109.8  1.8586880442991762
109.92  1.833001137938476
110.03999999999999  1.8054834375925122
110.16  1.776171276951002
110.28  1.7451042621542876
110.39999999999999  1.712325199475294
110.52  1.6778800171530543
110.64  1.6418176815205805
110.75999999999999  1.6041901075803788
110.88  1.5650520641910455
111.0  1.5244610740382134
111.11999999999999  1.482477308572706
111.24  1.4391634781077927
111.36  1.3945847172765533
111.47999999999999  1.3488084660585855
111.6  1.3019043465935096
111.72  1.2539440360064191
111.83999999999999  1.205001135477736
111.96  1.1551510357965893
112.08  1.1044707796437394
112.2  1.0530389208553763
112.32  1.0009353809253132
112.44  0.9482413030075509
112.56  0.8950389036863668
112.67999999999999  0.8414113227844442
112.8  0.7874424714838635
112.92  0.7332168790373454
113.03999999999999  0.6788195383499374
113.16  0.6243357507133656
113.28  0.5698509699768473
113.39999999999999  0.515450646439028
113.52  0.4612200707465203
113.64  0.40724421808420924
113.75999999999999  0.3536075929421105
113.88  0.3003940747425023
114.0  0.24768676460944128
114.11999999999999  0.19556783356074192
114.24  0.14411837239972258
114.36  0.09341824358135298
114.47999999999999  0.04354593532313594
114.6  0.0
114.72  0.0
114.83999999999999  0.0
114.96  0.0
115.08  0.0
115.19999999999999  0.0
115.32  0.0
115.44  0.0
115.56  0.0
115.67999999999999  0.0
115.8  0.0
115.92  0.0
116.03999999999999  0.0
116.16  0.0
116.28  0.0
116.39999999999999  0.0
116.52  0.0
116.64  0.0
116.75999999999999  0.0
116.88  0.0
117.0  0.0
117.11999999999999  0.0
117.24  0.0
117.36  0.0
117.47999999999999  0.0
117.6  0.0
117.72  0.0
117.83999999999999  0.0
117.96  0.0
118.08  0.0
118.19999999999999  0.0
118.32  0.0
118.44  0.0
118.56  0.0
118.67999999999999  0.0
118.8  0.0
118.92  0.0
119.03999999999999  0.0
119.16  0.0
119.28  0.0
119.39999999999999  0.0
119.52  0.0
119.64  0.0
119.75999999999999  0.0
119.88  0.0
120.0  0.0
