0.0  2.674689739621112  100.0
0.12  2.6515355822546316
0.24  2.628812038867326
0.36  2.6065692596235612
0.48  2.5848564911744214
0.6  2.563721986614636
0.72  2.54321291725545
0.84  2.5233752863746552
0.96  2.5042538451014327
1.08  2.485892010589716
1.2  2.4683317866296406
1.3199999999999998  2.4516136868421485
1.44  2.4357766605971354
1.56  2.4208580217905187
1.68  2.4068933806104
1.7999999999999998  2.3939165784170218
1.92  2.381959625855533
2.04  2.371052644314667
2.16  2.361223810838326
2.28  2.3524993065907394
2.4  2.3449032689693965
2.52  2.3384577474532593
2.6399999999999997  2.3331826632669523
2.76  2.3290957729346484
2.88  2.32621263579025
3.0  2.324546585503257
3.12  2.3241087056723515
3.2399999999999998  2.3249078095313065
3.36  2.3269504238043117
3.48  2.3302407767402133
3.5999999999999996  2.3347807903475495
3.7199999999999998  2.3405700768445583
3.84  2.3476059393306627
3.96  2.355883376678184
4.08  2.3653950926353726
4.2  2.376131509124086
4.32  2.3880807837078457
4.4399999999999995  2.4012288311983156
4.56  2.4155593493607466
4.68  2.4310538486713793
4.8  2.4476916860724454
4.92  2.4654501026630564
5.04  2.484304265257116
5.16  2.504227311732286
5.279999999999999  2.525190400087145
5.3999999999999995  2.547162761116874
5.52  2.570111754611195
5.64  2.594002928971869
5.76  2.618800084140787
5.88  2.644465337723653
6.0  2.6709591941884074
6.12  2.6982406170119306
6.24  2.7262671036431643
6.359999999999999  2.754994763145661
6.4799999999999995  2.7843783963776554
6.6  2.814371578563113
6.72  2.8449267441028705
6.84  2.8759952734708567
6.96  2.907527582036576
7.08  2.9394732106515415
7.199999999999999  2.9717809178340886
7.319999999999999  3.004398773384101
7.4399999999999995  3.0372742532565544
7.56  3.070354335520495
7.68  3.1035855972280726
7.8  3.136914312016601
7.92  3.1702865482652527
8.04  3.20364826762702
8.16  3.236945423755853
8.28  3.270124061048534
8.4  3.3031304132208565
8.52  3.335911001537925
8.64  3.3684127325190625
8.76  3.4005829949387585
8.879999999999999  3.432369755946395
9.0  3.4637216561290485
9.12  3.494588103343675
9.24  3.5249193651471593
9.36  3.554666659655313
9.48  3.583782244664789
9.6  3.6122195048749965
9.719999999999999  3.6399330370506413
9.84  3.666878732969244
9.959999999999999  3.6930138600020275
10.08  3.718297139180922
10.2  3.7426888206090108
10.32  3.7661507560765815
10.44  3.788646468750097
10.559999999999999  3.810141219806702
10.68  3.8306020718924927
10.799999999999999  3.849997949288573
10.92  3.86829969467495
11.04  3.8854801223884965
11.16  3.901514068077694
11.28  3.9163784346633523
11.4  3.930052234521372
11.52  3.9425166278103876
11.639999999999999  3.9537549568743113
11.76  3.9637527766568494
11.879999999999999  3.9724978810724445
12.0  3.9799803252854247
12.12  3.986192443856656
12.24  3.9911288647245247
12.36  3.9947865189947085
12.48  3.9971646465208313
12.6  3.99826479726582
12.719999999999999  3.9980908284414527
12.84  3.9966488974313523
12.959999999999999  3.993947450510339
13.08  3.9899972073807675
13.2  3.9848111415541028
13.32  3.9784044566136063
13.44  3.9707945584014954
13.559999999999999  3.9620010231814096
13.68  3.9520455618343844
13.799999999999999  3.9409519801537494
13.92  3.92874613531153
14.04  3.915455888575903
14.16  3.901111054366126
14.28  3.8857433457380455
14.399999999999999  3.8693863163998152
14.52  3.852075299363791
14.639999999999999  3.833847342346731
14.76  3.8147411400363516
14.879999999999999  3.794796963348041
15.0  3.7740565858010036
15.12  3.7525632071484076
15.24  3.7303613744010957
15.36  3.7074969003892
15.479999999999999  3.684016780010497
15.6  3.659969104318564
15.719999999999999  3.6354029726077552
15.84  3.610368402655659
15.959999999999999  3.584916239287086
16.08  3.559098061426692
16.2  3.532966087810101
16.32  3.506573081525865
16.439999999999998  3.4799722535626985
16.56  3.4532171655382675
16.68  3.4263616317873318
16.8  3.3994596209881363
16.919999999999998  3.3725651575068842
17.04  3.345732222640559
17.16  3.3190146559386053
17.28  3.2924660567838027
17.4  3.2661396864121977
17.52  3.240088370551174
17.64  3.2143644028535885
17.759999999999998  3.1890194493044577
17.88  3.1641044537749026
18.0  3.13966954489596
18.12  3.115763944422452
18.24  3.092435877254397
18.36  3.0697324832803896
18.48  3.0476997312040868
18.599999999999998  3.02638233451127
18.72  3.0058236697310607
18.84  2.9860656971407
18.96  2.967148884058773
19.08  2.9491121308671073
19.2  2.931992699896502
19.32  2.915826147306301
19.439999999999998  2.9006462580822783
19.56  2.8864849842716307
19.68  2.8733723865679814
19.8  2.8613365793531296
19.919999999999998  2.8504036792960017
20.04  2.8405977576027377
20.16  2.831940796005183
20.279999999999998  2.8244526465682203
20.4  2.818150995389395
20.52  2.8130513302571756
20.64  2.8091669123269662
20.759999999999998  2.8065087518666214
20.88  2.8050855881158023
21.0  2.804903873295973
21.119999999999997  2.805967760800275
21.24  2.8082790975848475
21.36  2.811837420775502
21.48  2.8166399584959745
21.599999999999998  2.8226816349162043
21.72  2.829955079511446
21.84  2.838450640515279
21.96  2.848156402541922
22.08  2.8590582083456635
22.2  2.871139684677626
22.32  2.8843822721926125
22.439999999999998  2.898765259351382
22.56  2.9142658202563934
22.68  2.9308590563518617
22.8  2.948518041911929
22.919999999999998  2.967213873233807
23.04  2.9869157214459916
23.16  3.0075908888350322
23.279999999999998  3.02920486858792
23.4  3.0517214078409096
23.52  3.075102573919543
23.64  3.0993088236488164
23.759999999999998  3.1242990756068276
23.88  3.1500307851898457
24.0  3.1764600223516157
24.119999999999997  3.2035415518748236
24.24  3.2312289160280327
24.36  3.259474519456995
24.48  3.2882297161552287
24.599999999999998  3.31744489835489
24.72  3.3470695871755005
24.84  3.3770525248648364
24.96  3.407341768463443
25.08  3.437884784721543
25.2  3.4686285460949193
25.32  3.4995196276442906
25.439999999999998  3.530504304661112
25.56  3.5615286508413826
25.68  3.592538636828011
25.8  3.623480228941682
25.919999999999998  3.6542994879197543
26.04  3.6849426674827566
26.16  3.715356312548324
26.279999999999998  3.745487356913099
26.4  3.775283220224056
26.52  3.8046919040620515
26.64  3.8336620869619598
26.759999999999998  3.862143218195782
26.88  3.8900856101472985
27.0  3.91744052910945
27.119999999999997  3.9441602843385146
27.24  3.9701983152023246
27.36  3.9955092762632383
27.48  4.020049120140395
27.599999999999998  4.043775177999783
27.72  4.066646237525062
27.84  4.088622618226587
27.959999999999997  4.109666243951044
28.08  4.129740712459169
28.2  4.148811361944366
28.32  4.166845334370697
28.439999999999998  4.183811635514454
28.56  4.199681191599598
28.68  4.214426902423555
28.799999999999997  4.228023690876274
28.919999999999998  4.240448548762055
29.04  4.251680578840398
29.16  4.261701033009031
29.279999999999998  4.270493346559355
29.4  4.278043168441682
29.52  4.284338387484966
29.64  4.2893691545230945
29.759999999999998  4.293127900387321
29.88  4.29560934973194
30.0  4.296810530667949
30.119999999999997  4.296730780187076
30.24  4.295371745366277
30.36  4.292737380350493
30.48  4.288833939119177
30.599999999999998  4.283669964049821
30.72  4.277256270299374
30.84  4.269605926032108
30.959999999999997  4.260734228530053
31.08  4.250658676229664
31.2  4.239398936735845
31.32  4.226976810871755
31.439999999999998  4.213416192830124
31.56  4.198743026498896
31.68  4.182985258041014
31.799999999999997  4.166172784815023
31.919999999999998  4.148337400729833
32.04  4.129512738133511
32.16  4.109734206342317
32.28  4.089038926922311
32.4  4.067465665841831
32.519999999999996  4.045054762618806
32.64  4.021848056592428
32.76  3.9978888104539285
32.879999999999995  3.9732216311761555
33.0  3.9478923884865513
33.12  3.9219481310324564
33.24  3.895437000391975
33.36  3.8684081430875756
33.48  3.8409116207632
33.6  3.812998318689059
33.72  3.7847198527613246
33.839999999999996  3.7561284751666806
33.96  3.7272769788841438
34.08  3.6982186011986977
34.199999999999996  3.66900692640304
34.32  3.6396957878653065
34.44  3.6103391696417386
34.56  3.58099110781408
34.68  3.5517055917320617
34.8  3.5225364653414206
34.92  3.49353732877782
35.04  3.464761440406491
35.16  3.4362616194866344
35.28  3.408090149638481
35.4  3.380298683289426
35.519999999999996  3.352938147273861
35.64  3.3260586497592426
35.76  3.299709388668507
35.879999999999995  3.2739385617661574
36.0  3.248793278572395
36.12  3.2243194742662564
36.24  3.200561825735103
36.36  3.177563669923903
36.48  3.1553669246335163
36.6  3.134012011912742
36.72  3.1135377841841376
36.839999999999996  3.0939814532385936
36.96  3.0753785222284806
37.08  3.0577627207836158
37.199999999999996  3.041165943368642
37.32  3.0256181909944915
37.44  3.011147516390444
37.559999999999995  2.9977799727369843
37.68  2.9855395660531636
37.8  2.9744482113254787
37.92  2.964525692458431
38.04  2.955789626119994
38.16  2.9482554295480194
38.28  2.941936292376461
38.4  2.9368431525328798
38.519999999999996  2.932984676251288
38.64  2.930367242236864
38.76  2.9289949300114664
38.879999999999995  2.9288695124612696
39.0  2.9299904526001104
39.12  2.9323549045544857
39.24  2.9359577187683916
39.36  2.9407914514184874
39.48  2.946846378022391
39.6  2.9541105112152155
39.72  2.962569622661877
39.839999999999996  2.9722072690651173
39.96  2.9830048222217167
40.08  2.99494150307195
40.199999999999996  3.007994419680079
40.32  3.022138609076463
40.44  3.037347082884793
40.559999999999995  3.053590876651104
40.68  3.070839102784378
40.8  3.0890590070119948
40.92  3.108216028246866
41.04  3.1282738617568056
41.16  3.1491945255207416
41.28  3.1709384296504455
41.4  3.1934644487509236
41.519999999999996  3.2167299970872545
41.64  3.240691106420446
41.76  3.2653025063700962
41.879999999999995  3.290517707156981
42.0  3.316289084574345
42.12  3.3425679670325996
42.239999999999995  3.369304724518358
42.36  3.396448859305221
42.48  3.423949098250515
42.6  3.451753486509345
42.72  3.4798094824946304
42.839999999999996  3.508064053909644
42.96  3.536463774677486
43.08  3.564954922590375
43.199999999999996  3.5934835775003062
43.32  3.621995719871588
43.44  3.650437329515175
43.559999999999995  3.678754484324336
43.68  3.706893458831214
43.8  3.7348008224041567
43.92  3.762423536906356
44.04  3.7897090536372984
44.16  3.816605409379899
44.28  3.843061321377733
44.4  3.8690262810688165
44.519999999999996  3.8944506464046347
44.64  3.9192857325856707
44.76  3.943483901047625
44.879999999999995  3.9669986465357026
45.0  3.9897846821078025
45.12  4.011798021911294
45.239999999999995  4.032996061582078
45.36  4.053337656118995
45.48  4.072783195091259
45.6  4.0912946750414925
45.72  4.108835768951995
45.839999999999996  4.12537189264733
45.96  4.140870268011856
46.08  4.155299982906655
46.199999999999996  4.168632047676389
46.32  4.180839448142773
46.44  4.191897194987841
46.559999999999995  4.201782369436744
46.68  4.210474165156595
46.8  4.217953926294771
46.92  4.224205181587178
47.04  4.229213674474129
47.16  4.23296738916879
47.28  4.2354565726305715
47.4  4.236673752403279
47.519999999999996  4.236613750285452
47.64  4.235273691807881
47.76  4.232653011501003
47.879999999999995  4.228753453942537
48.0  4.223579070583436
48.12  4.2171362123579845
48.239999999999995  4.209433518091519
48.36  4.200481898726967
48.48  4.190294517399044
48.6  4.1788867653925
48.72  4.166276234028376
48.839999999999996  4.15248268252964
48.96  4.137528001924932
49.08  4.121436175056395
49.199999999999996  4.10423323276466
49.32  4.085947206331085
49.44  4.066608076264162
49.559999999999995  4.046247717523658
49.68  4.024899841282646
49.8  4.002599933333817
49.92  3.979385189252667
50.04  3.955294446436057
50.16  3.9303681131403168
50.28  3.904648094648625
50.4  3.8781777167025857
50.519999999999996  3.8510016463379086
50.64  3.82316581026892
50.76  3.794717310971042
50.879999999999995  3.7657043406145827
51.0  3.7361760930071735
51.12  3.7061826737057704
51.239999999999995  3.6757750084624745
51.36  3.645004750171524
51.48  3.613924184487528
51.6  3.5825861342873733
51.72  3.5510438631505035
51.839999999999996  3.519350978033866
51.96  3.487561331319482
52.08  3.4557289224136096
52.199999999999996  3.423907799077338
52.32  3.3921519586689604
52.44  3.360515249478602
52.559999999999995  3.329051272335426
52.68  3.2978132826672173
52.8  3.266854093191381
52.919999999999995  3.2362259774151654
53.04  3.205980574121469
53.16  3.1761687930148215
53.28  3.146840721699935
53.4  3.1180455341628823
53.519999999999996  3.0898314009221046
53.64  3.0622454010135027
53.76  3.035333435970457
53.879999999999995  3.009140145955942
54.0  2.983708828200079
54.12  2.95908135789215
54.239999999999995  2.935298111671633
54.36  2.9123978938581367
54.48  2.890417865555017
54.6  2.8693934767562443
54.72  2.8493584015806315
54.839999999999996  2.8303444767517503
54.96  2.8123816434360016
55.08  2.795497892545122
55.199999999999996  2.779719213603076
55.32  2.7650695472708176
55.44  2.7515707416156583
55.559999999999995  2.7392425122051693
55.68  2.7281024060985666
55.8  2.7181657698013564
55.919999999999995  2.709445721241837
56.04  2.7019531258206557
56.16  2.6956965765771983
56.28  2.6906823785090452
56.4  2.6869145370731866
56.519999999999996  2.6843947508899606
56.64  2.683122408663096
56.76  2.6830945903214567
56.879999999999995  2.6843060723804237
57.0  2.6867493375130906
57.12  2.690414588313807
57.239999999999995  2.6952897652288987
57.36  2.7013605686217987
57.48  2.7086104849322643
57.599999999999994  2.717020816881872
57.72  2.7265707176705827
57.839999999999996  2.737237229101886
57.96  2.748995323566845
58.08  2.761817949810306
58.199999999999996  2.775676082395641
58.32  2.790538774777602
58.44  2.806373215886333
58.559999999999995  2.8231447901190734
58.68  2.8408171406299525
58.8  2.859352235802189
58.919999999999995  2.8787104387812263
59.04  2.8988505799417013
59.16  2.9197300321558317
59.28  2.9413047887256525
59.4  2.963529543836658
59.519999999999996  2.9863577753858532
59.64  3.0097418300327927
59.76  3.0336330103181877
59.879999999999995  3.057981663690886
60.0  3.0827372732804856
60.12  3.1078485502496904
60.239999999999995  3.133263527557668
60.36  3.1589296549629875
60.48  3.184793895092547
60.599999999999994  3.2108028204009256
60.72  3.2369027108429247
60.839999999999996  3.2630396520808103
60.96  3.2891596340467912
61.08  3.315208649680568
61.199999999999996  3.34113279366152
61.32  3.3668783609550945
61.44  3.392391944993269
61.559999999999995  3.417620535309695
61.68  3.4425116144510475
61.8  3.4670132539874667
61.919999999999995  3.49107420944668
62.04  3.514644013998213
62.16  3.537673070716555
62.28  3.5601127432546167
62.4  3.581915444761771
62.519999999999996  3.6030347248839854
62.64  3.6234253546870314
62.76  3.643043409347569
62.879999999999995  3.661846348460991
63.0  3.6797930938192396
63.12  3.6968441045164635
63.239999999999995  3.7129614492452525
63.36  3.7281088756513125
63.48  3.7422518766198296
63.599999999999994  3.755357753372399
63.72  3.767395675259171
63.839999999999996  3.7783367361369677
63.96  3.78815400723031
64.08  3.796822586378777
64.2  3.8043196435806514
64.32  3.8106244627496606
64.44  3.815718479608468
64.56  3.819585315649668
64.67999999999999  3.8222108081022306
64.8  3.8235830358486114
64.92  3.8236923412451707
65.03999999999999  3.8225313478060188
65.16  3.8200949737179806
65.28  3.816380441161953
65.39999999999999  3.8113872814236514
65.52  3.805117335784379
65.64  3.797574752190207
65.75999999999999  3.788765977705647
65.88  3.778699746765597
66.0  3.7673870652470596
66.12  3.7548411903897083
66.24  3.7410776066020235
66.36  3.726113997197197
66.48  3.7099702121104876
66.6  3.692668231656982
66.72  3.6742321263960416
66.84  3.654688013175765
66.96  3.6340640074377992
67.08  3.6123901718696607
67.2  3.5896984614984286
67.32  3.5660226653261464
67.44  3.54139834461357
67.56  3.5158627679251193
67.67999999999999  3.489454843053676
67.8  3.462215045949666
67.92  3.434185346784349
68.03999999999999  3.405409133282386
68.16  3.3759311314638127
68.28  3.3457973239403267
68.39999999999999  3.315054865915127
68.52  3.283751999039855
68.64  3.2519379632861236
68.75999999999999  3.2196629069926073
68.88  3.186977795252127
69.0  3.1539343168062195
69.12  3.1205847896172396
69.24  3.0869820652906474
69.36  3.0531794325221466
69.48  3.0192305197461042
69.6  2.9851891971632147
69.72  2.9511094783263925
69.84  2.917045421464838
69.96  2.8830510307265653
70.08  2.849180157519846
70.2  2.8154864021339914
70.32  2.7820230158191386
70.44  2.7488428035040573
70.56  2.7159980273298157
70.67999999999999  2.68354031117551
70.8  2.6515205463505955
70.92  2.6199887986262116
71.03999999999999  2.5889942167753324
71.16  2.5585849427889213
71.28  2.528808023932243
71.39999999999999  2.499709326801942
71.52  2.471333453541031
71.64  2.4437236603649306
71.75999999999999  2.416921778547384
71.88  2.390968138010704
72.0  2.3659014936600276
72.11999999999999  2.3417589545961146
72.24  2.3185759163361532
72.36  2.296385996166401
72.48  2.2752209717448006
72.6  2.2551107230658185
72.72  2.2360831778935233
72.84  2.2181642607626695
72.96  2.201377845640975
73.08  2.185745712339088
73.2  2.1712875067479547
73.32  2.158020704976207
73.44  2.1459605814531324
73.56  2.135120181055543
73.67999999999999  2.125510295309442
73.8  2.1171394427100054
73.92  2.1100138531958565
74.03999999999999  2.104137456805975
74.16  2.099511876539997
74.28  2.0961364254349517
74.39999999999999  2.094008107863765
74.52  2.0931216250531604
74.64  2.093469384810889
74.75999999999999  2.0950415154444824
74.88  2.0978258838461183
75.0  2.1018081177105232
75.11999999999999  2.1069716318453313
75.24  2.113297658525787
75.36  2.12076528183834
75.48  2.1293514759503562
75.6  2.1390311472359937
75.72  2.149777180181279
75.84  2.1615604869844574
75.96  2.174350060760991
76.08  2.1881130322559716
76.2  2.202814729960263
76.32  2.218418743520557
76.44  2.2348869903274244
76.56  2.2521797851596554
76.67999999999999  2.270255912757643
76.8  2.289072703193155
76.92  2.3085861098977287
77.03999999999999  2.3287507902071276
77.16  2.3495201882746364
77.28  2.37084662020164
77.39999999999999  2.3926813612299447
77.52  2.414974734836473
77.64  2.4376762035674737
77.75999999999999  2.4607344614463003
77.88  2.4840975277858157
78.0  2.5077128422339947
78.11999999999999  2.5315273608790507
78.24  2.5554876532383797
78.36  2.5795399999541297
78.48  2.6036304910168044
78.6  2.627705124337409
78.72  2.6517099044880075
78.84  2.675590941430162
78.96  2.699294549050913
79.08  2.722767343326166
79.2  2.745956339932058
79.32  2.768809051125972
79.44  2.7912735817201115
79.56  2.813298723972196
79.67999999999999  2.8348340512199295
79.8  2.8558300100880754
79.92  2.8762380110995984
80.03999999999999  2.896010517525323
80.16  2.9151011323097182
80.28  2.9334646829138817
80.39999999999999  2.951057303920761
80.52  2.9678365172515875
80.64  2.9837613098468947
80.75999999999999  2.9987922086702348
80.88  3.012891352897431
81.0  3.0260225631594846
81.11999999999999  3.0381514077125824
81.24  3.0492452654142452
81.36  3.059273385390564
81.48  3.0682069432854364
81.6  3.076019093989034
81.72  3.0826850207491208
81.84  3.0881819805754596
81.96  3.092489345854341
82.08  3.095588642097176
82.2  3.0974635817541514
82.32  3.0981000940311665
82.44  3.0974863506555543
82.56  3.095612787543485
82.67999999999999  3.092472122329468
82.8  3.0880593677259096
82.92  3.0823718406883054
83.03999999999999  3.0754091673693296
83.16  3.0671732838527515
83.28  3.0576684326658476
83.39999999999999  3.0469011550766862
83.52  3.034880279190342
83.64  3.021616903865831
83.75999999999999  3.007124378483113
83.88  2.991418278597185
84.0  2.97451637752372
84.11999999999999  2.956438613908218
84.24  2.9372070553378986
84.36  2.9168458580628736
84.47999999999999  2.8953812229001996
84.6  2.8728413474013754
84.72  2.849256374370758
84.84  2.824658336828924
84.96  2.7990810995216004
85.08  2.772560297081026
85.2  2.7451332689528263
85.32  2.7168389912072453
85.44  2.687718005359388
85.56  2.65781234432861
85.67999999999999  2.627165455672287
85.8  2.5958221222342943
85.92  2.563828380353267
86.03999999999999  2.5312314357800423
86.16  2.498079577457975
86.28  2.464422089323776
86.39999999999999  2.4303091602899283
86.52  2.395791792573317
86.64  2.3609217085375596
86.75999999999999  2.325751256219263
86.88  2.290333313710934
87.0  2.2547211925752326
87.11999999999999  2.218968540467125
87.24  2.1831292431418596
87.36  2.147257326027912
87.47999999999999  2.1114068555447454
87.6  2.0756318403457117
87.72  2.0399861326666753
87.84  2.004523329960532
87.96  1.9692966769974845
88.08  1.9343589686099405
88.2  1.8997624532598383
88.32  1.8655587376045621
88.44  1.831798692235889
88.56  1.798532358764302
88.67999999999999  1.7658088584183718
88.8  1.7336763023263053
88.92  1.702181703643677
89.03999999999999  1.6713708916878227
89.16  1.641288428235928
89.28  1.611977526139734
89.39999999999999  1.583479970405596
89.52  1.555836041884149
89.64  1.5290844437090358
89.75999999999999  1.5032622306191339
89.88  1.478404741293439
90.0  1.4545455338223099
90.11999999999999  1.4317163244329487
90.24  1.4099469295811495
90.36  1.389265211515125
90.47999999999999  1.3696970274109064
90.6  1.3512661821722436
90.72  1.3339943849813487
90.84  1.3179012096797793
90.96  1.3030040590519651
91.08  1.289318133076593
91.2  1.276856401203906
91.32  1.2656295787095686
91.44  1.2556461071682956
91.56  1.2469121390829847
91.67999999999999  1.2394315266973788
91.8  1.2332058150127427
91.92  1.2282342390213161
92.03999999999999  1.2245137251615792
92.16  1.222038896992688
92.28  1.220802085077698
92.39999999999999  1.2207933410575307
92.52  1.2220004558899227
92.64  1.2244089822200863
92.75999999999999  1.2280022608421208
92.88  1.2327614512028928
93.0  1.2386655658925574
93.11999999999999  1.2456915090587628
93.24  1.2538141186742673
93.36  1.2630062125807635
93.47999999999999  1.2732386382247425
93.6  1.2844803259944995
93.72  1.296698346060805
93.84  1.3098579686173824
93.96  1.323922727411046
94.08  1.3388544864454448
94.2  1.354613509736477
94.32  1.371158533991878
94.44  1.388446844082225
94.56  1.4064343511652904
94.67999999999999  1.4250756733211383
94.8  1.4443242185504381
94.92  1.464132269984422
95.03999999999999  1.4844510731506624
95.16  1.5052309251353166
95.28  1.5264212654786853
95.39999999999999  1.5479707686381974
95.52  1.5698274378496442
95.64  1.5919387002152394
95.75999999999999  1.6142515028446462
95.88  1.636712409873376
96.0  1.6592677001810625
96.11999999999999  1.6818634656312514
96.24  1.7044457096529662
96.36  1.7269604459839978
96.47999999999999  1.7493537973954187
96.6  1.7715720942168907
96.72  1.7935619724827006
96.84  1.8152704715191925
96.96  1.8366451307951794
97.08  1.8576340858583797
97.2  1.8781861631825434
97.32  1.8982509737518798
97.44  1.9177790052118655
97.56  1.936721712417829
97.67999999999999  1.9550316062160478
97.8  1.9726623402949244
97.92  1.9895687959476118
98.03999999999999  2.0057071645911195
98.16  2.0210350278911773
98.28  2.035511435346262
98.39999999999999  2.049096979189197
98.52  2.061753866469256
98.64  2.0734459881831504
98.75999999999999  2.0841389853284884
98.88  2.0938003117590562
99.0  2.1023992937269433
99.11999999999999  2.1099071860028245
99.24  2.1162972244717095
99.36  2.12154467510813
99.47999999999999  2.1256268792411954
99.6  2.128523295026821
99.72  2.1302155350513434
99.84  2.1306873999977523
99.96  2.1299249083130807
100.08  2.1279163218226533
100.2  2.1246521672444607
100.32  2.1201252535642685
100.44  2.1143306852397608
100.56  2.107265871209548
100.67999999999999  2.0989305296906062
100.8  2.089326688755345
100.92  2.078458682687283
101.03999999999999  2.0663331441219697
101.16  2.052958991987514
101.28  2.038347415266788
101.39999999999999  2.022511852610939
101.52  2.0054679678414997
101.64  1.9872336213858621
101.75999999999999  1.9678288376983064
101.88  1.947275768726135
102.0  1.9255986534876968
102.11999999999999  1.9028237738361264
102.24  1.8789794064897036
102.36  1.8540957714164654
102.47999999999999  1.8282049766674087
102.6  1.8013409597591057
102.72  1.7735394257128687
102.83999999999999  1.7448377818636984
102.96  1.715275069558134
103.08  1.6848918928658836
103.2  1.6537303444354696
103.32  1.621833928629445
103.44  1.5892474820795615
103.56  1.5560170918072564
103.67999999999999  1.5221900110588837
103.8  1.4878145730096808
103.92  1.4529401024940962
104.03999999999999  1.4176168259238533
104.16  1.3818957795582651
104.28  1.345828716294665
104.39999999999999  1.3094680111490367
104.52  1.2728665655997908
104.64  1.2360777109694128
104.75999999999999  1.1991551110205791
104.88  1.1621526639447488
105.0  1.1251244039224
105.11999999999999  1.0881244024347163
105.24  1.0512066695072098
105.36  1.0144250550656775
105.47999999999999  0.977833150584805
105.6  0.941484191209155
105.72  0.9054309585254297
105.83999999999999  0.8697256841637143
105.96  0.8344199544037877
106.08  0.7995646159610318
106.2  0.76520968312388
106.32  0.7314042464127467
106.44  0.6981963829271635
106.56  0.665633068545201
106.67999999999999  0.6337600921353922
106.8  0.6026219719381337
106.92  0.5722618742693
107.03999999999999  0.5427215346946663
107.16  0.5140411818191458
107.28  0.48625946383027197
107.39999999999999  0.4594133779299704
107.52  0.43353820278375677
107.64  0.4086674341107348
107.75999999999999  0.3848327235321235
107.88  0.3620638207900775
108.0  0.3403885194424028
108.11999999999999  0.31983260613241526
108.24  0.3004198135266296
108.36  0.2821717770063421
108.47999999999999  0.2651079951922063
108.6  0.24924579437396555
108.72  0.23460029691036066
108.83999999999999  0.2211843936569502
108.96  0.2090087204722194
109.08  0.19808163884496877
109.2  0.18840922067831278
109.32  0.17999523725816124
109.44  0.17284115242630238
109.56  0.1669461199705905
109.67999999999999  0.16230698523698983
109.8  0.15891829096053378
109.92  0.15677228730455306
110.03999999999999  0.15585894608980255
110.16  0.15616597918750907
110.28  0.1576788610426929
110.39999999999999  0.16038085528663615
110.52  0.16425304538982632
110.64  0.1692743692993779
110.75999999999999  0.17542165799761678
110.88  0.18266967791136013
111.0  0.19099117709438973
111.11999999999999  0.20035693509870522
111.24  0.21073581644343053
111.36  0.22209482758363008
111.47999999999999  0.23439917727494575
111.6  0.2476123402237026
111.72  0.2616961239061885
111.83999999999999  0.27661073843495443
111.96  0.2923148693445111
112.08  0.3087657531632755
112.2  0.32591925563383417
112.32  0.343729952438364
112.44  0.3621512122818885
112.56  0.38113528218130455
112.67999999999999  0.40063337480451783
112.8  0.420595757699914
112.92  0.44097184425317
113.03999999999999  0.4617102862051341
113.16  0.4827590675617222
113.28  0.5040655997241612
113.39999999999999  0.5255768176657786
113.52  0.5472392769794959
113.64  0.5689992516187239
113.75999999999999  0.5908028321529827
113.88  0.6125960243587125
114.0  0.634324847965079
114.11999999999999  0.6559354353742606
114.24  0.6773741301759264
114.36  0.6985875852756604
114.47999999999999  0.719522860458205
114.6  0.7401275192070615
114.72  0.7603497246035893
114.83999999999999  0.7801383341302635
114.96  0.7994429932049623
115.08  0.818214227275138
115.19999999999999  0.8364035323037808
115.32  0.8539634634816347
115.44  0.8708477220036405
115.56  0.8870112397509287
115.67999999999999  0.90241026172371
115.8  0.9170024260742791
115.92  0.9307468415939681
116.03999999999999  0.9436041625123859
116.16  0.9555366604722413
116.28  0.9665082935482342
116.39999999999999  0.9764847721838467
116.52  0.9854336219255583
116.64  0.9933242428397974
116.75999999999999  1.0001279655040825
116.88  1.0058181034699734
117.0  1.010370002102
117.11999999999999  1.013761083703275
117.24  1.0159708888453514
117.36  1.0169811138267395
117.47999999999999  1.0167756441917013
117.6  1.0153405842479715
117.72  1.0126642825295524
117.83999999999999  1.0087373531579669
117.96  1.0035526930629706
118.08  0.9971054950312656
118.19999999999999  0.989393256559311
118.32  0.9804157844941105
118.44  0.970175195453465
118.56  0.9586759120249155
118.67999999999999  0.9459246547503531
118.8  0.9319304299109031
118.92  0.916704513134451
119.03999999999999  0.9002604288557378
119.16  0.8826139256665662
119.28  0.8637829476011817
119.39999999999999  0.8437876014093093
119.52  0.8226501198766119
119.64  0.8003948212596721
119.75999999999999  0.7770480649095919
119.88  0.7526382031653085
120.0  0.7271955296045655
