0.0  3.842708922481992  100.0
0.12  3.908733479096292
0.24  3.9728910093794902
0.36  4.035072880652323
0.48  4.095174046052741
0.6  4.153093236477874
0.72  4.208733145621935
0.84  4.262000607771868
0.96  4.312806768035835
1.08  4.361067244693387
1.2  4.406702283370656
1.3199999999999998  4.449636902758773
1.44  4.489801031609212
1.56  4.52712963675567
1.68  4.56156284192854
1.7999999999999998  4.593046037144812
1.92  4.621529978473485
2.04  4.646970877994171
2.16  4.669330483784473
2.28  4.688576149789954
2.4  4.704680895449013
2.52  4.71762345496369
2.6399999999999997  4.727388316126348
2.76  4.733965748631293
2.88  4.73735182181957
3.0  4.737548411824509
3.12  4.734563198104976
3.2399999999999998  4.728409649372643
3.36  4.719106998939024
3.48  4.7066802095272955
3.5999999999999996  4.691159927613249
3.7199999999999998  4.672582427378799
3.84  4.650989544380483
3.96  4.626428599054174
4.08  4.5989523101958305
4.2  4.568618698576363
4.32  4.535490980866824
4.4399999999999995  4.499637454067727
4.56  4.461131370653758
4.68  4.420050804662032
4.8  4.376478508968641
4.92  4.330501764014343
5.04  4.28221221825584
5.16  4.231705720634247
5.279999999999999  4.179082145366932
5.3999999999999995  4.1244452093829285
5.52  4.0679022827355835
5.64  4.009564192338907
5.76  3.949545019386346
5.88  3.887961890822192
6.0  3.8249347652467303
6.12  3.7605862136464197
6.24  3.69504119534983
6.359999999999999  3.6284268296187907
6.4799999999999995  3.560872163292214
6.6  3.4925079349072035
6.72  3.423466335728578
6.84  3.3538807681235308
6.96  3.283885601723008
7.08  3.2136159278154643
7.199999999999999  3.143207312421853
7.319999999999999  3.0727955485031186
7.4399999999999995  3.0025164077530664
7.56  2.9325053924302367
7.68  2.862897487682308
7.8  2.793826914815704
7.92  2.7254268859613107
8.04  2.6578293605846834
8.16  2.5911648042857305
8.28  2.5255619503287057
8.4  2.46114756433832
8.52  2.398046212592021
8.64  2.336380034331894
8.76  2.2762685185123233
8.879999999999999  2.217828285391415
9.0  2.1611728733653397
9.12  2.1064125314351863
9.24  2.053654017685599
9.36  2.003000404143511
9.48  1.9545508883735936
9.6  1.9084006121547659
9.719999999999999  1.8646404875691345
9.84  1.8233570308212166
9.959999999999999  1.7846322040911418
10.08  1.7485432657108637
10.2  1.715162628937214
10.32  1.6845577295798706
10.44  1.6567909027262013
10.559999999999999  1.6319192687882444
10.68  1.6099946290801066
10.799999999999999  1.5910633711166153
10.92  1.575166383806296
11.04  1.5623389826936724
11.16  1.5526108453875136
11.28  1.5460059572930311
11.4  1.5425425677472338
11.52  1.5422331566375582
11.639999999999999  1.5450844115648377
11.76  1.5510972155922969
11.879999999999999  1.5602666456030019
12.0  1.5725819812687394
12.12  1.5880267246139501
12.24  1.6065786301389546
12.36  1.6282097454474196
12.48  1.6528864623038186
12.6  1.6805695780275705
12.719999999999999  1.7112143671116513
12.84  1.7447706629347997
12.959999999999999  1.7811829494179663
13.08  1.820390462457511
13.2  1.8623273009497536
13.32  1.9069225472039935
13.44  1.9541003965239057
13.559999999999999  2.003780295720517
13.68  2.0558770903036017
13.799999999999999  2.1103011800824913
13.92  2.166958682891946
14.04  2.22575160614383
14.16  2.286578025891094
14.28  2.3493322730767914
14.399999999999999  2.413905126627757
14.52  2.4801840130400388
14.639999999999999  2.5480532120913324
14.76  2.6173940683044545
14.879999999999999  2.688085207775385
15.0  2.760002759969627
15.12  2.833020584081493
15.24  2.907010499542668
15.36  2.9818425202587444
15.479999999999999  3.057385092145652
15.6  3.1335053335318706
15.719999999999999  3.2100692779870523
15.84  3.2869421191332875
15.959999999999999  3.363988456991568
16.08  3.4410725454132622
16.2  3.5180585401443776
16.32  3.5948107470692414
16.439999999999998  3.671193870179952
16.56  3.747073258818381
16.68  3.8223151537388635
16.8  3.8967869315419175
16.919999999999998  3.9703573470322153
17.04  4.042896773057934
17.16  4.114277437393083
17.28  4.184373656229972
17.4  4.253062063855019
17.52  4.320221838088193
17.64  4.385734921074044
17.759999999999998  4.449486235020837
17.88  4.511363892493499
18.0  4.57125940087602
18.12  4.629067860629698
18.24  4.684688156984822
18.36  4.738023144715519
18.48  4.788979825660025
18.599999999999998  4.837469518661992
18.72  4.88340802162221
18.84  4.926715765364596
18.96  4.9673179590352525
19.08  5.005144726768853
19.2  5.0401312353725976
19.32  5.072217812794366
19.439999999999998  5.101350057158585
19.56  5.127478936170511
19.68  5.1505608767072735
19.8  5.1705578444319364
19.919999999999998  5.187437413285078
20.04  5.2011728247269
20.16  5.211743036621559
20.279999999999998  5.219132761674432
20.4  5.22333249535202
20.52  5.224338533233501
20.64  5.2221529777621924
20.759999999999998  5.216783734384601
20.88  5.208244497084115
21.0  5.196554723335774
21.119999999999997  5.181739598527882
21.24  5.163829989915504
21.36  5.142862390189978
21.48  5.118878850767603
21.599999999999998  5.091926904919387
21.72  5.062059480882375
21.84  5.0293348051113425
21.96  4.9938162958476555
22.08  4.9555724471998435
22.2  4.914676703947697
22.32  4.871207327298732
22.439999999999998  4.825247251842349
22.56  4.776883933963099
22.68  4.7262091919901295
22.8  4.673319038374933
22.919999999999998  4.618313504204091
23.04  4.561296456367757
23.16  4.502375407718033
23.279999999999998  4.441661320564138
23.4  4.379268403863539
23.52  4.315313904479716
23.64  4.249917892887983
23.759999999999998  4.183203043721095
23.88  4.115294411555627
24.0  4.046319202348984
24.119999999999997  3.9764065409446747
24.24  3.9056872350708116
24.36  3.8342935362631456
24.48  3.7623588981495324
24.599999999999998  3.690017732537636
24.72  3.617405163751589
24.84  3.5446567816666508
24.96  3.4719083938931234
25.08  3.399295777562532
25.2  3.326954431169602
25.32  3.2550193269236574
25.439999999999998  3.1836246640619645
25.56  3.1129036235759013
25.68  3.0429881247982222
25.8  2.9740085842962367
25.919999999999998  2.9060936775115827
26.04  2.8393701035821866
26.16  2.773962353776275
26.279999999999998  2.7099924839615563
26.4  2.647579891525506
26.52  2.5868410971543634
26.64  2.5278895318697243
26.759999999999998  2.4708353297119086
26.88  2.4157851264489762
27.0  2.3628418646793268
27.119999999999997  2.3121046056840067
27.24  2.2636683483726157
27.36  2.217623855653719
27.48  2.1740574885470534
27.599999999999998  2.133051048340722
27.72  2.094681627081849
27.84  2.059021466673932
27.959999999999997  2.026137826838412
28.08  1.9960928621817513
28.2  1.9689435085927227
28.32  1.9447413791774972
28.439999999999998  1.9235326699227433
28.56  1.9053580752591244
28.68  1.8902527136795375
28.799999999999997  1.8782460635480014
28.919999999999998  1.8693619092165283
29.04  1.8636182975484583
29.16  1.861027504927693
29.279999999999998  1.8615960148141535
29.4  1.865324505886445
29.52  1.8722078507934343
29.64  1.8822351255169962
29.759999999999998  1.8953896293288277
29.88  1.9116489153048581
30.0  1.9309848313414892
30.119999999999997  1.9533635715986875
30.24  1.9787457382759452
30.36  2.0070864136081683
30.48  2.038335241949949
30.599999999999998  2.072436521798185
30.72  2.109329307584869
30.84  2.1489475210540236
30.959999999999997  2.191220072019213
31.08  2.23607098828096
31.2  2.2834195544666045
31.32  2.3331804595388856
31.439999999999998  2.3852639527036494
31.56  2.439576007431761
31.68  2.4960184932954217
31.799999999999997  2.5544893553048933
31.919999999999998  2.614882800417852
32.04  2.6770894908804834
32.16  2.7409967440470355
32.28  2.8064887383125754
32.4  2.873446724782613
32.519999999999996  2.941749244292789
32.64  3.0112723493819304
32.76  3.081889830812832
32.879999999999995  3.1534734482268183
33.0  3.225893164510474
33.12  3.2990173834462304
33.24  3.37271319021257
33.36  3.4468465942941533
33.48  3.5212827743580943
33.6  3.595886324648716
33.72  3.6705215024505713
33.839999999999996  3.7450524761674346
33.96  3.819343573563857
34.08  3.893259529715616
34.199999999999996  3.9666657342159644
34.32  4.039428477185784
34.44  4.111415193638094
34.56  4.182494705750366
34.68  4.252537462601753
34.8  4.3214157769372115
34.92  4.389004058525716
35.04  4.4551790436861465
35.16  4.51982002056135
35.28  4.582809049728651
35.4  4.644031179743623
35.519999999999996  4.703374657223265
35.64  4.76073113108454
35.76  4.815995850565046
35.879999999999995  4.869067856663987
36.0  4.919850166653455
36.12  4.968249951322883
36.24  5.01417870463274
36.36  5.057552405467378
36.48  5.098291671191445
36.6  5.136321902729197
36.72  5.171573420901572
36.839999999999996  5.203981593771903
36.96  5.233486954767454
37.08  5.260035311360951
37.199999999999996  5.2835778441135
37.32  5.304071195897831
37.44  5.321477551138832
37.559999999999995  5.335764704926576
37.68  5.346906121875483
37.8  5.354880984622076
37.92  5.3596742318727095
38.04  5.3612765859316935
38.16  5.359684569659546
38.28  5.3549005128303495
38.4  5.346932547876618
38.519999999999996  5.335794595029427
38.64  5.321506336880985
38.76  5.3040931824161195
38.879999999999995  5.283586220578432
39.0  5.260022163455954
39.12  5.233443279190178
39.24  5.203897314731034
39.36  5.171437408579023
39.48  5.1361219936739495
39.6  5.098014690607743
39.72  5.0571841913565585
39.839999999999996  5.013704133744573
39.96  4.967652966868993
40.08  4.91911380773218
40.199999999999996  4.868174289342875
40.32  4.814926400564213
40.44  4.7594663180011505
40.559999999999995  4.701894230234579
40.68  4.642314154723329
40.8  4.5808337477087315
40.92  4.517564107469101
41.04  4.452619571283775
41.16  4.386117506477685
41.28  4.3181780959284435
41.4  4.248924118427901
41.519999999999996  4.178480724299546
41.64  4.106975206681914
41.76  4.034536768895935
41.879999999999995  3.9612962883214102
42.0  3.8873860772141176
42.12  3.812939640900744
42.239999999999995  3.738091433793476
42.36  3.6629766136702235
42.48  3.587730794669545
42.6  3.5124897994516044
42.72  3.437389410978291
42.839999999999996  3.3625651243659265
42.96  3.2881518992642547
43.08  3.2142839132141825
43.199999999999996  3.1410943164349874
43.32  3.0687149884892455
43.44  2.9972762972701332
43.559999999999995  2.926906860751548
43.68  2.8577333119365576
43.8  2.789880067433666
43.92  2.7234691000838818
44.04  2.6586197160541802
44.16  2.5954483368046146
44.28  2.534068286327695
44.4  2.474589584048795
44.519999999999996  2.4171187437660526
44.64  2.3617585789973052
44.76  2.3086080150897494
44.879999999999995  2.2577619084356915
45.0  2.20931087312486
45.12  2.163341115350013
45.239999999999995  2.119934275868527
45.36  2.079167280807857
45.48  2.041112201087568
45.6  2.0058361207147897
45.72  1.9734010141938882
45.839999999999996  1.943863633274304
45.96  1.9172754032436148
46.08  1.893682328955311
46.199999999999996  1.8731249107630275
46.32  1.855638070514893
46.44  1.8412510877432346
46.559999999999995  1.8299875461662463
46.68  1.821865290599416
46.8  1.816896394355445
46.92  1.8150871371922406
47.04  1.8164379938492894
47.16  1.820943633193354
47.28  1.8285929279750672
47.4  1.8393689751785707
47.519999999999996  1.8532491269270375
47.64  1.8702050318875663
47.76  1.8902026870997901
47.879999999999995  1.9132025001334914
48.0  1.9391593614615894
48.12  1.9680227269162642
48.239999999999995  1.9997367100775152
48.36  2.0342401844252933
48.48  2.071466895068512
48.6  2.111345579846783
48.72  2.153800099583484
48.839999999999996  2.1987495772521806
48.96  2.246108545802014
49.08  2.2957871043718914
49.199999999999996  2.3476910826080424
49.32  2.401722212784554
49.44  2.4577783094123564
49.559999999999995  2.5157534560084525
49.68  2.575538198683959
49.8  2.6370197461972475
49.92  2.7000821761065157
50.04  2.7646066466450394
50.16  2.8304716139319304
50.28  2.897553054121346
50.4  2.9657246900841923
50.519999999999996  3.034858222208098
50.64  3.1048235628937397
50.76  3.175489074319019
50.879999999999995  3.246721809036595
51.0  3.3183877529649703
51.12  3.390352070329077
51.239999999999995  3.4624793501027837
51.36  3.534633853502803
51.48  3.606679762081754
51.6  3.6784814259670093
51.72  3.7499036117915177
51.839999999999996  3.8208117498636467
51.96  3.8910721801241888
52.08  3.9605523964410665
52.199999999999996  4.029121288795336
52.32  4.096649382915741
52.44  4.163009076923981
52.559999999999995  4.228074874558112
52.68  4.291723614547943
52.8  4.353834695723124
52.919999999999995  4.41429029744258
53.04  4.472975594942424
53.16  4.52977896920876
53.28  4.584592210991882
53.4  4.637310718588901
53.519999999999996  4.687833689033461
53.64  4.736064302343028
53.76  4.78190989848707
53.879999999999995  4.825282146752716
54.0  4.866097207198326
54.12  4.904275883899903
54.239999999999995  4.939743769710333
54.36  4.9724313822668185
54.48  5.002274290997967
54.6  5.029213234898458
54.72  5.053194230855962
54.839999999999996  5.0741686723324255
54.96  5.092093418219301
55.08  5.106930871704365
55.199999999999996  5.118649049005992
55.32  5.127221637849244
55.44  5.132628045576931
55.559999999999995  5.134853436807683
55.68  5.1338887605722485
55.8  5.129730766878396
55.919999999999995  5.122382012674155
56.04  5.111850857198495
56.16  5.098151446727953
56.28  5.081303688747055
56.4  5.061333215589783
56.519999999999996  5.038271337618484
56.64  5.012154986025835
56.76  4.983026645364376
56.879999999999995  4.950934275926916
57.0  4.915931226119682
57.12  4.878076134988353
57.239999999999995  4.837432825075114
57.36  4.794070185802538
57.48  4.748062047597466
57.599999999999994  4.699487046984853
57.72  4.648428482898208
57.839999999999996  4.594974164469222
57.96  4.5392162505746985
58.08  4.481251081434114
58.199999999999996  4.421179002565526
58.32  4.359104181421592
58.44  4.295134417040765
58.559999999999995  4.229380943061618
58.68  4.161958224460246
58.8  4.092983748382273
58.919999999999995  4.022577809451658
59.04  3.9508632899487717
59.16  3.8779654352594397
59.28  3.804011625005267
59.4  3.7291311402736906
59.519999999999996  3.6534549273729744
59.64  3.577115358544061
59.76  3.5002459900665377
59.879999999999995  3.4229813182007436
60.0  3.345456533412174
60.12  3.2678072733272874
60.239999999999995  3.1901693748721707
60.36  3.112678626047151
60.48  3.0354705177909587
60.599999999999994  2.958679996387869
60.72  2.8824412168704443
60.839999999999996  2.80688729786848
60.96  2.732150078352153
61.08  2.6583598767140533
61.199999999999996  2.585645252630303
61.32  2.5141327721360183
61.44  2.4439467763444913
61.559999999999995  2.3752091542326803
61.68  2.3080391199083854
61.8  2.242552994766106
61.919999999999995  2.1788639949296824
62.04  2.1170820243702546
62.16  2.0573134740776258
62.28  1.9996610276519675
62.4  1.94422347367133
62.519999999999996  1.8910955251776922
62.64  1.8403676466116043
62.76  1.7921258885116491
62.879999999999995  1.7464517302807843
63.0  1.7034219313070185
63.12  1.6631083907104518
63.239999999999995  1.6255780159729838
63.36  1.5908926006908457
63.48  1.5591087116733346
63.599999999999994  1.5302775855940673
63.72  1.5044450353836836
63.839999999999996  1.4816513665350386
63.96  1.4619313034738532
64.08  1.445313926129382
64.2  1.4318226168210288
64.32  1.4214750175579853
64.44  1.4142829978299014
64.56  1.4102526329474923
64.67999999999999  1.4093841929726394
64.8  1.4116721422582204
64.92  1.4171051495985207
65.03999999999999  1.4256661089716585
65.16  1.4373321708361395
65.28  1.4520747839243056
65.39999999999999  1.4698597474563346
65.52  1.4906472736793575
65.64  1.5143920606173564
65.75999999999999  1.5410433748989492
65.88  1.570545144511661
66.0  1.6028360613131158
66.12  1.6378496931118889
66.24  1.6755146051131264
66.36  1.7157544905069768
66.48  1.7584883099611863
66.6  1.8036304397629477
66.72  1.8510908283392036
66.84  1.9007751608694017
66.96  1.952585031689811
67.08  2.00641812417438
67.2  2.0621683977633136
67.32  2.1197262817975857
67.44  2.1789788758052127
67.56  2.2398101558730628
67.67999999999999  2.3021011867272487
67.8  2.3657303391344136
67.92  2.4305735122264913
68.03999999999999  2.496504360342822
68.16  2.563394523974941
68.28  2.6311138643918834
68.39999999999999  2.699530701517388
68.52  2.76851205462418
68.64  2.837923885405318
68.75999999999999  2.9076313429785894
68.88  2.9774990103760848
69.0  3.0473911520683545
69.12  3.117171962071001
69.24  3.1867058121801177
69.36  3.255857499882917
69.48  3.324492495490519
69.6  3.3924771880411835
69.72  3.4596791295246567
69.84  3.525967276981203
69.96  3.5912122320328885
70.08  3.6552864774094465
70.2  3.718064610036248
70.32  3.779423570258615
70.44  3.839242866783434
70.56  3.8974047969269026
70.67999999999999  3.9537946617660467
70.8  4.008300975800721
70.92  4.0608156707428265
71.03999999999999  4.111234293060472
71.16  4.159456194915972
71.28  4.205384718148634
71.39999999999999  4.248927370966258
71.52  4.289995997022344
71.64  4.328506936569937
71.75999999999999  4.364381179397727
71.88  4.397544509268813
72.0  4.427927639598134
72.11999999999999  4.4554663401206955
72.24  4.480101554319005
72.36  4.5017795073951445
72.48  4.520451804590176
72.6  4.536075519671131
72.72  4.548613273423932
72.84  4.558033302008736
72.96  4.564309515052818
73.08  4.567421543374801
73.2  4.567354776253016
73.32  4.564100388169885
73.44  4.55765535498345
73.56  4.548022459496478
73.67999999999999  4.535210286412985
73.8  4.519233206691386
73.92  4.500111351322864
74.03999999999999  4.477870574582889
74.16  4.452542406823019
74.28  4.42416399688933
74.39999999999999  4.39277804427262
74.52  4.358432721114431
74.64  4.321181584211483
74.75999999999999  4.2810834771792265
74.88  4.238202422953389
75.0  4.192607506826019
75.11999999999999  4.1443727502296674
75.24  4.093576975500485
75.36  4.040303661867371
75.48  3.984640792930293
75.6  3.92668069590666
75.72  3.866519872939358
75.84  3.8042588247749762
75.96  3.740001867134246
76.08  3.6738569401103844
76.2  3.6059354109437822
76.32  3.536351870533294
76.44  3.4652239240561125
76.56  3.392671976078989
76.67999999999999  3.3188190105533435
76.8  3.243790366096409
76.92  3.167713506969246
77.03999999999999  3.0907177901699527
77.16  3.0129342290678287
77.28  2.934495254010612
77.39999999999999  2.8555344703420404
77.52  2.7761864142721144
77.64  2.6965863070463585
77.75999999999999  2.616869807863063
77.88  2.5371727659903325
78.0  2.4576309725358656
78.11999999999999  2.3783799123230835
78.24  2.299554516327177
78.36  2.2212889151234414
78.48  2.143716193798542
78.6  2.066968148772583
78.72  1.9911750469764018
78.84  1.9164653878243574
78.96  1.8429656684174085
79.08  1.770800152405699
79.2  1.7000906429331906
79.32  1.6309562600790732
79.44  1.563513223202834
79.56  1.4978746385908404
79.67999999999999  1.4341502927923482
79.8  1.3724464520227266
79.92  1.3128656680006068
80.03999999999999  1.2555065905735974
80.16  1.200463787475138
80.28  1.1478275715419466
80.39999999999999  1.097683835707697
80.52  1.050113896074562
80.64  1.0051943433494945
80.75999999999999  0.962996902916601
80.88  0.923588303801474
81.0  0.887030156766911
81.11999999999999  0.8533788417627841
81.24  0.8226854049358088
81.36  0.7949954653874034
81.48  0.7703491318500513
81.6  0.7487809294344512
81.72  0.7303197365813157
81.84  0.7149887323330928
81.96  0.7028053540219035
82.08  0.6937812654510755
82.2  0.6879223356284219
82.32  0.6852286280900977
82.44  0.6856944008345858
82.56  0.6893081168669033
82.67999999999999  0.6960524653337687
82.8  0.7059043932111169
82.92  0.7188351474860131
83.03999999999999  0.7348103277559124
83.16  0.7537899491491327
83.28  0.7757285154514921
83.39999999999999  0.800575102305563
83.52  0.8282734503303932
83.64  0.8587620679915602
83.75999999999999  0.8919743440335623
83.88  0.9278386692690228
84.0  0.9662785675021672
84.11999999999999  1.0072128353472678
84.24  1.0505556906865687
84.36  1.0962169294963184
84.47999999999999  1.1441020907543098
84.6  1.1941126291276172
84.72  1.246146095124769
84.84  1.3000963223832955
84.96  1.3558536217502268
85.08  1.4133049818009513
85.2  1.4723342754298208
85.32  1.532822472135109
85.44  1.594647855610286
85.56  1.6576862462438293
85.67999999999999  1.7218112281211337
85.8  1.7868943801135528
85.92  1.8528055106321388
86.03999999999999  1.919412895617247
86.16  1.9865835193289543
86.28  2.054183317498125
86.39999999999999  2.122077422393978
86.52  2.1901304093600586
86.64  2.2582065443681354
86.75999999999999  2.326170032137644
86.88  2.393885264367103
87.0  2.46121706762394
87.11999999999999  2.528030950439601
87.24  2.594193349158459
87.36  2.659571872091107
87.47999999999999  2.724035541525851
87.6  2.787455033156208
87.72  2.84970291248662
87.84  2.910653867784567
87.96  2.9701849391531647
88.08  3.0281757433057344
88.2  3.0845086936313564
88.32  3.139069215149448
88.44  3.191745953960387
88.56  3.2424309808093374
88.67999999999999  3.291019988391402
88.8  3.337412482037418
88.92  3.381511963431837
89.03999999999999  3.4232261070270904
89.16  3.4624669288318843
89.28  3.499150947264999
89.39999999999999  3.5331993357806573
89.52  3.5645380669864455
89.64  3.5930980479904715
89.75999999999999  3.61881524673034
89.88  3.641630809053134
90.0  3.6614911663323566
90.11999999999999  3.6783481334252133
90.24  3.692158996791167
90.36  3.7028865926107515
90.47999999999999  3.710499374761838
90.6  3.714971472529186
90.72  3.7162827379417127
90.84  3.7144187826510704
90.96  3.7093710042840593
91.08  3.7011366022207364
91.2  3.6897185827694043
91.32  3.6751257537290005
91.44  3.6573727083488023
91.56  3.6364797987148383
91.67999999999999  3.6124730986115514
91.8  3.5853843559266467
91.92  3.555250934686094
92.03999999999999  3.5221157468252375
92.16  3.486027173820618
92.28  3.4470389783259163
92.39999999999999  3.405210205973289
92.52  3.3606050775197236
92.64  3.3132928715354675
92.75999999999999  3.263347797848957
92.88  3.210848861979401
93.0  3.155879720805086
93.11999999999999  3.0985285297307836
93.24  3.0388877816339126
93.36  2.9770541378836093
93.47999999999999  2.913128251741597
93.6  2.8472145844675727
93.72  2.779421214465284
93.84  2.7098596398179122
93.96  2.638644574573868
94.08  2.565893739155152
94.2  2.491727645271374
94.32  2.4162693757325835
94.44  2.339644359563077
94.56  2.2619801428276594
94.67999999999999  2.1834061555886017
94.8  2.104053475419679
94.92  2.0240545879092435
95.03999999999999  1.943543144590162
95.16  1.8626537187387733
95.28  1.7815215594896545
95.39999999999999  1.7002823447149564
95.52  1.6190719331204486
95.64  1.5380261160110655
95.75999999999999  1.4572803691797849
95.88  1.3769696053729992
96.0  1.297227927785292
96.11999999999999  1.218188385033497
96.24  1.139982728058353
96.36  1.0627411693977769
96.47999999999999  0.9865921452717832
96.6  0.9116620809138305
96.72  0.838075159577561
96.84  0.7659530956408953
96.96  0.6954149122224078
97.08  0.6265767237162161
97.2  0.559551523642899
97.32  0.49444897820420364
97.44  0.43137522591863453
97.56  0.3704326837045049
97.67999999999999  0.3117198597643618
97.8  0.25533117361315494
97.92  0.20135678357884412
98.03999999999999  0.14988242209081992
98.16  0.10098923905698864
98.28  0.05475365361607043
98.39999999999999  0.011247214535680117
98.52  0.0
98.64  0.0
98.75999999999999  0.0
98.88  0.0
99.0  0.0
99.11999999999999  0.0
99.24  0.0
99.36  0.0
99.47999999999999  0.0
99.6  0.0
99.72  0.0
99.84  0.0
99.96  0.0
100.08  0.0
100.2  0.0
100.32  0.0
100.44  0.0
100.56  0.0
100.67999999999999  0.0
100.8  0.0
100.92  0.0
101.03999999999999  0.0
101.16  0.0
101.28  0.0
101.39999999999999  0.0
101.52  0.0
101.64  0.0
101.75999999999999  0.020864097497322653
101.88  0.06301558831420895
102.0  0.10748668493935609
102.11999999999999  0.15418277752030418
102.24  0.20300517843137822
102.36  0.25385130269686895
102.47999999999999  0.30661485553701784
102.6  0.3611860266940383
102.72  0.41745169118306213
102.83999999999999  0.47529561610102933
102.96  0.5345986731157365
103.08  0.5952390562464883
103.2  0.6570925045384962
103.32  0.7200325292239349
103.44  0.7839306449547602
103.56  0.8486566046842138
103.67999999999999  0.9140786377683335
103.8  0.9800636908518227
103.92  1.0464776710983386
104.03999999999999  1.113185691320476
104.16  1.1800523165617407
104.28  1.2469418116793751
104.39999999999999  1.3137183894761448
104.52  1.380246458927112
104.64  1.4463908730480135
104.75999999999999  1.5120171759521486
104.88  1.5769918486442793
105.0  1.6411825531022763
105.11999999999999  1.7044583742005868
105.24  1.766690059033168
105.36  1.8277502531986713
105.47999999999999  1.8875137336159753
105.6  1.945857637444583
105.72  2.0026616866915385
105.83999999999999  2.0578084080942776
105.96  2.1111833478777973
106.08  2.162675280993238
106.2  2.21217641445599
106.32  2.2595825844112176
106.44  2.304793446567088
106.56  2.3477126596472147
106.67999999999999  2.3882480615275004
106.8  2.4263118377351085
106.92  2.4618206820018322
107.03999999999999  2.4946959485782974
107.16  2.5248637960308074
107.28  2.552255322257767
107.39999999999999  2.5768066904792226
107.52  2.598459245969034
107.64  2.6171596233164536
107.75999999999999  2.632859844021052
107.88  2.645517404242625
108.0  2.6550953525457253
108.11999999999999  2.6615623574967
108.24  2.6648927649897436
108.36  2.6650666451971574
108.47999999999999  2.6620698290580203
108.6  2.6558939342385894
108.72  2.6465363805169897
108.83999999999999  2.634000394564061
108.96  2.618295004111625
109.08  2.599435021518867
109.2  2.577441016766791
109.32  2.5523392799302
109.44  2.524161773195668
109.56  2.49294607251335
109.67999999999999  2.458735298989091
109.8  2.421578040142358
109.92  2.3815282611738393
110.03999999999999  2.338645206404915
110.16  2.29299329106901
110.28  2.2446419836528415
110.39999999999999  2.1936656790022653
110.52  2.1401435624249077
110.64  2.084159465037798
110.75999999999999  2.02580171062441
110.88  1.9651629542809916
111.0  1.9023400131470585
111.11999999999999  1.8374336895294727
111.24  1.770548586743196
111.36  1.701792918005505
111.47999999999999  1.6312783087327707
111.6  1.5591195926011745
111.72  1.4854346017440716
111.83999999999999  1.41034395146951
111.96  1.333970819891087
112.08  1.256440722875374
112.2  1.1778812847166287
112.32  1.0984220049584328
112.44  1.018194021787933
112.56  0.9373298724356508
112.67999999999999  0.8559632510181302
112.8  0.7742287642665114
112.92  0.6922616855871707
113.03999999999999  0.6101977079039792
113.16  0.5281726957338849
113.28  0.4463224369489769
113.39999999999999  0.36478239467851814
113.52  0.2836874598046346
113.64  0.2031717045037985
113.75999999999999  0.1233681372845945
113.88  0.04440845996946874
114.0  0.0
114.11999999999999  0.0
114.24  0.0
114.36  0.0
114.47999999999999  0.0
114.6  0.0
114.72  0.0
114.83999999999999  0.0
114.96  0.0
115.08  0.0
115.19999999999999  0.0
115.32  0.0
115.44  0.0
115.56  0.0
115.67999999999999  0.0
115.8  0.0
115.92  0.0
116.03999999999999  0.0
116.16  0.0
116.28  0.0
116.39999999999999  0.0
116.52  0.0
116.64  0.0
116.75999999999999  0.0
116.88  0.0
117.0  0.0
117.11999999999999  0.0
117.24  0.0
117.36  0.0
117.47999999999999  0.0
117.6  0.0
117.72  0.0
117.83999999999999  0.0
117.96  0.0
118.08  0.0
118.19999999999999  0.0
118.32  0.0
118.44  0.0
118.56  0.0
118.67999999999999  0.0
118.8  0.0
118.92  0.0
119.03999999999999  0.0
119.16  0.0
119.28  0.0
119.39999999999999  0.0
119.52  0.0
119.64  0.0
119.75999999999999  0.0
119.88  0.0
120.0  0.0
