0.0  41.24698605596197
1.68  27.75180908987712
3.36  28.74216500416181
5.04  41.64781804709314
6.72  32.97518235541918
8.4  25.2320432565074
10.08  38.513896375242375
11.76  38.35081706886402
13.44  0.0
15.12  0.0
16.8  8.260025464419499
18.48  0.0
20.16  0.0
21.84  7.990965900884044
23.52  0.6691589125019579
25.2  0.0
26.88  4.324690880067314
28.56  5.814956735241001
30.24  0.0
31.919999999999998  0.0
33.6  8.488630267949361
35.28  0.0
36.96  0.0
38.64  7.55351528683954
40.32  1.6869282190743617
42.0  0.0
43.68  3.4071591106668278
45.36  6.529522549164063
47.04  0.0
48.72  0.0
50.4  8.59620778292878
52.08  0.0
53.76  0.0
55.44  7.008369856866698
57.12  2.680646018879571
58.8  0.0
60.48  2.4410495123577842
62.16  7.150993201122271
63.839999999999996  0.0
65.52  0.0
67.2  8.58122421479538
68.88  0.0
70.56  0.0
72.24  6.36330206319542
73.92  3.6361443051722757
75.6  0.0
77.28  1.4401364658631683
78.96  7.670508026256215
80.64  0.0
82.32  0.0
84.0  8.443893192905925
85.67999999999999  0.0
87.36  0.0
89.03999999999999  5.627509008719241
90.72  4.539799988813964
92.39999999999999  0.0
94.08  0.4186905647023358
95.75999999999999  8.080660002624384
97.44  0.0
99.11999999999999  0.0
100.8  8.186172724699599
102.47999999999999  0.09518693539125511
104.16  0.0
105.83999999999999  4.8114813186045975
107.52  5.378729130497277
109.2  0.0
110.88  0.0
112.56  8.375601357379214
114.24  0.0
115.92  0.0
117.6  7.811737279258786
119.28  1.120091090306682
120.96  0.0
122.64  3.9268535694087214
124.32  6.14097063448596
126.0  0.0
127.67999999999999  0.0
129.35999999999999  8.55112694183132
131.04  0.0
132.72  0.0
134.4  7.325925398287886
136.07999999999998  2.129025461722509
137.76  0.0
139.44  2.986238408222792
141.12  6.815656784842872
142.79999999999998  0.0
144.48  0.0
146.16  8.604734186674664
147.84  0.0
149.51999999999998  0.0
151.2  6.735663581450832
152.88  3.1076050914712408
154.56  0.0
156.23999999999998  2.003046726903207
157.92  7.393168192712375
159.6  0.0
161.28  0.0
162.96  8.535658782558462
164.64  0.0
166.32  0.0
168.0  6.049367531278426
