0.0  28.117025803568445
1.68  40.491758873238865
3.36  37.78378638982937
5.04  25.698769659086672
6.72  29.699675074629496
8.4  41.3566491732965
10.08  36.10860558351752
11.76  25.01310099190014
13.44  0.0
15.12  8.52191464310336
16.8  0.9733908817668251
18.48  0.0
20.16  0.0
21.84  8.631459228076391
23.52  0.0
25.2  0.0
26.88  1.7863865448162075
28.56  8.346948514180806
30.24  0.0
31.919999999999998  0.0
33.6  3.5417385373323382
35.28  7.681371377507285
36.96  0.0
38.64  0.0
40.32  5.135398190121798
42.0  6.665113664826606
43.68  0.0
45.36  0.0
47.04  6.494609551475701
48.72  5.344570976942242
50.4  0.0
52.08  0.0
53.76  7.55732002691721
55.44  3.78003055263893
57.12  0.0
58.8  0.0
60.48  8.27501328995437
62.16  2.04291895238568
63.839999999999996  0.0
65.52  0.0
67.2  8.614924216430403
68.88  0.21254119433976637
70.56  0.0
72.24  0.7115716564434424
73.92  8.56153472322843
75.6  0.0
77.28  0.0
78.96  2.5248789384247523
80.64  8.117282221236255
82.32  0.0
84.0  0.0
85.67999999999999  4.222916959624326
87.36  7.302448339297843
89.03999999999999  0.0
90.72  0.0
92.39999999999999  5.728164542886212
94.08  6.154232999279457
95.75999999999999  0.0
97.44  0.0
99.11999999999999  6.9719020464186565
100.8  4.725056113853964
102.47999999999999  0.0
104.16  0.0
105.83999999999999  7.897348647800019
107.52  3.0801644402430304
109.2  0.0
110.88  0.0
112.56  8.46225458051263
114.24  1.294652845134192
115.92  0.0
117.6  0.0
119.28  8.640829978640781
120.96  0.0
122.64  0.0
124.32  1.4681207360032604
126.0  8.424922271452207
127.67999999999999  0.0
129.35999999999999  0.0
131.04  3.2437044150506904
132.72  7.8243883758176915
134.4  0.0
136.07999999999998  0.0
137.76  4.871202019780981
139.44  6.866644694627015
141.12  0.0
142.79999999999998  0.0
144.48  6.276312781564584
146.16  5.595415465295984
147.84  0.0
149.51999999999998  0.0
151.2  7.394888643097934
152.88  4.068736600484916
154.56  0.0
156.23999999999998  0.0
157.92  8.175862834119005
159.6  2.3563061524531648
161.28  0.0
162.96  0.0
164.64  8.58358124214022
166.32  0.5363023613057423
168.0  0.0
