0.0  34.77580183325294
1.68  51.18714926434329
3.36  51.70999889187577
5.04  35.87905549880874
6.72  17.782618768579447
8.4  13.52510001311785
10.08  26.89535746061178
11.76  45.9949091894156
13.44  20.493316773107196
15.12  10.087610872301621
16.8  0.0
18.48  0.0
20.16  0.0
21.84  5.578683604590524
23.52  19.54986437951961
25.2  16.12319707232833
26.88  0.0
28.56  0.0
30.24  0.0
31.919999999999998  0.0
33.6  15.687186601919858
35.28  19.751234797784605
36.96  6.238231011328115
38.64  0.0
40.32  0.0
42.0  0.0
43.68  9.482066317146778
45.36  20.429978100120493
47.04  13.19680952330933
48.72  0.0
50.4  0.0
52.08  0.0
53.76  1.8610646662144716
55.44  18.058075653365492
57.12  18.18481368241787
58.8  2.1284918340930004
60.48  0.0
62.16  0.0
63.839999999999996  0.0
65.52  12.989704739599455
67.2  20.457424595072105
68.88  9.71963885996116
70.56  0.0
72.24  0.0
73.92  0.0
75.6  5.981684779143002
77.28  19.675291392365
78.96  15.859429705928806
80.64  0.0
82.32  0.0
84.0  0.0
85.67999999999999  0.0
87.36  15.955203789800333
89.03999999999999  19.631058355231538
90.72  5.836808559562721
92.39999999999999  0.0
94.08  0.0
95.75999999999999  0.0
97.44  9.852652810197288
99.11999999999999  20.47133757145833
100.8  12.872135282866243
102.47999999999999  0.0
104.16  0.0
105.83999999999999  0.0
107.52  2.27888373797576
109.2  18.254795158483073
110.88  17.985368669115864
112.56  1.710372742959827
114.24  0.0
115.92  0.0
117.6  0.0
119.28  13.312409723168955
120.96  20.41299034264678
122.64  9.347608375949012
124.32  0.0
126.0  0.0
127.67999999999999  0.0
129.35999999999999  6.382188278774328
131.04  19.79250291347327
132.72  15.589040175155226
134.4  0.0
136.07999999999998  0.0
137.76  0.0
139.44  0.0
141.12  16.216558822478973
142.79999999999998  19.502684890611924
144.48  5.432948926485336
146.16  0.0
147.84  0.0
149.51999999999998  0.0
151.2  10.219125291102486
152.88  20.504149158990458
154.56  12.542086234043174
156.23999999999998  0.0
157.92  0.0
159.6  0.0
161.28  2.695751253282663
162.96  18.443892305395373
164.64  17.77841379765004
166.32  1.2915394792711332
168.0  0.0
