0.0  64.1424211032867
1.68  15.924764606499426
3.36  0.0
5.04  0.0
6.72  41.01339789224551
8.4  80.10286290915843
10.08  77.571109761261
11.76  35.67120045417481
13.44  0.0
15.12  0.0
16.8  0.0
18.48  34.946268946135696
20.16  51.060790623221365
21.84  21.73520791030467
23.52  0.0
25.2  0.0
26.88  0.0
28.56  17.904760588295886
30.24  50.25930404340014
31.919999999999998  37.88700338923298
33.6  0.0
35.28  0.0
36.96  0.0
38.64  0.0
40.32  41.952996289475024
42.0  48.38143471100276
43.68  11.754185647616396
45.36  0.0
47.04  0.0
48.72  0.0
50.4  27.38218207524399
52.08  51.65145211452325
53.76  29.954975299272657
55.44  0.0
57.12  0.0
58.8  0.0
60.48  8.72260491964754
62.16  47.20876997155659
63.839999999999996  43.68282730934088
65.52  1.2825897378687365
67.2  0.0
68.88  0.0
70.56  0.0
72.24  35.716778586663295
73.92  50.8878709842045
75.6  20.772743926780564
77.28  0.0
78.96  0.0
80.64  0.0
82.32  18.89148541198578
84.0  50.49423459502387
85.67999999999999  37.16106987845054
87.36  0.0
89.03999999999999  0.0
90.72  0.0
92.39999999999999  0.0
94.08  42.56069672547894
95.75999999999999  48.00042953652983
97.44  10.723539626252588
99.11999999999999  0.0
100.8  0.0
102.47999999999999  0.0
104.16  28.271909334488726
105.83999999999999  51.672267741451634
107.52  29.088355016273
109.2  0.0
110.88  0.0
112.56  0.0
114.24  9.761503123974421
115.92  47.62829816827246
117.6  43.10963826232501
119.28  0.2267768047387122
120.96  0.0
122.64  0.0
124.32  0.0
126.0  36.47237455229273
127.67999999999999  50.69370292374113
129.35999999999999  19.80160620609627
131.04  0.0
132.72  0.0
134.4  0.0
136.07999999999998  19.87032202506613
137.76  50.70808108955203
139.44  36.419619623522074
141.12  0.0
142.79999999999998  0.0
144.48  0.0
146.16  0.30119272850787837
147.84  43.15062578288973
149.51999999999998  47.59938160261964
151.2  9.6884159506861
152.88  0.0
154.56  0.0
156.23999999999998  0.0
157.92  29.14983155192235
159.6  51.67150741912457
161.28  28.209588781504554
162.96  0.0
164.64  0.0
166.32  0.0
168.0  10.796325376048713
