0.0  11.763603090428255
2.4  46.506780034311134
4.8  47.757817722263
7.199999999999999  5.129497724356103
9.6  44.74789673097677
12.0  19.011202169201574
14.399999999999999  0.0
16.8  10.321432836485728
19.2  18.086011599820864
21.599999999999998  0.0
24.0  3.7366709080514156
26.4  18.47389791812634
28.799999999999997  0.0
31.2  0.0
33.6  23.97872960950183
36.0  0.0
38.4  0.0
40.8  30.118130671240245
43.199999999999996  0.0
45.6  0.0
48.0  29.837845927064386
50.4  0.0
52.8  0.0
55.199999999999996  22.68319668220477
57.599999999999994  0.0
60.0  0.0
62.4  15.347806125771404
64.8  11.00671144346792
67.2  0.0
69.6  12.926107778075405
72.0  17.29234793102604
74.39999999999999  0.0
76.8  12.466124875490127
79.2  17.274568108607504
81.6  0.0
84.0  7.323170828190905
86.39999999999999  17.114353203218833
88.8  0.0
91.2  0.0
93.6  21.998443262611246
96.0  0.0
98.39999999999999  0.0
100.8  29.03314413700774
103.2  0.0
105.6  0.0
108.0  30.836833437844
110.39999999999999  0.0
112.8  0.0
115.19999999999999  25.106840827210462
117.6  0.0
120.0  0.0
122.39999999999999  17.55429909419443
124.8  7.2607340207173054
127.19999999999999  0.0
129.6  14.38222683353448
132.0  15.137313185400751
134.4  0.0
136.79999999999998  14.297077059873866
139.2  16.288045346443912
141.6  0.0
144.0  10.612872634870477
146.4  15.797443245328068
148.79999999999998  0.0
151.2  0.598635271300028
153.6  19.888379834339
156.0  0.0
158.4  0.0
160.79999999999998  27.43466529843569
163.2  0.0
165.6  0.0
168.0  31.200043578688273
170.4  0.0
172.79999999999998  0.0
175.2  27.18262202685681
177.6  0.0
180.0  0.0
182.4  19.746363257705923
184.79999999999998  3.2786118823514436
187.2  0.0
189.6  15.810728013524093
192.0  12.547809121630186
194.4  0.0
196.79999999999998  15.836756744248206
199.2  15.072717161876138
201.6  0.0
204.0  13.544808743188952
206.4  14.517386662268198
208.79999999999998  0.0
211.2  4.688703494062795
213.6  17.725707449514204
216.0  0.0
218.4  0.0
220.79999999999998  25.40189485663229
223.2  0.0
225.6  0.0
228.0  30.916477698269627
230.39999999999998  0.0
232.79999999999998  0.0
235.2  28.824858915070802
237.6  0.0
240.0  0.0
