0.0  48.95048467482509
1.68  34.977946815493496
3.36  20.324690552547555
5.04  11.05581344189622
6.72  11.007776328900412
8.4  20.20046215093568
10.08  34.82894623385618
11.76  48.83838442112239
13.44  23.096827168469908
15.12  21.128645551354023
16.8  10.415152025837722
18.48  0.0
20.16  0.0
21.84  0.0
23.52  0.0
25.2  0.0
26.88  7.640965848043474
28.56  19.631577862440817
30.24  23.496526012403116
31.919999999999998  17.63607798195856
33.6  4.475919119684722
35.28  0.0
36.96  0.0
38.64  0.0
40.32  0.0
42.0  0.0
43.68  13.245455189055205
45.36  22.36848895037165
47.04  22.233029907918556
48.72  12.895145620507801
50.4  0.0
52.08  0.0
53.76  0.0
55.44  0.0
57.12  0.0
58.8  4.888614849911189
60.48  17.912368730635933
62.16  23.522052874285215
63.839999999999996  19.39577506942578
65.52  7.241434023359902
67.2  0.0
68.88  0.0
70.56  0.0
72.24  0.0
73.92  0.0
75.6  10.79116671573383
77.28  21.31136031765782
78.96  23.010614938082306
80.64  15.18559577822502
82.32  1.075139566916425
84.0  0.0
85.67999999999999  0.0
87.36  0.0
89.03999999999999  0.0
90.72  2.064406977272709
92.39999999999999  15.929868897579013
94.08  23.20183329194819
95.75999999999999  20.87037713143033
97.44  9.90050838470631
99.11999999999999  0.0
100.8  0.0
102.47999999999999  0.0
104.16  0.0
105.83999999999999  0.0
107.52  8.17826081472095
109.2  19.940979814850664
110.88  23.449971058692178
112.56  17.25283558216361
114.24  3.9146163052727996
115.92  0.0
117.6  0.0
119.28  0.0
120.96  0.0
122.64  0.0
124.32  13.713218773403684
126.0  22.540574115706228
127.67999999999999  22.038209256250013
129.35999999999999  12.414056945721276
131.04  0.0
132.72  0.0
134.4  0.0
136.07999999999998  0.0
137.76  0.0
139.44  5.445144122086482
141.12  18.277490419631953
142.79999999999998  23.54464025278605
144.48  19.066479044528123
146.16  6.696552799363076
147.84  0.0
149.51999999999998  0.0
151.2  0.0
152.88  0.0
154.56  0.0
156.23999999999998  11.295000501454703
157.92  21.547995075810555
159.6  22.882105688550457
161.28  14.7451335060879
162.96  0.505035057044573
164.64  0.0
166.32  0.0
168.0  0.0
