0.0  0.0
1.68  9.10098044851464
3.36  32.296816198595444
5.04  55.921674510470496
6.72  70.19704145966946
8.4  69.2142308375009
10.08  53.3800356594879
11.76  29.248353349563473
13.44  0.0
15.12  0.0
16.8  0.0
18.48  0.0
20.16  9.133865894961646
21.84  29.991871401195773
23.52  38.4360063882531
25.2  30.971177236480266
26.88  10.687135208754205
28.56  0.0
30.24  0.0
31.919999999999998  0.0
33.6  0.0
35.28  0.0
36.96  18.657710810558385
38.64  35.27243549052743
40.32  37.28762280858418
42.0  23.86917094748604
43.68  0.5710822481753848
45.36  0.0
47.04  0.0
48.72  0.0
50.4  0.0
52.08  4.5475731189329
53.76  26.8608749432692
55.44  38.05625020953644
57.12  33.4998453942264
58.8  15.077592143737014
60.48  0.0
62.16  0.0
63.839999999999996  0.0
65.52  0.0
67.2  0.0
68.88  14.452834092927777
70.56  33.162699640007986
72.24  38.146264020666074
73.92  27.340790898182497
75.6  5.21875024439125
77.28  0.0
78.96  0.0
80.64  0.0
82.32  0.0
84.0  0.0
85.67999999999999  23.335055293256175
87.36  37.11711202192014
89.03999999999999  35.536105321753546
90.72  19.24642625102949
92.39999999999999  0.0
94.08  0.0
95.75999999999999  0.0
97.44  0.0
99.11999999999999  0.0
100.8  10.035517754349982
102.47999999999999  30.56551120435393
104.16  38.444200126953035
105.83999999999999  30.410533458087105
107.52  9.789708765039387
109.2  0.0
110.88  0.0
112.56  0.0
114.24  0.0
115.92  0.0
117.6  19.466237842990985
119.28  35.632396049497075
120.96  37.050026398923585
122.64  23.132360584403877
124.32  0.0
126.0  0.0
127.67999999999999  0.0
129.35999999999999  0.0
131.04  0.0
132.72  5.470691136885612
134.4  27.519045791425796
136.07999999999998  38.17705181795607
137.76  33.03327703086523
139.44  14.216770109129445
141.12  0.0
142.79999999999998  0.0
144.48  0.0
146.16  0.0
147.84  0.0
149.51999999999998  15.31128964756847
151.2  33.623925866547935
152.88  38.019355770849295
154.56  26.67827649076458
156.23999999999998  4.294849582517534
157.92  0.0
159.6  0.0
161.28  0.0
162.96  0.0
164.64  0.8254518097774497
166.32  24.06808285094131
168.0  37.34874585884364
