0.0  31.92285990062102
1.68  34.9743744194643
3.36  36.536175915956335
5.04  35.19048390469972
6.72  32.15889785092748
8.4  30.19344709799423
10.08  31.078339004374996
11.76  34.01028167966585
13.44  2.9943672443008316
15.12  2.5935434881172394
16.8  0.0
18.48  0.0
20.16  0.0
21.84  0.0
23.52  2.473017248290298
25.2  3.058942914477426
26.88  0.868005080513025
28.56  0.0
30.24  0.0
31.919999999999998  0.0
33.6  1.6932672759612557
35.28  3.204720317494629
36.96  1.8069752711110412
38.64  0.0
40.32  0.0
42.0  0.0
43.68  0.7365916375003647
45.36  3.015643746193391
47.04  2.5571387044630223
48.72  0.0
50.4  0.0
52.08  0.0
53.76  0.0
55.44  2.511469383665599
57.12  3.0401125008914422
58.8  0.8089860911589727
60.48  0.0
62.16  0.0
63.839999999999996  0.0
65.52  1.7448772682036062
67.2  3.205431821282918
68.88  1.7561423937446996
70.56  0.0
72.24  0.0
73.92  0.0
75.6  0.7959668753037046
77.28  3.035822823935112
78.96  2.5198033514155096
80.64  0.0
82.32  0.0
84.0  0.0
85.67999999999999  0.0
87.36  2.5490075691888334
89.03999999999999  3.0201757587200726
90.72  0.7496727033451386
92.39999999999999  0.0
94.08  0.0
95.75999999999999  0.0
97.44  1.795852281444619
99.11999999999999  3.2049768350642283
100.8  1.704670437880552
102.47999999999999  0.0
104.16  0.0
105.83999999999999  0.0
107.52  0.8550524524754697
109.2  3.0548971341495488
110.88  2.4815510156983036
112.56  0.0
114.24  0.0
115.92  0.0
117.6  0.0
119.28  2.585618144323531
120.96  2.99913994315133
122.64  0.6900865018307536
124.32  0.0
126.0  0.0
127.67999999999999  0.0
129.35999999999999  1.8461737653463381
131.04  3.203355524412782
132.72  1.6525781346991288
134.4  0.0
136.07999999999998  0.0
137.76  0.0
139.44  0.9138268671589942
141.12  3.0728597354966642
142.79999999999998  2.4423956177345847
144.48  0.0
146.16  0.0
147.84  0.0
149.51999999999998  0.0
151.2  2.6212877861002846
152.88  2.9770127093374645
154.56  0.630249170654883
156.23999999999998  0.0
157.92  0.0
159.6  0.0
161.28  1.8958234073969638
162.96  3.2005684793404
164.64  1.5998844411318758
166.32  0.0
168.0  0.0
