0.0  28.123044333418626
1.68  36.90870635728599
3.36  41.46680378208309
5.04  36.40778671103228
6.72  27.713498530092327
8.4  25.664171450452926
10.08  32.68295476472179
11.76  40.47075361785505
13.44  6.485846484400426
15.12  0.0
16.8  0.0
18.48  0.0
20.16  4.1477150139491235
21.84  8.085584896949591
23.52  2.4629607436293464
25.2  0.0
26.88  0.0
28.56  0.0
30.24  7.4268227623832
31.919999999999998  6.072627812783263
33.6  0.0
35.28  0.0
36.96  0.0
38.64  4.693568369563406
40.32  7.986062214492869
42.0  1.8357388546769062
43.68  0.0
45.36  0.0
47.04  0.6492861580161722
48.72  7.668795175229979
50.4  5.6206273981266195
52.08  0.0
53.76  0.0
55.44  0.0
57.12  5.209447096720548
58.8  7.835537985053849
60.48  1.196793350389529
62.16  0.0
63.839999999999996  0.0
65.52  1.2949737220124486
67.2  7.861792209858784
68.88  5.132731859613377
70.56  0.0
72.24  0.0
73.92  0.0
75.6  5.692056628907834
77.28  7.634973504494424
78.96  0.5502047410713371
80.64  0.0
82.32  0.0
84.0  1.9323911697299803
85.67999999999999  8.004581325492335
87.36  4.612057054165477
89.03999999999999  0.0
90.72  0.0
92.39999999999999  0.0
94.08  6.138314867330092
95.75999999999999  7.385649641721412
97.44  0.0
99.11999999999999  0.0
100.8  0.0
102.47999999999999  2.557467749522183
104.16  8.096250625178943
105.83999999999999  4.061928177585321
107.52  0.0
109.2  0.0
110.88  0.0
112.56  6.545371864177975
114.24  7.089158658648028
115.92  0.0
117.6  0.0
119.28  0.0
120.96  3.1662115224718135
122.64  8.13621467945798
124.32  3.485858528791712
126.0  0.0
127.67999999999999  0.0
129.35999999999999  0.0
131.04  6.910628023306088
132.72  6.74739404150028
134.4  0.0
136.07999999999998  0.0
137.76  0.0
139.44  3.7547348561884237
141.12  8.124218265099607
142.79999999999998  2.887527072770106
144.48  0.0
146.16  0.0
147.84  0.0
149.51999999999998  7.231750702085435
151.2  6.362538408408453
152.88  0.0
154.56  0.0
156.23999999999998  0.0
157.92  4.31927925247236
159.6  8.060337995042
161.28  2.2707549455254137
162.96  0.0
164.64  0.0
166.32  0.20032803928235676
168.0  7.50668910840482
