0.0  0.2073303444938646  100.0
0.12  0.20609891959090898
0.24  0.20480217577327742
0.36  0.20344052401788792
0.48  0.2020143958729263
0.6  0.20052424332107532
0.72  0.1989705386362683
0.84  0.19735377423401101
0.96  0.1956744625153206
1.08  0.19393313570433054
1.2  0.1921303456796126
1.3199999999999998  0.1902666637992701
1.44  0.1883426807198575
1.56  0.18635900620918364
1.68  0.18431626895305808
1.7999999999999998  0.18221511635604173
1.92  0.18005621433626492
2.04  0.17784024711437815
2.16  0.175567916996702
2.28  0.1732399441526452
2.4  0.17085706638646153
2.52  0.16842003890341747
2.6399999999999997  0.16592963407044511
2.76  0.16338664117135593
2.88  0.16079186615669308
3.0  0.1581461313883017
3.12  0.15545027537869766
3.2399999999999998  0.152705152525318
3.36  0.1499116328397367
3.48  0.1470706016719321
3.5999999999999996  0.14418295942969286
3.7199999999999998  0.14124962129325191
3.84  0.13827151692523845
3.96  0.13524959017603982
4.08  0.13218479878466743
4.2  0.12907811407522038
4.32  0.12593052064904378
4.4399999999999995  0.1227430160726792
4.56  0.11951661056170598
4.68  0.11625232666057365
4.8  0.11295119891852698
4.92  0.10961427356172646
5.04  0.10624260816166783
5.16  0.10283727130000594
5.279999999999999  0.09939934222988966
5.3999999999999995  0.0959299105339137
5.52  0.09243007577879755
5.64  0.08890094716690011
5.76  0.08534364318467982
5.88  0.08175929124821325
6.0  0.07814902734588282
6.12  0.07451399567834849
6.24  0.07085534829591598
6.359999999999999  0.06717424473341785
6.4799999999999995  0.0634718516427219
6.6  0.05974934242298459
6.72  0.05600789684876557
6.84  0.05224870069612184
6.96  0.048472945366799955
7.08  0.04468182751064481
7.199999999999999  0.04087654864634604
7.319999999999999  0.03705831478064023
7.4399999999999995  0.03322833602609175
7.56  0.029387826217571626
7.68  0.02553800252755703
7.8  0.021680085080372752
7.92  0.017815296565497574
8.04  0.013944861850057208
8.16  0.01007000759062715
8.28  0.006191961844468796
8.4  0.0023119536803209717
8.52  0.0
8.64  0.0
8.76  0.0
8.879999999999999  0.0
9.0  0.0
9.12  0.0
9.24  0.0
9.36  0.0
9.48  0.0
9.6  0.0
9.719999999999999  0.0
9.84  0.0
9.959999999999999  0.0
10.08  0.0
10.2  0.0
10.32  0.0
10.44  0.0
10.559999999999999  0.0
10.68  0.0
10.799999999999999  0.0
10.92  0.0
11.04  0.0
11.16  0.0
11.28  0.0
11.4  0.0
11.52  0.0
11.639999999999999  0.0
11.76  0.0
11.879999999999999  0.0
12.0  0.0
12.12  0.0
12.24  0.0
12.36  0.0
12.48  0.0
12.6  0.0
12.719999999999999  0.0
12.84  0.0
12.959999999999999  0.0
13.08  0.0
13.2  0.0
13.32  0.0
13.44  0.0
13.559999999999999  0.0
13.68  0.0
13.799999999999999  0.0
13.92  0.0
14.04  0.0
14.16  0.0
14.28  0.0
14.399999999999999  0.0
14.52  0.0
14.639999999999999  0.0
14.76  0.0
14.879999999999999  0.0
15.0  0.0
15.12  0.0
15.24  0.0
15.36  0.0
15.479999999999999  0.0
15.6  0.0
15.719999999999999  0.0
15.84  0.0
15.959999999999999  0.0
16.08  0.0
16.2  0.0
16.32  0.0
16.439999999999998  0.0
16.56  0.0
16.68  0.0
16.8  0.0
16.919999999999998  0.0
17.04  0.0
17.16  0.0
17.28  0.0
17.4  0.0
17.52  0.0
17.64  0.0
17.759999999999998  0.0
17.88  0.0
18.0  0.0
18.12  0.0
18.24  0.0
18.36  0.0
18.48  0.0
18.599999999999998  0.0
18.72  0.0
18.84  0.0
18.96  0.0
19.08  0.0
19.2  0.0
19.32  0.0
19.439999999999998  0.0
19.56  0.0
19.68  0.0
19.8  0.0
19.919999999999998  0.0
20.04  0.0
20.16  0.0
20.279999999999998  0.0
20.4  0.0
20.52  0.0
20.64  0.0
20.759999999999998  0.0
20.88  0.0
21.0  0.0
21.119999999999997  0.0
21.24  0.0
21.36  0.0
21.48  0.0
21.599999999999998  0.0
21.72  0.0
21.84  0.0
21.96  0.0
22.08  0.0
22.2  0.0
22.32  0.0
22.439999999999998  0.0
22.56  0.0
22.68  0.0
22.8  0.0
22.919999999999998  0.0
23.04  0.0
23.16  0.0
23.279999999999998  0.0
23.4  0.0
23.52  0.0
23.64  0.0
23.759999999999998  0.0
23.88  0.0
24.0  0.0
24.119999999999997  0.0
24.24  0.0
24.36  0.0
24.48  0.0
24.599999999999998  0.0
24.72  0.0
24.84  0.0
24.96  0.0
25.08  0.0
25.2  0.0
25.32  0.0
25.439999999999998  0.0
25.56  0.0
25.68  0.0
25.8  0.0
25.919999999999998  0.0
26.04  0.0
26.16  0.0
26.279999999999998  0.0
26.4  0.0
26.52  0.0
26.64  0.0
26.759999999999998  0.0
26.88  0.0
27.0  0.0
27.119999999999997  0.0
27.24  0.0
27.36  0.0
27.48  0.0
27.599999999999998  0.0
27.72  0.0
27.84  0.0
27.959999999999997  0.0
28.08  0.0
28.2  0.0
28.32  0.0
28.439999999999998  0.0
28.56  0.0
28.68  0.0
28.799999999999997  0.0
28.919999999999998  0.0
29.04  0.0
29.16  0.0
29.279999999999998  0.0
29.4  0.0
29.52  0.0
29.64  0.0
29.759999999999998  0.0036386542088326715
29.88  0.007518129750470448
30.0  0.011395222571826763
30.119999999999997  0.015268703906172854
30.24  0.019137346131369054
30.36  0.022999923158932956
30.48  0.02685521082262561
30.599999999999998  0.030701987266425167
30.72  0.034539033331770636
30.84  0.03836513294394855
30.959999999999997  0.04217907349750416
31.08  0.04597964624055227
31.2  0.04976564665786681
31.32  0.05353587485262778
31.439999999999998  0.05728913592670446
31.56  0.06102424035935439
31.68  0.06474000438421804
31.799999999999997  0.06843525036448969
31.919999999999998  0.07210880716614644
32.04  0.07575951052911455
32.16  0.07938620343625896
32.28  0.08298773648007682
32.4  0.086562968226978
32.519999999999996  0.0901107655790415
32.64  0.09363000413312624
32.76  0.0971195685372289
32.879999999999995  0.10057835284397215
33.0  0.10400526086111316
33.12  0.10739920649895787
33.24  0.11075911411457803
33.36  0.11408391885271182
33.48  0.1173725669832503
33.6  0.12062401623519578
33.72  0.12383723612698722
33.839999999999996  0.12701120829309281
33.96  0.13014492680675904
34.08  0.13323739849881872
34.199999999999996  0.13628764327245757
34.32  0.13929469441383524
34.44  0.14225759889846518
34.56  0.14517541769325792
34.68  0.14804722605412812
34.8  0.1508721138190735
34.92  0.15364918569663322
35.04  0.15637756154963092
35.16  0.15905637667411854
35.28  0.16168478207342551
35.4  0.16426194472723107
35.519999999999996  0.16678704785557477
35.64  0.16925929117771688
35.76  0.17167789116577215
35.879999999999995  0.17404208129303297
36.0  0.17635111227690523
36.12  0.1786042523163769
36.24  0.1808007873239497
36.36  0.1829400211519529
36.48  0.18502127581317457
36.6  0.18704389169573588
36.72  0.18900722777214088
36.839999999999996  0.19091066180243876
36.96  0.19275359053142924
37.08  0.19453542987985223
37.199999999999996  0.1962556151295007
37.32  0.19791360110219655
37.44  0.19950886233257314
37.559999999999995  0.20104089323461183
37.68  0.2025092082618774
37.8  0.2039133420614013
37.92  0.20525284962116713
38.04  0.20652730641114705
38.16  0.20773630851784924
38.28  0.20887947277232935
38.4  0.20995643687162827
38.519999999999996  0.2109668594935973
38.64  0.21191042040507282
38.76  0.21278682056336803
38.879999999999995  0.21359578221104833
39.0  0.2143370489639613
39.12  0.215010385892492
39.24  0.21561557959601982
39.36  0.21615243827055086
39.48  0.21662079176950694
39.6  0.21702049165764978
39.72  0.21735141125812468
39.839999999999996  0.2176134456926082
39.96  0.21780651191454722
40.08  0.21793054873547896
40.199999999999996  0.21798551684442338
40.32  0.2179713988203419
40.44  0.21788819913765875
40.559999999999995  0.21773594416484304
40.68  0.2175146821560515
40.8  0.2172244832358355
40.92  0.21686543937691644
41.04  0.21643766437103681
41.16  0.21594129379289617
41.28  0.2153764849571835
41.4  0.21474341686871967
41.519999999999996  0.2140422901657249
41.64  0.21327332705623112
41.76  0.21243677124765725
41.879999999999995  0.21153288786957122
42.0  0.21056196338966202
42.12  0.2095243055229504
42.239999999999995  0.2084202431342638
42.36  0.20725012613400978
42.48  0.20601432536727912
42.6  0.20471323249631315
42.72  0.20334725987637534
42.839999999999996  0.20191684042506242
42.96  0.20042242748510064
43.08  0.198864494680668
43.199999999999996  0.19724353576728776
43.32  0.19556006447534305
43.44  0.1938146143472607
43.559999999999995  0.19200773856841508
43.68  0.190140009791807
43.8  0.18821201995657386
43.92  0.18622438010038492
44.04  0.1841777201657867
44.16  0.18207268880055405
44.28  0.179909953152115
44.4  0.17769019865611202
44.519999999999996  0.17541412881916577
44.64  0.17308246499591418
44.76  0.1706959461603927
44.879999999999995  0.16825532867183177
45.0  0.16576138603494323
45.12  0.16321490865477503
45.239999999999995  0.1606167035862063
45.36  0.15796759427816884
45.48  0.1552684203126715
45.6  0.15252003713871032
45.72  0.14972331580115295
45.839999999999996  0.14687914266467667
45.96  0.14398841913285396
46.08  0.14105206136247112
46.199999999999996  0.1380709999731693
46.32  0.13504617975250424
46.44  0.1319785593565154
46.559999999999995  0.12886911100589807
46.68  0.1257188201778775
46.8  0.12252868529388325
46.92  0.11929971740311726
47.04  0.11603293986212443
47.16  0.11272938801045823
47.28  0.10939010884255199
47.4  0.10601616067589506
47.519999999999996  0.10260861281561898
47.64  0.09916854521560423
47.76  0.09569704813620972
47.879999999999995  0.09219522179873699
48.0  0.08866417603673635
48.12  0.08510502994426924
48.239999999999995  0.08151891152123153
48.36  0.07790695731585812
48.48  0.07427031206451704
48.6  0.07061012832890638
48.72  0.06692756613077563
48.839999999999996  0.06322379258427742
48.96  0.05949998152607588
49.08  0.055757313143322836
49.199999999999996  0.05199697359961952
49.32  0.04822015465908684
49.44  0.044428053308660675
49.559999999999995  0.04062187137872924
49.68  0.036802815162237226
49.8  0.03297209503237723
49.92  0.02913092505898357
50.04  0.025280522623760134
50.16  0.021422108034452922
50.28  0.017556904138099856
50.4  0.013686135933474008
50.519999999999996  0.009811030182843072
50.64  0.005932815023173679
50.76  0.002052719576896969
50.879999999999995  0.0
51.0  0.0
51.12  0.0
51.239999999999995  0.0
51.36  0.0
51.48  0.0
51.6  0.0
51.72  0.0
51.839999999999996  0.0
51.96  0.0
52.08  0.0
52.199999999999996  0.0
52.32  0.0
52.44  0.0
52.559999999999995  0.0
52.68  0.0
52.8  0.0
52.919999999999995  0.0
53.04  0.0
53.16  0.0
53.28  0.0
53.4  0.0
53.519999999999996  0.0
53.64  0.0
53.76  0.0
53.879999999999995  0.0
54.0  0.0
54.12  0.0
54.239999999999995  0.0
54.36  0.0
54.48  0.0
54.6  0.0
54.72  0.0
54.839999999999996  0.0
54.96  0.0
55.08  0.0
55.199999999999996  0.0
55.32  0.0
55.44  0.0
55.559999999999995  0.0
55.68  0.0
55.8  0.0
55.919999999999995  0.0
56.04  0.0
56.16  0.0
56.28  0.0
56.4  0.0
56.519999999999996  0.0
56.64  0.0
56.76  0.0
56.879999999999995  0.0
57.0  0.0
57.12  0.0
57.239999999999995  0.0
57.36  0.0
57.48  0.0
57.599999999999994  0.0
57.72  0.0
57.839999999999996  0.0
57.96  0.0
58.08  0.0
58.199999999999996  0.0
58.32  0.0
58.44  0.0
58.559999999999995  0.0
58.68  0.0
58.8  0.0
58.919999999999995  0.0
59.04  0.0
59.16  0.0
59.28  0.0
59.4  0.0
59.519999999999996  0.0
59.64  0.0
59.76  0.0
59.879999999999995  0.0
60.0  0.0
60.12  0.0
60.239999999999995  0.0
60.36  0.0
60.48  0.0
60.599999999999994  0.0
60.72  0.0
60.839999999999996  0.0
60.96  0.0
61.08  0.0
61.199999999999996  0.0
61.32  0.0
61.44  0.0
61.559999999999995  0.0
61.68  0.0
61.8  0.0
61.919999999999995  0.0
62.04  0.0
62.16  0.0
62.28  0.0
62.4  0.0
62.519999999999996  0.0
62.64  0.0
62.76  0.0
62.879999999999995  0.0
63.0  0.0
63.12  0.0
63.239999999999995  0.0
63.36  0.0
63.48  0.0
63.599999999999994  0.0
63.72  0.0
63.839999999999996  0.0
63.96  0.0
64.08  0.0
64.2  0.0
64.32  0.0
64.44  0.0
64.56  0.0
64.67999999999999  0.0
64.8  0.0
64.92  0.0
65.03999999999999  0.0
65.16  0.0
65.28  0.0
65.39999999999999  0.0
65.52  0.0
65.64  0.0
65.75999999999999  0.0
65.88  0.0
66.0  0.0
66.12  0.0
66.24  0.0
66.36  0.0
66.48  0.0
66.6  0.0
66.72  0.0
66.84  0.0
66.96  0.0
67.08  0.0
67.2  0.0
67.32  0.0
67.44  0.0
67.56  0.0
67.67999999999999  0.0
67.8  0.0
67.92  0.0
68.03999999999999  0.0
68.16  0.0
68.28  0.0
68.39999999999999  0.0
68.52  0.0
68.64  0.0
68.75999999999999  0.0
68.88  0.0
69.0  0.0
69.12  0.0
69.24  0.0
69.36  0.0
69.48  0.0
69.6  0.0
69.72  0.0
69.84  0.0
69.96  0.0
70.08  0.0
70.2  0.0
70.32  0.0
70.44  0.0
70.56  0.0
70.67999999999999  0.0
70.8  0.0
70.92  0.0
71.03999999999999  0.0
71.16  0.0
71.28  0.0
71.39999999999999  0.0
71.52  0.0
71.64  0.0
71.75999999999999  0.0
71.88  0.0
72.0  1.7272529642259338e-05
72.11999999999999  0.003897862566703311
72.24  0.007777217254482015
72.36  0.011654107109397002
72.48  0.015527303429045479
72.6  0.019395578681616434
72.72  0.02325770689493347
72.84  0.027112464044999687
72.96  0.030958628443928354
73.08  0.03479498112713491
73.2  0.03862030623965888
73.32  0.0424333914215069
73.44  0.04623302819188815
73.56  0.050018012332213535
73.67999999999999  0.053787144267751295
73.8  0.05753922944780881
73.92  0.061273078724319203
74.03999999999999  0.06498750872871882
74.16  0.06868134224699454
74.28  0.07235340859277385
74.39999999999999  0.07600254397835253
74.52  0.07962759188353595
74.64  0.08322740342217066
74.75999999999999  0.08680083770626326
74.88  0.09034676220756263
75.0  0.09386405311648961
75.11999999999999  0.09735159569830831
75.24  0.10080828464641786
75.36  0.10423302443265642
75.48  0.1076247296545079
75.6  0.1109823253790975
75.72  0.11430474748387276
75.84  0.11759094299385184
75.96  0.12083987041534508
76.08  0.12405050006603595
76.2  0.1272218144013174
76.32  0.13035280833678137
76.44  0.1334424895667622
76.56  0.1364898788788258
76.67999999999999  0.13949401046411225
76.8  0.14245393222343125
76.92  0.1453687060690076
77.03999999999999  0.14823740822179104
77.16  0.15105912950423012
77.28  0.15383297562841688
77.39999999999999  0.15655806747951273
77.52  0.1592335413943682
77.64  0.16185854943524175
77.75999999999999  0.16443225965853714
77.88  0.16695385637847293
78.0  0.16942254042559488
78.11999999999999  0.1718375294000582
78.24  0.174198057919594
78.36  0.17650337786208092
78.48  0.1787527586026474
78.6  0.1809454872452287
78.72  0.18308086884850583
78.84  0.18515822664615195
78.96  0.18717690226132014
79.08  0.18913625591530436
79.2  0.19103566663030194
79.32  0.19287453242622116
79.44  0.19465227051146808
79.56  0.19636831746764816
79.67999999999999  0.19802212942813188
79.8  0.1996131822504226
79.92  0.20114097168227207
80.03999999999999  0.20260501352149327
80.16  0.20400484376941966
80.28  0.20534001877795854
80.39999999999999  0.20661011539019736
80.52  0.20781473107451523
80.64  0.20895348405215616
80.75999999999999  0.2100260134182267
80.88  0.21103197925607783
81.0  0.21197106274503416
81.11999999999999  0.21284296626143787
81.24  0.21364741347297517
81.36  0.21438414942625317
81.48  0.21505294062760308
81.6  0.215653575117081
81.72  0.21618586253564478
81.84  0.21664963418548383
81.96  0.2170447430834849
82.08  0.2173710640078155
82.2  0.21762849353761032
82.32  0.2178169500857483
82.44  0.2179363739247102
82.56  0.217986727205508
82.67999999999999  0.2179679939696802
82.8  0.21788018015434987
82.92  0.2177233135903427
83.03999999999999  0.2174974439933667
83.16  0.21720264294825586
83.28  0.21683900388628258
83.39999999999999  0.21640664205554672
83.52  0.2159056944844499
83.64  0.21533631993826718
83.75999999999999  0.2146986988688296
83.88  0.21399303335733336
84.0  0.2132195470502945
84.11999999999999  0.21237848508866883
84.24  0.21147011403015875
84.36  0.21049472176473366
84.47999999999999  0.2094526174233891
84.6  0.20834413128017337
84.72  0.20716961464751432
84.84  0.2059294397648777
84.96  0.2046239996807936
85.08  0.20325370812828653
85.2  0.20181899939375272
85.32  0.20032032817932102
85.44  0.19875816945874306
85.56  0.19713301832686184
85.67999999999999  0.19544538984270035
85.8  0.19369581886622345
85.92  0.1918848598888258
86.03999999999999  0.1900130868575967
86.16  0.18808109299341771
86.28  0.1860894906029554
86.39999999999999  0.1840389108846021
86.52  0.18193000372842877
86.64  0.17976343751021806
86.75999999999999  0.17753989887963448
86.88  0.17526009254260413
87.0  0.17292474103797384
87.11999999999999  0.1705345845085155
87.24  0.16809038046635322
87.36  0.16559290355288564
87.47999999999999  0.1630429452932787
87.6  0.16044131384560567
87.72  0.15778883374472097
87.84  0.1550863456409382
87.96  0.1523347060336038
88.08  0.1495347869996458
88.2  0.14668747591718723
88.32  0.14379367518431016
88.44  0.14085430193305698
88.56  0.13787028773876547
88.67999999999999  0.13484257832482457
88.8  0.13177213326294393
88.92  0.1286599256690405
89.03999999999999  0.12550694189482717
89.16  0.1223141812152077
89.28  0.11908265551157757
89.39999999999999  0.11581338895112916
89.52  0.11250741766226052
89.64  0.10916578940619723
89.75999999999999  0.10578956324492536
89.88  0.10237980920554002
90.0  0.09893760794112655
90.11999999999999  0.09546405038826622
90.24  0.09196023742128578
90.36  0.08842727950335802
90.47999999999999  0.08486629633456383
90.6  0.08127841649702336
90.72  0.07766477709721678
90.84  0.07402652340560026
90.96  0.07036480849363605
91.08  0.0666807928683471
91.2  0.06297564410452189
91.32  0.05925053647467282
91.44  0.05550665057687201
91.56  0.05174517296058877
91.67999999999999  0.047967295750634006
91.8  0.0441742162693395
91.92  0.04036713665709282
92.03999999999999  0.03654726349134237
92.16  0.03271580740419414
92.28  0.02887398269873083
92.39999999999999  0.025023006964160537
92.52  0.02116410068992399
92.64  0.01729848687888958
92.75999999999999  0.013427390659744395
92.88  0.009552038898713588
93.0  0.005673659810731965
93.11999999999999  0.0017934825701853008
93.24  0.0
93.36  0.0
93.47999999999999  0.0
93.6  0.0
93.72  0.0
93.84  0.0
93.96  0.0
94.08  0.0
94.2  0.0
94.32  0.0
94.44  0.0
94.56  0.0
94.67999999999999  0.0
94.8  0.0
94.92  0.0
95.03999999999999  0.0
95.16  0.0
95.28  0.0
95.39999999999999  0.0
95.52  0.0
95.64  0.0
95.75999999999999  0.0
95.88  0.0
96.0  0.0
96.11999999999999  0.0
96.24  0.0
96.36  0.0
96.47999999999999  0.0
96.6  0.0
96.72  0.0
96.84  0.0
96.96  0.0
97.08  0.0
97.2  0.0
97.32  0.0
97.44  0.0
97.56  0.0
97.67999999999999  0.0
97.8  0.0
97.92  0.0
98.03999999999999  0.0
98.16  0.0
98.28  0.0
98.39999999999999  0.0
98.52  0.0
98.64  0.0
98.75999999999999  0.0
98.88  0.0
99.0  0.0
99.11999999999999  0.0
99.24  0.0
99.36  0.0
99.47999999999999  0.0
99.6  0.0
99.72  0.0
99.84  0.0
99.96  0.0
100.08  0.0
100.2  0.0
100.32  0.0
100.44  0.0
100.56  0.0
100.67999999999999  0.0
100.8  0.0
100.92  0.0
101.03999999999999  0.0
101.16  0.0
101.28  0.0
101.39999999999999  0.0
101.52  0.0
101.64  0.0
101.75999999999999  0.0
101.88  0.0
102.0  0.0
102.11999999999999  0.0
102.24  0.0
102.36  0.0
102.47999999999999  0.0
102.6  0.0
102.72  0.0
102.83999999999999  0.0
102.96  0.0
103.08  0.0
103.2  0.0
103.32  0.0
103.44  0.0
103.56  0.0
103.67999999999999  0.0
103.8  0.0
103.92  0.0
104.03999999999999  0.0
104.16  0.0
104.28  0.0
104.39999999999999  0.0
104.52  0.0
104.64  0.0
104.75999999999999  0.0
104.88  0.0
105.0  0.0
105.11999999999999  0.0
105.24  0.0
105.36  0.0
105.47999999999999  0.0
105.6  0.0
105.72  0.0
105.83999999999999  0.0
105.96  0.0
106.08  0.0
106.2  0.0
106.32  0.0
106.44  0.0
106.56  0.0
106.67999999999999  0.0
106.8  0.0
106.92  0.0
107.03999999999999  0.0
107.16  0.0
107.28  0.0
107.39999999999999  0.0
107.52  0.0
107.64  0.0
107.75999999999999  0.0
107.88  0.0
108.0  0.0
108.11999999999999  0.0
108.24  0.0
108.36  0.0
108.47999999999999  0.0
108.6  0.0
108.72  0.0
108.83999999999999  0.0
108.96  0.0
109.08  0.0
109.2  0.0
109.32  0.0
109.44  0.0
109.56  0.0
109.67999999999999  0.0
109.8  0.0
109.92  0.0
110.03999999999999  0.0
110.16  0.0
110.28  0.0
110.39999999999999  0.0
110.52  0.0
110.64  0.0
110.75999999999999  0.0
110.88  0.0
111.0  0.0
111.11999999999999  0.0
111.24  0.0
111.36  0.0
111.47999999999999  0.0
111.6  0.0
111.72  0.0
111.83999999999999  0.0
111.96  0.0
112.08  0.0
112.2  0.0
112.32  0.0
112.44  0.0
112.56  0.0
112.67999999999999  0.0
112.8  0.0
112.92  0.0
113.03999999999999  0.0
113.16  0.0
113.28  0.0
113.39999999999999  0.0
113.52  0.0
113.64  0.0
113.75999999999999  0.0
113.88  0.0
114.0  0.0
114.11999999999999  0.0
114.24  0.0
114.36  0.00027651956605771744
114.47999999999999  0.004157065411586447
114.6  0.00803629375869596
114.72  0.011912975163844909
114.83999999999999  0.015785880990694036
114.96  0.019653783799500182
115.08  0.023515457736123936
115.19999999999999  0.027369678920541908
115.32  0.031215225834733178
115.44  0.03505087970981034
115.56  0.03887542491228688
115.67999999999999  0.042687649329346225
115.8  0.04648634475299968
115.92  0.05027030726299914
116.03999999999999  0.0540383376083984
116.16  0.05778924158763023
116.28  0.061521830426987535
116.39999999999999  0.06523492115737685
116.52  0.06892733698923964
116.64  0.07259790768551133
116.75999999999999  0.07624546993250379
116.88  0.07986886770859712
117.0  0.08346695265061312
117.11999999999999  0.08703858441776816
117.24  0.09058263105308342
117.36  0.09409796934213165
117.47999999999999  0.09758348516901956
117.6  0.1010380738694866
117.72  0.10446064058100192
117.83999999999999  0.10785010058976116
117.96  0.11120537967446678
118.08  0.11452541444677676
118.19999999999999  0.11780915268832703
118.32  0.12105555368420953
118.44  0.12426358855280856
118.56  0.12743224057188018
118.67999999999999  0.13056050550078463
118.8  0.13364739189875946
118.92  0.13669192143913683
119.03999999999999  0.13969312921940397
119.16  0.14265006406701194
119.28  0.1455617888408272
119.39999999999999  0.14842738072814135
119.52  0.1512459315371399
119.64  0.1540165479847319
119.75999999999999  0.15673835197966007
119.88  0.15941048090079546
120.0  0.16203208787052478
