0.0  0.9822714373582592  100.0
0.12  0.9756911479431896
0.24  0.9688016328079218
0.36  0.9616050754459557
0.48  0.9541037566616607
0.6  0.94630005384742
0.72  0.9381964402301638
0.84  0.9297954840875308
0.96  0.9210998479339021
1.08  0.912112287676573
1.2  0.902835651742322
1.3199999999999998  0.8932728801746598
1.44  0.8834270037020406
1.56  0.8733011427773355
1.68  0.8628985065888651
1.7999999999999998  0.852222392043314
1.92  0.8412761827208405
2.04  0.8300633478027205
2.16  0.8185874409718591
2.28  0.8068520992865221
2.4  0.7948610420276441
2.52  0.7826180695200762
2.6399999999999997  0.7701270619281504
2.76  0.7573919780259383
2.88  0.7444168539425982
3.0  0.7312058018832039
3.12  0.7177630088254651
3.2399999999999998  0.7040927351927477
3.36  0.6901993135038187
3.48  0.6760871469997416
3.5999999999999996  0.6617607082483571
3.7199999999999998  0.6472245377267927
3.84  0.6324832423824497
3.96  0.6175414941729236
4.08  0.6024040285853209
4.2  0.587075643135442
4.32  0.571561195847304
4.4399999999999995  0.5558656037134886
4.56  0.5399938411367986
4.68  0.5239509383537225
4.8  0.5077419798402009
4.92  0.4913721027002042
5.04  0.47484649503763077
5.16  0.4581703943120411
5.279999999999999  0.4413490856787514
5.3999999999999995  0.42438790031380774
5.52  0.4072922137243785
5.64  0.3900674440450952
5.76  0.37271905032088204
5.88  0.35525253077682334
6.0  0.3376734210756095
6.12  0.31998729256312114
6.24  0.3021997505027026
6.359999999999999  0.284316432298686
6.4799999999999995  0.26634300570972885
6.6  0.24828516705253273
6.72  0.23014863939650937
6.84  0.21193917074996843
6.96  0.19366253223840296
7.08  0.17532451627544476
7.199999999999999  0.15693093472707803
7.319999999999999  0.1384876170696825
7.4399999999999995  0.12000040854249977
7.56  0.10147516829510117
7.68  0.0829177675304485
7.8  0.06433408764413312
7.92  0.04573001836038698
8.04  0.027111455865452327
8.16  0.0084843009389029
8.28  0.0
8.4  0.0
8.52  0.0
8.64  0.0
8.76  0.0
8.879999999999999  0.0
9.0  0.0
9.12  0.0
9.24  0.0
9.36  0.0
9.48  0.0
9.6  0.0
9.719999999999999  0.0
9.84  0.0
9.959999999999999  0.0
10.08  0.0
10.2  0.0
10.32  0.0
10.44  0.0
10.559999999999999  0.0
10.68  0.0
10.799999999999999  0.0
10.92  0.0
11.04  0.0
11.16  0.0
11.28  0.0
11.4  0.0
11.52  0.0
11.639999999999999  0.0
11.76  0.0
11.879999999999999  0.0
12.0  0.0
12.12  0.0
12.24  0.0
12.36  0.0
12.48  0.0
12.6  0.0
12.719999999999999  0.0
12.84  0.0
12.959999999999999  0.0
13.08  0.0
13.2  0.0
13.32  0.0
13.44  0.0
13.559999999999999  0.0
13.68  0.0
13.799999999999999  0.0
13.92  0.0
14.04  0.0
14.16  0.0
14.28  0.0
14.399999999999999  0.0
14.52  0.0
14.639999999999999  0.0
14.76  0.0
14.879999999999999  0.0
15.0  0.0
15.12  0.0
15.24  0.0
15.36  0.0
15.479999999999999  0.0
15.6  0.0
15.719999999999999  0.0
15.84  0.0
15.959999999999999  0.0
16.08  0.0
16.2  0.0
16.32  0.0
16.439999999999998  0.0
16.56  0.0
16.68  0.0
16.8  0.0
16.919999999999998  0.0
17.04  0.0
17.16  0.0
17.28  0.0
17.4  0.0
17.52  0.0
17.64  0.0
17.759999999999998  0.0
17.88  0.0
18.0  0.0
18.12  0.0
18.24  0.0
18.36  0.0
18.48  0.0
18.599999999999998  0.0
18.72  0.0
18.84  0.0
18.96  0.0
19.08  0.0
19.2  0.0
19.32  0.0
19.439999999999998  0.0
19.56  0.0
19.68  0.0
19.8  0.0
19.919999999999998  0.0
20.04  0.0
20.16  0.0
20.279999999999998  0.0
20.4  0.0
20.52  0.0
20.64  0.0
20.759999999999998  0.0
20.88  0.0
21.0  0.0
21.119999999999997  0.0
21.24  0.0
21.36  0.0
21.48  0.0
21.599999999999998  0.0
21.72  0.0
21.84  0.0
21.96  0.0
22.08  0.0
22.2  0.0
22.32  0.0
22.439999999999998  0.0
22.56  0.0
22.68  0.0
22.8  0.0
22.919999999999998  0.0
23.04  0.0
23.16  0.0
23.279999999999998  0.0
23.4  0.0
23.52  0.0
23.64  0.0
23.759999999999998  0.0
23.88  0.0
24.0  0.0
24.119999999999997  0.0
24.24  0.0
24.36  0.0
24.48  0.0
24.599999999999998  0.0
24.72  0.0
24.84  0.0
24.96  0.0
25.08  0.0
25.2  0.0
25.32  0.0
25.439999999999998  0.0
25.56  0.0
25.68  0.0
25.8  0.0
25.919999999999998  0.0
26.04  0.0
26.16  0.0
26.279999999999998  0.0
26.4  0.0
26.52  0.0
26.64  0.0
26.759999999999998  0.0
26.88  0.0
27.0  0.0
27.119999999999997  0.0
27.24  0.0
27.36  0.0
27.48  0.0
27.599999999999998  0.0
27.72  0.0
27.84  0.0
27.959999999999997  0.0
28.08  0.0
28.2  0.0
28.32  0.0
28.439999999999998  0.0
28.56  0.0
28.68  0.0
28.799999999999997  0.0
28.919999999999998  0.0
29.04  0.0
29.16  0.0
29.279999999999998  0.0
29.4  0.0014529222835770184
29.52  0.02008178575621239
29.64  0.03870428471003823
29.759999999999998  0.057314517117898756
29.88  0.07590658484027363
30.0  0.09447459549457465
30.119999999999997  0.11301266432261767
30.24  0.13151491605568297
30.36  0.14997548677655428
30.48  0.16838852577797897
30.599999999999998  0.1867481974169268
30.72  0.20504868296408454
30.84  0.22328418244797923
30.959999999999997  0.24144891649316746
31.08  0.2595371281518904
31.2  0.2775430847286234
31.32  0.29546107959693846
31.439999999999998  0.3132854340081053
31.56  0.3310104988908565
31.68  0.34863065664174675
31.799999999999997  0.36614032290553955
31.919999999999998  0.3835339483450594
32.04  0.4008060203999375
32.16  0.41795106503371093
32.28  0.4349636484687081
32.4  0.4518383789081719
32.519999999999996  0.4685699082450893
32.64  0.4851529337571584
32.76  0.5015821997873835
32.879999999999995  0.5178524994097495
33.0  0.5339586760794552
33.12  0.5498956252671691
33.24  0.5656582960768182
33.36  0.5812416928463576
33.48  0.5966408767310518
33.6  0.6118509672687437
33.72  0.6268671439266098
33.839999999999996  0.6416846476289437
33.96  0.6562987822654407
34.08  0.6707049161795366
34.199999999999996  0.6848984836363234
34.32  0.6988749862695643
34.44  0.7126299945073564
34.56  0.7261591489760015
34.68  0.7394581618816182
34.8  0.7525228183690722
34.92  0.7653489778577937
35.04  0.7779325753540431
35.16  0.7902696227392396
35.28  0.8023562100339077
35.4  0.8141885066368671
35.519999999999996  0.825762762539271
35.64  0.8370753095130887
35.76  0.8481225622736812
35.879999999999995  0.8589010196160836
36.0  0.8694072655246439
36.12  0.8796379702556549
36.24  0.8895898913926585
36.36  0.8992598748740555
36.48  0.9086448559927273
36.6  0.917741860367334
36.72  0.9265480048849795
36.839999999999996  0.9350604986149631
36.96  0.943276643693304
37.08  0.9511938361777756
37.199999999999996  0.9588095668731758
37.32  0.9661214221265639
37.44  0.9731270845922176
37.559999999999995  0.9798243339660728
37.68  0.9862110476894033
37.8  0.9922852016215203
37.92  0.9980448706812888
38.04  1.0034882294572367
38.16  1.0086135527860882
38.28  1.0134192162995164
38.4  1.017903696938954
38.519999999999996  1.0220655734382993
38.64  1.025903526774354
38.76  1.0294163405848638
38.879999999999995  1.032602901554019
39.0  1.0354621997652975
39.12  1.0379933290215377
39.24  1.0401954871321404
39.36  1.042067976167305
39.48  1.0436102026792264
39.6  1.044821677890175
39.72  1.0457020178474064
39.839999999999996  1.046250943544845
39.96  1.0464682810115127
40.08  1.0463539613666621
40.199999999999996  1.0459080208416105
40.32  1.045130600768253
40.44  1.044021947534274
40.559999999999995  1.0425824125050576
40.68  1.0408124519123287
40.8  1.038712626709562
40.92  1.0362836023941968
41.04  1.0335261487967218
41.16  1.0304411398366926
41.28  1.0270295532457607
41.4  1.0232924702578017
41.519999999999996  1.0192310752662375
41.64  1.01484665544867
41.76  1.010140600358933
41.879999999999995  1.0051144014867035
42.0  0.9997696517848011
42.12  0.9941080451643374
42.239999999999995  0.9881313759578605
42.36  0.9818415383506807
42.48  0.9752405257805463
42.6  0.9683304303058605
42.72  0.9611134419426496
42.839999999999996  0.9535918479704777
42.96  0.9457680322075415
43.08  0.9376444742551681
43.199999999999996  0.9292237487119513
43.32  0.9205085243577869
43.44  0.9115015633080578
43.559999999999995  0.902205720138234
43.68  0.8926239409791727
43.8  0.8827592625834049
43.92  0.8726148113626909
44.04  0.862193802397175
44.16  0.851499538416423
44.28  0.8405354087526924
44.4  0.829304888266753
44.519999999999996  0.8178115362465935
44.64  0.8060589952793833
44.76  0.7940509900970235
44.879999999999995  0.7817913263956706
45.0  0.769283889629593
45.12  0.756532643779762
45.239999999999995  0.7435416300975386
45.36  0.7303149658238861
45.48  0.7168568428844937
45.6  0.7031715265612233
45.72  0.6892633541403229
45.839999999999996  0.6751367335378027
45.96  0.6607961419024396
46.08  0.6462461241968354
46.199999999999996  0.6314912917569772
46.32  0.6165363208307695
46.44  0.6013859510959959
46.559999999999995  0.5860449841581669
46.68  0.5705182820287472
46.8  0.5548107655842476
46.92  0.5389274130066389
47.04  0.5228732582056307
47.16  0.5066533892232622
47.28  0.490272946621358
47.4  0.47373712185232997
47.519999999999996  0.4570511556138429
47.64  0.4402203361878897
47.76  0.42324999776477173
47.879999999999995  0.40614551875253635
48.0  0.38891232007239374
48.12  0.37155586344067465
48.239999999999995  0.3540816496378373
48.36  0.3364952167651129
48.48  0.31880213848931693
48.6  0.3010080222763782
48.72  0.2831185076141776
48.839999999999996  0.2651392642252138
48.96  0.24707599026970573
49.08  0.22893441053967667
49.199999999999996  0.21072027464458798
49.32  0.1924393551891211
49.44  0.17409744594367071
49.559999999999995  0.15570036000811788
49.68  0.13725392796948527
49.8  0.11876399605405863
49.92  0.10023642427452878
50.04  0.08167708457279338
50.16  0.06309185895894848
50.28  0.0444866376471133
50.4  0.025867317188644545
50.519999999999996  0.007239798603335235
50.64  0.0
50.76  0.0
50.879999999999995  0.0
51.0  0.0
51.12  0.0
51.239999999999995  0.0
51.36  0.0
51.48  0.0
51.6  0.0
51.72  0.0
51.839999999999996  0.0
51.96  0.0
52.08  0.0
52.199999999999996  0.0
52.32  0.0
52.44  0.0
52.559999999999995  0.0
52.68  0.0
52.8  0.0
52.919999999999995  0.0
53.04  0.0
53.16  0.0
53.28  0.0
53.4  0.0
53.519999999999996  0.0
53.64  0.0
53.76  0.0
53.879999999999995  0.0
54.0  0.0
54.12  0.0
54.239999999999995  0.0
54.36  0.0
54.48  0.0
54.6  0.0
54.72  0.0
54.839999999999996  0.0
54.96  0.0
55.08  0.0
55.199999999999996  0.0
55.32  0.0
55.44  0.0
55.559999999999995  0.0
55.68  0.0
55.8  0.0
55.919999999999995  0.0
56.04  0.0
56.16  0.0
56.28  0.0
56.4  0.0
56.519999999999996  0.0
56.64  0.0
56.76  0.0
56.879999999999995  0.0
57.0  0.0
57.12  0.0
57.239999999999995  0.0
57.36  0.0
57.48  0.0
57.599999999999994  0.0
57.72  0.0
57.839999999999996  0.0
57.96  0.0
58.08  0.0
58.199999999999996  0.0
58.32  0.0
58.44  0.0
58.559999999999995  0.0
58.68  0.0
58.8  0.0
58.919999999999995  0.0
59.04  0.0
59.16  0.0
59.28  0.0
59.4  0.0
59.519999999999996  0.0
59.64  0.0
59.76  0.0
59.879999999999995  0.0
60.0  0.0
60.12  0.0
60.239999999999995  0.0
60.36  0.0
60.48  0.0
60.599999999999994  0.0
60.72  0.0
60.839999999999996  0.0
60.96  0.0
61.08  0.0
61.199999999999996  0.0
61.32  0.0
61.44  0.0
61.559999999999995  0.0
61.68  0.0
61.8  0.0
61.919999999999995  0.0
62.04  0.0
62.16  0.0
62.28  0.0
62.4  0.0
62.519999999999996  0.0
62.64  0.0
62.76  0.0
62.879999999999995  0.0
63.0  0.0
63.12  0.0
63.239999999999995  0.0
63.36  0.0
63.48  0.0
63.599999999999994  0.0
63.72  0.0
63.839999999999996  0.0
63.96  0.0
64.08  0.0
64.2  0.0
64.32  0.0
64.44  0.0
64.56  0.0
64.67999999999999  0.0
64.8  0.0
64.92  0.0
65.03999999999999  0.0
65.16  0.0
65.28  0.0
65.39999999999999  0.0
65.52  0.0
65.64  0.0
65.75999999999999  0.0
65.88  0.0
66.0  0.0
66.12  0.0
66.24  0.0
66.36  0.0
66.48  0.0
66.6  0.0
66.72  0.0
66.84  0.0
66.96  0.0
67.08  0.0
67.2  0.0
67.32  0.0
67.44  0.0
67.56  0.0
67.67999999999999  0.0
67.8  0.0
67.92  0.0
68.03999999999999  0.0
68.16  0.0
68.28  0.0
68.39999999999999  0.0
68.52  0.0
68.64  0.0
68.75999999999999  0.0
68.88  0.0
69.0  0.0
69.12  0.0
69.24  0.0
69.36  0.0
69.48  0.0
69.6  0.0
69.72  0.0
69.84  0.0
69.96  0.0
70.08  0.0
70.2  0.0
70.32  0.0
70.44  0.0
70.56  0.0
70.67999999999999  0.0
70.8  0.0
70.92  0.0
71.03999999999999  0.0
71.16  0.0
71.28  0.0
71.39999999999999  0.0
71.52  0.0
71.64  0.0
71.75999999999999  0.0026974572958260445
71.88  0.021326079619086225
72.0  0.039947943069578995
72.11999999999999  0.05855714582155663
72.24  0.07714779006182942
72.36  0.09571398385895535
72.48  0.11424984303056562
72.6  0.1327494930082419
72.72  0.15120707069934872
72.84  0.16961672634521133
72.96  0.1879726253750834
73.08  0.20626895025530972
73.2  0.22449990233305486
73.32  0.2426597036740804
73.44  0.26074259889395657
73.56  0.27874285698209345
73.67999999999999  0.296654773118083
73.8  0.3144726704797307
73.92  0.33219090204219914
74.03999999999999  0.34980385236772377
74.16  0.3673059393853244
74.28  0.3846916161599102
74.39999999999999  0.4019553726502797
74.52  0.4190917374554279
74.64  0.4360952795485765
74.75999999999999  0.45296060999844096
74.88  0.469682383677147
75.0  0.4862553009542502
75.11999999999999  0.5026741093763589
75.24  0.518933605331789
75.36  0.5350286356997409
75.48  0.5509540994834826
75.6  0.5667049494270032
75.72  0.5822761936146525
75.84  0.5976628970532089
75.96  0.6128601832359377
76.08  0.6278632356881041
76.2  0.6426672994934538
76.32  0.657267682801185
76.44  0.6716597583129458
76.56  0.6858389647493539
76.67999999999999  0.6998008082956053
76.8  0.713540864025708
76.92  0.7270547773048577
77.03999999999999  0.7403382651695605
77.16  0.7533871176850343
77.28  0.7661971992794601
77.39999999999999  0.778764450054664
77.52  0.7910848870728311
77.64  0.8031546056188066
77.75999999999999  0.8149697804376215
77.88  0.8265266669468367
78.0  0.8378216024233013
78.11999999999999  0.8488510071639851
78.24  0.8596113856204965
78.36  0.8700993275069225
78.48  0.8803115088806501
78.6  0.8902446931958238
78.72  0.8998957323291072
78.84  0.9092615675774116
78.96  0.9183392306272935
79.08  0.9271258444957065
79.2  0.9356186244417939
79.32  0.9438148788494614
79.44  0.9517120100804353
79.56  0.9593075152975229
79.67999999999999  0.9665989872578411
79.8  0.973584115075746
79.92  0.9802606849552169
80.03999999999999  0.9866265808914756
80.16  0.9926797853416175
80.28  0.9984183798640218
80.39999999999999  1.0038405457263686
80.52  1.0089445644820518
80.64  1.0137288185148006
80.75999999999999  1.0181917915513525
80.88  1.0223320691420088
81.0  1.026148339108912
81.11999999999999  1.029639391961915
81.24  1.0328041212819083
81.36  1.0356415240714723
81.48  1.0381507010727593
81.6  1.0403308570524963
81.72  1.0421813010540173
81.84  1.0437014466162475
81.96  1.0448908119595708
82.08  1.0457490201385216
82.2  1.0462757991612475
82.32  1.0464709820757132
82.44  1.0463345070226133
82.56  1.0458664172549754
82.67999999999999  1.0450668611244538
82.8  1.0439360920343108
82.92  1.042474468359107
83.03999999999999  1.0406824533311212
83.16  1.0385606148935378
83.28  1.0361096255204485
83.39999999999999  1.033330262003727
83.52  1.0302234052068373
83.64  1.0267900397856644
83.75999999999999  1.023031253876447
83.88  1.0189482387509117
84.0  1.0145422884387278
84.11999999999999  1.0098147993173883
84.24  1.0047672696696548
84.36  0.9994012992087081
84.47999999999999  0.9937185885711537
84.6  0.9877209387780339
84.72  0.9814102506640353
84.84  0.9747885242750547
84.96  0.9678578582343266
85.08  0.9606204490773018
85.2  0.9530785905555069
85.32  0.9452346729095827
85.44  0.9370911821117401
85.56  0.9286506990778903
85.67999999999999  0.9199158988496708
85.8  0.9108895497466419
85.92  0.9015745124889287
86.03999999999999  0.8919737392905722
86.16  0.8820902729238773
86.28  0.8719272457550784
86.39999999999999  0.8614878787515939
86.52  0.8507754804611978
86.64  0.8397934459634557
86.75999999999999  0.8285452557937141
86.88  0.8170344748400131
87.0  0.8052647512132739
87.11999999999999  0.793239815091096
87.24  0.780963477535555
87.36  0.7684396292853659
87.47999999999999  0.7556722395227904
87.6  0.7426653546156754
87.72  0.7294230968350526
87.84  0.7159496630486585
87.96  0.7022493233908241
88.08  0.6883264199091383
88.2  0.6741853651883254
88.32  0.6598306409517694
88.44  0.6452667966411112
88.56  0.6304984479744054
88.67999999999999  0.6155302754832581
88.8  0.6003670230294155
88.92  0.58501349630131
89.03999999999999  0.569474561290984
89.16  0.5537551427519093
89.28  0.5378602226381881
89.39999999999999  0.5217948385256287
89.52  0.5055640820151741
89.64  0.48917309711923396
89.75999999999999  0.4726270786313894
89.88  0.4559312704799956
90.0  0.4390909640662448
90.11999999999999  0.4221114965871503
90.24  0.40499824934402767
90.36  0.38775664603700294
90.47999999999999  0.37039215104608475
90.6  0.35291026769932643
90.72  0.3353165365286695
90.84  0.3176165335139758
90.96  0.29981586831583756
91.08  0.2819201824976951
91.2  0.2639351477378768
91.32  0.2458664640320642
91.44  0.22771985788678228
91.56  0.20950108050451932
91.67999999999999  0.1912159059609866
91.8  0.1728701293751368
91.92  0.15446956507252907
92.03999999999999  0.136020044742591
92.16  0.11752741559036928
92.28  0.09899753848339704
92.39999999999999  0.08043628609419923
92.52  0.06184954103905521
92.64  0.04324319401364424
92.75999999999999  0.024623141926094605
92.88  0.00599528602807331
93.0  0.0
93.11999999999999  0.0
93.24  0.0
93.36  0.0
93.47999999999999  0.0
93.6  0.0
93.72  0.0
93.84  0.0
93.96  0.0
94.08  0.0
94.2  0.0
94.32  0.0
94.44  0.0
94.56  0.0
94.67999999999999  0.0
94.8  0.0
94.92  0.0
95.03999999999999  0.0
95.16  0.0
95.28  0.0
95.39999999999999  0.0
95.52  0.0
95.64  0.0
95.75999999999999  0.0
95.88  0.0
96.0  0.0
96.11999999999999  0.0
96.24  0.0
96.36  0.0
96.47999999999999  0.0
96.6  0.0
96.72  0.0
96.84  0.0
96.96  0.0
97.08  0.0
97.2  0.0
97.32  0.0
97.44  0.0
97.56  0.0
97.67999999999999  0.0
97.8  0.0
97.92  0.0
98.03999999999999  0.0
98.16  0.0
98.28  0.0
98.39999999999999  0.0
98.52  0.0
98.64  0.0
98.75999999999999  0.0
98.88  0.0
99.0  0.0
99.11999999999999  0.0
99.24  0.0
99.36  0.0
99.47999999999999  0.0
99.6  0.0
99.72  0.0
99.84  0.0
99.96  0.0
100.08  0.0
100.2  0.0
100.32  0.0
100.44  0.0
100.56  0.0
100.67999999999999  0.0
100.8  0.0
100.92  0.0
101.03999999999999  0.0
101.16  0.0
101.28  0.0
101.39999999999999  0.0
101.52  0.0
101.64  0.0
101.75999999999999  0.0
101.88  0.0
102.0  0.0
102.11999999999999  0.0
102.24  0.0
102.36  0.0
102.47999999999999  0.0
102.6  0.0
102.72  0.0
102.83999999999999  0.0
102.96  0.0
103.08  0.0
103.2  0.0
103.32  0.0
103.44  0.0
103.56  0.0
103.67999999999999  0.0
103.8  0.0
103.92  0.0
104.03999999999999  0.0
104.16  0.0
104.28  0.0
104.39999999999999  0.0
104.52  0.0
104.64  0.0
104.75999999999999  0.0
104.88  0.0
105.0  0.0
105.11999999999999  0.0
105.24  0.0
105.36  0.0
105.47999999999999  0.0
105.6  0.0
105.72  0.0
105.83999999999999  0.0
105.96  0.0
106.08  0.0
106.2  0.0
106.32  0.0
106.44  0.0
106.56  0.0
106.67999999999999  0.0
106.8  0.0
106.92  0.0
107.03999999999999  0.0
107.16  0.0
107.28  0.0
107.39999999999999  0.0
107.52  0.0
107.64  0.0
107.75999999999999  0.0
107.88  0.0
108.0  0.0
108.11999999999999  0.0
108.24  0.0
108.36  0.0
108.47999999999999  0.0
108.6  0.0
108.72  0.0
108.83999999999999  0.0
108.96  0.0
109.08  0.0
109.2  0.0
109.32  0.0
109.44  0.0
109.56  0.0
109.67999999999999  0.0
109.8  0.0
109.92  0.0
110.03999999999999  0.0
110.16  0.0
110.28  0.0
110.39999999999999  0.0
110.52  0.0
110.64  0.0
110.75999999999999  0.0
110.88  0.0
111.0  0.0
111.11999999999999  0.0
111.24  0.0
111.36  0.0
111.47999999999999  0.0
111.6  0.0
111.72  0.0
111.83999999999999  0.0
111.96  0.0
112.08  0.0
112.2  0.0
112.32  0.0
112.44  0.0
112.56  0.0
112.67999999999999  0.0
112.8  0.0
112.92  0.0
113.03999999999999  0.0
113.16  0.0
113.28  0.0
113.39999999999999  0.0
113.52  0.0
113.64  0.0
113.75999999999999  0.0
113.88  0.0
114.0  0.0
114.11999999999999  0.003941988492897619
114.24  0.022570343319171682
114.36  0.04119154492827992
114.47999999999999  0.05979969170423022
114.6  0.07838888616850875
114.72  0.09695323684914514
114.83999999999999  0.11548686014790757
114.96  0.13398388220500226
115.08  0.15243844076065272
115.19999999999999  0.1708446870130368
115.32  0.18919678747195803
115.44  0.2074889258076311
115.56  0.22571530469406514
115.67999999999999  0.2438701476464033
115.8  0.2619477008516773
115.92  0.2799422349923416
116.03999999999999  0.29784804706208023
116.16  0.3156594621732526
116.28  0.33337083535544965
116.39999999999999  0.3509765533445323
116.52  0.3684710363616575
116.64  0.38584873988167306
116.75999999999999  0.4031041563903404
116.88  0.42023181712984453
117.0  0.4372262938319858
117.11999999999999  0.45408220043857167
117.24  0.4707941948084293
117.36  0.4873569804104697
117.47999999999999  0.5037653080023272
117.6  0.5200139772940116
117.72  0.5360978385960152
117.83999999999999  0.5520117944514139
117.96  0.5677508012514135
118.08  0.5833098708338006
118.19999999999999  0.5986840720638533
118.32  0.61386853239716
118.44  0.6288584394238852
118.56  0.6436490423939492
118.67999999999999  0.6582356537226943
118.8  0.6726136504765181
118.92  0.6867784758380197
119.03999999999999  0.7007256405501875
119.16  0.7144507243391919
119.28  0.7279493773152841
119.39999999999999  0.7412173213514159
119.52  0.7542503514391135
119.64  0.7670443370211545
119.75999999999999  0.7795952233006738
119.88  0.7918990325262563
120.0  0.8039518652525919
