0.0  1.0829364876411085  100.0
0.12  1.0704108364527634
0.24  1.0575459400406524
0.36  1.044345875675403
0.48  1.030814826852395
0.6  1.0169570819658875
0.72  1.0027770329498975
0.84  0.9882791738862651
0.96  0.973468099580344
1.08  0.9583485041047709
1.2  0.9429251793117724
1.3199999999999998  0.9272030133144848
1.44  0.9111869889377638
1.56  0.8948821821389787
1.68  0.8782937603992896
1.7999999999999998  0.8614269810859181
1.92  0.8442871897859294
2.04  0.8268798186120576
2.16  0.8092103844811053
2.28  0.7912844873654669
2.4  0.7731078085183315
2.52  0.7546861086731236
2.6399999999999997  0.7360252262177525
2.76  0.7171310753442545
2.88  0.698009644174407
3.0  0.6786669928619151
3.12  0.6591092516717658
3.2399999999999998  0.6393426190373648
3.36  0.6193733595960671
3.48  0.5992078022037256
3.5999999999999996  0.5788523379288881
3.7199999999999998  0.5583134180272761
3.84  0.537597551897188
3.96  0.5167113050164776
4.08  0.49566129686175636
4.2  0.4744541988104839
4.32  0.4530967320266082
4.4399999999999995  0.4315956653304289
4.56  0.40995781305335366
4.68  0.38819003287823456
4.8  0.36629922366596196
4.92  0.3442923232690098
5.04  0.3221763063326221
5.16  0.29995818208433894
5.279999999999999  0.27764499211256366
5.3999999999999995  0.25524380813487113
5.52  0.23276172975677012
5.64  0.2102058822216255
5.76  0.1875834141524555
5.88  0.16490149528631892
6.0  0.14216731420201079
6.12  0.11938807604178736
6.24  0.0965710002278406
6.359999999999999  0.0737233181742466
6.4799999999999995  0.05085227099511447
6.6  0.02796510720966139
6.72  0.005069080444939367
6.84  0.0
6.96  0.0
7.08  0.0
7.199999999999999  0.0
7.319999999999999  0.0
7.4399999999999995  0.0
7.56  0.0
7.68  0.0
7.8  0.0
7.92  0.0
8.04  0.0
8.16  0.0
8.28  0.0
8.4  0.0
8.52  0.0
8.64  0.0
8.76  0.0
8.879999999999999  0.0
9.0  0.0
9.12  0.0
9.24  0.0
9.36  0.0
9.48  0.0
9.6  0.0
9.719999999999999  0.0
9.84  0.0
9.959999999999999  0.0
10.08  0.0
10.2  0.0
10.32  0.0
10.44  0.0
10.559999999999999  0.0
10.68  0.0
10.799999999999999  0.0
10.92  0.0
11.04  0.0
11.16  0.0
11.28  0.0
11.4  0.0
11.52  0.0
11.639999999999999  0.0
11.76  0.0
11.879999999999999  0.0
12.0  0.0
12.12  0.0
12.24  0.0
12.36  0.0
12.48  0.0
12.6  0.0
12.719999999999999  0.0
12.84  0.0
12.959999999999999  0.0
13.08  0.0
13.2  0.0
13.32  0.0
13.44  0.0
13.559999999999999  0.0
13.68  0.0
13.799999999999999  0.0
13.92  0.0
14.04  0.0
14.16  0.0
14.28  0.0
14.399999999999999  0.0
14.52  0.0
14.639999999999999  0.0
14.76  0.0
14.879999999999999  0.0
15.0  0.0
15.12  0.0
15.24  0.0
15.36  0.0
15.479999999999999  0.0
15.6  0.0
15.719999999999999  0.0
15.84  0.0
15.959999999999999  0.0
16.08  0.0
16.2  0.0
16.32  0.0
16.439999999999998  0.0
16.56  0.0
16.68  0.0
16.8  0.0
16.919999999999998  0.0
17.04  0.0
17.16  0.0
17.28  0.0
17.4  0.0
17.52  0.0
17.64  0.0
17.759999999999998  0.0
17.88  0.0
18.0  0.0
18.12  0.0
18.24  0.0
18.36  0.0
18.48  0.0
18.599999999999998  0.0
18.72  0.0
18.84  0.0
18.96  0.0
19.08  0.0
19.2  0.0
19.32  0.0
19.439999999999998  0.0
19.56  0.0
19.68  0.0
19.8  0.0
19.919999999999998  0.0
20.04  0.0
20.16  0.0
20.279999999999998  0.0
20.4  0.0
20.52  0.0
20.64  0.0
20.759999999999998  0.0
20.88  0.0
21.0  0.0
21.119999999999997  0.0
21.24  0.0
21.36  0.0
21.48  0.0
21.599999999999998  0.0
21.72  0.0
21.84  0.0
21.96  0.0
22.08  0.0
22.2  0.0
22.32  0.0
22.439999999999998  0.0
22.56  0.0
22.68  0.0
22.8  0.0
22.919999999999998  0.0
23.04  0.0
23.16  0.0
23.279999999999998  0.0
23.4  0.0
23.52  0.0
23.64  0.0
23.759999999999998  0.0
23.88  0.0
24.0  0.0
24.119999999999997  0.0
24.24  0.0
24.36  0.0
24.48  0.0
24.599999999999998  0.0
24.72  0.0
24.84  0.0
24.96  0.0
25.08  0.0
25.2  0.0
25.32  0.0
25.439999999999998  0.0
25.56  0.0
25.68  0.0
25.8  0.0
25.919999999999998  0.0
26.04  0.0
26.16  0.0
26.279999999999998  0.0
26.4  0.0
26.52  0.0
26.64  0.0
26.759999999999998  0.0
26.88  0.0
27.0  0.0
27.119999999999997  0.0
27.24  0.0
27.36  0.0
27.48  0.0
27.599999999999998  0.0
27.72  0.0
27.84  0.0
27.959999999999997  0.007144807811744425
28.08  0.03004033019801644
28.2  0.05292633190475793
28.32  0.0757955596732145
28.439999999999998  0.09864076556079515
28.56  0.12145470923816104
28.68  0.144230160283904
28.799999999999997  0.16695990047608106
28.919999999999998  0.18963672607988996
29.04  0.21225345013074154
29.16  0.23480290471202953
29.279999999999998  0.25727794322685055
29.4  0.2796714426629867
29.52  0.30197630585038926
29.64  0.3241854637104901
29.759999999999998  0.34629187749660273
29.88  0.3682885410247129
30.0  0.39016848289394657
30.119999999999997  0.4119247686960149
30.24  0.4335505032129414
30.36  0.455038832602352
30.48  0.4763829465696733
30.599999999999998  0.49757608052651187
30.72  0.5186115177345613
30.84  0.5394825914343296
30.959999999999997  0.5601826869580407
31.08  0.5807052438260181
31.2  0.6010437578258976
31.32  0.6211917830740076
31.439999999999998  0.6411429340582616
31.56  0.6608908876619181
31.68  0.680429385167566
31.799999999999997  0.6997522342406982
31.919999999999998  0.7188533108922517
32.04  0.7377265614194766
32.16  0.7563660043245403
32.28  0.7747657322102428
32.4  0.7929199136522429
32.519999999999996  0.8108227950472204
32.64  0.828468702436356
32.76  0.8458520433035827
32.879999999999995  0.8629673083480207
33.0  0.8798090732300434
33.12  0.8963720002904033
33.24  0.9126508402419092
33.36  0.9286404338330694
33.48  0.9443357134832213
33.6  0.9597317048885997
33.72  0.9748235285988336
33.839999999999996  0.9896064015634018
33.96  1.004075638647517
34.08  1.0182266541169849
34.199999999999996  1.0320549630915663
34.32  1.045556182966367
34.44  1.0587260348008125
34.56  1.0715603446747777
34.68  1.0840550450114255
34.8  1.0962061758663417
34.92  1.108009886182565
35.04  1.1194624350110929
35.16  1.1305601926965112
35.28  1.1412996420273336
35.4  1.151677379350711
35.519999999999996  1.161690115651156
35.64  1.1713346775929259
35.76  1.1806080085257482
35.879999999999995  1.1895071694535664
36.0  1.1980293399659958
36.12  1.2061718191321917
36.24  1.213932026356863
36.36  1.221307502198131
36.48  1.2282959091470071
36.6  1.2348950323682173
36.72  1.2411027804021477
36.839999999999996  1.2469171858276935
36.96  1.2523364058857922
37.08  1.2573587230634484
37.199999999999996  1.2619825456380673
37.32  1.2662064081819175
37.44  1.2700289720265683
37.559999999999995  1.273449025687156
37.68  1.276465485246338
37.8  1.2790773946978184
37.92  1.2812839262493374
38.04  1.28308438058502
38.16  1.2844781870870128
38.28  1.2854649040163286
38.4  1.2860442186528473
38.519999999999996  1.286215947394426
38.64  1.2859800358150875
38.76  1.2853365586822707
38.879999999999995  1.2842857199331337
39.0  1.2828278526099197
39.12  1.2809634187544074
39.24  1.2786930092614746
39.36  1.2760173436918265
39.48  1.2729372700439456
39.6  1.269453764485335
39.72  1.2655679310431434
39.839999999999996  1.2612810012542628
39.96  1.2565943337750203
40.08  1.251509413950579
40.199999999999996  1.246027853344186
40.32  1.2401513892264202
40.44  1.2338818840246017
40.559999999999995  1.2272213247325308
40.68  1.2201718222807483
40.8  1.2127356108675234
40.92  1.2049150472507637
41.04  1.1967126100010945
41.16  1.1881308987163184
41.28  1.1791726331975305
41.4  1.169840652587132
41.519999999999996  1.1601379144690156
41.64  1.150067493931224
41.76  1.139632582591362
41.879999999999995  1.1288364875850747
42.0  1.1176826305179177
42.12  1.1061745463809523
42.239999999999995  1.094315882430394
42.36  1.0821103970316936
42.48  1.0695619584683973
42.6  1.0566745437161686
42.72  1.0434522371823722
42.839999999999996  1.0298992294115954
42.96  1.0160198157575444
43.08  1.0018183950217194
43.199999999999996  0.9872994680592966
43.32  0.9724676363526757
43.44  0.9573276005531373
43.559999999999995  0.9418841589910578
43.68  0.9261422061551776
43.8  0.9101067311413968
43.92  0.8937828160715703
44.04  0.8771756344828441
44.16  0.8602904496879952
44.28  0.8431326131073367
44.4  0.8257075625726942
44.519999999999996  0.808020820603986
44.64  0.7900779926589797
44.76  0.7718847653567509
44.879999999999995  0.753446904675425
45.0  0.7347702541247614
45.12  0.7158607328941813
45.239999999999995  0.6967243339767858
45.36  0.6773671222700064
45.48  0.657795232653458
45.6  0.6380148680446018
45.72  0.6180322974328702
45.839999999999996  0.5978538538928222
45.96  0.5774859325770108
46.08  0.5569349886891691
46.199999999999996  0.5362075354383555
46.32  0.5153101419747266
46.44  0.4942494313075822
46.559999999999995  0.47303207820632887
46.68  0.45166480708504364
46.8  0.4301543898713179
46.92  0.40850764386001415
47.04  0.38673142955267925
47.16  0.3648326484832291
47.28  0.34281824103065794
47.4  0.32069518421942306
47.519999999999996  0.29847048950820887
47.64  0.2761512005677956
47.76  0.25374439104870417
47.879999999999995  0.231257162339347
48.0  0.20869664131537924
48.12  0.18606997808099224
48.239999999999995  0.16338434370281485
48.36  0.14064692793719924
48.48  0.11786493695157196
48.6  0.0950455910405732
48.72  0.0721961223377453
48.839999999999996  0.049323772523437115
48.96  0.026435790529709458
49.08  0.00353943024293224
49.199999999999996  0.0
49.32  0.0
49.44  0.0
49.559999999999995  0.0
49.68  0.0
49.8  0.0
49.92  0.0
50.04  0.0
50.16  0.0
50.28  0.0
50.4  0.0
50.519999999999996  0.0
50.64  0.0
50.76  0.0
50.879999999999995  0.0
51.0  0.0
51.12  0.0
51.239999999999995  0.0
51.36  0.0
51.48  0.0
51.6  0.0
51.72  0.0
51.839999999999996  0.0
51.96  0.0
52.08  0.0
52.199999999999996  0.0
52.32  0.0
52.44  0.0
52.559999999999995  0.0
52.68  0.0
52.8  0.0
52.919999999999995  0.0
53.04  0.0
53.16  0.0
53.28  0.0
53.4  0.0
53.519999999999996  0.0
53.64  0.0
53.76  0.0
53.879999999999995  0.0
54.0  0.0
54.12  0.0
54.239999999999995  0.0
54.36  0.0
54.48  0.0
54.6  0.0
54.72  0.0
54.839999999999996  0.0
54.96  0.0
55.08  0.0
55.199999999999996  0.0
55.32  0.0
55.44  0.0
55.559999999999995  0.0
55.68  0.0
55.8  0.0
55.919999999999995  0.0
56.04  0.0
56.16  0.0
56.28  0.0
56.4  0.0
56.519999999999996  0.0
56.64  0.0
56.76  0.0
56.879999999999995  0.0
57.0  0.0
57.12  0.0
57.239999999999995  0.0
57.36  0.0
57.48  0.0
57.599999999999994  0.0
57.72  0.0
57.839999999999996  0.0
57.96  0.0
58.08  0.0
58.199999999999996  0.0
58.32  0.0
58.44  0.0
58.559999999999995  0.0
58.68  0.0
58.8  0.0
58.919999999999995  0.0
59.04  0.0
59.16  0.0
59.28  0.0
59.4  0.0
59.519999999999996  0.0
59.64  0.0
59.76  0.0
59.879999999999995  0.0
60.0  0.0
60.12  0.0
60.239999999999995  0.0
60.36  0.0
60.48  0.0
60.599999999999994  0.0
60.72  0.0
60.839999999999996  0.0
60.96  0.0
61.08  0.0
61.199999999999996  0.0
61.32  0.0
61.44  0.0
61.559999999999995  0.0
61.68  0.0
61.8  0.0
61.919999999999995  0.0
62.04  0.0
62.16  0.0
62.28  0.0
62.4  0.0
62.519999999999996  0.0
62.64  0.0
62.76  0.0
62.879999999999995  0.0
63.0  0.0
63.12  0.0
63.239999999999995  0.0
63.36  0.0
63.48  0.0
63.599999999999994  0.0
63.72  0.0
63.839999999999996  0.0
63.96  0.0
64.08  0.0
64.2  0.0
64.32  0.0
64.44  0.0
64.56  0.0
64.67999999999999  0.0
64.8  0.0
64.92  0.0
65.03999999999999  0.0
65.16  0.0
65.28  0.0
65.39999999999999  0.0
65.52  0.0
65.64  0.0
65.75999999999999  0.0
65.88  0.0
66.0  0.0
66.12  0.0
66.24  0.0
66.36  0.0
66.48  0.0
66.6  0.0
66.72  0.0
66.84  0.0
66.96  0.0
67.08  0.0
67.2  0.0
67.32  0.0
67.44  0.0
67.56  0.0
67.67999999999999  0.0
67.8  0.0
67.92  0.0
68.03999999999999  0.0
68.16  0.0
68.28  0.0
68.39999999999999  0.0
68.52  0.0
68.64  0.0
68.75999999999999  0.0
68.88  0.0
69.0  0.0
69.12  0.0
69.24  0.0
69.36  0.0
69.48  0.0
69.6  0.0
69.72  0.0
69.84  0.0
69.96  0.0
70.08  0.0
70.2  0.0
70.32  0.008674437655310063
70.44  0.03156955019292873
70.56  0.054454657395442085
70.67999999999999  0.07732250628758608
70.8  0.10016584936378592
70.92  0.12297744688507928
71.03999999999999  0.14575006917362254
71.16  0.1684764989039937
71.28  0.1911495333905754
71.39999999999999  0.21376198687029335
71.52  0.2363066927800162
71.64  0.25877650602783825
71.75999999999999  0.28116430525757685
71.88  0.3034629951057596
72.0  0.3256655084503295
72.11999999999999  0.347764808650444
72.24  0.3697538917765991
72.36  0.39162578883037913
72.48  0.4133735679531371
72.6  0.4349903366229123
72.72  0.4564692438388832
72.84  0.47780348229264186
72.96  0.4989862905256379
73.08  0.5200109550721015
73.2  0.5408708125867168
73.32  0.5615592519564481
73.44  0.5820697163958111
73.56  0.6023957055248899
73.67999999999999  0.6225307774295175
73.8  0.6424685507029131
73.92  0.6622027064681304
74.03999999999999  0.6817269903807025
74.16  0.7010352146108435
74.28  0.720121259804535
74.39999999999999  0.7389790770229434
74.52  0.7576026896595209
74.64  0.7759861953341486
74.75999999999999  0.7941237677637902
74.88  0.8120096586090193
75.0  0.8296381992958276
75.11999999999999  0.8470038028121779
75.24  0.86410096547869
75.36  0.8809242686929178
75.48  0.8974683806466729
75.6  0.9137280580158271
75.72  0.9296981476220938
75.84  0.9453735880662038
75.96  0.9607494113320252
76.08  0.9758207443610794
76.2  0.9905828105969539
76.32  1.0050309314991337
76.44  1.0191605280257792
76.56  1.0329671220849526
76.67999999999999  1.046446337953862
76.8  1.0595939036656674
76.92  1.072405652363381
77.03999999999999  1.0848775236204746
77.16  1.097005564727756
77.28  1.1087859319460935
77.39999999999999  1.1202148917246122
77.52  1.1312888218839738
77.64  1.1420042127643466
77.75999999999999  1.1523576683377241
77.88  1.1623459072842346
78.0  1.1719657640320782
78.11999999999999  1.181214189760797
78.24  1.1900882533675403
78.36  1.1985851423960145
78.48  1.206702163927835
78.6  1.214436745435994
78.72  1.221786435600172
78.84  1.2287489050836324
78.96  1.2353219472714578
79.08  1.2415034789698975
79.2  1.2472915410665868
79.32  1.2526842991514502
79.44  1.257680044098087
79.56  1.2622771926054357
79.67999999999999  1.266474287699574
79.8  1.2702699991954791
79.92  1.273663124118599
80.03999999999999  1.2766525870861127
80.16  1.2792374406477547
80.28  1.2814168655860838
80.39999999999999  1.2831901711761229
80.52  1.2845567954042685
80.64  1.2855163051464094
80.75999999999999  1.2860683963051964
80.88  1.2862128939064221
81.0  1.2859497521544725
81.11999999999999  1.285279054446843
81.24  1.2842010133477058
81.36  1.2827159705205433
81.48  1.2808243966198645
81.6  1.2785268911420398
81.72  1.2758241822353023
81.84  1.2727171264689772
81.96  1.2692067085620093
82.08  1.2652940410708746
82.2  1.2609803640369788
82.32  1.2562670445936517
82.44  1.2511555765328597
82.56  1.2456475798317814
82.67999999999999  1.2397448001393871
82.8  1.2334491082231867
82.92  1.2267624993763349
83.03999999999999  1.219687092785257
83.16  1.212225130858018
83.28  1.2043789785136343
83.39999999999999  1.1961511224325643
83.52  1.1875441702685992
83.64  1.178560849822424
83.75999999999999  1.1692040081770971
83.88  1.1594766107957144
84.0  1.1493817405815792
84.11999999999999  1.13892259690113
84.24  1.1281024945699654
84.36  1.1169248628022808
84.47999999999999  1.105393244124051
84.6  1.0935112932502922
84.72  1.0812827759267782
84.84  1.0687115677365604
84.96  1.0558016528716825
85.08  1.0425571228704613
85.2  1.0289821753207697
85.32  1.01508111252969
85.44  1.0008583401599738
85.56  0.9863183658337725
85.67999999999999  0.9714657977040291
85.8  0.956305342994011
85.92  0.9408418065054609
86.03999999999999  0.9250800890958071
86.16  0.9090251861249259
86.28  0.8926821858719787
86.39999999999999  0.8760562679227782
86.52  0.8591527015282098
86.64  0.841976843934269
86.75999999999999  0.8245341386841791
86.88  0.806830113893165
87.0  0.7888703804964405
87.11999999999999  0.7706606304709233
87.24  0.7522066350312806
87.36  0.7335142428008649
87.47999999999999  0.7145893779581065
87.6  0.6954380383589516
87.72  0.6760662936359844
87.84  0.6564802832747647
87.96  0.6366862146680465
88.08  0.6166903611484631
88.2  0.596499060000325
88.32  0.5761187104511505
88.44  0.5555557716435446
88.56  0.5348167605881184
88.67999999999999  0.5139082500980487
88.8  0.4928368667059432
88.92  0.4716092885637176
89.03999999999999  0.45023224332607575
89.16  0.4287125060183128
89.28  0.4070568968891103
89.39999999999999  0.3852722792490019
89.52  0.3633655572951706
89.64  0.3413436739233158
89.75999999999999  0.31921360852723973
89.88  0.29698237478685025
90.0  0.27465701844534574
90.11999999999999  0.25224461507618984
90.24  0.22975226784065028
90.36  0.20718710523659756
90.47999999999999  0.1845562788392785
90.6  0.16186696103475162
90.72  0.1391263427467594
90.84  0.11634163115770069
90.96  0.09352004742446463
91.08  0.07066882438981315
91.2  0.0477952042901032
91.32  0.024906436459991688
91.44  0.0020097750348911925
91.56  0.0
91.67999999999999  0.0
91.8  0.0
91.92  0.0
92.03999999999999  0.0
92.16  0.0
92.28  0.0
92.39999999999999  0.0
92.52  0.0
92.64  0.0
92.75999999999999  0.0
92.88  0.0
93.0  0.0
93.11999999999999  0.0
93.24  0.0
93.36  0.0
93.47999999999999  0.0
93.6  0.0
93.72  0.0
93.84  0.0
93.96  0.0
94.08  0.0
94.2  0.0
94.32  0.0
94.44  0.0
94.56  0.0
94.67999999999999  0.0
94.8  0.0
94.92  0.0
95.03999999999999  0.0
95.16  0.0
95.28  0.0
95.39999999999999  0.0
95.52  0.0
95.64  0.0
95.75999999999999  0.0
95.88  0.0
96.0  0.0
96.11999999999999  0.0
96.24  0.0
96.36  0.0
96.47999999999999  0.0
96.6  0.0
96.72  0.0
96.84  0.0
96.96  0.0
97.08  0.0
97.2  0.0
97.32  0.0
97.44  0.0
97.56  0.0
97.67999999999999  0.0
97.8  0.0
97.92  0.0
98.03999999999999  0.0
98.16  0.0
98.28  0.0
98.39999999999999  0.0
98.52  0.0
98.64  0.0
98.75999999999999  0.0
98.88  0.0
99.0  0.0
99.11999999999999  0.0
99.24  0.0
99.36  0.0
99.47999999999999  0.0
99.6  0.0
99.72  0.0
99.84  0.0
99.96  0.0
100.08  0.0
100.2  0.0
100.32  0.0
100.44  0.0
100.56  0.0
100.67999999999999  0.0
100.8  0.0
100.92  0.0
101.03999999999999  0.0
101.16  0.0
101.28  0.0
101.39999999999999  0.0
101.52  0.0
101.64  0.0
101.75999999999999  0.0
101.88  0.0
102.0  0.0
102.11999999999999  0.0
102.24  0.0
102.36  0.0
102.47999999999999  0.0
102.6  0.0
102.72  0.0
102.83999999999999  0.0
102.96  0.0
103.08  0.0
103.2  0.0
103.32  0.0
103.44  0.0
103.56  0.0
103.67999999999999  0.0
103.8  0.0
103.92  0.0
104.03999999999999  0.0
104.16  0.0
104.28  0.0
104.39999999999999  0.0
104.52  0.0
104.64  0.0
104.75999999999999  0.0
104.88  0.0
105.0  0.0
105.11999999999999  0.0
105.24  0.0
105.36  0.0
105.47999999999999  0.0
105.6  0.0
105.72  0.0
105.83999999999999  0.0
105.96  0.0
106.08  0.0
106.2  0.0
106.32  0.0
106.44  0.0
106.56  0.0
106.67999999999999  0.0
106.8  0.0
106.92  0.0
107.03999999999999  0.0
107.16  0.0
107.28  0.0
107.39999999999999  0.0
107.52  0.0
107.64  0.0
107.75999999999999  0.0
107.88  0.0
108.0  0.0
108.11999999999999  0.0
108.24  0.0
108.36  0.0
108.47999999999999  0.0
108.6  0.0
108.72  0.0
108.83999999999999  0.0
108.96  0.0
109.08  0.0
109.2  0.0
109.32  0.0
109.44  0.0
109.56  0.0
109.67999999999999  0.0
109.8  0.0
109.92  0.0
110.03999999999999  0.0
110.16  0.0
110.28  0.0
110.39999999999999  0.0
110.52  0.0
110.64  0.0
110.75999999999999  0.0
110.88  0.0
111.0  0.0
111.11999999999999  0.0
111.24  0.0
111.36  0.0
111.47999999999999  0.0
111.6  0.0
111.72  0.0
111.83999999999999  0.0
111.96  0.0
112.08  0.0
112.2  0.0
112.32  0.0
112.44  0.0
112.56  0.0
112.67999999999999  0.010204055230083275
112.8  0.03309872553707727
112.92  0.055982905867542176
113.03999999999999  0.07884934353996731
113.16  0.10169079149603577
113.28  0.12450001059740562
113.39999999999999  0.1472697719200231
113.52  0.16999285904519917
113.64  0.19266207034668087
113.75999999999999  0.2152702212730802
113.88  0.2378101466248696
114.0  0.26027470282524706
114.11999999999999  0.2826567701841458
114.24  0.3049492551546946
114.36  0.327145092581348
114.47999999999999  0.3492372479390595
114.6  0.3712187195627458
114.72  0.39308254086629774
114.83999999999999  0.41482178255051283
114.96  0.4364295547992112
115.08  0.4578990094627976
115.19999999999999  0.4792233422286587
115.32  0.5003957947776657
115.44  0.5214096569260623
115.56  0.5422582687521402
115.67999999999999  0.5629350227069584
115.8  0.5834333657084905
115.92  0.6037468012184674
116.03999999999999  0.6238688913013408
116.16  0.6437932586646503
116.28  0.6635135886801937
116.39999999999999  0.683023631385297
116.52  0.702317203463632
116.64  0.7213881902048895
116.75999999999999  0.7402305474427099
116.88  0.7588383034702758
117.0  0.777205560932902
117.11999999999999  0.7953264986970954
117.24  0.8131953736954564
117.36  0.8308065227468073
117.47999999999999  0.8481543643510359
117.6  0.8652334004580481
117.72  0.8820382182102456
117.83999999999999  0.8985634916580323
117.96  0.9148039834477766
118.08  0.9307545464816661
118.19999999999999  0.9464101255489896
118.32  0.9617657589282788
118.44  0.9768165799598385
118.56  0.9915578185881178
118.67999999999999  1.0059848028734961
118.8  1.0200929604729576
118.92  1.0338778200892038
119.03999999999999  1.0473350128877374
119.16  1.0604602738814894
119.28  1.0732494432825035
119.39999999999999  1.0856984678203059
119.52  1.0978034020265162
119.64  1.1095604094852682
119.75999999999999  1.1209657640490933
119.88  1.132015851019855
120.0  1.1427071682943397
