0.0  0.0
2.4  0.0
4.8  50.82915018951154
7.199999999999999  19.592541730562537
9.6  0.0
12.0  32.383584501103
14.399999999999999  30.31171364616853
16.8  0.0
19.2  0.0
21.599999999999998  51.23927114960693
24.0  0.0
26.4  0.0
28.799999999999997  61.91942047152146
31.2  10.81622338655501
33.6  0.0
36.0  19.217974369645482
38.4  74.03813747171196
40.8  0.0
43.199999999999996  9.327583869013232
45.6  75.46876206475906
48.0  0.0
50.4  0.0
52.8  74.25776258879314
55.199999999999996  77.69488027444797
57.599999999999994  0.0
60.0  38.727694187455974
62.4  73.01484674025446
64.8  0.0
67.2  0.0
69.6  111.21311262918127
72.0  58.90232370309083
74.39999999999999  0.0
76.8  58.582033187852424
79.2  56.91619561566928
81.6  0.0
84.0  41.76615870892158
86.39999999999999  118.16240729180606
88.8  20.97368149723334
91.2  0.0
93.6  66.64161724880779
96.0  31.051913281240093
98.39999999999999  0.0
100.8  71.04418553935557
103.2  92.29087484209171
105.6  0.0
108.0  0.0
110.39999999999999  63.06691880930065
112.8  0.527542684930701
115.19999999999999  0.0
117.6  79.23452771471626
120.0  41.20277174741719
122.39999999999999  0.0
124.8  0.0
127.19999999999999  48.991331460080275
129.6  0.0
132.0  0.0
134.4  64.9104855690534
136.79999999999998  0.0
139.2  0.0
141.6  9.078662999148573
144.0  25.463380529662032
146.4  0.0
148.79999999999998  0.0
151.2  33.17458308494009
153.6  0.0
156.0  0.0
158.4  24.529842996833903
160.79999999999998  0.0
163.2  0.0
165.6  0.0
168.0  0.0
170.4  0.0
172.79999999999998  0.0
175.2  35.30676284497174
177.6  0.0
180.0  0.0
182.4  0.0
184.79999999999998  0.0
187.2  0.0
189.6  0.0
192.0  36.58237310721286
194.4  0.0
196.79999999999998  0.0
199.2  7.723343632054409
201.6  0.0
204.0  0.0
206.4  29.73750405340464
208.79999999999998  25.882941909847
211.2  0.0
213.6  0.0
216.0  18.51219656999456
218.4  0.0
220.79999999999998  0.0
223.2  65.88068711026602
225.6  5.389370837091613
228.0  0.0
230.39999999999998  4.910240439149323
232.79999999999998  29.76787368011649
235.2  0.0
237.6  14.234281569764471
240.0  82.73802256427867
