0.0  28.64405834281912
1.68  0.0
3.36  26.681560123621882
5.04  67.46359829308786
6.72  50.673768494962204
8.4  4.6336165911314176
10.08  7.004934827883186
11.76  53.78771849982199
13.44  32.73415037220866
15.12  0.0
16.8  0.0
18.48  0.0
20.16  35.60086414011278
21.84  12.198377428726287
23.52  0.0
25.2  0.0
26.88  24.84351645009913
28.56  29.931517162244763
30.24  0.0
31.919999999999998  0.0
33.6  4.578826645724433
35.28  36.21019253944231
36.96  6.761211520528516
38.64  0.0
40.32  0.0
42.0  28.631623142501198
43.68  26.40476835041661
45.36  0.0
47.04  0.0
48.72  10.096044617968055
50.4  35.943509033922915
52.08  1.1604755960507092
53.76  0.0
55.44  0.0
57.12  31.727061805020305
58.8  22.239224497812664
60.48  0.0
62.16  0.0
63.839999999999996  15.369014916919483
65.52  34.807265340855224
67.2  0.0
68.88  0.0
70.56  0.0
72.24  34.054946309499414
73.92  17.5356601584774
75.6  0.0
77.28  0.0
78.96  20.270171671428578
80.64  32.828949936055764
82.32  0.0
84.0  0.0
85.67999999999999  0.0
87.36  35.55895951438221
89.03999999999999  12.407865899860091
90.72  0.0
92.39999999999999  0.0
94.08  24.68094407688627
95.75999999999999  30.056423041318837
97.44  0.0
99.11999999999999  0.0
100.8  4.357801194743227
102.47999999999999  36.202715712216076
104.16  6.9798954344961786
105.83999999999999  0.0
107.52  0.0
109.2  28.494624909005132
110.88  26.556758770201206
112.56  0.0
114.24  0.0
115.92  9.881952704266059
117.6  35.97064088768758
119.28  1.3830644614572796
120.96  0.0
122.64  0.0
124.32  31.618952028980328
126.0  22.41462244341664
127.67999999999999  0.0
129.35999999999999  0.0
131.04  15.167035940327535
132.72  34.868349490619714
134.4  0.0
136.07999999999998  0.0
137.76  0.0
139.44  33.97834042718419
141.12  17.730222330497117
142.79999999999998  0.0
144.48  0.0
146.16  20.085191990611357
147.84  32.922508608888364
149.51999999999998  0.0
151.2  0.0
152.88  0.0
154.56  35.51571080687548
156.23999999999998  12.616885370026182
157.92  0.0
159.6  0.0
161.28  24.517438796534865
162.96  30.18019282723837
164.64  0.0
166.32  0.0
168.0  4.1366110246236065
