0.0  34.466592353401175
1.68  0.0
3.36  14.534806573981587
5.04  83.85361057996855
6.72  67.95342391128348
8.4  0.0
10.08  0.0
11.76  58.27796476379667
13.44  54.85819199668874
15.12  0.0
16.8  0.0
18.48  0.0
20.16  54.10266314028382
21.84  27.120520824939405
23.52  0.0
25.2  0.0
26.88  32.642636641369904
28.56  51.62686666525876
30.24  0.0
31.919999999999998  0.0
33.6  0.0
35.28  56.3761751044914
36.96  18.96484025223424
38.64  0.0
40.32  0.0
42.0  39.55093773036802
43.68  47.146562893309444
45.36  0.0
47.04  0.0
48.72  7.589988924181936
50.4  57.28581140060943
52.08  10.350354446267438
53.76  0.0
55.44  0.0
57.12  45.50240622970232
58.8  41.52567003660879
60.48  0.0
62.16  0.0
63.839999999999996  16.305727703497237
65.52  56.80956573238281
67.2  1.4854685988073109
68.88  0.0
70.56  0.0
72.24  50.353061760061706
73.92  34.90017105224689
75.6  0.0
77.28  0.0
78.96  24.626991596495863
80.64  54.95895963134007
82.32  0.0
84.0  0.0
85.67999999999999  0.0
87.36  53.98555526326976
89.03999999999999  27.430352742885383
90.72  0.0
92.39999999999999  0.0
94.08  32.35246915680359
95.75999999999999  51.77876372315334
97.44  0.0
99.11999999999999  0.0
100.8  0.0
102.47999999999999  56.31200795907232
104.16  19.296928032348028
105.83999999999999  0.0
107.52  0.0
109.2  39.295262446604546
110.88  47.34591461820625
112.56  0.0
114.24  0.0
115.92  7.240649637698122
117.6  57.27613734481929
119.28  10.696664084075715
120.96  0.0
122.64  0.0
124.32  45.28740854860306
126.0  41.767653629399376
127.67999999999999  0.0
129.35999999999999  0.0
131.04  15.967683658929431
132.72  56.85461880496705
134.4  1.8376220287927167
136.07999999999998  0.0
137.76  0.0
139.44  50.18394299415755
141.12  35.178932346102556
142.79999999999998  0.0
144.48  0.0
146.16  24.308420894724126
147.84  55.057649889794476
149.51999999999998  0.0
151.2  0.0
152.88  0.0
154.56  53.866406803460286
156.23999999999998  27.73914782967213
157.92  0.0
159.6  0.0
161.28  32.06107879156713
162.96  51.92870361206192
164.64  0.0
166.32  0.0
168.0  0.0
