0.0  31.925690724567236
1.68  38.15489774132078
3.36  27.38381984450988
5.04  37.59004637601657
6.72  32.78758933564775
8.4  29.909363243050336
10.08  39.10366426922485
11.76  27.95243806502536
13.44  2.440300113263588
15.12  1.6572762643798264
16.8  0.0
18.48  5.925024004903221
20.16  0.0
21.84  0.28806978043962284
23.52  3.6322335071458287
25.2  0.0
26.88  5.264355813379727
28.56  0.0
30.24  0.0
31.919999999999998  5.1073476288554485
33.6  0.0
35.28  3.8792429971000977
36.96  0.0
38.64  0.0
40.32  5.879623517807056
42.0  0.0
43.68  1.9602953039625508
45.36  2.146759844016873
47.04  0.0
48.72  5.842785850596818
50.4  0.0
52.08  0.0
53.76  4.02795275802669
55.44  0.0
57.12  5.0019039749179885
58.8  0.0
60.48  0.0
62.16  5.354846375452603
63.839999999999996  0.0
65.52  3.472694300619189
67.2  0.48625685281092546
68.88  0.0
70.56  5.944842676167475
72.24  0.0
73.92  1.4655961991912723
75.6  2.6201513974230735
77.28  0.0
78.96  5.716750406420496
80.64  0.0
82.32  0.0
84.0  4.393478635568815
85.67999999999999  0.0
87.36  4.70195806361281
89.03999999999999  0.0
90.72  0.0
92.39999999999999  5.562205407038557
94.08  0.0
95.75999999999999  3.040114426066257
97.44  0.9987242137775796
99.11999999999999  0.0
100.8  5.965499530761019
102.47999999999999  0.0
104.16  0.9599110437225566
105.83999999999999  3.07390240038119
107.52  0.0
109.2  5.547862429040713
110.88  0.0
112.56  0.0
114.24  4.72607117236227
115.92  0.0
117.6  4.366766462060837
119.28  0.0
120.96  0.0
122.64  5.727870368576815
124.32  0.0
126.0  2.5847459749403052
127.67999999999999  1.503705177842243
129.35999999999999  0.0
131.04  5.941439238628938
132.72  0.0
134.4  0.44703043332775305
136.07999999999998  3.504611553457375
137.76  0.0
139.44  5.33738789600462
141.12  0.0
142.79999999999998  0.0
144.48  5.023237268006927
146.16  0.0
147.84  3.9988417531483638
149.51999999999998  0.0
151.2  0.0
152.88  5.850599442118492
154.56  0.0
156.23999999999998  2.1100023710019524
157.92  1.9974144278246309
159.6  0.0
161.28  5.872842154762163
162.96  0.0
164.64  0.0
166.32  3.909050278006176
168.0  0.0
