0.0  40.30723255579778
1.68  42.94591940374964
3.36  45.00584112022987
5.04  46.36297167786907
6.72  46.93559947066836
8.4  46.689247096047836
10.08  45.638747208138355
11.76  43.847349457063515
13.44  8.089578951258297
15.12  5.17807553137101
16.8  1.9548048572057848
18.48  0.0
20.16  0.0
21.84  0.0
23.52  0.0
25.2  0.0
26.88  0.0
28.56  0.0
30.24  0.0
31.919999999999998  0.0
33.6  0.0
35.28  0.0
36.96  0.0
38.64  0.0
40.32  2.146922859702075
42.0  5.357283058107767
43.68  8.24508607879423
45.36  10.636459908269128
47.04  12.387422086591382
48.72  13.39254876133304
50.4  13.591322162583793
52.08  12.971774323257026
53.76  11.571207659586442
55.44  9.47394902631186
57.12  6.806272472864475
58.8  3.728796396819045
60.48  0.42681285514189415
62.16  0.0
63.839999999999996  0.0
65.52  0.0
67.2  0.0
68.88  0.0
70.56  0.0
72.24  0.0
73.92  0.0
75.6  0.0
77.28  0.0
78.96  0.0
80.64  0.0
82.32  0.34043058626959777
84.0  3.6456074196264026
85.67999999999999  6.7312855205860975
87.36  9.411678995665085
89.03999999999999  11.525403772914729
90.72  12.945194391236669
92.39999999999999  13.585566538932039
94.08  13.407963986955235
95.75999999999999  12.423080024665804
97.44  10.690213626527331
99.11999999999999  8.313699114375273
100.8  5.43662428206589
102.47999999999999  2.2322152085521427
104.16  0.0
105.83999999999999  0.0
107.52  0.0
109.2  0.0
110.88  0.0
112.56  0.0
114.24  0.0
115.92  0.0
117.6  0.0
119.28  0.0
120.96  0.0
122.64  0.0
124.32  0.0
126.0  1.8692442295604232
127.67999999999999  5.098045228686528
129.35999999999999  8.019897525828124
131.04  10.458879031288614
132.72  12.268140869924007
134.4  13.338749019377227
136.07999999999998  13.606243129245808
137.76  13.054517620601054
139.44  11.716791388359264
141.12  9.67360772160046
142.79999999999998  7.047984864827301
144.48  3.9980092004932173
146.16  0.7073170105958839
147.84  0.0
149.51999999999998  0.0
151.2  0.0
152.88  0.0
154.56  0.0
156.23999999999998  0.0
157.92  0.0
159.6  0.0
161.28  0.0
162.96  0.0
164.64  0.0
166.32  0.0
168.0  0.05971322447602745
