0.0  42.892869743609495
1.68  43.86125062726564
3.36  44.195755112613355
5.04  43.87624298649648
6.72  42.92195178565321
8.4  41.39033852199195
10.08  39.373620247762
11.76  36.99322175006807
13.44  1.0591313406971414
15.12  0.0
16.8  0.0
18.48  0.0
20.16  0.0
21.84  0.0
23.52  0.0
25.2  0.0
26.88  0.0
28.56  0.0
30.24  0.0
31.919999999999998  0.0
33.6  0.0
35.28  0.0
36.96  2.2078516155482304
38.64  4.731413816195406
40.32  6.970101861301368
42.0  8.789126364195528
43.68  10.078965501317011
45.36  10.761959222362528
47.04  10.79698509182309
48.72  10.181934233711035
50.4  8.953838305079874
52.08  7.186639853375967
53.76  4.986740302393544
55.44  2.4865936185805277
57.12  0.0
58.8  0.0
60.48  0.0
62.16  0.0
63.839999999999996  0.0
65.52  0.0
67.2  0.0
68.88  0.0
70.56  0.0
72.24  0.0
73.92  0.0
75.6  0.0
77.28  0.0
78.96  0.7746623819808205
80.64  3.3898521458016226
82.32  5.800941971430732
84.0  7.8627623165932885
85.67999999999999  9.451172839200511
87.36  10.4705367753043
89.03999999999999  10.859479142337516
90.72  10.59458207142058
92.39999999999999  9.691794776110857
94.08  8.20547326464935
95.75999999999999  6.225107613763438
97.44  3.869933851916287
99.11999999999999  1.2817548656494862
100.8  0.0
102.47999999999999  0.0
104.16  0.0
105.83999999999999  0.0
107.52  0.0
109.2  0.0
110.88  0.0
112.56  0.0
114.24  0.0
115.92  0.0
117.6  0.0
119.28  0.0
120.96  0.0
122.64  1.988141037932718
124.32  4.528850336634369
126.0  6.7968816440758175
127.67999999999999  8.655678842244846
129.35999999999999  9.99332542949499
131.04  10.729282912099226
132.72  10.819239954267484
134.4  10.257780323681452
136.07999999999998  9.078708997953989
137.76  7.353016797437727
139.44  5.184606092004304
141.12  2.704034933131327
142.79999999999998  0.06065627145809849
144.48  0.0
146.16  0.0
147.84  0.0
149.51999999999998  0.0
151.2  0.0
152.88  0.0
154.56  0.0
156.23999999999998  0.0
157.92  0.0
159.6  0.0
161.28  0.0
162.96  0.0
164.64  0.5511524135499384
166.32  3.1763989137289492
168.0  5.610397302167433
