0.0  29.757513819099852
1.68  35.99432710551253
3.36  33.625017071827436
5.04  30.312350368092105
6.72  36.77007554524009
8.4  32.1127700882377
10.08  31.402981501471857
11.76  36.93629129767276
13.44  0.0
15.12  0.0
16.8  3.130161386255791
18.48  0.0
20.16  1.023846208865585
21.84  2.102206590363146
23.52  0.0
25.2  2.363463352297787
26.88  0.7014092729006077
28.56  0.0
30.24  3.283902076278569
31.919999999999998  0.0
33.6  0.0
35.28  3.621915487580247
36.96  0.0
38.64  0.0
40.32  3.3175543056839922
42.0  0.0
43.68  0.6210425397147771
45.36  2.424799329168996
47.04  0.0
48.72  2.0351103213339794
50.4  1.1019875255406153
52.08  0.0
53.76  3.0882356212020907
55.44  0.0
57.12  0.0
58.8  3.593638560437693
60.48  0.0
62.16  0.0
63.839999999999996  3.461682037179647
65.52  0.0
67.2  0.21013967467475952
68.88  2.715769556628031
70.56  0.0
72.24  1.6802168264008919
73.92  1.4881944392367052
75.6  0.0
77.28  2.8522945896695946
78.96  0.0
80.64  0.0
82.32  3.5184959505201374
84.0  0.0
85.67999999999999  0.0
87.36  3.560664969193125
89.03999999999999  0.0
90.72  0.0
92.39999999999999  2.97132264561014
94.08  0.0
95.75999999999999  1.3034111365002248
97.44  1.8549933776109038
99.11999999999999  0.0
100.8  2.5791559571062384
102.47999999999999  0.40966675436872135
104.16  0.0
105.83999999999999  3.397467614398092
107.52  0.0
109.2  0.0
110.88  3.61321223659878
112.56  0.0
114.24  0.0
115.92  3.1881258541606603
117.6  0.0
119.28  0.9096072839238305
120.96  2.197600809320633
122.64  0.0
124.32  2.2723818036411245
126.0  0.8173143438345971
127.67999999999999  0.0
129.35999999999999  3.232131917706294
131.04  0.0
132.72  0.0
134.4  3.618638555241428
136.07999999999998  0.0
137.76  0.0
139.44  3.3633517887547146
141.12  0.0
142.79999999999998  0.5039409789327132
144.48  2.5115486914780396
146.16  0.0
147.84  1.9359728599871682
149.51999999999998  1.2143030998866342
151.2  0.0
152.88  3.0246450512196983
154.56  0.0
156.23999999999998  0.0
157.92  3.5768731589257716
159.6  0.0
161.28  0.0
162.96  3.4947152771562746
164.64  0.0
166.32  0.09170263347107521
168.0  2.792742738693734
