Figure of merit results from optimization:
80.5742418052058
80.5742418052058
8.571316004339764
8.571316004339764
8.501789931345968
8.501789931345968
8.501789931345968
8.501789931345968
8.501789931345968
8.501789931345968
8.501789931345968
8.501789931345968
8.571316004339764
80.5742418052058
8.501789931345968
8.501789931345968
8.501789931345968
8.501789931345968
8.571316004339764
8.642984818126882
8.716888543447542
8.501789931345968
8.501789931345968
8.501789931345968
8.501789931345968
8.501789931345968
8.501789931345968
8.642984818126882
8.501789931345968
8.501789931345968
8.501789931345968
8.501789931345968
8.501789931345968
8.571316004339764
8.501789931345968
8.501789931345968
8.501789931345968
8.501789931345968
8.501789931345968
8.501789931345968
8.571316004339764
8.501789931345968
8.501789931345968
8.501789931345968
8.501789931345968
8.501789931345968
8.571316004339764
8.501789931345968
8.501789931345968
8.501789931345968
8.501789931345968
8.571316004339764
8.571316004339764
8.501789931345968
8.501789931345968
8.501789931345968
8.501789931345968
8.501789931345968
8.501789931345968
8.571316004339764
8.501789931345968
8.501789931345968
8.501789931345968
8.571316004339764
8.571316004339764
8.501789931345968
8.501789931345968
8.501789931345968
8.501789931345968
