0.0  3.8863717822855497  100.0
0.12  3.966354106258379
0.24  4.041081777171123
0.36  4.110455795294028
0.48  4.174384253453186
0.6  4.232782458789792
0.72  4.28557304496182
0.84  4.332686074639488
0.96  4.374059132158703
1.08  4.4096374062097645
1.2  4.439373762451762
1.3199999999999998  4.463228805956473
1.44  4.481170933399032
1.56  4.493176374926234
1.68  4.499229225646994
1.7999999999999998  4.49932146670326
1.92  4.493452975893451
2.04  4.481631527834345
2.16  4.463872783661222
2.28  4.440200270279878
2.4  4.41064534919802
2.52  4.375247174977333
2.6399999999999997  4.334052643361236
2.76  4.287116329147093
2.88  4.234500413885139
3.0  4.176274603499943
3.12  4.112516035943518
3.2399999999999998  4.043309179002437
3.36  3.968745718394328
3.48  3.8889244363020126
3.5999999999999996  3.8039510805061894
3.7199999999999998  3.713938224290055
3.84  3.619005117301445
3.96  3.519277527570085
4.08  3.4148875748892458
4.2  3.305973555782537
4.32  3.1926797602877235
4.4399999999999995  3.075156280800301
4.56  2.953558813230056
4.68  2.8280484507340677
4.8  2.6987914702993865
4.92  2.5659591124581436
5.04  2.429727354426924
5.16  2.290276676970945
5.279999999999999  2.147791825301905
5.3999999999999995  2.0024615643262558
5.52  1.8544784285681746
5.64  1.7040384670985005
5.76  1.5513409838075873
5.88  1.3965882733661443
6.0  1.2399853532238718
6.12  1.081739692000944
6.24  0.9220609346321578
6.359999999999999  0.7611606246278926
6.4799999999999995  0.5992519238198131
6.6  0.43654932996262485
6.72  0.2732683925659778
6.84  0.1096254273329953
6.96  0.0
7.08  0.0
7.199999999999999  0.0
7.319999999999999  0.0
7.4399999999999995  0.0
7.56  0.0
7.68  0.0
7.8  0.0
7.92  0.0
8.04  0.0
8.16  0.0
8.28  0.0
8.4  0.0
8.52  0.0
8.64  0.0
8.76  0.0
8.879999999999999  0.0
9.0  0.0
9.12  0.0
9.24  0.0
9.36  0.0
9.48  0.0
9.6  0.0
9.719999999999999  0.0
9.84  0.0
9.959999999999999  0.0
10.08  0.0
10.2  0.0
10.32  0.0
10.44  0.0
10.559999999999999  0.0
10.68  0.0
10.799999999999999  0.0
10.92  0.0
11.04  0.0
11.16  0.0
11.28  0.0
11.4  0.0
11.52  0.0
11.639999999999999  0.0
11.76  0.0
11.879999999999999  0.0
12.0  0.0
12.12  0.0
12.24  0.0
12.36  0.0
12.48  0.0
12.6  0.0
12.719999999999999  0.0
12.84  0.0
12.959999999999999  0.0
13.08  0.0
13.2  0.0
13.32  0.0
13.44  0.0
13.559999999999999  0.0
13.68  0.0
13.799999999999999  0.0
13.92  0.0
14.04  0.0
14.16  0.0
14.28  0.0
14.399999999999999  0.0
14.52  0.0
14.639999999999999  0.0
14.76  0.0
14.879999999999999  0.0
15.0  0.0
15.12  0.0
15.24  0.0
15.36  0.0
15.479999999999999  0.0
15.6  0.0
15.719999999999999  0.0
15.84  0.0
15.959999999999999  0.0
16.08  0.0
16.2  0.0
16.32  0.0
16.439999999999998  0.0
16.56  0.0
16.68  0.0
16.8  0.0
16.919999999999998  0.0
17.04  0.0
17.16  0.0
17.28  0.0037603658436802245
17.4  0.16752200046050358
17.52  0.33106170078483355
17.64  0.49416280830265014
17.759999999999998  0.656609245550668
17.88  0.8181858023772808
18.0  0.9786784210544024
18.12  1.137874479862621
18.24  1.2955630747739078
18.36  1.4515352988587378
18.48  1.6055845190473905
18.599999999999998  1.757506649878854
18.72  1.9071004238746776
18.84  2.054167658179453
18.96  2.1985135171148587
19.08  2.33994677029927
19.2  2.478280045991112
19.32  2.61333007932018
19.439999999999998  2.744917955078234
19.56  2.872869344747066
19.68  2.9970147374501286
19.8  3.117189664521688
19.919999999999998  3.233234917396055
20.04  3.3449967585281724
20.16  3.4523271250661716
20.279999999999998  3.5550838250060375
20.4  3.6531307255685785
20.52  3.746337933549028
20.64  3.8345819674004797
20.759999999999998  3.9177459208230636
20.88  3.995719617642236
21.0  4.068399757770909
21.119999999999997  4.135690054062112
21.24  4.19750135987089
21.36  4.253751787156351
21.48  4.304366814967532
21.599999999999998  4.349279388169248
21.72  4.388430006277207
21.84  4.421766802284647
21.96  4.449245611376106
22.08  4.470830029437274
22.2  4.486491461283412
22.32  4.496209158542444
22.439999999999998  4.4999702471425485
22.56  4.497769744367811
22.68  4.4896105654593645
22.8  4.475503519753259
22.919999999999998  4.4554672963601725
23.04  4.429528439405956
23.16  4.397721312865791
23.279999999999998  4.360088055038563
23.4  4.316678522721747
23.52  4.267550225160793
23.64  4.21276824786047
23.759999999999998  4.152405166359164
23.88  4.086540950080279
24.0  4.015262856388223
24.119999999999997  3.9386653149892523
24.24  3.85684980283033
24.36  3.769924709661799
24.48  3.678005194441877
24.599999999999998  3.5812130327733023
24.72  3.479676455574151
24.84  3.373529979196677
24.96  3.262914227219097
25.08  3.1479757441465357
25.2  3.0288668012678333
25.32  2.905745194925537
25.439999999999998  2.7787740374661962
25.56  2.648121541148024
25.68  2.51396079529214
25.8  2.376469536972667
25.919999999999998  2.2358299155494183
26.04  2.0922282513551953
26.16  1.945854788857324
26.279999999999998  1.7969034446205063
26.4  1.6455715504047843
26.52  1.492059591739123
26.64  1.3365709423167895
26.759999999999998  1.1793115945644752
26.88  1.0204898867421348
27.0  0.8603162269350504
27.119999999999997  0.6990028143037432
27.24  0.5367633579610533
27.36  0.37381279384888777
27.48  0.21036699998959318
27.599999999999998  0.0466425104892505
27.72  0.0
27.84  0.0
27.959999999999997  0.0
28.08  0.0
28.2  0.0
28.32  0.0
28.439999999999998  0.0
28.56  0.0
28.68  0.0
28.799999999999997  0.0
28.919999999999998  0.0
29.04  0.0
29.16  0.0
29.279999999999998  0.0
29.4  0.0
29.52  0.0
29.64  0.0
29.759999999999998  0.0
29.88  0.0
30.0  0.0
30.119999999999997  0.0
30.24  0.0
30.36  0.0
30.48  0.0
30.599999999999998  0.0
30.72  0.0
30.84  0.0
30.959999999999997  0.0
31.08  0.0
31.2  0.0
31.32  0.0
31.439999999999998  0.0
31.56  0.0
31.68  0.0
31.799999999999997  0.0
31.919999999999998  0.0
32.04  0.0
32.16  0.0
32.28  0.0
32.4  0.0
32.519999999999996  0.0
32.64  0.0
32.76  0.0
32.879999999999995  0.0
33.0  0.0
33.12  0.0
33.24  0.0
33.36  0.0
33.48  0.0
33.6  0.0
33.72  0.0
33.839999999999996  0.0
33.96  0.0
34.08  0.0
34.199999999999996  0.0
34.32  0.0
34.44  0.0
34.56  0.0
34.68  0.0
34.8  0.0
34.92  0.0
35.04  0.0
35.16  0.0
35.28  0.0
35.4  0.0
35.519999999999996  0.0
35.64  0.0
35.76  0.0
35.879999999999995  0.0
36.0  0.0
36.12  0.0
36.24  0.0
36.36  0.0
36.48  0.0
36.6  0.0
36.72  0.0
36.839999999999996  0.0
36.96  0.0
37.08  0.0
37.199999999999996  0.0
37.32  0.0
37.44  0.0
37.559999999999995  0.0
37.68  0.0
37.8  0.0
37.92  0.0
38.04  0.06675084580948076
38.16  0.23045279488213333
38.28  0.39384943851524934
38.4  0.5567243077172561
38.519999999999996  0.7188616247469661
38.64  0.8800465889773479
38.76  1.040065661464851
38.879999999999995  1.1987068478473166
39.0  1.3557599791955004
39.12  1.5110169904463369
39.24  1.664272196048983
39.36  1.8153225624583655
39.48  1.963967977115505
39.6  2.110011513557952
39.72  2.2532596923092987
39.839999999999996  2.3935227372021606
39.96  2.5306148267948956
40.08  2.6643543405491394
40.199999999999996  2.794564099441955
40.32  2.9210716006938005
40.44  3.043709246301355
40.559999999999995  3.1623145650725726
40.68  3.276730427869582
40.8  3.386805255774445
40.92  3.492393220901957
41.04  3.5933544395934165
41.16  3.6895551577354713
41.28  3.780867927958474
41.4  3.8671717784796003
41.519999999999996  3.9483523733671473
41.64  4.024302164013526
41.76  4.094920531616388
41.879999999999995  4.160113920479129
42.0  4.219795961954087
42.12  4.273887588864334
42.239999999999995  4.3223171402524185
42.36  4.365020456317279
42.48  4.401940963413585
42.6  4.433029749000909
42.72  4.458245626443374
42.839999999999996  4.477555189574007
42.96  4.49093285695144
43.08  4.498360905750397
43.199999999999996  4.499829495241
43.32  4.4953366798258445
43.44  4.4848884116175345
43.559999999999995  4.468498532553286
43.68  4.4461887560570315
43.8  4.417988638273329
43.92  4.383935538911181
44.04  4.344074571749635
44.16  4.298458544870739
44.28  4.247147890699027
44.4  4.190210585940253
44.519999999999996  4.127722061525357
44.64  4.0597651026790595
44.76  3.9864297392454517
44.879999999999995  3.9078131264158045
45.0  3.82401941601674
45.12  3.7351596185291647
45.239999999999995  3.641351456020817
45.36  3.542719206187268
45.48  3.439393537708016
45.6  3.3315113371356615
45.72  3.2192155275477274
45.839999999999996  3.1026548792011384
45.96  2.9819838124404052
46.08  2.8573621931204807
46.199999999999996  2.7289551208153675
46.32  2.5969327100930792
46.44  2.461469865146741
46.559999999999995  2.3227460480802407
46.68  2.1809450411556512
46.8  2.036254703317237
46.92  1.8888667213146233
47.04  1.7389763557548887
47.16  1.5867821824199582
47.28  1.4324858291920508
47.4  1.2762917089357395
47.519999999999996  1.1184067486902962
47.64  0.9590401155313883
47.76  0.7984029394651182
47.879999999999995  0.6367080337214976
48.0  0.4741696128180741
48.12  0.31100300876705167
48.239999999999995  0.14742438580195039
48.36  0.0
48.48  0.0
48.6  0.0
48.72  0.0
48.839999999999996  0.0
48.96  0.0
49.08  0.0
49.199999999999996  0.0
49.32  0.0
49.44  0.0
49.559999999999995  0.0
49.68  0.0
49.8  0.0
49.92  0.0
50.04  0.0
50.16  0.0
50.28  0.0
50.4  0.0
50.519999999999996  0.0
50.64  0.0
50.76  0.0
50.879999999999995  0.0
51.0  0.0
51.12  0.0
51.239999999999995  0.0
51.36  0.0
51.48  0.0
51.6  0.0
51.72  0.0
51.839999999999996  0.0
51.96  0.0
52.08  0.0
52.199999999999996  0.0
52.32  0.0
52.44  0.0
52.559999999999995  0.0
52.68  0.0
52.8  0.0
52.919999999999995  0.0
53.04  0.0
53.16  0.0
53.28  0.0
53.4  0.0
53.519999999999996  0.0
53.64  0.0
53.76  0.0
53.879999999999995  0.0
54.0  0.0
54.12  0.0
54.239999999999995  0.0
54.36  0.0
54.48  0.0
54.6  0.0
54.72  0.0
54.839999999999996  0.0
54.96  0.0
55.08  0.0
55.199999999999996  0.0
55.32  0.0
55.44  0.0
55.559999999999995  0.0
55.68  0.0
55.8  0.0
55.919999999999995  0.0
56.04  0.0
56.16  0.0
56.28  0.0
56.4  0.0
56.519999999999996  0.0
56.64  0.0
56.76  0.0
56.879999999999995  0.0
57.0  0.0
57.12  0.0
57.239999999999995  0.0
57.36  0.0
57.48  0.0
57.599999999999994  0.0
57.72  0.0
57.839999999999996  0.0
57.96  0.0
58.08  0.0
58.199999999999996  0.0
58.32  0.0
58.44  0.0
58.559999999999995  0.0
58.68  0.0
58.8  0.12972824588434495
58.919999999999995  0.29333843186213215
59.04  0.4565600010782107
59.16  0.6191767164807946
59.28  0.7809731423326158
59.4  0.9417349296216004
59.519999999999996  1.101249100031921
59.64  1.2593043280991447
59.76  1.4156912211755917
59.879999999999995  1.5702025968352378
60.0  1.7226337573503674
60.12  1.872782760876477
60.239999999999995  2.020450688986304
60.36  2.1654419101982714
60.48  2.3075643391503737
60.599999999999994  2.446629691076266
60.72  2.5824537312461633
60.839999999999996  2.7148565190422347
60.96  2.8436626463452432
61.08  2.9687014699163843
61.199999999999996  3.0898073374665773
61.32  3.2068198071138267
61.44  3.319583859937676
61.559999999999995  3.427950105349347
61.68  3.5317749790054225
61.8  3.6309209330028334
61.919999999999995  3.725256618103318
62.04  3.814657057745765
62.16  3.899003813615989
62.28  3.9781851425546777
62.4  4.052096144595435
62.519999999999996  4.1206389019370215
62.64  4.183722608665509
62.76  4.241263691054553
62.879999999999995  4.293185918284484
63.0  4.339420503433384
63.12  4.3799061946064874
63.239999999999995  4.414589356083095
63.36  4.4434240393735625
63.48  4.466372044092163
63.599999999999994  4.4834029685652235
63.72  4.494494250107463
63.839999999999996  4.499631194913205
63.96  4.498806997522818
64.08  4.492022749838645
64.2  4.47928743967844
64.32  4.460617938868249
64.44  4.436038980890486
64.56  4.4055831281168665
64.67999999999999  4.36929072866955
64.8  4.327209862967644
64.92  4.2793962800299825
65.03999999999999  4.225913323618407
65.16  4.166831848319526
65.28  4.102230125676099
65.39999999999999  4.032193740492319
65.52  3.956815477450509
65.64  3.876195198189321
65.75999999999999  3.7904397090063853
65.88  3.699662619360554
66.0  3.603984191361331
66.12  3.503531180444825
66.24  3.3984366674472772
66.36  3.2888398822985847
66.48  3.174886019569657
66.6  3.0567260461176007
66.72  2.934516501083718
66.84  2.8084192885095343
66.96  2.6786014628450867
67.08  2.5452350076340924
67.2  2.4084966076690115
67.32  2.268567414917749
67.44  2.1256328085323397
67.56  1.97988214925735
67.67999999999999  1.8315085285635275
67.8  1.6807085128388124
67.92  1.527681882975883
68.03999999999999  1.3726313697011252
68.16  1.2157623849954105
68.28  1.0572827499630972
68.39999999999999  0.8974024195091168
68.52  0.7363332041891875
68.64  0.5742884896019262
68.75999999999999  0.41148295369405496
68.88  0.24813228235349039
69.0  0.0844528836673979
69.12  0.0
69.24  0.0
69.36  0.0
69.48  0.0
69.6  0.0
69.72  0.0
69.84  0.0
69.96  0.0
70.08  0.0
70.2  0.0
70.32  0.0
70.44  0.0
70.56  0.0
70.67999999999999  0.0
70.8  0.0
70.92  0.0
71.03999999999999  0.0
71.16  0.0
71.28  0.0
71.39999999999999  0.0
71.52  0.0
71.64  0.0
71.75999999999999  0.0
71.88  0.0
72.0  0.0
72.11999999999999  0.0
72.24  0.0
72.36  0.0
72.48  0.0
72.6  0.0
72.72  0.0
72.84  0.0
72.96  0.0
73.08  0.0
73.2  0.0
73.32  0.0
73.44  0.0
73.56  0.0
73.67999999999999  0.0
73.8  0.0
73.92  0.0
74.03999999999999  0.0
74.16  0.0
74.28  0.0
74.39999999999999  0.0
74.52  0.0
74.64  0.0
74.75999999999999  0.0
74.88  0.0
75.0  0.0
75.11999999999999  0.0
75.24  0.0
75.36  0.0
75.48  0.0
75.6  0.0
75.72  0.0
75.84  0.0
75.96  0.0
76.08  0.0
76.2  0.0
76.32  0.0
76.44  0.0
76.56  0.0
76.67999999999999  0.0
76.8  0.0
76.92  0.0
77.03999999999999  0.0
77.16  0.0
77.28  0.0
77.39999999999999  0.0
77.52  0.0
77.64  0.0
77.75999999999999  0.0
77.88  0.0
78.0  0.0
78.11999999999999  0.0
78.24  0.0
78.36  0.0
78.48  0.0
78.6  0.0
78.72  0.0
78.84  0.0
78.96  0.0
79.08  0.0
79.2  0.0
79.32  0.0
79.44  0.028938598192971732
79.56  0.19268022558756348
79.67999999999999  0.3561665889008505
79.8  0.5191811002800619
79.92  0.6815077969850971
80.03999999999999  0.8429316274973802
80.16  1.0032387364217557
80.28  1.1622167478033731
80.39999999999999  1.3196550464849033
80.52  1.4753450571310305
80.64  1.6290805205502965
80.75999999999999  1.7806577669487869
80.88  1.9298759857533512
81.0  2.0765374916466497
81.11999999999999  2.220447986462103
81.24  2.3614168165915155
81.36  2.4992572255641012
81.48  2.633786601462893
81.6  2.764826718850146
81.72  2.8922039748817063
81.84  3.015749619297204
81.96  3.1352999779815134
82.08  3.250696669801459
82.2  3.3617868164300853
82.32  3.4684232448809733
82.44  3.570464682484084
82.56  3.6677759440446334
82.67999999999999  3.760228110937426
82.8  3.847698701899189
82.92  3.9300718352924626
83.03999999999999  4.007238382626493
83.16  4.079096113131359
83.28  4.145549829193982
83.39999999999999  4.206511492476613
83.52  4.261900340550602
83.64  4.311642993891019
83.75999999999999  4.3556735530903445
83.88  4.393933686162471
84.0  4.4263727058213105
84.11999999999999  4.452947636631642
84.24  4.473623271943298
84.36  4.4883722205331384
84.47999999999999  4.497174942893147
84.6  4.500019777116513
84.72  4.496902954347388
84.84  4.487828603773906
84.96  4.4728087471577975
85.08  4.45186328290788
85.2  4.425019959718517
85.32  4.392314339807946
85.44  4.353789751805216
85.56  4.309497233348116
85.67999999999999  4.2594954634681805
85.8  4.203850684852286
85.92  4.142636616083889
86.03999999999999  4.075934353980175
86.16  4.003832266154371
86.28  3.9264258739458024
86.39999999999999  3.8438177258725457
86.52  3.7561172617743894
86.64  3.663440667826283
86.75999999999999  3.565910722614057
86.88  3.463656634476447
87.0  3.3568138703291295
87.11999999999999  3.2455239761971173
87.24  3.129934389693655
87.36  3.010198244693898
87.47999999999999  2.8864741684620348
87.6  2.758926071500836
87.72  2.6277229304019416
87.84  2.4930385639844213
87.96  2.355051403018533
88.08  2.2139442538392613
88.2  2.0699040561634017
88.32  1.923121635430472
88.44  1.773791449995773
88.56  1.622111333510801
88.67999999999999  1.4682822328317897
88.8  1.312507941803848
88.92  1.154994831273673
89.03999999999999  0.9959515756878767
89.16  0.8355888766397108
89.28  0.6741191837302005
89.39999999999999  0.511756413113367
89.52  0.3487156640987046
89.64  0.18521293418611195
89.75999999999999  0.021464832910989884
89.88  0.0
90.0  0.0
90.11999999999999  0.0
90.24  0.0
90.36  0.0
90.47999999999999  0.0
90.6  0.0
90.72  0.0
90.84  0.0
90.96  0.0
91.08  0.0
91.2  0.0
91.32  0.0
91.44  0.0
91.56  0.0
91.67999999999999  0.0
91.8  0.0
91.92  0.0
92.03999999999999  0.0
92.16  0.0
92.28  0.0
92.39999999999999  0.0
92.52  0.0
92.64  0.0
92.75999999999999  0.0
92.88  0.0
93.0  0.0
93.11999999999999  0.0
93.24  0.0
93.36  0.0
93.47999999999999  0.0
93.6  0.0
93.72  0.0
93.84  0.0
93.96  0.0
94.08  0.0
94.2  0.0
94.32  0.0
94.44  0.0
94.56  0.0
94.67999999999999  0.0
94.8  0.0
94.92  0.0
95.03999999999999  0.0
95.16  0.0
95.28  0.0
95.39999999999999  0.0
95.52  0.0
95.64  0.0
95.75999999999999  0.0
95.88  0.0
96.0  0.0
96.11999999999999  0.0
96.24  0.0
96.36  0.0
96.47999999999999  0.0
96.6  0.0
96.72  0.0
96.84  0.0
96.96  0.0
97.08  0.0
97.2  0.0
97.32  0.0
97.44  0.0
97.56  0.0
97.67999999999999  0.0
97.8  0.0
97.92  0.0
98.03999999999999  0.0
98.16  0.0
98.28  0.0
98.39999999999999  0.0
98.52  0.0
98.64  0.0
98.75999999999999  0.0
98.88  0.0
99.0  0.0
99.11999999999999  0.0
99.24  0.0
99.36  0.0
99.47999999999999  0.0
99.6  0.0
99.72  0.0
99.84  0.0
99.96  0.0
100.08  0.0
100.2  0.09192533080174115
100.32  0.25559444941956366
100.44  0.4189249547618996
100.56  0.5817004654576376
100.67999999999999  0.7437053353963712
100.8  0.9047249394179369
100.92  1.0645459576490883
101.03999999999999  1.2229566581113014
101.16  1.3797471772246794
101.28  1.5347097978366173
101.39999999999999  1.687639224407001
101.52  1.8383328549850757
101.64  1.9865910496179324
101.75999999999999  2.132217394834824
101.88  2.2750189638571605
102.0  2.4148065721891836
102.11999999999999  2.5513950282508255
102.24  2.6846033787209302
102.36  2.8142551482652807
102.47999999999999  2.940178573332404
102.6  3.062206829707182
102.72  3.180178253520553
102.83999999999999  3.293936555423
102.96  3.4033310276378046
103.08  3.508216743619614
103.2  3.6084547500541957
103.32  3.70391225094475
103.44  3.7944627835409195
103.56  3.87998638587753
103.67999999999999  3.960369755700987
103.8  4.035506400572927
103.92  4.1052967789521
104.03999999999999  4.169648432067665
104.16  4.228476106409267
104.28  4.281701866671392
104.39999999999999  4.329255199002634
104.52  4.371073104422951
104.64  4.407100182285092
104.75999999999999  4.437288703669778
104.88  4.461598674617326
105.0  4.479997889111874
105.11999999999999  4.492461971748159
105.24  4.498974410024223
105.36  4.499526576217274
105.47999999999999  4.494117738813761
105.6  4.482755063478487
105.72  4.465453603561485
105.83999999999999  4.442236280155245
105.96  4.413133851728673
106.08  4.378184873378088
106.2  4.33743564574916
106.32  4.290940153697465
106.44  4.23875999476904
106.56  4.180964297595462
106.67999999999999  4.117629630311827
106.8  4.0488398991187395
106.92  3.974686237122755
107.03999999999999  3.89526688360272
107.16  3.810687053861579
107.28  3.721058799836533
107.39999999999999  3.6265008616518224
107.52  3.5271385103109383
107.64  3.42310338173685
107.75999999999999  3.3145333023797825
107.88  3.201572106623728
108.0  3.084369446233789
108.11999999999999  2.9630805920964445
108.24  2.8378662285155376
108.36  2.708892240336753
108.47999999999999  2.576329493182172
108.6  2.4403536070862435
108.72  2.3011447238333225
108.83999999999999  2.1588872683045164
108.96  2.0137697041502642
109.08  1.8659842841125638
109.2  1.7157267953271154
109.32  1.5631962999432423
109.44  1.408594871404871
109.56  1.2521273267424329
109.67999999999999  1.09400095522977
109.8  0.9344252437657938
109.92  0.7736115993450245
110.03999999999999  0.6117730689839089
110.16  0.4491240574748938
110.28  0.2858800433413986
110.39999999999999  0.12225729337029478
110.52  0.0
110.64  0.0
110.75999999999999  0.0
110.88  0.0
111.0  0.0
111.11999999999999  0.0
111.24  0.0
111.36  0.0
111.47999999999999  0.0
111.6  0.0
111.72  0.0
111.83999999999999  0.0
111.96  0.0
112.08  0.0
112.2  0.0
112.32  0.0
112.44  0.0
112.56  0.0
112.67999999999999  0.0
112.8  0.0
112.92  0.0
113.03999999999999  0.0
113.16  0.0
113.28  0.0
113.39999999999999  0.0
113.52  0.0
113.64  0.0
113.75999999999999  0.0
113.88  0.0
114.0  0.0
114.11999999999999  0.0
114.24  0.0
114.36  0.0
114.47999999999999  0.0
114.6  0.0
114.72  0.0
114.83999999999999  0.0
114.96  0.0
115.08  0.0
115.19999999999999  0.0
115.32  0.0
115.44  0.0
115.56  0.0
115.67999999999999  0.0
115.8  0.0
115.92  0.0
116.03999999999999  0.0
116.16  0.0
116.28  0.0
116.39999999999999  0.0
116.52  0.0
116.64  0.0
116.75999999999999  0.0
116.88  0.0
117.0  0.0
117.11999999999999  0.0
117.24  0.0
117.36  0.0
117.47999999999999  0.0
117.6  0.0
117.72  0.0
117.83999999999999  0.0
117.96  0.0
118.08  0.0
118.19999999999999  0.0
118.32  0.0
118.44  0.0
118.56  0.0
118.67999999999999  0.0
118.8  0.0
118.92  0.0
119.03999999999999  0.0
119.16  0.0
119.28  0.0
119.39999999999999  0.0
119.52  0.0
119.64  0.0
119.75999999999999  0.0
119.88  0.0
120.0  0.0
