0.0  2.7065389926536665  100.0
0.12  2.747361010615913
0.24  2.784543305912246
0.36  2.8180366191834327
0.48  2.8477965782588717
0.6  2.873783756941145
0.72  2.8959637272381133
0.84  2.9143071049733607
0.96  2.9287895887145465
1.08  2.939391991968112
1.2  2.946100268597681
1.3199999999999998  2.948905531432471
1.44  2.947804064041083
1.56  2.942797325655057
1.68  2.9338919492356617
1.7999999999999998  2.921099732686516
1.92  2.904437623223635
2.04  2.883927694923648
2.16  2.859597119479906
2.28  2.8314781302052427
2.4  2.7996079793290543
2.52  2.7640288886452966
2.6399999999999997  2.724787993576761
2.76  2.681937280729742
2.88  2.6355335190218296
3.0  2.585638184474056
3.12  2.5323173787670434
3.2399999999999998  2.4756417416690444
3.36  2.4156863574518948
3.48  2.352530655418854
3.5999999999999996  2.286258304676125
3.7199999999999998  2.216957103287445
3.84  2.1447188619586135
3.96  2.0696392824060386
4.08  1.9918178305704506
4.2  1.911357604843741
4.32  1.8283651994835084
4.4399999999999995  1.742950563396257
4.56  1.6552268544763309
4.68  1.5653102896935653
4.8  1.4733199911282453
4.92  1.379377828157362
5.04  1.2836082560012265
5.16  1.1861381508443425
5.279999999999999  1.0870966417489707
5.3999999999999995  0.9866149395840577
5.52  0.8848261631961876
5.64  0.7818651630528174
5.76  0.6778683425914565
5.88  0.5729734775114587
6.0  0.46731953324783426
6.12  0.3610464808688898
6.24  0.254295111641599
6.359999999999999  0.14720685051037052
6.4799999999999995  0.039923568736309756
6.6  0.0
6.72  0.0
6.84  0.0
6.96  0.0
7.08  0.0
7.199999999999999  0.0
7.319999999999999  0.0
7.4399999999999995  0.0
7.56  0.0
7.68  0.0
7.8  0.0
7.92  0.0
8.04  0.0
8.16  0.0
8.28  0.0
8.4  0.0
8.52  0.0
8.64  0.0
8.76  0.0
8.879999999999999  0.0
9.0  0.0
9.12  0.0
9.24  0.0
9.36  0.0
9.48  0.0
9.6  0.0
9.719999999999999  0.0
9.84  0.0
9.959999999999999  0.0
10.08  0.0
10.2  0.0
10.32  0.0
10.44  0.0
10.559999999999999  0.0
10.68  0.0
10.799999999999999  0.0
10.92  0.0
11.04  0.0
11.16  0.0
11.28  0.0
11.4  0.0
11.52  0.0
11.639999999999999  0.0
11.76  0.0
11.879999999999999  0.0
12.0  0.0
12.12  0.0
12.24  0.0
12.36  0.0
12.48  0.0
12.6  0.0
12.719999999999999  0.0
12.84  0.0
12.959999999999999  0.0
13.08  0.0
13.2  0.0
13.32  0.0
13.44  0.0
13.559999999999999  0.0
13.68  0.0
13.799999999999999  0.0
13.92  0.0
14.04  0.0
14.16  0.0
14.28  0.0
14.399999999999999  0.0
14.52  0.0
14.639999999999999  0.0
14.76  0.0
14.879999999999999  0.0
15.0  0.0
15.12  0.0
15.24  0.0
15.36  0.0
15.479999999999999  0.0
15.6  0.0
15.719999999999999  0.0
15.84  0.0
15.959999999999999  0.0
16.08  0.0
16.2  0.0
16.32  0.0
16.439999999999998  0.0
16.56  0.0
16.68  0.0
16.8  0.0
16.919999999999998  0.03438663872761882
17.04  0.1416761271203999
17.16  0.24877792201054305
17.28  0.3555501342073204
17.4  0.46185131115341804
17.52  0.567540624322243
17.64  0.6724780557885235
17.759999999999998  0.7765245837250022
17.88  0.8795423665795299
18.0  0.9813949256884722
18.12  1.0819473260845847
18.24  1.1810663552597793
18.36  1.2786206996459821
18.48  1.374481118580226
18.599999999999998  1.4685206155235662
18.72  1.5606146063069892
18.84  1.6506410841813373
18.96  1.7384807814527132
19.08  1.824017327489114
19.2  1.9071374028890689
19.32  1.9877308896079253
19.439999999999998  2.065691016843012
19.56  2.1409145024843204
19.68  2.21330168994335
19.8  2.2827566801788377
19.919999999999998  2.3491874587444683
20.04  2.412506017690241
20.16  2.472628472156002
20.279999999999998  2.529475171502679
20.4  2.582970804834004
20.52  2.6330445007688876
20.64  2.679629921332324
20.759999999999998  2.722665349840383
20.88  2.7620937726629062
21.0  2.797862954755547
21.119999999999997  2.8299255088611113
21.24  2.858238958288534
21.36  2.8827657931862736
21.48  2.9034735202356314
21.599999999999998  2.9203347056981177
21.72  2.933327011759858
21.84  2.942433226124881
21.96  2.9476412848180855
22.08  2.948944288167678
22.2  2.9463405099459052
22.32  2.9398333996559725
22.439999999999998  2.9294315779621165
22.56  2.915148825268893
22.68  2.897004063464801
22.8  2.8750213308544357
22.919999999999998  2.8492297503123782
23.04  2.8196634907010107
23.16  2.7863617216033765
23.279999999999998  2.749368561431048
23.4  2.708733018975747
23.52  2.664508928482173
23.64  2.616754878328017
23.759999999999998  2.5655341334056883
23.88  2.510914551308538
24.0  2.452968492432668
24.119999999999997  2.391772724113381
24.24  2.327408318923279
24.36  2.2599605472667808
24.48  2.1895187644132905
24.599999999999998  2.116176292118742
24.72  2.040030294992275
24.84  1.961181651771925
24.96  1.879734821679754
25.08  1.7957977060335815
25.2  1.7094815052985537
25.32  1.620900571768037
25.439999999999998  1.5301722580688928
25.56  1.4374167616919253
25.68  1.3427569657534209
25.8  1.2463182761987603
25.919999999999998  1.1482284556637534
26.04  1.048617454213833
26.16  0.9476172371853141
26.279999999999998  0.8453616103568257
26.4  0.7419860426824736
26.52  0.6376274868216733
26.64  0.532424197703317
26.759999999999998  0.4265155493646856
26.88  0.32004185030778176
27.0  0.21314415761767713
27.119999999999997  0.10596409008910868
27.24  0.0
27.36  0.0
27.48  0.0
27.599999999999998  0.0
27.72  0.0
27.84  0.0
27.959999999999997  0.0
28.08  0.0
28.2  0.0
28.32  0.0
28.439999999999998  0.0
28.56  0.0
28.68  0.0
28.799999999999997  0.0
28.919999999999998  0.0
29.04  0.0
29.16  0.0
29.279999999999998  0.0
29.4  0.0
29.52  0.0
29.64  0.0
29.759999999999998  0.0
29.88  0.0
30.0  0.0
30.119999999999997  0.0
30.24  0.0
30.36  0.0
30.48  0.0
30.599999999999998  0.0
30.72  0.0
30.84  0.0
30.959999999999997  0.0
31.08  0.0
31.2  0.0
31.32  0.0
31.439999999999998  0.0
31.56  0.0
31.68  0.0
31.799999999999997  0.0
31.919999999999998  0.0
32.04  0.0
32.16  0.0
32.28  0.0
32.4  0.0
32.519999999999996  0.0
32.64  0.0
32.76  0.0
32.879999999999995  0.0
33.0  0.0
33.12  0.0
33.24  0.0
33.36  0.0
33.48  0.0
33.6  0.0
33.72  0.0
33.839999999999996  0.0
33.96  0.0
34.08  0.0
34.199999999999996  0.0
34.32  0.0
34.44  0.0
34.56  0.0
34.68  0.0
34.8  0.0
34.92  0.0
35.04  0.0
35.16  0.0
35.28  0.0
35.4  0.0
35.519999999999996  0.0
35.64  0.0
35.76  0.0
35.879999999999995  0.0
36.0  0.0
36.12  0.0
36.24  0.0
36.36  0.0
36.48  0.0
36.6  0.0
36.72  0.0
36.839999999999996  0.0
36.96  0.0
37.08  0.0
37.199999999999996  0.0
37.32  0.0
37.44  0.0
37.559999999999995  0.0
37.68  0.07566026286392802
37.8  0.1828943806027492
37.92  0.2898861986146781
38.04  0.396493973407106
38.16  0.5025764702705208
38.28  0.6079931503872096
38.4  0.7126043570180105
38.519999999999996  0.8162715005205782
38.64  0.9188572419538549
38.76  1.0202256750256273
38.879999999999995  1.1202425061421506
39.0  1.2187752323211827
39.12  1.3156933167328582
39.24  1.4108683616357924
39.36  1.5041742784792367
39.48  1.5954874549461113
39.6  1.6846869187154208
39.72  1.7716544977271989
39.839999999999996  1.856274976737696
39.96  1.938436249957293
40.08  2.018029469569028
40.199999999999996  2.0949491899309414
40.32  2.1690935072711746
40.44  2.2403641946907618
40.559999999999995  2.3086668322953416
40.68  2.3739109322832515
40.8  2.436010058824386
40.92  2.494881942570985
41.04  2.550448589648623
41.16  2.6026363849830347
41.28  2.6513761898258656
41.4  2.696603433350145
41.519999999999996  2.738258198194185
41.64  2.7762852998404965
41.76  2.8106343597246104
41.879999999999995  2.8412598719769595
42.0  2.8681212637093525
42.12  2.89118294876622
42.239999999999995  2.910414374869398
42.36  2.9257900640939947
42.48  2.9372896466217115
42.6  2.944897887726932
42.72  2.9486047079597792
42.839999999999996  2.948405196499444
42.96  2.944299617660074
43.08  2.9362934105406104
43.199999999999996  2.9243971818190255
43.32  2.9086266917005306
43.44  2.8890028330383486
43.559999999999995  2.865551603654711
43.68  2.838304071898772
43.8  2.8072963354870453
43.92  2.772569473680903
44.04  2.7341694928644884
44.16  2.6921472655951417
44.28  2.6465584632070844
44.4  2.597463482057675
44.519999999999996  2.5449273635138723
44.64  2.489019707785003
44.76  2.4298145817159353
44.879999999999995  2.367390420662795
45.0  2.301829924581292
45.12  2.2332199484652415
45.239999999999995  2.1616513872804672
45.36  2.0872190555465346
45.48  2.0100215617258486
45.6  1.9301611775864416
45.72  1.8477437027116812
45.839999999999996  1.7628783243362212
45.96  1.6756774726940369
46.08  1.5862566720700668
46.199999999999996  1.4947343877528434
46.32  1.4012318690908692
46.44  1.305872988860685
46.559999999999995  1.208784079159312
46.68  1.1100937640386568
46.8  1.0099327891034924
46.92  0.9084338482987735
47.04  0.8057314081157978
47.16  0.7019615294500651
47.28  0.5972616873468756
47.4  0.49177058887348546
47.519999999999996  0.385627989358974
47.64  0.2789745072454626
47.76  0.17195143779585065
47.879999999999995  0.06470056590484963
48.0  0.0
48.12  0.0
48.239999999999995  0.0
48.36  0.0
48.48  0.0
48.6  0.0
48.72  0.0
48.839999999999996  0.0
48.96  0.0
49.08  0.0
49.199999999999996  0.0
49.32  0.0
49.44  0.0
49.559999999999995  0.0
49.68  0.0
49.8  0.0
49.92  0.0
50.04  0.0
50.16  0.0
50.28  0.0
50.4  0.0
50.519999999999996  0.0
50.64  0.0
50.76  0.0
50.879999999999995  0.0
51.0  0.0
51.12  0.0
51.239999999999995  0.0
51.36  0.0
51.48  0.0
51.6  0.0
51.72  0.0
51.839999999999996  0.0
51.96  0.0
52.08  0.0
52.199999999999996  0.0
52.32  0.0
52.44  0.0
52.559999999999995  0.0
52.68  0.0
52.8  0.0
52.919999999999995  0.0
53.04  0.0
53.16  0.0
53.28  0.0
53.4  0.0
53.519999999999996  0.0
53.64  0.0
53.76  0.0
53.879999999999995  0.0
54.0  0.0
54.12  0.0
54.239999999999995  0.0
54.36  0.0
54.48  0.0
54.6  0.0
54.72  0.0
54.839999999999996  0.0
54.96  0.0
55.08  0.0
55.199999999999996  0.0
55.32  0.0
55.44  0.0
55.559999999999995  0.0
55.68  0.0
55.8  0.0
55.919999999999995  0.0
56.04  0.0
56.16  0.0
56.28  0.0
56.4  0.0
56.519999999999996  0.0
56.64  0.0
56.76  0.0
56.879999999999995  0.0
57.0  0.0
57.12  0.0
57.239999999999995  0.0
57.36  0.0
57.48  0.0
57.599999999999994  0.0
57.72  0.0
57.839999999999996  0.0
57.96  0.0
58.08  0.0
58.199999999999996  0.0
58.32  0.009606431669467508
58.44  0.11691906130065743
58.559999999999995  0.22407679575940764
58.68  0.3309376717458816
58.8  0.43736011924034734
58.919999999999995  0.5432031490561701
59.04  0.6483265396232196
59.16  0.7525910227543373
59.28  0.8558584681488421
59.4  0.9579920663884594
59.519999999999996  1.0588565101833833
59.64  1.1583181736283115
59.76  1.2562452892309168
59.879999999999995  1.3525081224783846
60.0  1.4469791437105513
60.12  1.5395331970720434
60.239999999999995  1.6300476663196688
60.36  1.718402637265223
60.48  1.804481056638605
60.599999999999994  1.8881688871608378
60.72  1.9693552586214127
60.839999999999996  2.047932614759878
60.96  2.123796855757157
61.08  2.1968474761476773
61.199999999999996  2.2669876979696757
61.32  2.3341245989773487
61.44  2.3981692357448514
61.559999999999995  2.4590367614991635
61.68  2.516646538525681
61.8  2.570922244997587
61.919999999999995  2.621791976087567
62.04  2.6691883392277984
62.16  2.7130485433920692
62.28  2.7533144822817937
62.4  2.7899328113056003
62.519999999999996  2.8228550182506384
62.64  2.852037487551877
62.76  2.877441558074296
62.879999999999995  2.8990335743314413
63.0  2.91678493107243
63.12  2.9306721111783878
63.239999999999995  2.940676716818084
63.36  2.94678549382151
63.48  2.948990349239093
63.599999999999994  2.947288362063288
63.72  2.941681787098352
63.839999999999996  2.932178051973162
63.96  2.91878974730104
64.08  2.9015346099996298
64.2  2.880435499792894
64.32  2.8555203689264133
64.44  2.826822225136035
64.56  2.7943790879190256
64.67999999999999  2.758233938165573
64.8  2.718434661217382
64.92  2.6750339834288956
65.03999999999999  2.628089402315016
65.16  2.577663110378021
65.28  2.5238219127145243
65.39999999999999  2.466637138511599
65.52  2.4061845465494
65.64  2.3425442248354056
65.75999999999999  2.275800484503298
65.88  2.206041748116964
66.0  2.13336043252769
66.12  2.0578528264397034
66.24  1.9796189628462328
66.36  1.898762486505058
66.48  1.8153905166293187
66.6  1.7296135049752017
66.72  1.6415450895146504
66.84  1.5513019438871076
66.96  1.4590036228293881
67.08  1.36477240378878
67.2  1.268733124929071
67.32  1.1710130197440423
67.44  1.071741548497701
67.56  0.9710502267144183
67.67999999999999  0.8690724509463006
67.8  0.7659433220484678
67.92  0.6617994661965432
68.03999999999999  0.5567788538834029
68.16  0.4510206171348108
68.28  0.34466486518649186
68.39999999999999  0.23785249886639603
68.52  0.13072502392825547
68.64  0.02342436358391753
68.75999999999999  0.0
68.88  0.0
69.0  0.0
69.12  0.0
69.24  0.0
69.36  0.0
69.48  0.0
69.6  0.0
69.72  0.0
69.84  0.0
69.96  0.0
70.08  0.0
70.2  0.0
70.32  0.0
70.44  0.0
70.56  0.0
70.67999999999999  0.0
70.8  0.0
70.92  0.0
71.03999999999999  0.0
71.16  0.0
71.28  0.0
71.39999999999999  0.0
71.52  0.0
71.64  0.0
71.75999999999999  0.0
71.88  0.0
72.0  0.0
72.11999999999999  0.0
72.24  0.0
72.36  0.0
72.48  0.0
72.6  0.0
72.72  0.0
72.84  0.0
72.96  0.0
73.08  0.0
73.2  0.0
73.32  0.0
73.44  0.0
73.56  0.0
73.67999999999999  0.0
73.8  0.0
73.92  0.0
74.03999999999999  0.0
74.16  0.0
74.28  0.0
74.39999999999999  0.0
74.52  0.0
74.64  0.0
74.75999999999999  0.0
74.88  0.0
75.0  0.0
75.11999999999999  0.0
75.24  0.0
75.36  0.0
75.48  0.0
75.6  0.0
75.72  0.0
75.84  0.0
75.96  0.0
76.08  0.0
76.2  0.0
76.32  0.0
76.44  0.0
76.56  0.0
76.67999999999999  0.0
76.8  0.0
76.92  0.0
77.03999999999999  0.0
77.16  0.0
77.28  0.0
77.39999999999999  0.0
77.52  0.0
77.64  0.0
77.75999999999999  0.0
77.88  0.0
78.0  0.0
78.11999999999999  0.0
78.24  0.0
78.36  0.0
78.48  0.0
78.6  0.0
78.72  0.0
78.84  0.0
78.96  0.0
79.08  0.05088507105846807
79.2  0.15815494933749408
79.32  0.2652153028574493
79.44  0.37192429732942056
79.56  0.4781405639473769
79.67999999999999  0.5837233866744882
79.8  0.6885328886647567
79.92  0.7924302175727872
80.03999999999999  0.8952777295062869
80.16  0.9969391713777431
80.28  1.097279861413317
80.39999999999999  1.1961668675802413
80.52  1.293469183696141
80.64  1.3890579029868082
80.75999999999999  1.4828063888628338
80.88  1.574590442688684
81.0  1.6642884683217916
81.11999999999999  1.751781633204015
81.24  1.8369540257918722
81.36  1.9196928091168393
81.48  1.9998883702726358
81.6  2.077434465631082
81.72  2.1522283615944393
81.84  2.2241709706975588
81.96  2.2931669828796064
82.08  2.3591249917515595
82.2  2.4219576156919276
82.32  2.4815816136105657
82.44  2.5379179952270716
82.56  2.590892125717582
82.67999999999999  2.640433824591534
82.8  2.686477458667284
82.92  2.728962029023338
83.03999999999999  2.7678312518101893
83.16  2.8030336328155268
83.28  2.8345225356841115
83.39999999999999  2.862256243701962
83.52  2.8861980150629263
83.64  2.9063161315444823
83.75999999999999  2.922583940528254
83.88  2.934979890309585
84.0  2.943487558649387
84.11999999999999  2.9480956745304274
84.24  2.948798133089256
84.36  2.9455940037039667
84.47999999999999  2.938487531227096
84.6  2.9274881303620046
84.72  2.912610373190224
84.84  2.89387396986626
84.96  2.8713037425054395
85.08  2.844929592299407
85.2  2.814786459902827
85.32  2.780914279143754
85.44  2.7433579241190307
85.56  2.7021671497447715
85.67999999999999  2.6573965258407277
85.8  2.6091053648357896
85.92  2.557357643190488
86.03999999999999  2.502221916640562
86.16  2.4437712293737954
86.28  2.3820830172606424
86.39999999999999  2.3172390052666305
86.52  2.249325099182524
86.64  2.178431271815824
86.75999999999999  2.104651443794136
86.88  2.02808335913844
87.0  1.9488284557712325
87.11999999999999  1.866991731130796
87.24  1.7826816030699004
87.36  1.6960097662231166
87.47999999999999  1.6070910440329504
87.6  1.516043236630984
87.72  1.4229869647754834
87.84  1.3280455100521307
87.96  1.231344651549816
88.08  1.1330124992275294
88.2  1.033179324193532
88.32  0.9319773861212458
88.44  0.8295407580306722
88.56  0.7260051486676569
88.67999999999999  0.6215077227159551
88.8  0.5161869190804599
88.92  0.4101822674825246
89.03999999999999  0.3036342036099213
89.16  0.19668388306672258
89.28  0.08947299436942147
89.39999999999999  0.0
89.52  0.0
89.64  0.0
89.75999999999999  0.0
89.88  0.0
90.0  0.0
90.11999999999999  0.0
90.24  0.0
90.36  0.0
90.47999999999999  0.0
90.6  0.0
90.72  0.0
90.84  0.0
90.96  0.0
91.08  0.0
91.2  0.0
91.32  0.0
91.44  0.0
91.56  0.0
91.67999999999999  0.0
91.8  0.0
91.92  0.0
92.03999999999999  0.0
92.16  0.0
92.28  0.0
92.39999999999999  0.0
92.52  0.0
92.64  0.0
92.75999999999999  0.0
92.88  0.0
93.0  0.0
93.11999999999999  0.0
93.24  0.0
93.36  0.0
93.47999999999999  0.0
93.6  0.0
93.72  0.0
93.84  0.0
93.96  0.0
94.08  0.0
94.2  0.0
94.32  0.0
94.44  0.0
94.56  0.0
94.67999999999999  0.0
94.8  0.0
94.92  0.0
95.03999999999999  0.0
95.16  0.0
95.28  0.0
95.39999999999999  0.0
95.52  0.0
95.64  0.0
95.75999999999999  0.0
95.88  0.0
96.0  0.0
96.11999999999999  0.0
96.24  0.0
96.36  0.0
96.47999999999999  0.0
96.6  0.0
96.72  0.0
96.84  0.0
96.96  0.0
97.08  0.0
97.2  0.0
97.32  0.0
97.44  0.0
97.56  0.0
97.67999999999999  0.0
97.8  0.0
97.92  0.0
98.03999999999999  0.0
98.16  0.0
98.28  0.0
98.39999999999999  0.0
98.52  0.0
98.64  0.0
98.75999999999999  0.0
98.88  0.0
99.0  0.0
99.11999999999999  0.0
99.24  0.0
99.36  0.0
99.47999999999999  0.0
99.6  0.0
99.72  0.0
99.84  0.09215373946999428
99.96  0.19935984676343033
100.08  0.30630184076775846
100.2  0.412838043997541
100.32  0.5188273165617358
100.44  0.6241292431468507
100.56  0.728604319039987
100.67999999999999  0.8321141349457021
100.8  0.9345215603516507
100.92  1.035690925199892
101.03999999999999  1.1354881996236263
101.16  1.2337811715108349
101.28  1.3304396216597634
101.39999999999999  1.4253354962942724
101.52  1.518343076710312
101.64  1.6093391458289434
101.75999999999999  1.698203151435133
101.88  1.784817365886203
102.0  1.869067042078191
102.11999999999999  1.950840565463569
102.24  2.0300296019190447
102.36  2.1065292412672485
102.47999999999999  2.1802381362625027
102.6  2.2510586368563867
102.72  2.3188969195651037
102.83999999999999  2.3836631117675204
102.96  2.445271410769063
103.08  2.503640197473642
103.2  2.5586921445132327
103.32  2.610354318691705
103.44  2.658558277607205
103.56  2.703240160325125
103.67999999999999  2.7443407719814927
103.8  2.7818056622047562
103.92  2.815585197251993
104.03999999999999  2.845634625764025
104.16  2.8719141380523543
104.28  2.894388918839277
104.39999999999999  2.913029193381416
104.52  2.927810266915518
104.64  2.938712557374221
104.75999999999999  2.945721621328524
104.88  2.9488281731225428
105.0  2.9480280971752024
105.11999999999999  2.9433224534325935
105.24  2.9347174759637427
105.36  2.9222245647016836
105.47999999999999  2.90586027034074
105.6  2.885646272410052
105.72  2.8616093505523956
105.83999999999999  2.833781349046329
105.96  2.8021991346186517
106.08  2.7669045476031466
106.2  2.7279443465102062
106.32  2.6853701460808113
106.44  2.6392383489070252
106.56  2.5896100707093863
106.67999999999999  2.5365510593704457
106.8  2.4801316078314963
106.92  2.4204264609679704
107.03999999999999  2.3575147165669934
107.16  2.2914797205380024
107.28  2.222408956495599
107.39999999999999  2.1503939298606225
107.52  2.0755300466331
107.64  1.9979164869978079
107.75999999999999  1.9176560739296442
107.88  1.8348551369729993
108.0  1.7496233713757405
108.11999999999999  1.662073692764154
108.24  1.572322087551497
108.36  1.4804874592785042
108.47999999999999  1.3866914710891172
108.6  1.291058384550259
108.72  1.1937148950293726
108.83999999999999  1.094789963847475
108.96  0.9944146474302602
109.08  0.8927219236837634
109.2  0.7898465158242449
109.32  0.685924713895991
109.44  0.5810941942132497
109.56  0.47549383696582825
109.67999999999999  0.36926354222960844
109.8  0.2625440446259053
109.92  0.15547672687542236
110.03999999999999  0.04820343249329184
110.16  0.0
110.28  0.0
110.39999999999999  0.0
110.52  0.0
110.64  0.0
110.75999999999999  0.0
110.88  0.0
111.0  0.0
111.11999999999999  0.0
111.24  0.0
111.36  0.0
111.47999999999999  0.0
111.6  0.0
111.72  0.0
111.83999999999999  0.0
111.96  0.0
112.08  0.0
112.2  0.0
112.32  0.0
112.44  0.0
112.56  0.0
112.67999999999999  0.0
112.8  0.0
112.92  0.0
113.03999999999999  0.0
113.16  0.0
113.28  0.0
113.39999999999999  0.0
113.52  0.0
113.64  0.0
113.75999999999999  0.0
113.88  0.0
114.0  0.0
114.11999999999999  0.0
114.24  0.0
114.36  0.0
114.47999999999999  0.0
114.6  0.0
114.72  0.0
114.83999999999999  0.0
114.96  0.0
115.08  0.0
115.19999999999999  0.0
115.32  0.0
115.44  0.0
115.56  0.0
115.67999999999999  0.0
115.8  0.0
115.92  0.0
116.03999999999999  0.0
116.16  0.0
116.28  0.0
116.39999999999999  0.0
116.52  0.0
116.64  0.0
116.75999999999999  0.0
116.88  0.0
117.0  0.0
117.11999999999999  0.0
117.24  0.0
117.36  0.0
117.47999999999999  0.0
117.6  0.0
117.72  0.0
117.83999999999999  0.0
117.96  0.0
118.08  0.0
118.19999999999999  0.0
118.32  0.0
118.44  0.0
118.56  0.0
118.67999999999999  0.0
118.8  0.0
118.92  0.0
119.03999999999999  0.0
119.16  0.0
119.28  0.0
119.39999999999999  0.0
119.52  0.0
119.64  0.0
119.75999999999999  0.0
119.88  0.0
120.0  0.0
