0.0  2.463496011227626  100.0
0.12  2.447239282125663
0.24  2.4277404336772985
0.36  2.405025298090379
0.48  2.3791239685319603
0.6  2.3500707592606735
0.72  2.31790416016696
0.84  2.282666785781403
0.96  2.2444053188187016
1.08  2.203170448332096
1.2  2.15901680256016
1.3199999999999998  2.1120028765549375
1.44  2.0621909546872965
1.56  2.0096470281321697
1.68  1.9544407074429935
1.7999999999999998  1.8966451303311713
1.92  1.8363368647727323
2.04  1.7735958075705514
2.16  1.708505078506522
2.28  1.6411509102238964
2.4  1.5716225339856924
2.52  1.5000120614605041
2.6399999999999997  1.4264143626923338
2.76  1.3509269404161075
2.88  1.2736498008853863
3.0  1.1946853213833954
3.12  1.1141381145929006
3.2399999999999998  1.032114890004609
3.36  0.9487243125477058
3.48  0.8640768586298131
3.5999999999999996  0.7782846697770884
3.7199999999999998  0.6914614040683651
3.84  0.6037220855601483
3.96  0.5151829519019618
4.08  0.425961300343913
4.2  0.33617533234049213
4.32  0.24594399695647845
4.4399999999999995  0.15538683328240493
4.56  0.06462381206835066
4.68  0.0
4.8  0.0
4.92  0.0
5.04  0.0
5.16  0.0
5.279999999999999  0.0
5.3999999999999995  0.0
5.52  0.0
5.64  0.0
5.76  0.0
5.88  0.0
6.0  0.0
6.12  0.0
6.24  0.0
6.359999999999999  0.0
6.4799999999999995  0.0
6.6  0.0
6.72  0.0
6.84  0.0
6.96  0.0
7.08  0.0
7.199999999999999  0.0
7.319999999999999  0.0
7.4399999999999995  0.0
7.56  0.0
7.68  0.0
7.8  0.0
7.92  0.0
8.04  0.0
8.16  0.0
8.28  0.0
8.4  0.0
8.52  0.0
8.64  0.0
8.76  0.0
8.879999999999999  0.0
9.0  0.0
9.12  0.0
9.24  0.0
9.36  0.0
9.48  0.0
9.6  0.0
9.719999999999999  0.0
9.84  0.0
9.959999999999999  0.0
10.08  0.0
10.2  0.0
10.32  0.0
10.44  0.0
10.559999999999999  0.0
10.68  0.0
10.799999999999999  0.0
10.92  0.0
11.04  0.0
11.16  0.0
11.28  0.0
11.4  0.0
11.52  0.0
11.639999999999999  0.0
11.76  0.0
11.879999999999999  0.0
12.0  0.0
12.12  0.0
12.24  0.0
12.36  0.0
12.48  0.0
12.6  0.0
12.719999999999999  0.0
12.84  0.0
12.959999999999999  0.0
13.08  0.0
13.2  0.0
13.32  0.0
13.44  0.0
13.559999999999999  0.0
13.68  0.0
13.799999999999999  0.0
13.92  0.0
14.04  0.0
14.16  0.0
14.28  0.0
14.399999999999999  0.0
14.52  0.0
14.639999999999999  0.0
14.76  0.0
14.879999999999999  0.0
15.0  0.0
15.12  0.08910491338540583
15.24  0.17982426986155509
15.36  0.27030539391452907
15.479999999999999  0.3604284155320575
15.6  0.45007393911842936
15.719999999999999  0.5391232016705859
15.84  0.6274582301161733
15.959999999999999  0.7149619976050667
16.08  0.8015185785473449
16.2  0.8870133021923072
16.32  0.9713329045450595
16.439999999999998  1.0543656784194428
16.56  1.1360016214284698
16.68  1.2161325817162434
16.8  1.2946524012382672
16.919999999999998  1.3714570564003619
17.04  1.4464447958698265
17.16  1.5195162753763038
17.28  1.5905746893237425
17.4  1.6595258990391228
17.52  1.7262785574880102
17.64  1.7907442302917316
17.759999999999998  1.852837512885841
17.88  1.9124761436646833
18.0  1.9695811129621204
18.12  2.02407676772408
18.24  2.0758909117342395
18.36  2.1249549012600752
18.48  2.17120373599254
18.599999999999998  2.214576145158914
18.72  2.255014668694759
18.84  2.292465733367388
18.96  2.326879723750062
19.08  2.358211047952839
19.2  2.3864181980230312
19.32  2.411463804935213
19.439999999999998  2.433314688097972
19.56  2.451941899311777
19.68  2.467320761119755
19.8  2.4794308995005503
19.919999999999998  2.488256270859971
20.04  2.493785183285653
20.16  2.496010312036582
20.279999999999998  2.494928709246963
20.4  2.4905418078315735
20.52  2.4828554195874255
20.64  2.47187972749426
20.759999999999998  2.457629272224064
20.88  2.4401229328774896
21.0  2.4193839019726915
21.119999999999997  2.3954396547197216
21.24  2.3683219126211794
21.36  2.338066601447355
21.48  2.304713803641513
21.599999999999998  2.26830770521841
21.72  2.2288965372263445
21.84  2.186532511850349
21.96  2.14127175324112
22.08  2.0931742231613666
22.2  2.0423036415480444
22.32  1.9887274020957653
22.439999999999998  1.9325164829731545
22.56  1.8737453527904937
22.68  1.812491871943193
22.8  1.748837189461815
22.919999999999998  1.6828656355052716
23.04  1.61466460963966
23.16  1.5443244650507173
23.279999999999998  1.471938388843308
23.4  1.397602278586493
23.52  1.3214146152677961
23.64  1.2434763328248997
23.759999999999998  1.1638906844276888
23.88  1.0827631056877254
24.0  1.0002010749764474
24.119999999999997  0.9163139710370833
24.24  0.83121292807893
24.36  0.7450106885460149
24.48  0.6578214537551134
24.599999999999998  0.5697607326010824
24.72  0.4809451885298611
24.84  0.39149248498196965
24.96  0.30152112951115134
25.08  0.2111503167847772
25.2  0.12049977067390844
25.32  0.029689585642323102
25.439999999999998  0.0
25.56  0.0
25.68  0.0
25.8  0.0
25.919999999999998  0.0
26.04  0.0
26.16  0.0
26.279999999999998  0.0
26.4  0.0
26.52  0.0
26.64  0.0
26.759999999999998  0.0
26.88  0.0
27.0  0.0
27.119999999999997  0.0
27.24  0.0
27.36  0.0
27.48  0.0
27.599999999999998  0.0
27.72  0.0
27.84  0.0
27.959999999999997  0.0
28.08  0.0
28.2  0.0
28.32  0.0
28.439999999999998  0.0
28.56  0.0
28.68  0.0
28.799999999999997  0.0
28.919999999999998  0.0
29.04  0.0
29.16  0.0
29.279999999999998  0.0
29.4  0.0
29.52  0.0
29.64  0.0
29.759999999999998  0.0
29.88  0.0
30.0  0.0
30.119999999999997  0.0
30.24  0.0
30.36  0.0
30.48  0.0
30.599999999999998  0.0
30.72  0.0
30.84  0.0
30.959999999999997  0.0
31.08  0.0
31.2  0.0
31.32  0.0
31.439999999999998  0.0
31.56  0.0
31.68  0.0
31.799999999999997  0.0
31.919999999999998  0.0
32.04  0.0
32.16  0.0
32.28  0.0
32.4  0.0
32.519999999999996  0.0
32.64  0.0
32.76  0.0
32.879999999999995  0.0
33.0  0.0
33.12  0.0
33.24  0.0
33.36  0.0
33.48  0.0
33.6  0.0
33.72  0.0
33.839999999999996  0.0
33.96  0.0
34.08  0.0
34.199999999999996  0.0
34.32  0.0
34.44  0.0
34.56  0.0
34.68  0.0
34.8  0.0
34.92  0.0
35.04  0.0
35.16  0.0
35.28  0.0
35.4  0.0
35.519999999999996  0.0
35.64  0.0
35.76  0.033207278446467425
35.879999999999995  0.12401352032219459
36.0  0.21465546823762593
36.12  0.3050130391199335
36.24  0.3949665266409462
36.36  0.4843967598048644
36.48  0.5731852608268674
36.6  0.6612144020932625
36.72  0.7483675619953449
36.839999999999996  0.8345292794305317
36.96  0.9195854067659917
37.08  1.0034232610622231
37.199999999999996  1.0859317733561908
37.32  1.1670016358062443
37.44  1.2465254465038662
37.559999999999995  1.3243978517605044
37.68  1.4005156856808296
37.8  1.4747781068376178
37.92  1.5470867318671735
38.04  1.6173457658082764
38.16  1.685462129012011
38.28  1.7513455804543205
38.4  1.8149088372879072
38.519999999999996  1.8760676904751876
38.64  1.934741116348978
38.76  1.9908513839531965
38.879999999999995  2.0443241580213876
39.0  2.095088597456571
39.12  2.1430774491820213
39.24  2.18822713723861
39.36  2.230477847010652
39.48  2.269773604468741
39.6  2.306062350324514
39.72  2.3392960089991486
39.839999999999996  2.369430552314232
39.96  2.3964260578205807
40.08  2.420246761687779
40.199999999999996  2.440861106084351
40.32  2.4582417809857855
40.44  2.472365760355041
40.559999999999995  2.4832143326476066
40.68  2.490773125600677
40.8  2.4950321252736254
40.92  2.4959856893145433
41.04  2.4936325544352647
41.16  2.487975838084978
41.28  2.479023034320211
41.4  2.4667860038766527
41.519999999999996  2.4512809584559663
41.64  2.43252843924842
41.76  2.410553289719777
41.879999999999995  2.385384622698497
42.0  2.3570557818068703
42.12  2.3256042972871533
42.239999999999995  2.2910718362812466
42.36  2.253504147629779
42.48  2.212951001263741
42.6  2.1694661222689238
42.72  2.123107119710571
42.839999999999996  2.073935410312483
42.96  2.0220161370917347
43.08  1.9674180830567536
43.199999999999996  1.9102135800831146
43.32  1.8504784130877772
43.44  1.7882917196287322
43.559999999999995  1.723735885062986
43.68  1.656896433401897
43.8  1.5878619140083825
43.92  1.5167237842861105
44.04  1.4435762885161092
44.16  1.3685163330012888
44.28  1.291643357684312
44.4  1.213059204408904
44.519999999999996  1.1328679819990346
44.64  1.0511759283348643
44.76  0.9680912696080797
44.879999999999995  0.8837240769430676
45.0  0.7981861205739649
45.12  0.7115907217706741
45.239999999999995  0.6240526027100615
45.36  0.5356877344912376
45.48  0.4466131834962795
45.6  0.3569469562998329
45.72  0.2668078433332448
45.839999999999996  0.17631526151014926
45.96  0.08558909602215287
46.08  0.0
46.199999999999996  0.0
46.32  0.0
46.44  0.0
46.559999999999995  0.0
46.68  0.0
46.8  0.0
46.92  0.0
47.04  0.0
47.16  0.0
47.28  0.0
47.4  0.0
47.519999999999996  0.0
47.64  0.0
47.76  0.0
47.879999999999995  0.0
48.0  0.0
48.12  0.0
48.239999999999995  0.0
48.36  0.0
48.48  0.0
48.6  0.0
48.72  0.0
48.839999999999996  0.0
48.96  0.0
49.08  0.0
49.199999999999996  0.0
49.32  0.0
49.44  0.0
49.559999999999995  0.0
49.68  0.0
49.8  0.0
49.92  0.0
50.04  0.0
50.16  0.0
50.28  0.0
50.4  0.0
50.519999999999996  0.0
50.64  0.0
50.76  0.0
50.879999999999995  0.0
51.0  0.0
51.12  0.0
51.239999999999995  0.0
51.36  0.0
51.48  0.0
51.6  0.0
51.72  0.0
51.839999999999996  0.0
51.96  0.0
52.08  0.0
52.199999999999996  0.0
52.32  0.0
52.44  0.0
52.559999999999995  0.0
52.68  0.0
52.8  0.0
52.919999999999995  0.0
53.04  0.0
53.16  0.0
53.28  0.0
53.4  0.0
53.519999999999996  0.0
53.64  0.0
53.76  0.0
53.879999999999995  0.0
54.0  0.0
54.12  0.0
54.239999999999995  0.0
54.36  0.0
54.48  0.0
54.6  0.0
54.72  0.0
54.839999999999996  0.0
54.96  0.0
55.08  0.0
55.199999999999996  0.0
55.32  0.0
55.44  0.0
55.559999999999995  0.0
55.68  0.0
55.8  0.0
55.919999999999995  0.0
56.04  0.0
56.16  0.0
56.28  0.0
56.4  0.0
56.519999999999996  0.06814053978523787
56.64  0.15889782669318736
56.76  0.24944460467305302
56.879999999999995  0.33966091673380205
57.0  0.4294272436879123
57.12  0.5186246624911839
57.239999999999995  0.607135003792854
57.36  0.6948410084871268
57.48  0.7816264830588477
57.599999999999994  0.8673764535174752
57.72  0.9519773177153776
57.839999999999996  1.0353169958487856
57.96  1.117285078941857
58.08  1.1977729751172206
58.199999999999996  1.2766740534592862
58.32  1.353883785279586
58.44  1.429299882597076
58.559999999999995  1.502822433649996
58.68  1.574354035259634
58.8  1.6437999218707025
58.919999999999995  1.7110680910974367
59.04  1.7760694256089633
59.16  1.8387178111925317
59.28  1.8989302508382502
59.4  1.9566269746940677
59.519999999999996  2.0117315457454246
59.64  2.0641709610795402
59.76  2.1138757486001487
59.879999999999995  2.1607800590646375
60.0  2.204821753321562
60.12  2.2459424846330025
60.239999999999995  2.2840877759727505
60.36  2.3192070921978285
60.48  2.351253906997789
60.599999999999994  2.380185764533106
60.72  2.405964335680949
60.839999999999996  2.4285554688138657
60.96  2.447929235044101
61.08  2.464059967873589
61.199999999999996  2.476926297197098
61.32  2.4865111776135027
61.44  2.4928019110076427
61.559999999999995  2.495790163372871
61.68  2.495471975852009
61.8  2.49184776998206
61.919999999999995  2.484922347135759
62.04  2.4747048821606814
62.16  2.4612089112243405
62.28  2.444452313881378
62.4  2.424457289386615
62.519999999999996  2.401250327285319
62.64  2.374862172319675
62.76  2.345327783697948
62.879999999999995  2.3126862887802755
63.0  2.2769809312424756
63.12  2.238259013786527
63.239999999999995  2.1965718354736414
63.36  2.151974623762892
63.48  2.104526461345513
63.599999999999994  2.054290207871739
63.72  2.0013324166739266
63.839999999999996  1.9457232465962182
63.96  1.8875363690476379
64.08  1.8268488704017218
64.2  1.7637411498719235
64.32  1.6982968129982392
64.44  1.6306025608859431
64.56  1.5607480753434486
64.67999999999999  1.4888259000712025
64.8  1.4149313180591112
64.92  1.339162225355075
65.03999999999999  1.2616190013715574
65.16  1.1824043759022804
65.28  1.1016232930251142
65.39999999999999  1.0193827720713977
65.52  0.9357917658460282
65.64  0.8509610162860235
65.75999999999999  0.7650029077488789
65.88  0.6780313181249511
66.0  0.5901614679712763
66.12  0.5015097678666036
66.24  0.4121936641898552
66.36  0.32233148352630087
66.48  0.23204227590779047
66.6  0.14144565709440599
66.72  0.05066165010663132
66.84  0.0
66.96  0.0
67.08  0.0
67.2  0.0
67.32  0.0
67.44  0.0
67.56  0.0
67.67999999999999  0.0
67.8  0.0
67.92  0.0
68.03999999999999  0.0
68.16  0.0
68.28  0.0
68.39999999999999  0.0
68.52  0.0
68.64  0.0
68.75999999999999  0.0
68.88  0.0
69.0  0.0
69.12  0.0
69.24  0.0
69.36  0.0
69.48  0.0
69.6  0.0
69.72  0.0
69.84  0.0
69.96  0.0
70.08  0.0
70.2  0.0
70.32  0.0
70.44  0.0
70.56  0.0
70.67999999999999  0.0
70.8  0.0
70.92  0.0
71.03999999999999  0.0
71.16  0.0
71.28  0.0
71.39999999999999  0.0
71.52  0.0
71.64  0.0
71.75999999999999  0.0
71.88  0.0
72.0  0.0
72.11999999999999  0.0
72.24  0.0
72.36  0.0
72.48  0.0
72.6  0.0
72.72  0.0
72.84  0.0
72.96  0.0
73.08  0.0
73.2  0.0
73.32  0.0
73.44  0.0
73.56  0.0
73.67999999999999  0.0
73.8  0.0
73.92  0.0
74.03999999999999  0.0
74.16  0.0
74.28  0.0
74.39999999999999  0.0
74.52  0.0
74.64  0.0
74.75999999999999  0.0
74.88  0.0
75.0  0.0
75.11999999999999  0.0
75.24  0.0
75.36  0.0
75.48  0.0
75.6  0.0
75.72  0.0
75.84  0.0
75.96  0.0
76.08  0.0
76.2  0.0
76.32  0.0
76.44  0.0
76.56  0.0
76.67999999999999  0.0
76.8  0.0
76.92  0.0
77.03999999999999  0.0
77.16  0.012233365768763604
77.28  0.10306044892122773
77.39999999999999  0.19375099688576108
77.52  0.2841848622038627
77.64  0.37424223747196644
77.75999999999999  0.46380381406307436
77.88  0.5527509401876948
78.0  0.640965778084518
78.11999999999999  0.7283314601326554
78.24  0.8147322436787563
78.36  0.9000536643735574
78.48  0.9841826878151027
78.6  1.0670078592974612
78.72  1.148419451466747
78.84  1.2283096096885644
78.96  1.3065724949346542
79.08  1.3831044239991295
79.2  1.457804006858674
79.32  1.530572280994785
79.44  1.6013128424999645
79.56  1.6699319737942875
79.67999999999999  1.7363387677830708
79.8  1.8004452482912507
79.92  1.862166486614801
80.03999999999999  1.9214207140348412
80.16  1.9781294301454555
80.28  2.0322175068514947
80.39999999999999  2.083613287898827
80.52  2.1322486838050607
80.64  2.178059262064897
80.75999999999999  2.220984332510787
80.88  2.2609670277157012
81.0  2.29795437833144
81.11999999999999  2.331897383262811
81.24  2.3627510745846365
81.36  2.3904745771155254
81.48  2.41503116256963
81.6  2.436388298214505
81.72  2.4545176899707126
81.84  2.469395319896004
81.96  2.4810014780044476
82.08  2.4893207883783712
82.2  2.4943422295384625
82.32  2.4960591490451134
82.44  2.4944692723116138
82.56  2.4895747056175384
82.67999999999999  2.4813819333183367
82.8  2.4699018092548077
82.92  2.4551495423738667
83.03999999999999  2.4371446765796208
83.16  2.4159110648414717
83.28  2.391476837593547
83.39999999999999  2.363874365467296
83.52  2.333140216406664
83.64  2.2993151072226237
83.75999999999999  2.26244384965128
83.88  2.222575290986956
84.0  2.1797622493689683
84.11999999999999  2.134061443807818
84.24  2.085533419043406
84.36  2.0342424653350064
84.47999999999999  1.9802565332890654
84.6  1.9236471438377394
84.72  1.8644892934875386
84.84  1.8028613549634058
84.96  1.7388449733799862
85.08  1.6725249580776325
85.2  1.6039891702664306
85.32  1.5333284066270285
85.44  1.4606362790225977
85.56  1.3860090904811835
85.67999999999999  1.3095457076128223
85.8  1.2313474296303388
85.92  1.1515178541474742
86.03999999999999  1.0701627399320923
86.16  0.9873898667961538
86.28  0.903308892808385
86.39999999999999  0.8180312090184725
86.52  0.7316697918853878
86.64  0.6443390536055011
86.75999999999999  0.5561546905384704
86.88  0.46723352993186157
87.0  0.37769337514772294
87.11999999999999  0.2876528495957896
87.24  0.197231239580414
87.36  0.10654833626927973
87.47999999999999  0.01572427699318979
87.6  0.0
87.72  0.0
87.84  0.0
87.96  0.0
88.08  0.0
88.2  0.0
88.32  0.0
88.44  0.0
88.56  0.0
88.67999999999999  0.0
88.8  0.0
88.92  0.0
89.03999999999999  0.0
89.16  0.0
89.28  0.0
89.39999999999999  0.0
89.52  0.0
89.64  0.0
89.75999999999999  0.0
89.88  0.0
90.0  0.0
90.11999999999999  0.0
90.24  0.0
90.36  0.0
90.47999999999999  0.0
90.6  0.0
90.72  0.0
90.84  0.0
90.96  0.0
91.08  0.0
91.2  0.0
91.32  0.0
91.44  0.0
91.56  0.0
91.67999999999999  0.0
91.8  0.0
91.92  0.0
92.03999999999999  0.0
92.16  0.0
92.28  0.0
92.39999999999999  0.0
92.52  0.0
92.64  0.0
92.75999999999999  0.0
92.88  0.0
93.0  0.0
93.11999999999999  0.0
93.24  0.0
93.36  0.0
93.47999999999999  0.0
93.6  0.0
93.72  0.0
93.84  0.0
93.96  0.0
94.08  0.0
94.2  0.0
94.32  0.0
94.44  0.0
94.56  0.0
94.67999999999999  0.0
94.8  0.0
94.92  0.0
95.03999999999999  0.0
95.16  0.0
95.28  0.0
95.39999999999999  0.0
95.52  0.0
95.64  0.0
95.75999999999999  0.0
95.88  0.0
96.0  0.0
96.11999999999999  0.0
96.24  0.0
96.36  0.0
96.47999999999999  0.0
96.6  0.0
96.72  0.0
96.84  0.0
96.96  0.0
97.08  0.0
97.2  0.0
97.32  0.0
97.44  0.0
97.56  0.0
97.67999999999999  0.0
97.8  0.0
97.92  0.04717135457408078
98.03999999999999  0.1379601632654298
98.16  0.22856620138849845
98.28  0.318869433443984
98.39999999999999  0.4087502250921344
98.52  0.4980895016451922
98.64  0.5867689058182509
98.75999999999999  0.6746709545298486
98.88  0.761679194544409
99.0  0.8476783567501742
99.11999999999999  0.9325545088686062
99.24  1.016195206392614
99.36  1.0984896415537833
99.47999999999999  1.1793287901213139
99.6  1.2586055558380425
99.72  1.3362149123022742
99.84  1.4120540421075316
99.96  1.4860224730556915
100.08  1.558022211263327
100.2  1.6279578709845817
100.32  1.6957368009789038
100.44  1.7612692072560794
100.56  1.8244682720358485
100.67999999999999  1.8852502687647337
100.8  1.943534673037587
100.92  1.9992442692767942
101.03999999999999  2.0523052530280657
101.16  2.102647328737058
101.28  2.1502038028773933
101.39999999999999  2.194911672306725
101.52  2.2367117077337157
101.64  2.2755485321854163
101.75999999999999  2.31137069437104
101.88  2.344130736845012
102.0  2.3737852588789017
102.11999999999999  2.400294973958997
102.24  2.4236247618333753
102.36  2.4437437150394192
102.47999999999999  2.4606251798502523
102.6  2.4742467915857866
102.72  2.4845905042415852
102.83999999999999  2.4916426143963424
102.96  2.4953937793662733
103.08  2.4958390295823563
103.2  2.492977775174059
103.32  2.4868138067507997
103.44  2.477355290380124
103.56  2.4646147567692376
103.67999999999999  2.4486090846642505
103.8  2.429359478489085
103.92  2.4068914402537183
104.03999999999999  2.3812347357689494
104.16  2.3524233552124287
104.28  2.320495468098267
104.39999999999999  2.285493372709788
104.52  2.247463440062455
104.64  2.2064560524712684
104.75999999999999  2.162525536803914
104.88  2.1157300925081293
105.0  2.0661317145087277
105.11999999999999  2.013796111076273
105.24  1.9587926167762848
105.36  1.9011941006143926
105.47999999999999  1.8410768694989255
105.6  1.7785205671490156
105.72  1.713608068582069
105.83999999999999  1.6464253703203697
105.96  1.577061476462252
106.08  1.5056082807689404
106.2  1.4321604449230283
106.32  1.356815273119989
106.44  1.279672583159012
106.56  1.2008345742035829
106.67999999999999  1.1204056913874365
106.8  1.0384924874448855
106.92  0.9552034815489785
107.03999999999999  0.8706490155446716
107.16  0.7849411077670648
107.28  0.6981933046388622
107.39999999999999  0.6105205302432446
107.52  0.522038934071605
107.64  0.4328657371480118
107.75999999999999  0.34311907673394193
107.88  0.2529178498191763
108.0  0.1623815556063582
108.11999999999999  0.07163013719758105
108.24  0.0
108.36  0.0
108.47999999999999  0.0
108.6  0.0
108.72  0.0
108.83999999999999  0.0
108.96  0.0
109.08  0.0
109.2  0.0
109.32  0.0
109.44  0.0
109.56  0.0
109.67999999999999  0.0
109.8  0.0
109.92  0.0
110.03999999999999  0.0
110.16  0.0
110.28  0.0
110.39999999999999  0.0
110.52  0.0
110.64  0.0
110.75999999999999  0.0
110.88  0.0
111.0  0.0
111.11999999999999  0.0
111.24  0.0
111.36  0.0
111.47999999999999  0.0
111.6  0.0
111.72  0.0
111.83999999999999  0.0
111.96  0.0
112.08  0.0
112.2  0.0
112.32  0.0
112.44  0.0
112.56  0.0
112.67999999999999  0.0
112.8  0.0
112.92  0.0
113.03999999999999  0.0
113.16  0.0
113.28  0.0
113.39999999999999  0.0
113.52  0.0
113.64  0.0
113.75999999999999  0.0
113.88  0.0
114.0  0.0
114.11999999999999  0.0
114.24  0.0
114.36  0.0
114.47999999999999  0.0
114.6  0.0
114.72  0.0
114.83999999999999  0.0
114.96  0.0
115.08  0.0
115.19999999999999  0.0
115.32  0.0
115.44  0.0
115.56  0.0
115.67999999999999  0.0
115.8  0.0
115.92  0.0
116.03999999999999  0.0
116.16  0.0
116.28  0.0
116.39999999999999  0.0
116.52  0.0
116.64  0.0
116.75999999999999  0.0
116.88  0.0
117.0  0.0
117.11999999999999  0.0
117.24  0.0
117.36  0.0
117.47999999999999  0.0
117.6  0.0
117.72  0.0
117.83999999999999  0.0
117.96  0.0
118.08  0.0
118.19999999999999  0.0
118.32  0.0
118.44  0.0
118.56  0.0
118.67999999999999  0.08210010010815733
118.8  0.1728328441860521
118.92  0.2633366181293636
119.03999999999999  0.3534915219190566
119.16  0.44317811772173316
119.28  0.5322775881215682
119.39999999999999  0.620671893530488
119.52  0.708243928567876
119.64  0.7948776772024782
119.75999999999999  0.8804583664512882
119.88  0.9648726184316291
120.0  1.0480086005648492
