0.0  1.556772803876577  100.0
0.12  1.573577800016758
0.24  1.5882981095201372
0.36  1.6009142308199606
0.48  1.6114094499924023
0.6  1.619769862899289
0.72  1.6259843936083944
0.84  1.6300448090669115
0.96  1.6319457300086573
1.08  1.631684638080561
1.2  1.6292618791789955
1.3199999999999998  1.6246806629915316
1.44  1.6179470587447216
1.56  1.6090699871635472
1.68  1.5980612086531807
1.7999999999999998  1.584935307718722
1.92  1.5697096736435434
2.04  1.5524044774518506
2.16  1.5330426451859709
2.28  1.5116498275337746
2.4  1.48825436584647
2.52  1.4628872545917855
2.6399999999999997  1.4355821002922884
2.76  1.406375077003232
2.88  1.3753048783889212
3.0  1.342412666461081
3.12  1.3077420170471408
3.2399999999999998  1.2713388620606811
3.36  1.23325142865052
3.48  1.1935301753090555
3.5999999999999996  1.1522277250245103
3.7199999999999998  1.1093987955656373
3.84  1.0651001269912435
3.96  1.019390406480574
4.08  0.9723301905841342
4.2  0.9239818249979568
4.32  0.8744093619675983
4.4399999999999995  0.8236784754312856
4.56  0.7718563740146315
4.68  0.7190117119921904
4.8  0.6652144983338035
4.92  0.6105360039562375
5.04  0.5550486673029861
5.16  0.4988259983773243
5.279999999999999  0.44194248135575376
5.3999999999999995  0.38447347591085373
5.52  0.3264951173742746
5.64  0.2680842158721277
5.76  0.20931815456640446
5.88  0.1502747871372344
6.0  0.09103233464179705
6.12  0.03166928188652984
6.24  0.0
6.359999999999999  0.0
6.4799999999999995  0.0
6.6  0.0
6.72  0.0
6.84  0.0
6.96  0.0
7.08  0.0
7.199999999999999  0.0
7.319999999999999  0.0
7.4399999999999995  0.0
7.56  0.0
7.68  0.0
7.8  0.0
7.92  0.0
8.04  0.0
8.16  0.0
8.28  0.0
8.4  0.0
8.52  0.0
8.64  0.0
8.76  0.0
8.879999999999999  0.0
9.0  0.0
9.12  0.0
9.24  0.0
9.36  0.0
9.48  0.0
9.6  0.0
9.719999999999999  0.0
9.84  0.0
9.959999999999999  0.0
10.08  0.0
10.2  0.0
10.32  0.0
10.44  0.0
10.559999999999999  0.0
10.68  0.0
10.799999999999999  0.0
10.92  0.0
11.04  0.0
11.16  0.0
11.28  0.0
11.4  0.0
11.52  0.0
11.639999999999999  0.0
11.76  0.0
11.879999999999999  0.0
12.0  0.0
12.12  0.0
12.24  0.0
12.36  0.0
12.48  0.0
12.6  0.0
12.719999999999999  0.0
12.84  0.0
12.959999999999999  0.0
13.08  0.0
13.2  0.0
13.32  0.0
13.44  0.0
13.559999999999999  0.0
13.68  0.0
13.799999999999999  0.0
13.92  0.0
14.04  0.0
14.16  0.0
14.28  0.0
14.399999999999999  0.0
14.52  0.0
14.639999999999999  0.0
14.76  0.0
14.879999999999999  0.0
15.0  0.0
15.12  0.0
15.24  0.0
15.36  0.0
15.479999999999999  0.0
15.6  0.0
15.719999999999999  0.0
15.84  0.0
15.959999999999999  0.0
16.08  0.0
16.2  0.0
16.32  0.0
16.439999999999998  0.0
16.56  0.009456215205918994
16.68  0.06884416768635793
16.8  0.12814091494237245
16.919999999999998  0.18726790023745615
17.04  0.24614679173690907
17.16  0.30469958628239
17.28  0.3628487127310299
17.4  0.42051713472222074
17.52  0.4776284527359075
17.64  0.534107005307198
17.759999999999998  0.5898779692631825
17.88  0.6448674588491987
18.0  0.6990026236131727
18.12  0.752211744918399
18.24  0.8044243309568829
18.36  0.8555712101373747
18.48  0.9055846227243591
18.599999999999998  0.9543983106066168
18.72  1.0019476050764342
18.84  1.0481695125031336
18.96  1.0930027977874817
19.08  1.1363880654863545
19.2  1.178267838500242
19.32  1.2185866342192857
19.439999999999998  1.257291038027034
19.56  1.2943297740644835
19.68  1.3296537731606923
19.8  1.3632162378399486
19.919999999999998  1.3949727043193922
20.04  1.424881101414935
20.16  1.4529018062774546
20.279999999999998  1.4789976968854128
20.4  1.5031342012243716
20.52  1.525279343088225
20.64  1.5454037844415027
20.759999999999998  1.5634808642865956
20.88  1.5794866339844316
21.0  1.5933998889817949
21.119999999999997  1.6052021969032606
21.24  1.614877921970538
21.36  1.6224142457168498
21.48  1.6278011839689293
21.599999999999998  1.6310316000741194
21.72  1.6321012143550597
21.84  1.6310086097794319
21.96  1.6277552338372538
22.08  1.6223453966232357
22.2  1.614786265126735
22.32  1.6050878537368831
22.439999999999998  1.5932630109754515
22.56  1.5793274024750423
22.68  1.5632994902251527
22.8  1.5452005081136044
22.919999999999998  1.525054433795742
23.04  1.502887956928673
23.16  1.4787304438126265
23.279999999999998  1.45261389848628
23.4  1.4245729203275843
23.52  1.3946446582162786
23.64  1.362868761318793
23.759999999999998  1.3292873265607696
23.88  1.2939448428567566
24.0  1.2568881321709988
24.119999999999997  1.2181662874873795
24.24  1.1778306077706893
24.36  1.1359345300054198
24.48  1.09253355840207
24.599999999999998  1.0476851908647982
24.72  1.0014488428177917
24.84  0.9538857684913231
24.96  0.9050589797717121
25.08  0.8550331627227592
25.2  0.803874591889192
25.32  0.7516510424957115
25.439999999999998  0.6984317006578968
25.56  0.6442870717239725
25.68  0.5892888868688382
25.8  0.5335100080641224
25.919999999999998  0.47702433155013585
26.04  0.41990668993763247
26.16  0.3622327530690512
26.279999999999998  0.30407892777059864
26.4  0.24552225662794708
26.52  0.18664031591970787
26.64  0.12751111284383898
26.759999999999998  0.06821298217316907
26.88  0.00882448247696005
27.0  0.0
27.119999999999997  0.0
27.24  0.0
27.36  0.0
27.48  0.0
27.599999999999998  0.0
27.72  0.0
27.84  0.0
27.959999999999997  0.0
28.08  0.0
28.2  0.0
28.32  0.0
28.439999999999998  0.0
28.56  0.0
28.68  0.0
28.799999999999997  0.0
28.919999999999998  0.0
29.04  0.0
29.16  0.0
29.279999999999998  0.0
29.4  0.0
29.52  0.0
29.64  0.0
29.759999999999998  0.0
29.88  0.0
30.0  0.0
30.119999999999997  0.0
30.24  0.0
30.36  0.0
30.48  0.0
30.599999999999998  0.0
30.72  0.0
30.84  0.0
30.959999999999997  0.0
31.08  0.0
31.2  0.0
31.32  0.0
31.439999999999998  0.0
31.56  0.0
31.68  0.0
31.799999999999997  0.0
31.919999999999998  0.0
32.04  0.0
32.16  0.0
32.28  0.0
32.4  0.0
32.519999999999996  0.0
32.64  0.0
32.76  0.0
32.879999999999995  0.0
33.0  0.0
33.12  0.0
33.24  0.0
33.36  0.0
33.48  0.0
33.6  0.0
33.72  0.0
33.839999999999996  0.0
33.96  0.0
34.08  0.0
34.199999999999996  0.0
34.32  0.0
34.44  0.0
34.56  0.0
34.68  0.0
34.8  0.0
34.92  0.0
35.04  0.0
35.16  0.0
35.28  0.0
35.4  0.0
35.519999999999996  0.0
35.64  0.0
35.76  0.0
35.879999999999995  0.0
36.0  0.0
36.12  0.0
36.24  0.0
36.36  0.0
36.48  0.0
36.6  0.0
36.72  0.0
36.839999999999996  0.0
36.96  0.0
37.08  0.0
37.199999999999996  0.0
37.32  0.032300903196817
37.44  0.09166308701182041
37.559999999999995  0.1509038349419382
37.68  0.2099446644389556
37.8  0.26870735780796007
37.92  0.3271140658306877
38.04  0.3850874109006943
38.16  0.44255058953374665
38.28  0.49942747411760036
38.4  0.5556427137663629
38.519999999999996  0.6111218341458954
38.64  0.6657913361379013
38.76  0.7195787932120555
38.879999999999995  0.7724129473771864
39.0  0.8242238035843309
39.12  0.8749427224566637
39.24  0.9245025112234209
39.36  0.9728375127373178
39.48  1.0198836924576176
39.6  1.0655787232835112
39.72  1.1098620681254843
39.839999999999996  1.1526750601052818
39.96  1.1939609802781752
40.08  1.2336651327746149
40.199999999999996  1.2717349172616974
40.32  1.3081198986284412
40.44  1.3427718738025574
40.559999999999995  1.37564493561023
40.68  1.406695533594241
40.8  1.435882531709913
40.92  1.4631672628224284
41.04  1.4885135799333093
41.16  1.5118879040682147
41.28  1.5332592687625919
41.4  1.552599361086254
41.519999999999996  1.569882559152557
41.64  1.585085966062441
41.76  1.5981894402384003
41.879999999999995  1.6091756221081859
42.0  1.6180299571028822
42.12  1.6247407149389015
42.239999999999995  1.629299005158344
42.36  1.631698788907137
42.48  1.6319368869353486
42.6  1.6300129838090822
42.72  1.6259296283283637
42.839999999999996  1.6196922301504748
42.96  1.6113090526232015
43.08  1.6007912018374948
43.199999999999996  1.5881526119140448
43.32  1.5734100265432611
43.44  1.5565829768031234
43.559999999999995  1.5376937552842662
43.68  1.516767386556608
43.8  1.4938315940166305
43.92  1.4689167631592306
44.04  1.4420559013228114
44.16  1.4132845939609304
44.28  1.3826409574984477
44.4  1.3501655888346364
44.519999999999996  1.315901511560115
44.64  1.2798941189589095
44.76  1.2421911138711255
44.879999999999995  1.2028424454958853
45.0  1.161900243218301
45.12  1.1194187475481023
45.239999999999995  1.0754542382614347
45.36  1.0300649598410274
45.48  0.9833110443135205
45.6  0.9352544315861158
45.72  0.8859587873881907
45.839999999999996  0.8354894189264832
45.96  0.783913188365675
46.08  0.7312984242489303
46.199999999999996  0.6777148309757692
46.32  0.6232333964572052
46.44  0.5679262980704928
46.559999999999995  0.5118668070380128
46.68  0.4551291913570743
46.8  0.39778861740916593
46.92  0.3399210503790116
47.04  0.28160315361537946
47.16  0.22291218706694432
47.28  0.1639259049277817
47.4  0.10472245262809954
47.519999999999996  0.0453802633066035
47.64  0.0
47.76  0.0
47.879999999999995  0.0
48.0  0.0
48.12  0.0
48.239999999999995  0.0
48.36  0.0
48.48  0.0
48.6  0.0
48.72  0.0
48.839999999999996  0.0
48.96  0.0
49.08  0.0
49.199999999999996  0.0
49.32  0.0
49.44  0.0
49.559999999999995  0.0
49.68  0.0
49.8  0.0
49.92  0.0
50.04  0.0
50.16  0.0
50.28  0.0
50.4  0.0
50.519999999999996  0.0
50.64  0.0
50.76  0.0
50.879999999999995  0.0
51.0  0.0
51.12  0.0
51.239999999999995  0.0
51.36  0.0
51.48  0.0
51.6  0.0
51.72  0.0
51.839999999999996  0.0
51.96  0.0
52.08  0.0
52.199999999999996  0.0
52.32  0.0
52.44  0.0
52.559999999999995  0.0
52.68  0.0
52.8  0.0
52.919999999999995  0.0
53.04  0.0
53.16  0.0
53.28  0.0
53.4  0.0
53.519999999999996  0.0
53.64  0.0
53.76  0.0
53.879999999999995  0.0
54.0  0.0
54.12  0.0
54.239999999999995  0.0
54.36  0.0
54.48  0.0
54.6  0.0
54.72  0.0
54.839999999999996  0.0
54.96  0.0
55.08  0.0
55.199999999999996  0.0
55.32  0.0
55.44  0.0
55.559999999999995  0.0
55.68  0.0
55.8  0.0
55.919999999999995  0.0
56.04  0.0
56.16  0.0
56.28  0.0
56.4  0.0
56.519999999999996  0.0
56.64  0.0
56.76  0.0
56.879999999999995  0.0
57.0  0.0
57.12  0.0
57.239999999999995  0.0
57.36  0.0
57.48  0.0
57.599999999999994  0.0
57.72  0.0
57.839999999999996  0.0
57.96  0.0
58.08  0.055139261795386585
58.199999999999996  0.1144640448692753
58.32  0.17363718519329718
58.44  0.232580289786242
58.559999999999995  0.29121527041982787
58.68  0.3494644470705021
58.8  0.40725065083045153
58.919999999999995  0.464497326141534
59.04  0.5211286322165873
59.16  0.5770695435138078
59.28  0.6322459491311343
59.4  0.6865847509888552
59.519999999999996  0.7400139606704519
59.64  0.7924627947933496
59.76  0.8438617687832065
59.879999999999995  0.8941427889275836
60.0  0.9432392425869468
60.12  0.9910860864435318
60.239999999999995  1.037619932671206
60.36  1.0827791329120797
60.48  1.1265038599486592
60.599999999999994  1.1687361869633812
60.72  1.2094201642804414
60.839999999999996  1.2485018934882997
60.96  1.2859295988446848
61.08  1.321653695869442
61.199999999999996  1.3556268570343806
61.32  1.387804074463129
61.44  1.4181427195578618
61.559999999999995  1.446602599473963
61.68  1.473146010367783
61.8  1.4977377873469395
61.919999999999995  1.5203453510570208
62.04  1.5409387508429324
62.16  1.5594907044277218
62.28  1.5759766340563397
62.4  1.5903746990564052
62.519999999999996  1.6026658247728873
62.64  1.612833727838335
62.76  1.6208649377451898
62.879999999999995  1.626748814691615
63.0  1.6304775636771704
63.12  1.632046244829686
63.239999999999995  1.6314527799496366
63.36  1.6286979552633563
63.48  1.6237854203814397
63.599999999999994  1.6167216834637121
63.72  1.607516102597178
63.839999999999996  1.596180873398358
63.96  1.5827310128564562
64.08  1.5671843394387526
64.2  1.5495614494845675
64.32  1.5298856899191038
64.44  1.508183127323259
64.56  1.484482513400466
64.67999999999999  1.4588152468862274
64.8  1.4312153319508423
64.92  1.4017193331504796
65.03999999999999  1.3703663269861759
65.16  1.3371978501350303
65.28  1.3022578444221398
65.39999999999999  1.2655925986061496
65.52  1.2272506870556015
65.64  1.1872829053972718
65.75999999999999  1.145742203221792
65.88  1.1026836139356462
66.0  1.0581641818525482
66.12  1.012242886620754
66.24  0.964980565086416
66.36  0.9164398306964812
66.48  0.8666849905480227
66.6  0.8157819601937306
66.72  0.7637981763165067
66.84  0.7108025073889503
66.96  0.6568651624358788
67.08  0.6020575980209515
67.2  0.5464524235805414
67.32  0.4901233052302249
67.44  0.43314486817142916
67.56  0.3755925978274441
67.67999999999999  0.31754273983983855
67.8  0.2590721990576803
67.92  0.20025843765348128
68.03999999999999  0.1411793725008051
68.16  0.08191327194939652
68.28  0.022538652134810933
68.39999999999999  0.0
68.52  0.0
68.64  0.0
68.75999999999999  0.0
68.88  0.0
69.0  0.0
69.12  0.0
69.24  0.0
69.36  0.0
69.48  0.0
69.6  0.0
69.72  0.0
69.84  0.0
69.96  0.0
70.08  0.0
70.2  0.0
70.32  0.0
70.44  0.0
70.56  0.0
70.67999999999999  0.0
70.8  0.0
70.92  0.0
71.03999999999999  0.0
71.16  0.0
71.28  0.0
71.39999999999999  0.0
71.52  0.0
71.64  0.0
71.75999999999999  0.0
71.88  0.0
72.0  0.0
72.11999999999999  0.0
72.24  0.0
72.36  0.0
72.48  0.0
72.6  0.0
72.72  0.0
72.84  0.0
72.96  0.0
73.08  0.0
73.2  0.0
73.32  0.0
73.44  0.0
73.56  0.0
73.67999999999999  0.0
73.8  0.0
73.92  0.0
74.03999999999999  0.0
74.16  0.0
74.28  0.0
74.39999999999999  0.0
74.52  0.0
74.64  0.0
74.75999999999999  0.0
74.88  0.0
75.0  0.0
75.11999999999999  0.0
75.24  0.0
75.36  0.0
75.48  0.0
75.6  0.0
75.72  0.0
75.84  0.0
75.96  0.0
76.08  0.0
76.2  0.0
76.32  0.0
76.44  0.0
76.56  0.0
76.67999999999999  0.0
76.8  0.0
76.92  0.0
77.03999999999999  0.0
77.16  0.0
77.28  0.0
77.39999999999999  0.0
77.52  0.0
77.64  0.0
77.75999999999999  0.0
77.88  0.0
78.0  0.0
78.11999999999999  0.0
78.24  0.0
78.36  0.0
78.48  0.0
78.6  0.0
78.72  0.0185877672469395
78.84  0.07796681580381343
78.96  0.13724257338961587
79.08  0.19633651107510358
79.2  0.2551703408072641
79.32  0.3136661191258984
79.44  0.3717463504236281
79.56  0.429334089612616
79.67999999999999  0.48635304406192487
79.8  0.5427276746705489
79.92  0.5983832959421145
80.03999999999999  0.6532461749287168
80.16  0.7072436289128926
80.28  0.7603041216981097
80.39999999999999  0.8123573583804458
80.52  0.8633343784757859
80.64  0.9131676472790822
80.75999999999999  0.9617911453348271
80.88  1.0091404559001045
81.0  1.0551528502842764
81.11999999999999  1.0997673709524105
81.24  1.1429249122822638
81.36  1.1845682988677617
81.48  1.2246423612654143
81.6  1.2630940090831397
81.72  1.2998723013148044
81.84  1.3349285138272045
81.96  1.3682162039101184
82.08  1.3996912718039636
82.2  1.4293120191234168
82.32  1.4570392040997417
82.44  1.4828360935685663
82.56  1.5066685116341996
82.67999999999999  1.5285048849461091
82.8  1.548316284527522
82.92  1.566076464100706
83.03999999999999  1.581761894858239
83.16  1.5953517966341255
83.28  1.6068281654335002
83.39999999999999  1.6161757972844513
83.52  1.6233823083803405
83.64  1.628438151485957
83.75999999999999  1.6313366285857587
83.88  1.6320738997574513
84.0  1.6306489882591415
84.11999999999999  1.627063781823333
84.24  1.6213230301560428
84.36  1.6134343386443617
84.47999999999999  1.6034081582807853
84.6  1.5912577718176606
84.72  1.576999276170116
84.84  1.5606515610907514
84.96  1.5422362841443635
85.08  1.5217778420158574
85.2  1.499303338189357
85.32  1.4748425470413133
85.44  1.448427874395215
85.56  1.4200943145901246
85.67999999999999  1.3898794041199527
85.8  1.3578231719048355
85.92  1.3239680862605558
86.03999999999999  1.288358998636241
86.16  1.2510430841948206
86.28  1.2120697793150907
86.39999999999999  1.1714907160980421
86.52  1.1293596539642745
86.64  1.0857324084331959
86.75999999999999  1.0406667771782179
86.88  0.9942224634559749
87.0  0.9464609970110988
87.11999999999999  0.897445652561143
87.24  0.8472413659698215
87.36  0.7959146482195474
87.47999999999999  0.743533497297199
87.6  0.690167308109935
87.72  0.6358867805503641
87.84  0.5807638258328057
87.96  0.5248714712248692
88.08  0.4682837633003657
88.2  0.4110756698419706
88.32  0.35332298052336
88.44  0.2951022065024984
88.56  0.23649047905920043
88.67999999999999  0.17756544741105018
88.8  0.11840517584315174
88.92  0.05908804028810466
89.03999999999999  0.0
89.16  0.0
89.28  0.0
89.39999999999999  0.0
89.52  0.0
89.64  0.0
89.75999999999999  0.0
89.88  0.0
90.0  0.0
90.11999999999999  0.0
90.24  0.0
90.36  0.0
90.47999999999999  0.0
90.6  0.0
90.72  0.0
90.84  0.0
90.96  0.0
91.08  0.0
91.2  0.0
91.32  0.0
91.44  0.0
91.56  0.0
91.67999999999999  0.0
91.8  0.0
91.92  0.0
92.03999999999999  0.0
92.16  0.0
92.28  0.0
92.39999999999999  0.0
92.52  0.0
92.64  0.0
92.75999999999999  0.0
92.88  0.0
93.0  0.0
93.11999999999999  0.0
93.24  0.0
93.36  0.0
93.47999999999999  0.0
93.6  0.0
93.72  0.0
93.84  0.0
93.96  0.0
94.08  0.0
94.2  0.0
94.32  0.0
94.44  0.0
94.56  0.0
94.67999999999999  0.0
94.8  0.0
94.92  0.0
95.03999999999999  0.0
95.16  0.0
95.28  0.0
95.39999999999999  0.0
95.52  0.0
95.64  0.0
95.75999999999999  0.0
95.88  0.0
96.0  0.0
96.11999999999999  0.0
96.24  0.0
96.36  0.0
96.47999999999999  0.0
96.6  0.0
96.72  0.0
96.84  0.0
96.96  0.0
97.08  0.0
97.2  0.0
97.32  0.0
97.44  0.0
97.56  0.0
97.67999999999999  0.0
97.8  0.0
97.92  0.0
98.03999999999999  0.0
98.16  0.0
98.28  0.0
98.39999999999999  0.0
98.52  0.0
98.64  0.0
98.75999999999999  0.0
98.88  0.0
99.0  0.0
99.11999999999999  0.0
99.24  0.0
99.36  0.0
99.47999999999999  0.04143046235324421
99.6  0.1007790921414432
99.72  0.15999420909877798
99.84  0.21899736463313058
99.96  0.2777103909602977
100.08  0.33605550466127515
100.2  0.39395540973018917
100.32  0.4513333999766084
100.44  0.5081134606464626
100.56  0.564220369126843
100.67999999999999  0.6195797946014676
100.8  0.674118396524688
100.92  0.727763921783475
101.03999999999999  0.7804453004188973
101.16  0.8320927397800666
101.28  0.882637816985905
101.39999999999999  0.9320135695722771
101.52  0.9801545842042981
101.64  1.0269970833363793
101.75999999999999  1.072479009705137
101.88  1.1165401085433095
102.0  1.159122007405668
102.11999999999999  1.200168293501217
102.24  1.2396245884292905
102.36  1.2774386202203767
102.47999999999999  1.3135602925864058
102.6  1.3479417512886762
102.72  1.3805374475354335
102.83999999999999  1.411304198325246
102.96  1.4402012436561544
103.08  1.467190300524768
103.2  1.4922356136438701
103.32  1.515304002811269
103.44  1.5363649068671477
103.56  1.5553904241817034
103.67999999999999  1.5723553496194114
103.8  1.5872372079309691
103.92  1.6000162835286562
104.03999999999999  1.610675646605676
104.16  1.61920117556489
104.28  1.6255815757271945
104.39999999999999  1.6298083942947952
104.52  1.631876031549533
104.64  1.6317817482714245
104.75999999999999  1.6295256693676015
104.88  1.6251107837068324
105.0  1.6185429401598503
105.11999999999999  1.6098308398507293
105.24  1.5989860246295684
105.36  1.5860228617817822
105.47999999999999  1.5709585249942122
105.6  1.5538129716033118
105.72  1.5346089161555345
105.83999999999999  1.513371800314947
105.96  1.4901297591579232
106.08  1.4649135838996281
106.2  1.437756681101593
106.32  1.4086950284144573
106.44  1.3777671269145693
106.56  1.3450139500974507
106.67999999999999  1.3104788895958712
106.8  1.2742076976942993
106.92  1.236248426715941
107.03999999999999  1.1966513653627429
107.16  1.155468972092516
107.28  1.1127558056216666
107.39999999999999  1.0685684526454127
107.52  1.0229654528713152
107.64  0.976007221465526
107.75999999999999  0.9277559690143369
107.88  0.8782756191071395
108.0  0.8276317236500734
108.11999999999999  0.7758913760223858
108.24  0.7231231221906312
108.36  0.6693968698985673
108.47999999999999  0.6147837960528677
108.6  0.5593562524274365
108.72  0.5031876698113468
108.83999999999999  0.44635246072719786
108.96  0.388925920848862
109.08  0.330984129249327
109.2  0.27260384761057566
109.32  0.21386241852920623
109.44  0.15483766305238622
109.56  0.09560777758006456
109.67999999999999  0.036251230269812085
109.8  0.0
109.92  0.0
110.03999999999999  0.0
110.16  0.0
110.28  0.0
110.39999999999999  0.0
110.52  0.0
110.64  0.0
110.75999999999999  0.0
110.88  0.0
111.0  0.0
111.11999999999999  0.0
111.24  0.0
111.36  0.0
111.47999999999999  0.0
111.6  0.0
111.72  0.0
111.83999999999999  0.0
111.96  0.0
112.08  0.0
112.2  0.0
112.32  0.0
112.44  0.0
112.56  0.0
112.67999999999999  0.0
112.8  0.0
112.92  0.0
113.03999999999999  0.0
113.16  0.0
113.28  0.0
113.39999999999999  0.0
113.52  0.0
113.64  0.0
113.75999999999999  0.0
113.88  0.0
114.0  0.0
114.11999999999999  0.0
114.24  0.0
114.36  0.0
114.47999999999999  0.0
114.6  0.0
114.72  0.0
114.83999999999999  0.0
114.96  0.0
115.08  0.0
115.19999999999999  0.0
115.32  0.0
115.44  0.0
115.56  0.0
115.67999999999999  0.0
115.8  0.0
115.92  0.0
116.03999999999999  0.0
116.16  0.0
116.28  0.0
116.39999999999999  0.0
116.52  0.0
116.64  0.0
116.75999999999999  0.0
116.88  0.0
117.0  0.0
117.11999999999999  0.0
117.24  0.0
117.36  0.0
117.47999999999999  0.0
117.6  0.0
117.72  0.0
117.83999999999999  0.0
117.96  0.0
118.08  0.0
118.19999999999999  0.0
118.32  0.0
118.44  0.0
118.56  0.0
118.67999999999999  0.0
118.8  0.0
118.92  0.0
119.03999999999999  0.0
119.16  0.0
119.28  0.0
119.39999999999999  0.0
119.52  0.0
119.64  0.0
119.75999999999999  0.0
119.88  0.0
120.0  0.0
