0.0  0.9295069364967965  100.0
0.12  0.9323991470265297
0.24  0.934056108786262
0.36  0.9344756266217166
0.48  0.933657144752794
0.6  0.9316017475098751
0.72  0.9283121578972913
0.84  0.9237927339858708
0.96  0.9180494631393358
1.08  0.9110899540822028
1.2  0.9029234268196917
1.3199999999999998  0.8935607004230001
1.44  0.8830141786961232
1.56  0.8712978337432105
1.68  0.8584271874582258
1.7999999999999998  0.8444192909614359
1.92  0.8292927020099697
2.04  0.8130674604123753
2.16  0.7957650614797439
2.28  0.7774084275485742
2.4  0.7580218776131052
2.52  0.7376310951073457
2.6399999999999997  0.7162630938794851
2.76  0.6939461824037618
2.88  0.6707099262772047
3.0  0.646585109050926
3.12  0.6216036914478636
3.2399999999999998  0.5957987690209952
3.36  0.5692045283081243
3.48  0.5418562015413206
3.5999999999999996  0.5137900199710181
3.7199999999999998  0.4850431658666065
3.84  0.45565372325710585
3.96  0.4256606274771849
4.08  0.3951036135853635
4.2  0.36402316372273424
4.32  0.33246045348194586
4.4399999999999995  0.300457297357496
4.56  0.26805609334960223
4.68  0.2352997667950425
4.8  0.20223171349937408
4.92  0.16889574224587411
5.04  0.13533601675736345
5.16  0.10159699718780445
5.279999999999999  0.06772338122118543
5.3999999999999995  0.03376004485572121
5.52  0.0
5.64  0.0
5.76  0.0
5.88  0.0
6.0  0.0
6.12  0.0
6.24  0.0
6.359999999999999  0.0
6.4799999999999995  0.0
6.6  0.0
6.72  0.0
6.84  0.0
6.96  0.0
7.08  0.0
7.199999999999999  0.0
7.319999999999999  0.0
7.4399999999999995  0.0
7.56  0.0
7.68  0.0
7.8  0.0
7.92  0.0
8.04  0.0
8.16  0.0
8.28  0.0
8.4  0.0
8.52  0.0
8.64  0.0
8.76  0.0
8.879999999999999  0.0
9.0  0.0
9.12  0.0
9.24  0.0
9.36  0.0
9.48  0.0
9.6  0.0
9.719999999999999  0.0
9.84  0.0
9.959999999999999  0.0
10.08  0.0
10.2  0.0
10.32  0.0
10.44  0.0
10.559999999999999  0.0
10.68  0.0
10.799999999999999  0.0
10.92  0.0
11.04  0.0
11.16  0.0
11.28  0.0
11.4  0.0
11.52  0.0
11.639999999999999  0.0
11.76  0.0
11.879999999999999  0.0
12.0  0.0
12.12  0.0
12.24  0.0
12.36  0.0
12.48  0.0
12.6  0.0
12.719999999999999  0.0
12.84  0.0
12.959999999999999  0.0
13.08  0.0
13.2  0.0
13.32  0.0
13.44  0.0
13.559999999999999  0.0
13.68  0.0
13.799999999999999  0.0
13.92  0.0
14.04  0.0
14.16  0.0
14.28  0.0
14.399999999999999  0.0
14.52  0.0
14.639999999999999  0.0
14.76  0.0
14.879999999999999  0.0
15.0  0.0
15.12  0.0
15.24  0.0
15.36  0.0
15.479999999999999  0.0
15.6  0.0
15.719999999999999  0.0
15.84  0.0
15.959999999999999  0.02379382684462053
16.08  0.0577749390565106
16.2  0.09167951063380951
16.32  0.1254626245680952
16.439999999999998  0.1590795247588644
16.56  0.19248567530671792
16.68  0.2256368195148265
16.8  0.2584890385205019
16.919999999999998  0.2909988094792123
17.04  0.3231230632239407
17.16  0.3548192413235139
17.28  0.3860453524643003
17.4  0.416760028080594
17.52  0.44692257715997075
17.64  0.47649304015102123
17.759999999999998  0.5054322419020343
17.88  0.5337018435605133
18.0  0.5612643933647441
18.12  0.5880833762601462
18.24  0.6141232622746674
18.36  0.6393495535891374
18.48  0.6637288302402096
18.599999999999998  0.6872287943953578
18.72  0.7098183131412711
18.84  0.7314674597289424
18.96  0.7521475532208374
19.08  0.7718311964875912
19.2  0.790492312503919
19.32  0.8081061788956307
19.439999999999998  0.8246494606920066
19.56  0.840100241240124
19.68  0.8544380512401898
19.8  0.8676438958634077
19.919999999999998  0.8797002799164592
20.04  0.8905912310192536
20.16  0.9003023207652484
20.279999999999998  0.908820683836298
20.4  0.9161350350467193
20.52  0.9222356842939791
20.64  0.9271145493962107
20.759999999999998  0.9307651667995424
20.88  0.9331827001410588
21.0  0.9343639466560467
21.119999999999997  0.9343073414210404
21.24  0.9330129594270424
21.36  0.9304825154801756
21.48  0.9267193619298951
21.599999999999998  0.9217284842277748
21.72  0.9155164943227438
21.84  0.9080916219015354
21.96  0.8994637034859378
22.08  0.8896441694013062
22.2  0.8786460286335857
22.32  0.8664838515949218
22.439999999999998  0.853173750820676
22.56  0.8387333596234297
22.68  0.8231818087322497
22.8  0.8065397009481705
22.919999999999998  0.7888290838494592
23.04  0.7700734205828343
23.16  0.7502975587793282
23.279999999999998  0.729527697635978
23.4  0.7077913532069434
23.52  0.6851173219500588
23.64  0.661535642577081
23.759999999999998  0.6370775562582046
23.88  0.6117754652335397
24.0  0.5856628898864074
24.119999999999997  0.558774424335307
24.24  0.5311456906033847
24.36  0.5028132914261424
24.48  0.47381476175987547
24.599999999999998  0.4441885190551131
24.72  0.41397381236090736
24.84  0.383210670327436
24.96  0.3519398481757625
25.08  0.32020277370504924
25.2  0.28804149240871535
25.32  0.255498611772291
25.439999999999998  0.2226172448267198
25.56  0.18944095303192485
25.68  0.15601368856628667
25.8  0.1223797360984998
25.919999999999998  0.08858365411893596
26.04  0.0546702159082542
26.16  0.020684350221450806
26.279999999999998  0.0
26.4  0.0
26.52  0.0
26.64  0.0
26.759999999999998  0.0
26.88  0.0
27.0  0.0
27.119999999999997  0.0
27.24  0.0
27.36  0.0
27.48  0.0
27.599999999999998  0.0
27.72  0.0
27.84  0.0
27.959999999999997  0.0
28.08  0.0
28.2  0.0
28.32  0.0
28.439999999999998  0.0
28.56  0.0
28.68  0.0
28.799999999999997  0.0
28.919999999999998  0.0
29.04  0.0
29.16  0.0
29.279999999999998  0.0
29.4  0.0
29.52  0.0
29.64  0.0
29.759999999999998  0.0
29.88  0.0
30.0  0.0
30.119999999999997  0.0
30.24  0.0
30.36  0.0
30.48  0.0
30.599999999999998  0.0
30.72  0.0
30.84  0.0
30.959999999999997  0.0
31.08  0.0
31.2  0.0
31.32  0.0
31.439999999999998  0.0
31.56  0.0
31.68  0.0
31.799999999999997  0.0
31.919999999999998  0.0
32.04  0.0
32.16  0.0
32.28  0.0
32.4  0.0
32.519999999999996  0.0
32.64  0.0
32.76  0.0
32.879999999999995  0.0
33.0  0.0
33.12  0.0
33.24  0.0
33.36  0.0
33.48  0.0
33.6  0.0
33.72  0.0
33.839999999999996  0.0
33.96  0.0
34.08  0.0
34.199999999999996  0.0
34.32  0.0
34.44  0.0
34.56  0.0
34.68  0.0
34.8  0.0
34.92  0.0
35.04  0.0
35.16  0.0
35.28  0.0
35.4  0.0
35.519999999999996  0.0
35.64  0.0
35.76  0.0
35.879999999999995  0.0
36.0  0.0
36.12  0.0
36.24  0.0
36.36  0.0
36.48  0.0
36.6  0.0028623374310368516
36.72  0.036868180693508265
36.839999999999996  0.07082518073792493
36.96  0.10468835109827271
37.08  0.13841282961474494
37.199999999999996  0.17195393786744212
37.32  0.2052672403666463
37.44  0.2383086034212511
37.559999999999995  0.27103425360739675
37.68  0.3034008357597901
37.8  0.3353654704089229
37.92  0.36688581058809144
38.04  0.3979200979349441
38.16  0.4284272180132507
38.28  0.4583667547815867
38.4  0.487699044136772
38.519999999999996  0.5163852264611629
38.64  0.54438729810413
38.76  0.5716681617295511
38.879999999999995  0.5981916754626266
39.0  0.6239227007708721
39.12  0.6488271490158912
39.24  0.6728720266142418
39.36  0.6960254787475478
39.48  0.7182568315639959
39.6  0.739536632815256
39.72  0.7598366908750194
39.839999999999996  0.7791301120874659
39.96  0.797391336396155
40.08  0.814596171206168
40.199999999999996  0.8307218234346241
40.32  0.8457469297071111
40.44  0.8596515846600258
40.559999999999995  0.8724173673113442
40.68  0.8840273654648597
40.8  0.8944661981155752
40.92  0.9037200358265666
41.04  0.9117766190503137
41.16  0.9186252743702344
41.28  0.9242569286408989
41.4  0.9286641210081933
41.519999999999996  0.9318410127935132
41.64  0.9337833952288835
41.76  0.9344886950327627
41.879999999999995  0.9339559778191446
42.0  0.932185949335439
42.12  0.9291809545274926
42.239999999999995  0.9249449744329891
42.36  0.919483620907342
42.48  0.9128041291890729
42.6  0.9049153483145145
42.72  0.8958277293945496
42.839999999999996  0.8855533117689053
42.96  0.8741057070563563
43.08  0.8615000811219572
43.199999999999996  0.8477531339852006
43.32  0.8328830776957165
43.44  0.8169096122058298
43.559999999999995  0.7998538992719196
43.68  0.7817385344191854
43.8  0.7625875170069405
43.92  0.7424262184340952
44.04  0.7212813485269552
44.16  0.6991809201538582
44.28  0.6761542121135344
44.4  0.6522317303463627
44.519999999999996  0.6274451675198774
44.64  0.6018273610421139
44.76  0.5754122495583883
44.879999999999995  0.5482348279891396
45.0  0.5203311011684277
45.12  0.49173803614447975
45.239999999999995  0.4624935132054885
45.36  0.43263627569554874
45.48  0.40220587868722
45.6  0.37124263657867734
45.72  0.3397875696849377
45.839999999999996  0.3078823498938526
45.96  0.27556924545891714
46.08  0.24289106500199348
46.199999999999996  0.2098911008001525
46.32  0.17661307143177063
46.44  0.14310106385786933
46.559999999999995  0.109399475015388
46.68  0.0755529529998295
46.8  0.04160633791515934
46.92  0.007604602469324276
47.04  0.0
47.16  0.0
47.28  0.0
47.4  0.0
47.519999999999996  0.0
47.64  0.0
47.76  0.0
47.879999999999995  0.0
48.0  0.0
48.12  0.0
48.239999999999995  0.0
48.36  0.0
48.48  0.0
48.6  0.0
48.72  0.0
48.839999999999996  0.0
48.96  0.0
49.08  0.0
49.199999999999996  0.0
49.32  0.0
49.44  0.0
49.559999999999995  0.0
49.68  0.0
49.8  0.0
49.92  0.0
50.04  0.0
50.16  0.0
50.28  0.0
50.4  0.0
50.519999999999996  0.0
50.64  0.0
50.76  0.0
50.879999999999995  0.0
51.0  0.0
51.12  0.0
51.239999999999995  0.0
51.36  0.0
51.48  0.0
51.6  0.0
51.72  0.0
51.839999999999996  0.0
51.96  0.0
52.08  0.0
52.199999999999996  0.0
52.32  0.0
52.44  0.0
52.559999999999995  0.0
52.68  0.0
52.8  0.0
52.919999999999995  0.0
53.04  0.0
53.16  0.0
53.28  0.0
53.4  0.0
53.519999999999996  0.0
53.64  0.0
53.76  0.0
53.879999999999995  0.0
54.0  0.0
54.12  0.0
54.239999999999995  0.0
54.36  0.0
54.48  0.0
54.6  0.0
54.72  0.0
54.839999999999996  0.0
54.96  0.0
55.08  0.0
55.199999999999996  0.0
55.32  0.0
55.44  0.0
55.559999999999995  0.0
55.68  0.0
55.8  0.0
55.919999999999995  0.0
56.04  0.0
56.16  0.0
56.28  0.0
56.4  0.0
56.519999999999996  0.0
56.64  0.0
56.76  0.0
56.879999999999995  0.0
57.0  0.0
57.12  0.0
57.239999999999995  0.0
57.36  0.0159429215762482
57.48  0.04993531018775513
57.599999999999994  0.08386154415864201
57.72  0.11767667778199453
57.839999999999996  0.15133591253740886
57.96  0.18479465644036816
58.08  0.21800858311799887
58.199999999999996  0.2509336905329727
58.32  0.28352635927769665
58.44  0.31574341036159326
58.559999999999995  0.34754216241494185
58.68  0.3788804882334396
58.8  0.40971687058860085
58.919999999999995  0.44001045723008403
59.04  0.4697211150070229
59.16  0.49880948303669115
59.28  0.5272370248500863
59.4  0.5549660794452962
59.519999999999996  0.5819599111810547
59.64  0.6081827584443732
59.76  0.6335998810277601
59.879999999999995  0.6581776061533007
60.0  0.6818833730825758
60.12  0.7046857762533443
60.239999999999995  0.7265546068858602
60.36  0.7474608930036645
60.48  0.7673769378158513
60.599999999999994  0.7862763564099778
60.72  0.8041341107069718
60.839999999999996  0.820926542631744
60.96  0.8366314054555783
61.08  0.8512278932687454
61.199999999999996  0.8646966685443097
61.32  0.8770198877566266
61.44  0.8881812250205608
61.559999999999995  0.8981658937201328
61.68  0.9069606660979291
61.8  0.9145538907793229
61.919999999999995  0.9209355082083001
62.04  0.9260970639744242
62.16  0.9300317200132971
62.28  0.9327342636656761
62.4  0.9342011145832374
62.519999999999996  0.9344303294718488
62.64  0.9334216046660573
62.76  0.9311762765313878
62.879999999999995  0.9276973196939174
63.0  0.9229893430994692
63.12  0.9170585839076496
63.239999999999995  0.9099128992288189
63.36  0.901561755714934
63.48  0.8920162170180653
63.599999999999994  0.8812889291331938
63.72  0.8693941036447136
63.839999999999996  0.8563474988988223
63.96  0.8421663991267583
64.08  0.8268695915465377
64.2  0.8104773414735096
64.32  0.793011365472741
64.44  0.7744948025887435
64.56  0.7549521836907299
64.67999999999999  0.7344093989739429
64.8  0.7128936636601325
64.92  0.6904334819426723
65.03999999999999  0.6670586092239847
65.16  0.6428000126953901
65.28  0.6176898303115655
65.39999999999999  0.5917613282139494
65.52  0.5650488566595385
65.64  0.5375878045134279
65.75999999999999  0.5094145523654104
65.88  0.48056642433270724
66.0  0.45108163861272876
66.12  0.42099925685135187
66.24  0.39035913239378117
66.36  0.3592018574865439
66.48  0.32756870950063927
66.6  0.29550159624697786
66.72  0.26304300045660745
66.84  0.23023592349934136
66.96  0.1971238284152146
67.08  0.16375058233436368
67.2  0.1301603983615622
67.32  0.09639777700237782
67.44  0.06250744720861073
67.56  0.02853430712106589
67.67999999999999  0.0
67.8  0.0
67.92  0.0
68.03999999999999  0.0
68.16  0.0
68.28  0.0
68.39999999999999  0.0
68.52  0.0
68.64  0.0
68.75999999999999  0.0
68.88  0.0
69.0  0.0
69.12  0.0
69.24  0.0
69.36  0.0
69.48  0.0
69.6  0.0
69.72  0.0
69.84  0.0
69.96  0.0
70.08  0.0
70.2  0.0
70.32  0.0
70.44  0.0
70.56  0.0
70.67999999999999  0.0
70.8  0.0
70.92  0.0
71.03999999999999  0.0
71.16  0.0
71.28  0.0
71.39999999999999  0.0
71.52  0.0
71.64  0.0
71.75999999999999  0.0
71.88  0.0
72.0  0.0
72.11999999999999  0.0
72.24  0.0
72.36  0.0
72.48  0.0
72.6  0.0
72.72  0.0
72.84  0.0
72.96  0.0
73.08  0.0
73.2  0.0
73.32  0.0
73.44  0.0
73.56  0.0
73.67999999999999  0.0
73.8  0.0
73.92  0.0
74.03999999999999  0.0
74.16  0.0
74.28  0.0
74.39999999999999  0.0
74.52  0.0
74.64  0.0
74.75999999999999  0.0
74.88  0.0
75.0  0.0
75.11999999999999  0.0
75.24  0.0
75.36  0.0
75.48  0.0
75.6  0.0
75.72  0.0
75.84  0.0
75.96  0.0
76.08  0.0
76.2  0.0
76.32  0.0
76.44  0.0
76.56  0.0
76.67999999999999  0.0
76.8  0.0
76.92  0.0
77.03999999999999  0.0
77.16  0.0
77.28  0.0
77.39999999999999  0.0
77.52  0.0
77.64  0.0
77.75999999999999  0.0
77.88  0.0
78.0  0.0
78.11999999999999  0.029020381690998576
78.24  0.0629926548110642
78.36  0.09688147483100351
78.48  0.130641945610167
78.6  0.16422934104585105
78.72  0.1975991643267709
78.84  0.23070720688269847
78.96  0.2635096069523143
79.08  0.29596290769155603
79.2  0.3280241147455336
79.32  0.35965075320776363
79.44  0.3908009238912033
79.56  0.42143335883658656
79.67999999999999  0.4515074759844867
79.8  0.48098343293872464
79.92  0.5098221797498382
80.03999999999999  0.5379855106487124
80.16  0.5654361146618734
80.28  0.5921376250412856
80.39999999999999  0.6180546674432863
80.52  0.6431529067927719
80.64  0.6673990927705102
80.75999999999999  0.6907611038634067
80.88  0.7132079899193183
81.0  0.7347100131499986
81.11999999999999  0.7552386875279385
81.24  0.7747668165248606
81.36  0.7932685291418413
81.48  0.8107193141834097
81.6  0.8270960527301305
81.72  0.8423770487667201
81.84  0.8565420579250685
81.96  0.869572314304114
82.08  0.8814505553310495
82.2  0.8921610446308825
82.32  0.9016895928740993
82.44  0.9100235765747909
82.56  0.9171519548143227
82.67999999999999  0.9230652838684256
82.8  0.9277557297183084
82.92  0.931217078429213
83.03999999999999  0.933444744382683
83.16  0.9344357763516203
83.28  0.9341888614100912
83.39999999999999  0.9327043266726996
83.52  0.929984138861224
83.64  0.9260319016990894
83.75999999999999  0.9208528511371328
83.88  0.9144538484169763
84.0  0.9068433709812085
84.11999999999999  0.8980315012424139
84.24  0.8880299132259152
84.36  0.8768518571039547
84.47999999999999  0.8645121416417726
84.6  0.8510271145788433
84.72  0.8364146409712949
84.84  0.8206940795241513
84.96  0.8038862569447855
85.08  0.7860134403515577
85.2  0.7670993077741907
85.32  0.7471689167849425
85.44  0.7262486713021711
85.56  0.7043662866102387
85.67999999999999  0.6815507526421212
85.8  0.6578322955733349
85.92  0.6332423377780976
86.03999999999999  0.6078134562007623
86.16  0.5815793391976325
86.28  0.5545747419064276
86.39999999999999  0.526835440202426
86.52  0.4983981833023228
86.64  0.46930064507864877
86.75999999999999  0.439581374149151
86.88  0.40927974280730184
87.0  0.3784358948616534
87.11999999999999  0.3470906924530126
87.24  0.3152856619200095
87.36  0.2830629387847291
87.47999999999999  0.2504652119312646
87.6  0.21753566705120098
87.72  0.18431792943092495
87.84  0.15085600615652453
87.96  0.11719422781292956
88.08  0.08337718975441001
88.2  0.04944969302438834
88.32  0.015456685002690887
88.44  0.0
88.56  0.0
88.67999999999999  0.0
88.8  0.0
88.92  0.0
89.03999999999999  0.0
89.16  0.0
89.28  0.0
89.39999999999999  0.0
89.52  0.0
89.64  0.0
89.75999999999999  0.0
89.88  0.0
90.0  0.0
90.11999999999999  0.0
90.24  0.0
90.36  0.0
90.47999999999999  0.0
90.6  0.0
90.72  0.0
90.84  0.0
90.96  0.0
91.08  0.0
91.2  0.0
91.32  0.0
91.44  0.0
91.56  0.0
91.67999999999999  0.0
91.8  0.0
91.92  0.0
92.03999999999999  0.0
92.16  0.0
92.28  0.0
92.39999999999999  0.0
92.52  0.0
92.64  0.0
92.75999999999999  0.0
92.88  0.0
93.0  0.0
93.11999999999999  0.0
93.24  0.0
93.36  0.0
93.47999999999999  0.0
93.6  0.0
93.72  0.0
93.84  0.0
93.96  0.0
94.08  0.0
94.2  0.0
94.32  0.0
94.44  0.0
94.56  0.0
94.67999999999999  0.0
94.8  0.0
94.92  0.0
95.03999999999999  0.0
95.16  0.0
95.28  0.0
95.39999999999999  0.0
95.52  0.0
95.64  0.0
95.75999999999999  0.0
95.88  0.0
96.0  0.0
96.11999999999999  0.0
96.24  0.0
96.36  0.0
96.47999999999999  0.0
96.6  0.0
96.72  0.0
96.84  0.0
96.96  0.0
97.08  0.0
97.2  0.0
97.32  0.0
97.44  0.0
97.56  0.0
97.67999999999999  0.0
97.8  0.0
97.92  0.0
98.03999999999999  0.0
98.16  0.0
98.28  0.0
98.39999999999999  0.0
98.52  0.0
98.64  0.0
98.75999999999999  0.008090890529637823
98.88  0.04209215523470214
99.0  0.07603765596448911
99.11999999999999  0.10988242148736023
99.24  0.14358161402636838
99.36  0.1770905886606418
99.47999999999999  0.21036495247130033
99.6  0.24336062335348807
99.72  0.2760338884166383
99.84  0.30834146189563205
99.96  0.34024054249604774
100.08  0.3716888700976461
100.2  0.4026447817408266
100.32  0.43306726682201996
100.44  0.462916021424834
100.56  0.49215150171492233
100.67999999999999  0.5207349763279447
100.8  0.5486285776811605
100.92  0.5757953521406239
101.03999999999999  0.6021993089776433
101.16  0.6278054680495317
101.28  0.6525799061415337
101.39999999999999  0.6764898019085464
101.52  0.6995034793570518
101.64  0.7215904498096956
101.75999999999999  0.7427214522968856
101.88  0.7628684923219384
102.0  0.7820048789483729
102.11999999999999  0.8001052601602384
102.24  0.8171456564486593
102.36  0.8331034925800286
102.47999999999999  0.8479576275038438
102.6  0.861688382360523
102.72  0.8742775665520752
102.83999999999999  0.8857085018411388
102.96  0.8959660444464301
103.08  0.9050366051053153
103.2  0.9129081670769663
103.32  0.9195703020622228
103.44  0.9250141840190697
103.56  0.9292326008554407
103.67999999999999  0.9322199639838454
103.8  0.9339723157251705
103.92  0.9344873345518383
104.03999999999999  0.9337643381633834
104.16  0.9318042843903681
104.28  0.9286097699254425
104.39999999999999  0.9241850268832297
104.52  0.9185359171935867
104.64  0.9116699248356861
104.75999999999999  0.9035961459231859
104.88  0.8943252766536322
105.0  0.8838695991380712
105.11999999999999  0.8722429651296219
105.24  0.8594607776725702
105.36  0.845539970696326
105.47999999999999  0.830498986581225
105.6  0.8143577517259397
105.72  0.7971376501488562
105.83999999999999  0.7788614951583772
105.96  0.759553499129683
106.08  0.7392392414280327
106.2  0.7179456345210355
106.32  0.6957008883248171
106.44  0.6725344728313584
106.56  0.648477079066414
106.67999999999999  0.6235605784298631
106.8  0.5978179804722473
106.92  0.5712833891634768
107.03999999999999  0.5439919577116927
107.16  0.5159798419920161
107.28  0.4872841526470325
107.39999999999999  0.45794290592234493
107.52  0.4279949733023725
107.64  0.3974800300131773
107.75999999999999  0.3664385024604359
107.88  0.3349115146722425
108.0  0.30294083381775083
108.11999999999999  0.2705688148737254
108.24  0.23783834451235902
108.36  0.20479278428475356
108.47999999999999  0.17147591317522226
108.6  0.13793186960257145
108.72  0.10420509294526066
108.83999999999999  0.07034026466779042
108.96  0.03638224912637247
109.08  0.002376034132363286
109.2  0.0
109.32  0.0
109.44  0.0
109.56  0.0
109.67999999999999  0.0
109.8  0.0
109.92  0.0
110.03999999999999  0.0
110.16  0.0
110.28  0.0
110.39999999999999  0.0
110.52  0.0
110.64  0.0
110.75999999999999  0.0
110.88  0.0
111.0  0.0
111.11999999999999  0.0
111.24  0.0
111.36  0.0
111.47999999999999  0.0
111.6  0.0
111.72  0.0
111.83999999999999  0.0
111.96  0.0
112.08  0.0
112.2  0.0
112.32  0.0
112.44  0.0
112.56  0.0
112.67999999999999  0.0
112.8  0.0
112.92  0.0
113.03999999999999  0.0
113.16  0.0
113.28  0.0
113.39999999999999  0.0
113.52  0.0
113.64  0.0
113.75999999999999  0.0
113.88  0.0
114.0  0.0
114.11999999999999  0.0
114.24  0.0
114.36  0.0
114.47999999999999  0.0
114.6  0.0
114.72  0.0
114.83999999999999  0.0
114.96  0.0
115.08  0.0
115.19999999999999  0.0
115.32  0.0
115.44  0.0
115.56  0.0
115.67999999999999  0.0
115.8  0.0
115.92  0.0
116.03999999999999  0.0
116.16  0.0
116.28  0.0
116.39999999999999  0.0
116.52  0.0
116.64  0.0
116.75999999999999  0.0
116.88  0.0
117.0  0.0
117.11999999999999  0.0
117.24  0.0
117.36  0.0
117.47999999999999  0.0
117.6  0.0
117.72  0.0
117.83999999999999  0.0
117.96  0.0
118.08  0.0
118.19999999999999  0.0
118.32  0.0
118.44  0.0
118.56  0.0
118.67999999999999  0.0
118.8  0.0
118.92  0.0
119.03999999999999  0.0
119.16  0.0
119.28  0.0
119.39999999999999  0.0
119.52  0.02117053347097829
119.64  0.05515568078104369
119.75999999999999  0.08906775746779633
119.88  0.12286183658000858
120.0  0.15649314749042711
