0.0  29.538530179673586
1.68  31.956587445620336
3.36  38.7701466504325
5.04  28.22572883868979
6.72  33.98823132322437
8.4  37.65985748118648
10.08  27.518298903926834
11.76  35.94225436752244
13.44  2.70343998632043
15.12  0.0
16.8  4.253725501198645
18.48  0.7599345259442556
20.16  0.0
21.84  5.394363329808788
23.52  0.0
25.2  0.0
26.88  5.895642077648857
28.56  0.0
30.24  0.0
31.919999999999998  5.698148409013861
33.6  0.0
35.28  0.0
36.96  4.8252899742076965
38.64  0.0
40.32  1.87805411797097
42.0  3.3805210517800193
43.68  0.0
45.36  3.668087561801855
47.04  1.535080780382116
48.72  0.0
50.4  5.0233662536236725
52.08  0.0
53.76  0.0
55.44  5.783257754423216
57.12  0.0
58.8  0.0
60.48  5.857697027470177
62.16  0.0
63.839999999999996  0.0
65.52  5.237861266016307
67.2  0.0
68.88  1.1136393732459569
70.56  3.997215603654172
72.24  0.0
73.92  3.0169262856204653
75.6  2.282805766033536
77.28  0.0
78.96  4.56263639072534
80.64  0.2978296897461532
82.32  0.0
84.0  5.567566642804314
85.67999999999999  0.0
87.36  0.0
89.03999999999999  5.912609142940602
90.72  0.0
92.39999999999999  0.0
94.08  5.556868229825169
95.75999999999999  0.0
97.44  0.32933160075646484
99.11999999999999  4.542507578630808
100.8  0.0
102.47999999999999  2.3118734177754696
104.16  2.989752812635868
105.83999999999999  0.0
107.52  4.02040379491296
109.2  1.0826419357996375
110.88  0.0
112.56  5.252421650093228
114.24  0.0
115.92  0.0
117.6  5.861903855985059
119.28  0.0
120.96  0.0
122.64  5.776612419134887
124.32  0.0
126.0  0.0
127.67999999999999  5.0066563832477975
129.35999999999999  0.0
131.04  1.5655233731308504
132.72  3.6432936694610705
134.4  0.0
136.07999999999998  3.40635440971745
137.76  1.8481148637530733
139.44  0.0
141.12  4.843452236095892
142.79999999999998  0.0
144.48  0.0
146.16  5.706486919134841
147.84  0.0
149.51999999999998  0.0
151.2  5.893168526198535
152.88  0.0
154.56  0.0
156.23999999999998  5.381370890881132
157.92  0.0
159.6  0.7912082612697318
161.28  4.231754084751781
162.96  0.0
164.64  2.7314570476308204
166.32  2.5805747704538744
168.0  0.0
