0.0  34.06858774872631
1.68  32.85945188325667
3.36  33.16326539442506
5.04  34.01005053302424
6.72  32.69629770317806
8.4  33.41639249362532
10.08  33.87130639385731
11.76  32.60864724615482
13.44  0.3263417931248438
15.12  0.33546644552324134
16.8  0.0
18.48  0.5309452387928031
20.16  0.09319915718155175
21.84  0.0
23.52  0.6726191709928881
25.2  0.0
26.88  0.0
28.56  0.734571892628983
30.24  0.0
31.919999999999998  0.0
33.6  0.7094605473277372
35.28  0.0
36.96  0.0
38.64  0.6002614208280066
40.32  0.0
42.0  0.23536820673909375
43.68  0.4199171810353691
45.36  0.0
47.04  0.45812150848979927
48.72  0.18980286710205305
50.4  0.0
52.08  0.6265766236629562
53.76  0.0
55.44  0.0
57.12  0.720767654338233
58.8  0.0
60.48  0.0
62.16  0.7295307453751151
63.839999999999996  0.0
65.52  0.0
67.2  0.6518272641329081
68.88  0.0
70.56  0.1401902195535589
72.24  0.496866902896372
73.92  0.0
75.6  0.3771143176277713
77.28  0.2830161134705666
78.96  0.0
80.64  0.5693414887947221
82.32  0.03562125014975675
84.0  0.0
85.67999999999999  0.694088286715663
87.36  0.0
89.03999999999999  0.0
90.72  0.7365692783058488
92.39999999999999  0.0
94.08  0.0
95.75999999999999  0.6917494657216507
97.44  0.0
99.11999999999999  0.04250800344354459
100.8  0.5649410521689101
102.47999999999999  0.0
104.16  0.28937070403213766
105.83999999999999  0.3711738207315876
107.52  0.0
109.2  0.5019361621065828
110.88  0.13341375115570725
112.56  0.0
114.24  0.6550103654047056
115.92  0.0
117.6  0.0
119.28  0.7304504162522873
120.96  0.0
122.64  0.0
124.32  0.7193148921654755
126.0  0.0
127.67999999999999  0.0
129.35999999999999  0.6229236149673105
131.04  0.0
132.72  0.19645803877771278
134.4  0.45270122082253356
136.07999999999998  0.0
137.76  0.42556471025377685
139.44  0.2288230718254584
141.12  0.0
142.79999999999998  0.6042319423890603
144.48  0.0
146.16  0.0
147.84  0.711283460928829
149.51999999999998  0.0
151.2  0.0
152.88  0.7340311400825006
154.56  0.0
156.23999999999998  0.0
157.92  0.6697788442092005
159.6  0.0
161.28  0.10003602811590948
162.96  0.5261419833796388
164.64  0.0
166.32  0.34159136249096844
168.0  0.3201449079554834
