0.0  45.585131642850484
1.68  50.47387088317273
3.36  49.48729290722644
5.04  42.96357022275323
6.72  33.13886024843373
8.4  23.380810439263026
10.08  17.03421893090775
11.76  16.274527318781146
13.44  0.0
15.12  0.0
16.8  7.363806601954897
18.48  14.983677780059605
20.16  17.467545506217192
21.84  13.96400644654772
23.52  5.673979959343893
25.2  0.0
26.88  0.0
28.56  0.0
30.24  0.0
31.919999999999998  0.0
33.6  1.6254213495691205
35.28  11.096459847628502
36.96  16.763929093974713
38.64  16.68517241644041
40.32  10.887185494832476
42.0  1.3573629648892886
43.68  0.0
45.36  0.0
47.04  0.0
48.72  0.0
50.4  0.0
52.08  5.927790848528717
53.76  14.124365982152861
55.44  17.479486734167004
57.12  14.843107567221436
58.8  7.118908652555103
60.48  0.0
62.16  0.0
63.839999999999996  0.0
65.52  0.0
67.2  0.0
68.88  0.07456352991601634
70.56  9.853680503163066
72.24  16.25521970001263
73.92  17.084904929038064
75.6  12.058342314259521
77.28  2.898502899227201
78.96  0.0
80.64  0.0
82.32  0.0
84.0  0.0
85.67999999999999  0.0
87.36  4.4450636870821185
89.03999999999999  13.153753188768603
90.72  17.353688379582174
92.39999999999999  15.605243958271254
94.08  8.507739845832862
95.75999999999999  0.0
97.44  0.0
99.11999999999999  0.0
100.8  0.0
102.47999999999999  0.0
104.16  0.0
105.83999999999999  8.533253464598905
107.52  15.618418033689256
109.2  17.350007191425334
110.88  13.13447854974797
112.56  4.416802427242825
114.24  0.0
115.92  0.0
117.6  0.0
119.28  0.0
120.96  0.0
122.64  2.9273091117353207
124.32  12.079487896856307
126.0  17.09114174232794
127.67999999999999  16.244409931433346
129.35999999999999  9.829529451877686
131.04  0.045349529494556506
132.72  0.0
134.4  0.0
136.07999999999998  0.0
137.76  0.0
139.44  0.0
141.12  7.14558378969492
142.79999999999998  14.858542136838967
144.48  17.478390179164315
146.16  14.107114172216964
147.84  5.900297242069799
149.51999999999998  0.0
151.2  0.0
152.88  0.0
154.56  0.0
156.23999999999998  0.0
157.92  1.3864871350894248
159.6  10.910035392330212
161.28  16.693915708336785
162.96  16.755568813969354
164.64  11.073861675803334
166.32  1.596331334004149
168.0  0.0
