0.0  19.923398038736906
1.68  14.597573047666991
3.36  15.693864903643522
5.04  22.836494119194455
6.72  33.57715869226605
8.4  44.23424646239698
10.08  51.15479315883004
11.76  51.966620719277785
13.44  13.058123064953545
15.12  3.006983878378925
16.8  0.0
18.48  0.0
20.16  0.0
21.84  0.0
23.52  0.0
25.2  5.013989930216166
26.88  14.479661921785423
28.56  18.982093599131815
30.24  16.977971966844997
31.919999999999998  9.154256246328224
33.6  0.0
35.28  0.0
36.96  0.0
38.64  0.0
40.32  0.0
42.0  0.0
43.68  9.465711054925405
45.36  17.138793102230924
47.04  18.937155883188517
48.72  14.244368800021768
50.4  4.668993583180596
52.08  0.0
53.76  0.0
55.44  0.0
57.12  0.0
58.8  0.0
60.48  3.358632677609524
62.16  13.31625553298023
63.839999999999996  18.709422626000467
65.52  17.689500716335665
67.2  10.606091719192921
68.88  0.0
70.56  0.0
72.24  0.0
73.92  0.0
75.6  0.0
77.28  0.0
78.96  7.955918513176291
80.64  16.321071486167035
82.32  19.091798262674487
84.0  15.318367908983426
85.67999999999999  6.294211290780996
87.36  0.0
89.03999999999999  0.0
90.72  0.0
92.39999999999999  0.0
94.08  0.0
95.75999999999999  1.676809163725359
97.44  12.04791611576685
99.11999999999999  18.28932008916464
100.8  18.2616349583691
102.47999999999999  11.974350444757096
104.16  1.5825792942967176
105.83999999999999  0.0
107.52  0.0
109.2  0.0
110.88  0.0
112.56  0.0
114.24  6.383432775033539
115.92  15.374738681044114
117.6  19.095995931596036
119.28  16.27165720346456
120.96  7.869830171552885
122.64  0.0
124.32  0.0
126.0  0.0
127.67999999999999  0.0
129.35999999999999  0.0
131.04  0.0
132.72  10.684638273791004
134.4  17.725096426106116
136.07999999999998  18.68986623495399
137.76  13.248250448210664
139.44  3.2654892208718858
141.12  0.0
142.79999999999998  0.0
144.48  0.0
146.16  0.0
147.84  0.0
149.51999999999998  4.760645138503158
151.2  14.307251855799523
152.88  18.949715812027378
154.56  17.096724696903316
156.23999999999998  9.383434238106794
157.92  0.0
159.6  0.0
161.28  0.0
162.96  0.0
164.64  0.0
166.32  0.0
168.0  9.237164732150314
