0.0  43.96730862059131
1.68  57.62644409441809
3.36  44.911383697272214
5.04  19.626431732691895
6.72  9.222591995968706
8.4  24.994955911379915
10.08  49.82000976574217
11.76  56.74604534426288
13.44  4.920370399317305
15.12  0.0
16.8  0.0
18.48  0.0
20.16  20.936507039625734
21.84  20.54009827263395
23.52  0.0
25.2  0.0
26.88  0.0
28.56  5.662999493669381
30.24  23.604825829494096
31.919999999999998  15.919703601590594
33.6  0.0
35.28  0.0
36.96  0.0
38.64  12.241258456819086
40.32  24.264582442199536
42.0  9.944682772456858
43.68  0.0
45.36  0.0
47.04  0.0
48.72  17.777894452070317
50.4  22.859637417617
52.08  3.1234572805596006
53.76  0.0
55.44  0.0
57.12  0.4245851094498665
58.8  21.801788661215863
60.48  19.509539167488843
62.16  0.0
63.839999999999996  0.0
65.52  0.0
67.2  7.417739615619171
68.88  23.97054323002984
70.56  14.499351461553877
72.24  0.0
73.92  0.0
75.6  0.0
77.28  13.779710001236172
78.96  24.09961630126937
80.64  8.25539701870542
82.32  0.0
84.0  0.0
85.67999999999999  0.0
87.36  18.96914878163482
89.03999999999999  22.178024896671673
90.72  1.3089812093123054
92.39999999999999  0.0
94.08  0.0
95.75999999999999  2.243913515750436
97.44  22.544480554806135
99.11999999999999  18.369279471391703
100.8  0.0
102.47999999999999  0.0
104.16  0.0
105.83999999999999  9.130770376195509
107.52  24.201476167683147
109.2  12.997470618553091
110.88  0.0
112.56  0.0
114.24  0.0
115.92  15.240679329527826
117.6  23.79913992981715
119.28  6.519691822458827
120.96  0.0
122.64  0.0
124.32  0.0
126.0  20.05374109251508
127.67999999999999  21.371707101223045
129.35999999999999  0.0
131.04  0.0
132.72  0.0
134.4  4.050624574373043
136.07999999999998  23.160406622800096
137.76  17.125730774151595
139.44  0.0
141.12  0.0
142.79999999999998  0.0
144.48  10.792459539335157
146.16  24.29632612486654
147.84  11.422506029416844
149.51999999999998  0.0
151.2  0.0
152.88  0.0
154.56  16.61595152706688
156.23999999999998  23.36484288264126
157.92  4.7473269163333
159.6  0.0
161.28  0.0
162.96  0.0
164.64  21.025572808193203
166.32  20.44521789226588
168.0  0.0
