0.0  21.188501789722217
1.68  3.052517910417528
3.36  17.79137517233398
5.04  49.4036025344391
6.72  63.56889064790033
8.4  44.908472793732635
10.08  13.681323640112211
11.76  3.789686352577853
13.44  0.0
15.12  22.81344981942214
16.8  28.21988240759161
18.48  2.988958035042108
20.16  0.0
21.84  0.0
23.52  1.44677078910029
25.2  27.61540736882518
26.88  23.802944773354294
28.56  0.0
30.24  0.0
31.919999999999998  0.0
33.6  10.131195745905893
35.28  30.06753767745007
36.96  17.36058678981196
38.64  0.0
40.32  0.0
42.0  0.0
43.68  17.953545433372383
45.36  29.961186115647962
47.04  9.440996216152444
48.72  0.0
50.4  0.0
52.08  0.0
53.76  24.248206987745846
55.44  27.305402261927167
57.12  0.7180602566180418
58.8  0.0
60.48  0.0
62.16  3.713670418209561
63.839999999999996  28.479560311361265
65.52  22.326169863756746
67.2  0.0
68.88  0.0
70.56  0.0
72.24  12.245773959766481
73.92  30.287554611833432
75.6  15.44717761676641
77.28  0.0
78.96  0.0
80.64  0.0
82.32  19.735870304009318
84.0  29.518345544167474
85.67999999999999  7.2537669991824085
87.36  0.0
89.03999999999999  0.0
90.72  0.0
92.39999999999999  25.546618411905726
94.08  26.23738600561443
95.75999999999999  0.0
97.44  0.0
99.11999999999999  0.0
100.8  5.959688373181177
102.47999999999999  29.183574945688804
104.16  20.72385667225897
105.83999999999999  0.0
107.52  0.0
109.2  0.0
110.88  14.291495158168116
112.56  30.337267029493706
114.24  13.446910189481535
115.92  0.0
117.6  0.0
119.28  0.0
120.96  21.407221941669626
122.64  28.909525657526284
124.32  5.025750425852751
126.0  0.0
127.67999999999999  0.0
129.35999999999999  0.0
131.04  26.701383227473173
132.72  25.021839009331636
134.4  0.0
136.07999999999998  0.0
137.76  0.0
139.44  8.172195473241292
141.12  29.723492653372062
142.79999999999998  19.005014878817924
144.48  0.0
146.16  0.0
147.84  0.0
149.51999999999998  16.2568564131095
151.2  30.21639540145033
152.88  11.371031853010102
154.56  0.0
156.23999999999998  0.0
157.92  0.0
159.6  22.958202468691127
161.28  28.13814980164632
162.96  2.76947445659515
164.64  0.0
166.32  0.0
168.0  1.6669588935346766
