0.0  14.65901031117058  100.0
0.12  14.730326861255282
0.24  14.789282042532212
0.36  14.835843777957141
0.48  14.869997742391456
0.6  14.891747302804086
0.72  14.901113430231193
0.84  14.89813458378527
0.96  14.882866567053092
1.08  14.855382357269095
1.2  14.815771907696842
1.3199999999999998  14.764141923696373
1.44  14.70061561299935
1.56  14.625332410756583
1.68  14.538447679964385
1.7999999999999998  14.4401323879163
1.92  14.33057275936574
2.04  14.20996990712254
2.16  14.078539440842277
2.28  13.936511054801656
2.4  13.784128095485851
2.52  13.621647109844766
2.6399999999999997  13.449337375104427
2.76  13.267480411047128
2.88  13.076369475699636
3.0  12.876309045392464
3.12  12.667614280175059
3.2399999999999998  12.450610475591603
3.36  12.225632501840103
3.48  11.993024231353274
3.5999999999999996  11.753137955853635
3.7199999999999998  11.506333793947041
3.84  11.252979090328848
3.96  10.993447807684356
4.08  10.728119912371136
4.2  10.45738075497433
4.32  10.181620446827619
4.4399999999999995  9.901233233592048
4.56  9.616616866982472
4.68  9.328171975726711
4.8  9.036301436836121
4.92  8.74140974825767
5.04  8.443902403967268
5.16  8.14418527255158
5.279999999999999  7.842663980311496
5.3999999999999995  7.539743299904151
5.52  7.2358265455226976
5.64  6.931314975593197
5.76  6.626607203946817
5.88  6.322098620402424
6.0  6.018180821670115
6.12  5.715241053460093
6.24  5.413661664653634
6.359999999999999  5.113819574363968
6.4799999999999995  4.816085752684368
6.6  4.520824715889268
6.72  4.228394036821178
6.84  3.939143871162279
6.96  3.653416500254485
7.08  3.3715458910956446
7.199999999999999  3.0938572741026666
7.319999999999999  2.820666739194465
7.4399999999999995  2.55228085070917
7.56  2.288996281630694
7.68  2.0310994675601046
7.8  1.7788662808267253
7.92  1.5325617250934012
8.04  1.2924396507690474
8.16  1.0587424915004822
8.28  0.8317010219739013
8.4  0.6115341372148462
8.52  0.39844865353396786
8.64  0.19263913122427145
8.76  0.0
8.879999999999999  0.0
9.0  0.0
9.12  0.0
9.24  0.0
9.36  0.0
9.48  0.0
9.6  0.0
9.719999999999999  0.0
9.84  0.0
9.959999999999999  0.0
10.08  0.0
10.2  0.0
10.32  0.0
10.44  0.0
10.559999999999999  0.0
10.68  0.0
10.799999999999999  0.0
10.92  0.0
11.04  0.0
11.16  0.0
11.28  0.0
11.4  0.0
11.52  0.0
11.639999999999999  0.0
11.76  0.0
11.879999999999999  0.0
12.0  0.0
12.12  0.0
12.24  0.0
12.36  0.0
12.48  0.0
12.6  0.0
12.719999999999999  0.0
12.84  0.0
12.959999999999999  0.0
13.08  0.0
13.2  0.0
13.32  0.0
13.44  0.0
13.559999999999999  0.0
13.68  0.0
13.799999999999999  0.0
13.92  0.0
14.04  0.0
14.16  0.0
14.28  0.0
14.399999999999999  0.0
14.52  0.0
14.639999999999999  0.0
14.76  0.07069089663400274
14.879999999999999  0.22260275268692564
15.0  0.37688041897208446
15.12  0.5332792167064695
15.24  0.6915553041419322
15.36  0.851465999209666
15.479999999999999  1.0127700931686097
15.6  1.175228154848447
15.719999999999999  1.3386028251053217
15.84  1.5026591011365682
15.959999999999999  1.6671646103290003
16.08  1.8318898733442324
16.2  1.9966085561735099
16.32  2.1610977109237375
16.439999999999998  2.3251380051259045
16.56  2.4885139393864533
16.68  2.6510140532316884
16.8  2.8124311190246774
16.919999999999998  2.972562323863424
17.04  3.1312094393980496
17.16  3.2881789795336074
17.28  3.4432823460135706
17.4  3.596335961907135
17.52  3.7471613930510093
17.64  3.8955854575235525
17.759999999999998  4.041440323255513
17.88  4.184563593907652
18.0  4.324798383170483
18.12  4.461993377666057
18.24  4.5960028886551525
18.36  4.72668689277616
18.48  4.853911062063722
18.599999999999998  4.977546783516285
18.72  5.097471168501658
18.84  5.213567052308534
18.96  5.325722984170049
19.08  5.433833208102043
19.2  5.537797634914603
19.32  5.637521805769805
19.439999999999998  5.732916847672199
19.56  5.823899421290461
19.68  5.910391661519917
19.8  5.992321111205062
19.919999999999998  6.069620648449998
20.04  6.142228407951625
20.16  6.210087696796639
20.279999999999998  6.2731469051679385
20.4  6.331359412409539
20.52  6.384683488901169
20.64  6.43308219419477
20.759999999999998  6.476523271864556
20.88  6.514979041520921
21.0  6.548426288435435
21.119999999999997  6.5768461512202965
21.24  6.6002240080003025
21.36  6.618549361508982
21.48  6.631815723533088
21.599999999999998  6.640020499120835
21.72  6.6431648709597075
21.84  6.641253684318745
21.96  6.63429533293841
22.08  6.622301646238484
22.2  6.605287778200564
22.32  6.583272098267211
22.439999999999998  6.556276084584359
22.56  6.524324219897245
22.68  6.487443890393247
22.8  6.445665287767124
22.919999999999998  6.399021314765973
23.04  6.347547494452099
23.16  6.291281883402607
23.279999999999998  6.230264989044435
23.4  6.164539691303167
23.52  6.094151168723222
23.64  6.019146829195748
23.759999999999998  5.93957624540937
23.88  5.855491095117216
24.0  5.766945106292087
24.119999999999997  5.673994007219717
24.24  5.576695481558385
24.36  5.4751091283714075
24.48  5.369296427117245
24.599999999999998  5.259320707560709
24.72  5.145247124547263
24.84  5.027142637561669
24.96  4.905075994971368
25.08  4.779117722834935
25.2  4.649340118136038
25.32  4.515817246284133
25.439999999999998  4.378624942704278
25.56  4.237840818320514
25.68  4.093544268719619
25.8  3.945816486765417
25.919999999999998  3.794740478417766
26.04  3.6404010814951917
26.16  3.482884987105705
26.279999999999998  3.3222807634570137
26.4  3.158678881744527
26.52  2.9921717438042825
26.64  2.822853711206976
26.759999999999998  2.6508211354598976
26.88  2.476172388974966
27.0  2.299007896453548
27.119999999999997  2.1194301663323514
27.24  1.9375438219294585
27.36  1.7534556319254309
27.48  1.5672745398113783
27.599999999999998  1.3791116919339952
27.72  1.1890804637671208
27.84  0.9972964840395622
27.959999999999997  0.8038776563509075
28.08  0.6089441779095945
28.2  0.4126185550318805
28.32  0.21502561504513817
28.439999999999998  0.0162925142456114
28.56  0.0
28.68  0.0
28.799999999999997  0.0
28.919999999999998  0.0
29.04  0.0
29.16  0.0
29.279999999999998  0.0
29.4  0.0
29.52  0.0
29.64  0.0
29.759999999999998  0.0
29.88  0.0
30.0  0.0
30.119999999999997  0.0
30.24  0.0
30.36  0.0
30.48  0.0
30.599999999999998  0.0
30.72  0.0
30.84  0.0
30.959999999999997  0.0
31.08  0.0
31.2  0.0
31.32  0.0
31.439999999999998  0.0
31.56  0.0
31.68  0.0
31.799999999999997  0.0
31.919999999999998  0.0
32.04  0.0
32.16  0.0
32.28  0.0
32.4  0.0
32.519999999999996  0.0
32.64  0.0
32.76  0.0
32.879999999999995  0.0
33.0  0.0
33.12  0.0
33.24  0.0
33.36  0.0
33.48  0.0
33.6  0.0
33.72  0.0
33.839999999999996  0.0
33.96  0.0
34.08  0.0
34.199999999999996  0.0
34.32  0.0
34.44  0.0
34.56  0.0
34.68  0.0
34.8  0.0
34.92  0.0
35.04  0.0
35.16  0.0
35.28  0.0
35.4  0.0
35.519999999999996  0.0
35.64  0.0
35.76  0.0
35.879999999999995  0.0
36.0  0.0
36.12  0.0
36.24  0.0
36.36  0.0
36.48  0.0
36.6  0.0
36.72  0.0
36.839999999999996  0.0
36.96  0.0
37.08  0.0
37.199999999999996  0.0
37.32  0.0
37.44  0.0
37.559999999999995  0.0
37.68  0.0
37.8  0.0
37.92  0.0
38.04  0.0
38.16  0.0
38.28  0.0
38.4  0.0
38.519999999999996  0.0
38.64  0.0
38.76  0.0
38.879999999999995  0.0
39.0  0.0
39.12  0.0
39.24  0.0
39.36  0.0
39.48  0.0
39.6  0.0
39.72  0.0
39.839999999999996  0.0
39.96  0.0
40.08  0.0
40.199999999999996  0.0
40.32  0.0
40.44  0.0
40.559999999999995  0.0
40.68  0.0
40.8  0.0
40.92  0.0
41.04  0.0
41.16  0.0
41.28  0.0
41.4  0.0
41.519999999999996  0.0
41.64  0.0
41.76  0.13866855979662807
41.879999999999995  0.3693798222347756
42.0  0.597715902874272
42.12  0.8233569995892499
42.239999999999995  1.0459849886759491
42.36  1.2652839246294856
42.48  1.4809405415266101
42.6  1.6926447551395847
42.72  1.9000901648958708
42.839999999999996  2.102974554791018
42.96  2.3010003923545894
43.08  2.4938753247646734
43.199999999999996  2.681312671203459
43.32  2.8630319105446125
43.44  3.03875916346392
43.559999999999995  3.208227668067086
43.68  3.371178248132071
43.8  3.52735977306958
43.92  3.6765296087131056
44.04  3.818454058058653
44.16  3.9529087910864713
44.28  4.079679262809304
44.4  4.198561118706779
44.519999999999996  4.309360586722322
44.64  4.411894855016698
44.76  4.505992434692578
44.879999999999995  4.591493506726251
45.0  4.668250252365478
45.12  4.736127166277535
45.239999999999995  4.795001351758166
45.36  4.844762797339615
45.48  4.885314634165603
45.6  4.9165733735320085
45.72  4.93846912402395
45.839999999999996  4.950945787713714
45.96  4.953961234918597
46.08  4.947487457053694
46.199999999999996  4.93151069715182
46.32  4.906031557660829
46.44  4.8710650851677375
46.559999999999995  4.826640831738983
46.68  4.772802892607393
46.8  4.709609919977627
46.92  4.637135112764579
47.04  4.555466182121948
47.16  4.464705292661838
47.28  4.364968979310026
47.4  4.2563880397860645
47.519999999999996  4.139107402741516
47.64  4.013285971634968
47.76  3.8790964444668603
47.879999999999995  3.736725109542226
48.0  3.586371617474309
48.12  3.428248729686506
48.239999999999995  3.262582043714657
48.36  3.089609695655656
48.48  2.909582040152113
48.6  2.7227613083456137
48.72  2.5294212442742765
48.839999999999996  2.3298467202314006
48.96  2.1243333316437187
49.08  1.9131869720676191
49.199999999999996  1.6967233889411344
49.32  1.4752677207678102
49.44  1.249154016445794
49.559999999999995  1.018724737491164
49.68  0.7843302439399417
49.8  0.5463282647461223
49.92  0.30508335352532456
50.04  0.060966330524461876
50.16  0.0
50.28  0.0
50.4  0.0
50.519999999999996  0.0
50.64  0.0
50.76  0.0
50.879999999999995  0.0
51.0  0.0
51.12  0.0
51.239999999999995  0.0
51.36  0.0
51.48  0.0
51.6  0.0
51.72  0.0
51.839999999999996  0.0
51.96  0.0
52.08  0.0
52.199999999999996  0.0
52.32  0.0
52.44  0.0
52.559999999999995  0.0
52.68  0.0
52.8  0.0
52.919999999999995  0.0
53.04  0.0
53.16  0.0
53.28  0.0
53.4  0.0
53.519999999999996  0.0
53.64  0.0
53.76  0.0
53.879999999999995  0.0
54.0  0.0
54.12  0.0
54.239999999999995  0.0
54.36  0.0
54.48  0.0
54.6  0.0
54.72  0.0
54.839999999999996  0.0
54.96  0.0
55.08  0.0
55.199999999999996  0.0
55.32  0.0
55.44  0.0
55.559999999999995  0.0
55.68  0.0
55.8  0.0
55.919999999999995  0.0
56.04  0.0
56.16  0.0
56.28  0.0
56.4  0.0
56.519999999999996  0.0
56.64  0.0
56.76  0.0
56.879999999999995  0.0
57.0  0.0
57.12  0.0
57.239999999999995  0.0
57.36  0.0
57.48  0.0
57.599999999999994  0.0
57.72  0.0
57.839999999999996  0.0
57.96  0.0
58.08  0.0
58.199999999999996  0.0
58.32  0.0
58.44  0.0
58.559999999999995  0.0
58.68  0.0
58.8  0.0
58.919999999999995  0.0
59.04  0.0
59.16  0.0
59.28  0.0
59.4  0.0
59.519999999999996  0.0
59.64  0.0
59.76  0.0
59.879999999999995  0.0
60.0  0.0
60.12  0.0
60.239999999999995  0.0
60.36  0.0
60.48  0.0
60.599999999999994  0.06894634098008479
60.72  0.3529753078234572
60.839999999999996  0.6360131465227825
60.96  0.9176555312343437
61.08  1.1975013018883403
61.199999999999996  1.4751531238102231
61.32  1.750218139872286
61.44  2.022308614024193
61.559999999999995  2.2910425650674737
61.68  2.556044389556903
61.8  2.8169454727326286
61.919999999999995  3.073384786409278
62.04  3.32500947277238
62.16  3.5714754130593933
62.28  3.8124477801310084
62.4  4.047601573967727
62.519999999999996  4.276622139160137
62.64  4.499205663493729
62.76  4.7150596567650584
62.879999999999995  4.923903409003453
63.0  5.12546842730994
63.12  5.319498850566062
63.239999999999995  5.505751841306085
63.36  5.683997954088761
63.48  5.854021479748843
63.599999999999994  6.015620764953469
63.72  6.168608506534434
63.839999999999996  6.312812020114542
63.96  6.448073482594127
64.08  6.574250148112051
64.2  6.691214537145378
64.32  6.798854598461295
64.44  6.897073843685618
64.56  6.985791454302568
64.67999999999999  7.064942360952069
64.8  7.1344772949416
64.92  7.194362811941247
65.03999999999999  7.2445812878818225
65.16  7.285130887127443
65.28  7.316025503044362
65.39999999999999  7.337294671139447
65.52  7.348983454991375
65.64  7.35115230524775
65.75999999999999  7.3438768920106625
65.88  7.327247910981744
66.0  7.301370863785473
66.12  7.266365812936748
66.24  7.222367111964507
66.36  7.169523111248033
66.48  7.107995840166986
66.6  7.037960666208079
66.72  6.959605931713124
66.84  6.873132568993261
66.96  6.77875369457219
67.08  6.676694183358743
67.2  6.567190223584407
67.32  6.450488853374941
67.44  6.32684747985784
67.56  6.196533381737002
67.67999999999999  6.059823196295219
67.8  5.917002391810735
67.92  5.76836472639979
68.03999999999999  5.614211694319051
68.16  5.454851960782474
68.28  5.290600786366561
68.39999999999999  5.121779442093325
68.52  4.948714616295543
68.64  4.771737814381153
68.75999999999999  4.5911847526231515
68.88  4.407394747109682
69.0  4.220710098995351
69.12  4.0314754771970405
69.24  3.8400372996800605
69.36  3.646743114479259
69.48  3.4519409815965862
69.6  3.2559788569115784
69.72  3.059203979233806
69.84  2.861962261617072
69.96  2.664597688043289
70.08  2.4674517165701264
70.2  2.270862690021607
70.32  2.0751652552817665
70.44  1.8806897922326136
70.56  1.6877618533560759
70.67999999999999  1.4967016149949648
70.8  1.3078233412434053
70.92  1.121434861410049
71.03999999999999  0.9378370619673078
71.16  0.7573233938703468
71.28  0.5801793960967507
71.39999999999999  0.40668223622369193
71.52  0.2371002688247441
71.64  0.0716926124312185
71.75999999999999  0.0
71.88  0.0
72.0  0.0
72.11999999999999  0.0
72.24  0.0
72.36  0.0
72.48  0.0
72.6  0.0
72.72  0.0
72.84  0.0
72.96  0.0
73.08  0.0
73.2  0.0
73.32  0.0
73.44  0.0
73.56  0.0
73.67999999999999  0.0
73.8  0.0
73.92  0.0
74.03999999999999  0.0
74.16  0.0
74.28  0.0
74.39999999999999  0.0
74.52  0.0
74.64  0.0
74.75999999999999  0.0
74.88  0.0
75.0  0.0
75.11999999999999  0.0
75.24  0.0
75.36  0.0
75.48  0.0
75.6  0.0
75.72  0.0
75.84  0.0
75.96  0.0
76.08  0.0
76.2  0.0
76.32  0.0
76.44  0.0
76.56  0.0
76.67999999999999  0.0
76.8  0.0
76.92  0.0
77.03999999999999  0.0
77.16  0.0
77.28  0.0
77.39999999999999  0.0
77.52  0.0
77.64  0.0
77.75999999999999  0.0
77.88  0.0
78.0  0.0
78.11999999999999  0.0
78.24  0.057817238009776895
78.36  0.18378667928863346
78.48  0.3105068966834169
78.6  0.4377215444469821
78.72  0.5651758158666798
78.84  0.692616923760669
78.96  0.819794573424869
79.08  0.946461427143227
79.2  1.0723735593967005
79.32  1.1972909019290083
79.44  1.3209776778520181
79.56  1.4432028240001928
79.67999999999999  1.5637404007709532
79.8  1.6823699887174897
79.92  1.7988770711907147
80.03999999999999  1.9130534023588976
80.16  2.024697359967206
80.28  2.133614282232367
80.39999999999999  2.239616788304332
80.52  2.3425250817620418
80.64  2.4421672366477756
80.75999999999999  2.5383794655830254
80.88  2.6310063695471078
81.0  2.7199011689390367
81.11999999999999  2.8049259155838193
81.24  2.8859516853842986
81.36  2.96285875136045
81.48  3.0355367368601875
81.6  3.1038847487659798
81.72  3.1678114905644037
81.84  3.227235355186675
81.96  3.2820844975702554
82.08  3.332296886933441
82.2  3.377820338795684
82.32  3.4186125268182517
82.44  3.454640974580246
82.56  3.485883027445278
82.67999999999999  3.5123258047144237
82.8  3.5339661322999487
82.92  3.550810456192885
83.03999999999999  3.562874737035755
83.16  3.5701843261482535
83.28  3.5727738233902246
83.39999999999999  3.5706869172810998
83.52  3.563976207829243
83.64  3.5527030125576005
83.75999999999999  3.5369371562437695
83.88  3.5167567449232835
84.0  3.492247924734274
84.11999999999999  3.463504626209273
84.24  3.430628294646917
84.36  3.3937276072210842
84.47999999999999  3.3529181775087515
84.6  3.3083222481397137
84.72  3.2600683722921406
84.84  3.208291084776472
84.96  3.1531305634674336
85.08  3.094732281859816
85.2  3.033246653536998
85.32  2.9688286693536794
85.44  2.901637528144492
85.56  2.8318362617790007
85.67999999999999  2.759591355389968
85.8  2.685072363607578
85.92  2.6084515236347947
86.03999999999999  2.529903366001303
86.16  2.449604323832579
86.28  2.3677323414692752
86.39999999999999  2.2844664832677477
86.52  2.199986543407395
86.64  2.114472657523401
86.75999999999999  2.028104916973968
86.88  1.9410629865412616
87.0  1.8535257263527047
87.11999999999999  1.7656708187952903
87.24  1.6776744011806541
87.36  1.5897107049013406
87.47999999999999  1.5019517018002342
87.6  1.414566758455853
87.72  1.327722299064154
87.84  1.241581477575553
87.96  1.1563038597216893
88.08  1.072045115541313
88.2  0.988956722988746
88.32  0.907185683180457
88.44  0.8268742478071918
88.56  0.7481596592098486
88.67999999999999  0.6711739035863361
88.8  0.5960434777659636
88.92  0.5228891699561584
89.03999999999999  0.4518258548326458
89.16  0.3829623033122585
89.28  0.3164010073125588
89.39999999999999  0.25223801976876775
89.52  0.19056281014358262
89.64  0.13145813563027092
89.75999999999999  0.07499992821434898
89.88  0.021257197723385635
90.0  0.0
90.11999999999999  0.0
90.24  0.0
90.36  0.0
90.47999999999999  0.0
90.6  0.0
90.72  0.0
90.84  0.0
90.96  0.0
91.08  0.0
91.2  0.0
91.32  0.0
91.44  0.0
91.56  0.0
91.67999999999999  0.0
91.8  0.0
91.92  0.0
92.03999999999999  0.0
92.16  0.0
92.28  0.0
92.39999999999999  0.0
92.52  0.0
92.64  0.0
92.75999999999999  0.0
92.88  0.0
93.0  0.0
93.11999999999999  0.0
93.24  0.0
93.36  0.0
93.47999999999999  0.0
93.6  0.0
93.72  0.0
93.84  0.0
93.96  0.0
94.08  0.0
94.2  0.0
94.32  0.0
94.44  0.0
94.56  0.020625375806863078
94.67999999999999  0.057249139569111485
94.8  0.09427476132185864
94.92  0.13157891900798768
95.03999999999999  0.1690389901061431
95.16  0.20653333696140863
95.28  0.24394158747146988
95.39999999999999  0.2811449105129389
95.52  0.31802628550780576
95.64  0.35447076554721146
95.75999999999999  0.39036573350745707
95.88  0.4256011506126327
96.0  0.46006979691863004
96.11999999999999  0.4936675032146909
96.24  0.5262933738615083
96.36  0.5578500001080644
96.47999999999999  0.5882436634541728
96.6  0.6173845286510355
96.72  0.6451868259580003
96.84  0.6715690223011024
96.96  0.6964539810062906
97.08  0.7197691098085022
97.2  0.7414464968666653
97.32  0.7614230345441264
97.44  0.7796405307431988
97.56  0.7960458076134891
97.67999999999999  0.8105907874830224
97.8  0.8232325658926869
97.92  0.8339334716446186
98.03999999999999  0.8426611138061489
98.16  0.8493884156420125
98.28  0.8540936354777351
98.39999999999999  0.8567603745282081
98.52  0.8573775717557073
98.64  0.8559394858515623
98.75999999999999  0.8524456644657663
98.88  0.8469009008382182
99.0  0.8393151780136535
99.11999999999999  0.8297036008517188
99.24  0.8180863160701682
99.36  0.8044884205875589
99.47999999999999  0.7889398584571239
99.6  0.7714753067097732
99.72  0.7521340504487488
99.84  0.7309598475623869
99.96  0.7080007834440342
100.08  0.6833091161309424
100.2  0.6569411122936968
100.32  0.6289568745288098
100.44  0.5994201604246235
100.56  0.5683981938890662
100.67999999999999  0.5359614692435868
100.8  0.5021835486030193
100.92  0.4671408530743849
101.03999999999999  0.4309124483211081
101.16  0.3935798250488144
101.28  0.3552266749803852
101.39999999999999  0.3159386628950699
101.52  0.2758031953138972
101.64  0.23490918641991698
101.75999999999999  0.1933468218049722
101.88  0.15120732063840303
102.0  0.10858269685423161
102.11999999999999  0.0655655199531111
102.24  0.022248676014460678
102.36  0.0
102.47999999999999  0.0
102.6  0.0
102.72  0.0
102.83999999999999  0.0
102.96  0.0
103.08  0.0
103.2  0.0
103.32  0.0
103.44  0.0
103.56  0.0
103.67999999999999  0.0
103.8  0.0
103.92  0.0
104.03999999999999  0.0
104.16  0.0
104.28  0.0
104.39999999999999  0.0
104.52  0.0
104.64  0.0
104.75999999999999  0.0
104.88  0.0
105.0  0.0
105.11999999999999  0.0
105.24  0.0
105.36  0.0
105.47999999999999  0.0
105.6  0.0
105.72  0.0
105.83999999999999  0.0
105.96  0.0
106.08  0.0
106.2  0.0
106.32  0.0
106.44  0.0
106.56  0.0
106.67999999999999  0.0
106.8  0.0
106.92  0.0
107.03999999999999  0.0
107.16  0.0
107.28  0.0
107.39999999999999  0.0
107.52  0.0
107.64  0.0
107.75999999999999  0.0
107.88  0.0
108.0  0.0
108.11999999999999  0.0
108.24  0.0
108.36  0.0
108.47999999999999  0.0
108.6  0.0
108.72  0.0
108.83999999999999  0.0
108.96  0.0
109.08  0.0
109.2  0.0
109.32  0.0
109.44  0.0
109.56  0.0
109.67999999999999  0.0
109.8  0.0
109.92  0.0
110.03999999999999  0.0
110.16  0.0
110.28  0.0
110.39999999999999  0.0
110.52  0.0
110.64  0.0
110.75999999999999  0.0
110.88  0.0
111.0  0.0
111.11999999999999  0.0
111.24  0.0
111.36  0.0
111.47999999999999  0.0
111.6  0.0
111.72  0.0
111.83999999999999  0.0
111.96  0.0
112.08  0.0
112.2  0.0
112.32  0.0
112.44  0.0
112.56  0.0
112.67999999999999  0.0
112.8  0.0
112.92  0.0
113.03999999999999  0.0
113.16  0.0
113.28  0.0
113.39999999999999  0.0
113.52  0.0
113.64  0.0
113.75999999999999  0.0
113.88  0.0
114.0  0.0
114.11999999999999  0.0
114.24  0.0
114.36  0.0
114.47999999999999  0.0
114.6  0.0
114.72  0.0
114.83999999999999  0.0
114.96  0.0
115.08  0.0
115.19999999999999  0.0
115.32  0.0
115.44  0.0
115.56  0.0
115.67999999999999  0.0
115.8  0.0
115.92  0.0
116.03999999999999  0.0
116.16  0.0
116.28  0.0
116.39999999999999  0.0
116.52  0.0
116.64  0.0
116.75999999999999  0.0
116.88  0.0
117.0  0.0
117.11999999999999  0.0
117.24  0.0
117.36  0.0
117.47999999999999  0.0
117.6  0.0
117.72  0.0
117.83999999999999  0.0
117.96  0.0
118.08  0.0
118.19999999999999  0.0
118.32  0.0
118.44  0.0
118.56  0.0
118.67999999999999  0.0
118.8  0.0
118.92  0.0
119.03999999999999  0.0
119.16  0.0
119.28  0.0
119.39999999999999  0.0068986191725226575
119.52  0.04401716511660547
119.64  0.083078310024713
119.75999999999999  0.124074612017538
119.88  0.1669930288983128
120.0  0.21181484177905618
