0.0  13.969730181559576  100.0
0.12  14.028465034220853
0.24  14.075592610087183
0.36  14.111093539890186
0.48  14.134965382404655
0.6  14.147222551882209
0.72  14.147896218141607
0.84  14.137034179620104
0.96  14.114700709737066
1.08  14.080976376967234
1.2  14.035957839066025
1.3199999999999998  13.97975761193347
1.44  13.912503813646415
1.56  13.83433988423029
1.68  13.745424281782569
1.7999999999999998  13.645930155599055
1.92  13.536044996992153
2.04  13.415970268526596
2.16  13.285921012432999
2.28  13.146125438992884
2.4  12.996824495720455
2.52  12.838271418196353
2.6399999999999997  12.670731263436837
2.76  12.494480426708188
2.88  12.309806142720795
3.0  12.117005972159962
3.12  11.91638727453139
3.2399999999999998  11.708266668318007
3.36  11.492969479461843
3.48  11.270829179199417
3.5999999999999996  11.042186812292037
3.7199999999999998  10.807390416703289
3.84  10.566794435784807
3.96  10.320759124038158
4.08  10.069649947525459
4.2  9.813836980004037
4.32  9.553694295861078
4.4399999999999995  9.289599360922818
4.56  9.021932422209503
4.68  8.7510758977019
4.8  8.477413767177794
4.92  8.201330965167555
5.04  7.923212777066732
5.16  7.64344423943031
5.279999999999999  7.36240954545845
5.3999999999999995  7.080491456666595
5.52  6.798070721714373
5.64  6.515525503347279
5.76  6.233230814383253
5.88  5.951557963652593
6.0  5.6708740127745
6.12  5.391541244626866
6.24  5.113916644337721
6.359999999999999  4.8383513935973514
6.4799999999999995  4.565190379059106
6.6  4.294771715564994
6.72  4.027426284898738
6.84  3.7634772907346843
6.96  3.5032398304155574
7.08  3.247020484155592
7.199999999999999  2.9951169222284806
7.319999999999999  2.7478175306613934
7.4399999999999995  2.50540105591771
7.56  2.268136269011574
7.68  2.036281649457603
7.8  1.8100850894184766
7.92  1.5897836183725564
8.04  1.375603148582365
8.16  1.1677582416036252
8.28  0.9664518960329742
8.4  0.7718753566510239
8.52  0.5842079450760062
8.64  0.40361691200177513
8.76  0.23025731105293096
8.879999999999999  0.0642718942488335
9.0  0.0
9.12  0.0
9.24  0.0
9.36  0.0
9.48  0.0
9.6  0.0
9.719999999999999  0.0
9.84  0.0
9.959999999999999  0.0
10.08  0.0
10.2  0.0
10.32  0.0
10.44  0.0
10.559999999999999  0.0
10.68  0.0
10.799999999999999  0.0
10.92  0.0
11.04  0.0
11.16  0.0
11.28  0.0
11.4  0.0
11.52  0.0
11.639999999999999  0.0
11.76  0.0
11.879999999999999  0.0
12.0  0.0
12.12  0.0
12.24  0.0
12.36  0.0
12.48  0.0
12.6  0.0
12.719999999999999  0.0
12.84  0.0
12.959999999999999  0.0
13.08  0.0
13.2  0.0
13.32  0.0
13.44  0.0
13.559999999999999  0.0
13.68  0.0
13.799999999999999  0.0
13.92  0.0
14.04  0.005290438935833475
14.16  0.1329607137381028
14.28  0.2636277226093051
14.399999999999999  0.3970551527186392
14.52  0.5330063209266838
14.639999999999999  0.6712445327618406
14.76  0.8115334344503524
14.879999999999999  0.9536373574483075
15.0  1.0973216549483888
15.12  1.2423530298590852
15.24  1.3884998537802722
15.36  1.535532476525466
15.479999999999999  1.6832235257685602
15.6  1.831348196420747
15.719999999999999  1.9796845293717307
15.84  2.1280136792584043
15.959999999999999  2.276120170953315
16.08  2.4237921444950525
16.2  2.5708215882125183
16.32  2.7170045598251376
16.439999999999998  2.862141395331337
16.56  3.00603690552778
16.68  3.1485005600321765
16.8  3.2893466587125424
16.919999999999998  3.4283944904558648
17.04  3.56546847923875
17.16  3.7003983174922084
17.28  3.833019086781743
17.4  3.9631713658526624
17.52  4.090701326118607
17.64  4.215460814699048
17.759999999999998  4.33730742513841
17.88  4.456104555965987
18.0  4.571721457281254
18.12  4.684033265574255
18.24  4.792921027014614
18.36  4.898271709465995
18.48  4.999978203504914
18.599999999999998  5.097939312744241
18.72  5.192059733781894
18.84  5.282250026114328
18.96  5.3684265723727425
19.08  5.450511529256682
19.2  5.528432769555722
19.32  5.602123815664402
19.439999999999998  5.671523765009205
19.56  5.736577207818324
19.68  5.797234137676199
19.8  5.853449855314207
19.919999999999998  5.905184866097559
20.04  5.952404771675299
20.16  5.99508015626636
20.279999999999998  6.033186468058958
20.4  6.066703896203945
20.52  6.095617243884494
20.64  6.119915797945319
20.759999999999998  6.139593195563697
20.88  6.1546472884428525
21.0  6.165080005004848
21.119999999999997  6.170897211055827
21.24  6.172108569390668
21.36  6.168727398797263
21.48  6.160770532912655
21.599999999999998  6.148258179373878
21.72  6.1312137796962976
21.84  6.109663870300634
21.96  6.083637945097498
22.08  6.053168320024916
22.2  6.018289999919766
22.32  5.9790405480888404
22.439999999999998  5.935459958929048
22.56  5.887590533929176
22.68  5.835476761367972
22.8  5.779165200004617
22.919999999999998  5.718704367038632
23.04  5.654144630596322
23.16  5.585538106980585
23.279999999999998  5.512938562899943
23.4  5.43640132287136
23.52  5.3559831819697585
23.64  5.271742324074914
23.759999999999998  5.183738245744313
23.88  5.092031685817793
24.0  4.996684560837346
24.119999999999997  4.897759906342435
24.24  4.795321824078573
24.36  4.689435435134116
24.48  4.580166838997416
24.599999999999998  4.4675830785041875
24.72  4.3517521106224235
24.84  4.232742783000401
24.96  4.110624816181378
25.08  3.9854687913675377
25.2  3.8573461435946865
25.32  3.726329160159053
25.439999999999998  3.592490984117529
25.56  3.4559056226637797
25.68  3.3166479601639
25.8  3.1747937756176627
25.919999999999998  3.0304197642942405
26.04  2.883603563275163
26.16  2.7344237806217158
26.279999999999998  2.5829600278697162
26.4  2.429292955540716
26.52  2.2735042913464234
26.64  2.1156768807511837
26.759999999999998  1.9558947295470204
26.88  1.7942430480861051
27.0  1.630808296807114
27.119999999999997  1.4656782326845574
27.24  1.2989419562240305
27.36  1.1306899586212835
27.48  0.9610141686990916
27.599999999999998  0.7900079992331339
27.72  0.6177663922767993
27.84  0.44438586309417855
27.959999999999997  0.2699645423117045
28.08  0.09460221590063245
28.2  0.0
28.32  0.0
28.439999999999998  0.0
28.56  0.0
28.68  0.0
28.799999999999997  0.0
28.919999999999998  0.0
29.04  0.0
29.16  0.0
29.279999999999998  0.0
29.4  0.0
29.52  0.0
29.64  0.0
29.759999999999998  0.0
29.88  0.0
30.0  0.0
30.119999999999997  0.0
30.24  0.0
30.36  0.0
30.48  0.0
30.599999999999998  0.0
30.72  0.0
30.84  0.0
30.959999999999997  0.0
31.08  0.0
31.2  0.0
31.32  0.0
31.439999999999998  0.0
31.56  0.0
31.68  0.0
31.799999999999997  0.0
31.919999999999998  0.0
32.04  0.0
32.16  0.0
32.28  0.0
32.4  0.0
32.519999999999996  0.0
32.64  0.0
32.76  0.0
32.879999999999995  0.0
33.0  0.0
33.12  0.0
33.24  0.0
33.36  0.0
33.48  0.0
33.6  0.0
33.72  0.0
33.839999999999996  0.0
33.96  0.0
34.08  0.0
34.199999999999996  0.0
34.32  0.0
34.44  0.0
34.56  0.0
34.68  0.0
34.8  0.0
34.92  0.0
35.04  0.0
35.16  0.0
35.28  0.0
35.4  0.0
35.519999999999996  0.0
35.64  0.0
35.76  0.0
35.879999999999995  0.0
36.0  0.0
36.12  0.0
36.24  0.0
36.36  0.0
36.48  0.0
36.6  0.0
36.72  0.0
36.839999999999996  0.0
36.96  0.0
37.08  0.0
37.199999999999996  0.0
37.32  0.0
37.44  0.0
37.559999999999995  0.0
37.68  0.0
37.8  0.0
37.92  0.0
38.04  0.0
38.16  0.0
38.28  0.0
38.4  0.0
38.519999999999996  0.0
38.64  0.0
38.76  0.0
38.879999999999995  0.0
39.0  0.0
39.12  0.0
39.24  0.0
39.36  0.0
39.48  0.0
39.6  0.0
39.72  0.0
39.839999999999996  0.0
39.96  0.0
40.08  0.0
40.199999999999996  0.0
40.32  0.0
40.44  0.0
40.559999999999995  0.0
40.68  0.0
40.8  0.0
40.92  0.0
41.04  0.0
41.16  0.0
41.28  0.0
41.4  0.0
41.519999999999996  0.0
41.64  0.018019977047602553
41.76  0.22494580234102446
41.879999999999995  0.42972473137267464
42.0  0.6320636430322829
42.12  0.8316706669844438
42.239999999999995  1.0282556509658924
42.36  1.2215306305092977
42.48  1.4112103002627323
42.6  1.5970124860622372
42.72  1.7786586169044858
42.839999999999996  1.955874195959109
42.96  2.1283892697526845
43.08  2.295938894651921
43.199999999999996  2.4582635997703353
43.32  2.6151098454208315
43.44  2.766230476237042
43.559999999999995  2.9113851680884517
43.68  3.050340867917568
43.8  3.1828722256332496
43.92  3.3087620172017473
44.04  3.4278015580853674
44.16  3.5397911061903873
44.28  3.6445402534976292
44.4  3.741868305563701
44.519999999999996  3.831604648097114
44.64  3.9135890998307477
44.76  3.9876722509317544
44.879999999999995  4.053715786211148
45.0  4.111592792417587
45.12  4.161188048924199
45.239999999999995  4.202398301143315
45.36  4.235132516030666
45.48  4.2593121190696515
45.6  4.274871212156255
45.72  4.281756771836509
45.839999999999996  4.2799288273811955
45.96  4.269360618216364
46.08  4.250038730263292
46.199999999999996  4.221963210777824
46.32  4.1851476613162095
46.44  4.139619308492763
46.559999999999995  4.085419052233701
46.68  4.0226014912717805
46.8  3.9512349256666113
46.92  3.8714013361772333
47.04  3.7831963403553392
47.16  3.686729125270096
47.28  3.5821223568183815
47.4  3.4695120656176597
47.519999999999996  3.3490475095219074
47.64  3.220891012845262
47.76  3.0852177824214255
47.879999999999995  2.942215700670867
48.0  2.7920850958917063
48.12  2.63503849003353
48.239999999999995  2.471300324256986
48.36  2.3011066626248153
48.48  2.1247048743127452
48.6  1.9423532947703843
48.72  1.7543208663043752
48.839999999999996  1.5608867585961024
48.96  1.3623399697069278
49.08  1.1589789081627293
49.199999999999996  0.9511109567479314
49.32  0.7390520186764997
49.44  0.5231260468435728
49.559999999999995  0.3036645568961098
49.68  0.08100612489532388
49.8  0.0
49.92  0.0
50.04  0.0
50.16  0.0
50.28  0.0
50.4  0.0
50.519999999999996  0.0
50.64  0.0
50.76  0.0
50.879999999999995  0.0
51.0  0.0
51.12  0.0
51.239999999999995  0.0
51.36  0.0
51.48  0.0
51.6  0.0
51.72  0.0
51.839999999999996  0.0
51.96  0.0
52.08  0.0
52.199999999999996  0.0
52.32  0.0
52.44  0.0
52.559999999999995  0.0
52.68  0.0
52.8  0.0
52.919999999999995  0.0
53.04  0.0
53.16  0.0
53.28  0.0
53.4  0.0
53.519999999999996  0.0
53.64  0.0
53.76  0.0
53.879999999999995  0.0
54.0  0.0
54.12  0.0
54.239999999999995  0.0
54.36  0.0
54.48  0.0
54.6  0.0
54.72  0.0
54.839999999999996  0.0
54.96  0.0
55.08  0.0
55.199999999999996  0.0
55.32  0.0
55.44  0.0
55.559999999999995  0.0
55.68  0.0
55.8  0.0
55.919999999999995  0.0
56.04  0.0
56.16  0.0
56.28  0.0
56.4  0.0
56.519999999999996  0.0
56.64  0.0
56.76  0.0
56.879999999999995  0.0
57.0  0.0
57.12  0.0
57.239999999999995  0.0
57.36  0.0
57.48  0.0
57.599999999999994  0.0
57.72  0.0
57.839999999999996  0.0
57.96  0.0
58.08  0.0
58.199999999999996  0.0
58.32  0.0
58.44  0.0
58.559999999999995  0.0
58.68  0.0
58.8  0.0
58.919999999999995  0.0
59.04  0.0
59.16  0.0
59.28  0.0
59.4  0.0
59.519999999999996  0.0
59.64  0.0
59.76  0.0
59.879999999999995  0.0
60.0  0.0
60.12  0.0
60.239999999999995  0.0
60.36  0.26744075877828166
60.48  0.5451310627919561
60.599999999999994  0.8218283048356312
60.72  1.0971323355318092
60.839999999999996  1.3706457034045059
60.96  1.641974315859768
61.08  1.910728094116136
61.199999999999996  2.1765216209200564
61.32  2.4389747798931967
61.44  2.6977133853741053
61.559999999999995  2.952369801633936
61.68  3.2025835503648232
61.8  3.4480019053613056
61.919999999999995  3.6882804733385104
62.04  3.923083759855756
62.16  4.152085719342094
62.28  4.374970288249458
62.4  4.591431900389343
62.519999999999996  4.801175983543039
62.64  5.003919436468736
62.76  5.199391085465483
62.879999999999995  5.3873321196920765
63.0  5.567496504477206
63.12  5.739651371898777
63.239999999999995  5.903577387951842
63.36  6.05906909566786
63.48  6.2059352335926
63.599999999999994  6.343999029075484
63.72  6.473098465869656
63.839999999999996  6.593086525589641
63.96  6.7038314026218915
64.08  6.80521669213217
64.2  6.897141550863987
64.32  6.979520830472083
64.44  7.052285183185997
64.56  7.115381139649567
64.67999999999999  7.1687711588338
64.8  7.212433649971848
64.92  7.246362966516427
65.03999999999999  7.270569372171556
65.16  7.285078979102006
65.28  7.289933658474603
65.39999999999999  7.2851909235368515
65.52  7.2709237854884
65.64  7.247220582450762
65.75999999999999  7.214184781890121
65.88  7.1719347568964125
66.0  7.120603536769607
66.12  7.060338532411085
66.24  6.991301237063688
66.36  6.913666902988669
66.48  6.827624194711894
66.6  6.733374819513285
66.72  6.631133135874929
66.84  6.521125740643165
66.96  6.403591035697386
67.08  6.278778774955621
67.2  6.14694959258163
67.32  6.008374513291414
67.44  5.863334445689063
67.56  5.7121196595910835
67.67999999999999  5.555029248326823
67.8  5.392370577027897
67.92  5.224458717944379
68.03999999999999  5.051615873846986
68.16  4.874170790594348
68.28  4.692458159963305
68.39999999999999  4.506818013854666
68.52  4.317595111001443
68.64  4.125138317318134
68.75999999999999  3.9297999810381894
68.88  3.7319353037944505
69.0  3.531901708802768
69.12  3.330058207310429
69.24  3.1267647644726617
69.36  2.922381665818424
69.48  2.717268885462593
69.6  2.5117854572157285
69.72  2.3062888497342007
69.84  2.101134346843284
69.96  1.8966744341529087
70.08  1.6932581930710242
70.2  1.4912307033035421
70.32  1.2909324549097754
70.44  1.0926987709623923
70.56  0.8968592418383221
70.67999999999999  0.7037371721413312
70.8  0.5136490412314028
70.92  0.3269039783078289
71.03999999999999  0.14380325296182006
71.16  0.0
71.28  0.0
71.39999999999999  0.0
71.52  0.0
71.64  0.0
71.75999999999999  0.0
71.88  0.0
72.0  0.0
72.11999999999999  0.0
72.24  0.0
72.36  0.0
72.48  0.0
72.6  0.0
72.72  0.0
72.84  0.0
72.96  0.0
73.08  0.0
73.2  0.0
73.32  0.0
73.44  0.0
73.56  0.0
73.67999999999999  0.0
73.8  0.0
73.92  0.0
74.03999999999999  0.0
74.16  0.0
74.28  0.0
74.39999999999999  0.0
74.52  0.0
74.64  0.0
74.75999999999999  0.0
74.88  0.0
75.0  0.0
75.11999999999999  0.0
75.24  0.0
75.36  0.0
75.48  0.0
75.6  0.0
75.72  0.0
75.84  0.0
75.96  0.0
76.08  0.0
76.2  0.0
76.32  0.0
76.44  0.0
76.56  0.0
76.67999999999999  0.0
76.8  0.0
76.92  0.0
77.03999999999999  0.0
77.16  0.0
77.28  0.0
77.39999999999999  0.0
77.52  0.0
77.64  0.0
77.75999999999999  0.0
77.88  0.0
78.0  0.09344235632867248
78.11999999999999  0.24130088154315277
78.24  0.39009413885347594
78.36  0.5395385660962067
78.48  0.6893515437146127
78.6  0.8392519147161354
78.72  0.9889604984700122
78.84  1.1382005973913365
78.96  1.2866984955777336
79.08  1.4341839484837768
79.2  1.5803906627414168
79.32  1.7250567652581474
79.44  1.867925260749858
79.56  2.0087444768926845
79.67999999999999  2.1472684963061814
79.8  2.2832575746106123
79.92  2.416478543831907
80.03999999999999  2.5467052004606083
80.16  2.67371867750543
80.28  2.7973077999159583
80.39999999999999  2.9172694227864304
80.52  3.0334087517886887
80.64  3.1455396453205005
80.75999999999999  3.2534848978949764
80.88  3.3570765043358213
81.0  3.4561559043834578
81.11999999999999  3.5505742073586664
81.24  3.640192396571237
81.36  3.724881513202912
81.48  3.8045228194370306
81.6  3.8790079406485267
81.72  3.9482389865117318
81.84  4.01212865092541
81.96  4.0706002906975005
82.08  4.123587982974893
82.2  4.171036561445462
82.32  4.2129016313824454
82.44  4.249149563642785
82.56  4.279757467772299
82.67999999999999  4.304713144412006
82.8  4.324015017239805
82.92  4.337672044721387
83.03999999999999  4.345703611983516
83.16  4.3481394031603875
83.28  4.345019254601356
83.39999999999999  4.336392989364204
83.52  4.322320233453435
83.64  4.3028702142970765
83.75999999999999  4.27812154198822
83.88  4.248161973849206
84.0  4.213088162906798
84.11999999999999  4.173005390895195
84.24  4.128027286431827
84.36  4.07827552903652
84.47999999999999  4.0238795396894345
84.6  3.9649761586458556
84.72  3.901709311247846
84.84  3.834229662492012
84.96  3.762694261130994
85.08  3.6872661741028754
85.2  3.608114112097042
85.32  3.52541204707818
85.44  3.439338822601277
85.56  3.350077757760002
85.67999999999999  3.2578162456180557
85.8  3.162745346979535
85.92  3.065059380357737
86.03999999999999  2.9649555090045494
86.16  2.862633325862544
86.28  2.758294437301097
86.39999999999999  2.652142046494011
86.52  2.544380537291719
86.64  2.4352150594344746
86.75999999999999  2.324851115944023
86.88  2.2134941535218084
87.0  2.1013491567697793
87.11999999999999  1.9886202470361019
87.24  1.875510286673789
87.36  1.7622204894831304
87.47999999999999  1.6489500380907909
87.6  1.5358957089993555
87.72  1.4232515060194948
87.84  1.3112083027749557
87.96  1.1999534949468764
88.08  1.0896706628986788
88.2  0.9805392452972527
88.32  0.8727342243180487
88.44  0.7664258229938928
88.56  0.6617792152380134
88.67999999999999  0.5589542490407244
88.8  0.4581051833086569
88.92  0.35938043878343445
89.03999999999999  0.2629223634430112
89.16  0.1688670127566807
89.28  0.07734394512975795
89.39999999999999  0.0
89.52  0.0
89.64  0.0
89.75999999999999  0.0
89.88  0.0
90.0  0.0
90.11999999999999  0.0
90.24  0.0
90.36  0.0
90.47999999999999  0.0
90.6  0.0
90.72  0.0
90.84  0.0
90.96  0.0
91.08  0.0
91.2  0.0
91.32  0.0
91.44  0.0
91.56  0.0
91.67999999999999  0.0
91.8  0.0
91.92  0.0
92.03999999999999  0.0
92.16  0.0
92.28  0.0
92.39999999999999  0.0
92.52  0.0
92.64  0.0
92.75999999999999  0.0
92.88  0.0
93.0  0.0
93.11999999999999  0.0
93.24  0.0
93.36  0.0
93.47999999999999  0.0
93.6  0.0
93.72  0.0
93.84  0.0
93.96  0.0
94.08  0.0
94.2  0.0
94.32  0.0
94.44  0.0
94.56  0.0
94.67999999999999  0.0
94.8  0.0
94.92  0.0
95.03999999999999  0.0
95.16  0.0
95.28  0.0
95.39999999999999  0.0
95.52  0.0
95.64  0.0
95.75999999999999  0.0
95.88  0.0
96.0  0.0
96.11999999999999  0.0
96.24  0.0
96.36  0.0
96.47999999999999  0.0
96.6  0.027645505831254802
96.72  0.07321473021250924
96.84  0.11797838995649412
96.96  0.16183959903935852
97.08  0.20470537679722367
97.2  0.24648680584682425
97.32  0.2870991784346294
97.44  0.32646213097893895
97.56  0.36449976659959005
97.67999999999999  0.40114076545881017
97.8  0.4363184827674208
97.92  0.46997103434023046
98.03999999999999  0.5020413696148065
98.16  0.5324773320784266
98.28  0.5612317070775618
98.39999999999999  0.588262257015067
98.52  0.6135317439698509
98.64  0.6370079398033985
98.75999999999999  0.6586636238472983
98.88  0.6784765682947982
99.0  0.696429511447602
99.11999999999999  0.7125101189981362
99.24  0.7267109335538728
99.36  0.7390293126383023
99.47999999999999  0.7494673554285027
99.6  0.7580318185151262
99.72  0.7647340209952438
99.84  0.7695897392322376
99.96  0.7726190916395511
100.08  0.7738464138677591
100.2  0.7733001247942795
100.32  0.7710125837360825
100.44  0.7670199393234675
100.56  0.7613619704913017
100.67999999999999  0.7540819200603213
100.8  0.7452263213964474
100.92  0.7348448186497305
101.03999999999999  0.7229899810881607
101.16  0.7097171120516602
101.28  0.6950840530632547
101.39999999999999  0.6791509836420704
101.52  0.6619802173705583
101.64  0.6436359947749699
101.75999999999999  0.6241842735819447
101.88  0.6036925169180227
102.0  0.5822294800207206
102.11999999999999  0.5598649960300001
102.24  0.5366697614287517
102.36  0.5127151216980563
102.47999999999999  0.488072857749951
102.6  0.46281497369507507
102.72  0.43701348649646254
102.83999999999999  0.41074021805324645
102.96  0.38406659024890777
103.08  0.3570634234885961
103.2  0.3298007392387685
103.32  0.3023475670694735
103.44  0.27477175668574993
103.56  0.24713979542014264
103.67999999999999  0.2195166316412308
103.8  0.1919655045169335
103.92  0.16454778055242003
104.03999999999999  0.13732279730337138
104.16  0.11034771464552628
104.28  0.08367737395996344
104.39999999999999  0.05736416557200341
104.52  0.031457904758862565
104.64  0.0060057166177593935
104.75999999999999  0.0
104.88  0.0
105.0  0.0
105.11999999999999  0.0
105.24  0.0
105.36  0.0
105.47999999999999  0.0
105.6  0.0
105.72  0.0
105.83999999999999  0.0
105.96  0.0
106.08  0.0
106.2  0.0
106.32  0.0
106.44  0.0
106.56  0.0
106.67999999999999  0.0
106.8  0.0
106.92  0.0
107.03999999999999  0.0
107.16  0.0
107.28  0.0
107.39999999999999  0.0
107.52  0.0
107.64  0.0
107.75999999999999  0.0
107.88  0.0
108.0  0.0
108.11999999999999  0.0
108.24  0.0
108.36  0.0
108.47999999999999  0.0
108.6  0.0
108.72  0.0
108.83999999999999  0.0
108.96  0.0
109.08  0.0
109.2  0.0
109.32  0.0
109.44  0.0
109.56  0.0
109.67999999999999  0.0
109.8  0.0
109.92  0.0
110.03999999999999  0.0
110.16  0.0
110.28  0.0
110.39999999999999  0.0
110.52  0.0
110.64  0.0
110.75999999999999  0.0
110.88  0.0
111.0  0.0
111.11999999999999  0.0
111.24  0.0
111.36  0.0
111.47999999999999  0.0
111.6  0.0
111.72  0.0
111.83999999999999  0.0
111.96  0.0
112.08  0.0
112.2  0.0
112.32  0.0
112.44  0.0
112.56  0.0
112.67999999999999  0.0
112.8  0.0
112.92  0.0
113.03999999999999  0.0
113.16  0.0
113.28  0.0
113.39999999999999  0.0
113.52  0.0
113.64  0.0
113.75999999999999  0.0
113.88  0.0
114.0  0.0
114.11999999999999  0.0
114.24  0.0
114.36  0.0
114.47999999999999  0.0
114.6  0.0
114.72  0.0
114.83999999999999  0.0
114.96  0.0
115.08  0.0
115.19999999999999  0.0
115.32  0.0
115.44  0.0
115.56  0.0
115.67999999999999  0.0
115.8  0.0
115.92  0.0
116.03999999999999  0.0
116.16  0.0
116.28  0.0
116.39999999999999  0.0
116.52  0.0
116.64  0.0
116.75999999999999  0.0
116.88  0.0
117.0  0.0
117.11999999999999  0.0
117.24  0.0
117.36  0.0
117.47999999999999  0.0
117.6  0.0
117.72  0.0
117.83999999999999  0.0
117.96  0.0
118.08  0.0
118.19999999999999  0.0
118.32  0.0
118.44  0.0
118.56  0.0
118.67999999999999  0.0
118.8  0.0
118.92  0.0
119.03999999999999  0.0
119.16  0.0
119.28  0.0
119.39999999999999  0.0
119.52  0.0
119.64  0.0
119.75999999999999  0.0
119.88  0.0
120.0  0.0
