0.0  12.591169922337572  100.0
0.12  12.624741380151992
0.24  12.648213745197124
0.36  12.661593063756277
0.48  12.66490066243105
0.6  12.658173050038451
0.72  12.641461793962435
0.84  12.61483337128977
0.96  12.578368995105015
1.08  12.53216441636351
1.2  12.47632970180439
1.3199999999999998  12.410988988407665
1.44  12.336280214940542
1.56  12.252354831177707
1.68  12.159377485418936
1.7999999999999998  12.057525690964567
1.92  11.946989472244976
2.04  11.827970991334707
2.16  11.700684155614441
2.28  11.565354207375341
2.4  11.422217296189666
2.52  11.27152003489953
2.6399999999999997  11.113519040101655
2.76  10.94848045803031
2.88  10.776679476763114
3.0  10.59839982569496
3.12  10.413933263244052
3.2399999999999998  10.223579053770816
3.36  10.027643434705325
3.48  9.826439074891697
3.5999999999999996  9.620284525168843
3.7199999999999998  9.409503662215787
3.84  9.194425126696729
3.96  8.975381756745763
4.08  8.752710017834103
4.2  8.52674943006345
4.32  8.297841993927998
4.4399999999999995  8.066331615584353
4.56  7.83256353266356
4.68  7.59688374165228
4.8  7.35963842786114
4.92  7.121173398987322
5.04  6.8818335232656604
5.16  6.64196217318777
5.279999999999999  6.40190067575236
5.3999999999999995  6.161987770191482
5.52  5.922559074097722
5.64  5.6839465588554425
5.76  5.446478035256124
5.88  5.21047665015293
6.0  4.976260394983269
6.12  4.7441416269604115
6.24  4.514426603705894
6.359999999999999  4.287415032064118
6.4799999999999995  4.063399631808582
6.6  3.842665714916445
6.72  3.6254907810538555
6.84  3.4121441298794952
6.96  3.2028864907377024
7.08  2.997969670275487
7.199999999999999  2.797636218480108
7.319999999999999  2.6021191135952506
7.4399999999999995  2.4116414663347907
7.56  2.2264162437733344
7.68  2.046646013252599
7.8  1.8725227066019783
7.92  1.704227404930867
8.04  1.541930144209
8.16  1.3857897418099117
8.28  1.2359536441511199
8.4  1.0925577955233792
8.52  0.9557265281600824
8.64  0.8255724735567824
8.76  0.702196495010079
8.879999999999999  0.5856876413046307
9.0  0.47612312143704416
9.12  0.3735683002258894
9.24  0.27807671461816097
9.36  0.18969011046424017
9.48  0.10843849949589074
9.6  0.034340236205101515
9.719999999999999  0.0
9.84  0.0
9.959999999999999  0.0
10.08  0.0
10.2  0.0
10.32  0.0
10.44  0.0
10.559999999999999  0.0
10.68  0.0
10.799999999999999  0.0
10.92  0.0
11.04  0.0
11.16  0.0
11.28  0.0
11.4  0.0
11.52  0.0
11.639999999999999  0.0
11.76  0.0
11.879999999999999  0.0
12.0  0.0
12.12  0.04762989317545385
12.24  0.11410776368847253
12.36  0.18538147856577702
12.48  0.26125602296001904
12.6  0.34153161095105744
12.719999999999999  0.4260040810826221
12.84  0.5144652942495622
12.959999999999999  0.6067035331422044
13.08  0.7025039024599983
13.2  0.8016487291135911
13.32  0.9039179616434414
13.44  1.0090895680930863
13.559999999999999  1.1169399315872022
13.68  1.2272442428776427
13.799999999999999  1.3397768891354351
13.92  1.4543118382827354
14.04  1.5706230181761822
14.16  1.6884846899717736
14.28  1.8076718150213846
14.399999999999999  1.9279604146722022
14.52  2.0491279223626346
14.639999999999999  2.1709535274316676
14.76  2.2932185100830513
14.879999999999999  2.415706566971071
15.0  2.5382041269009976
15.12  2.660500656164317
15.24  2.7823889530569526
15.36  2.903665431157066
15.479999999999999  3.0241303909684616
15.6  3.143588279565347
15.719999999999999  3.2618479379045486
15.84  3.3787228355020757
15.959999999999999  3.4940312922019454
16.08  3.6075966867966924
16.2  3.7192476522905347
16.32  3.8288182576279377
16.439999999999998  3.936148175742201
16.56  4.041082837810432
16.68  4.143473573633153
16.8  4.243177738088273
16.919999999999998  4.340058823640746
17.04  4.433986558920152
17.16  4.52483699340941
17.28  4.612492568318087
17.4  4.696842173743717
17.52  4.777781192253801
17.64  4.855211529050038
17.759999999999998  4.929041628904203
17.88  4.999186480082657
18.0  5.065567605502797
18.12  5.128113041390651
18.24  5.186757303733539
18.36  5.241441342845665
18.48  5.292112486387297
18.599999999999998  5.338724371200155
18.72  5.381236864342368
18.84  5.419615973725917
18.96  5.453833748778129
19.08  5.483868171565959
19.2  5.5097030388379595
19.32  5.531327835453597
19.439999999999998  5.548737599683219
19.56  5.5619327808740495
19.68  5.570919089988763
19.8  5.575707343532499
19.919999999999998  5.576313301392682
20.04  5.572757499122647
20.16  5.5650650752057995
20.279999999999998  5.553265593840998
20.4  5.537392863792757
20.52  5.517484753851143
20.64  5.4935830054464185
20.759999999999998  5.46573304296198
20.88  5.433983782286714
21.0  5.398387438143674
21.119999999999997  5.35899933072689
21.24  5.315877692171399
21.36  5.269083473373827
21.48  5.218680151671787
21.599999999999998  5.164733539879964
21.72  5.107311597169477
21.84  5.04648424226441
21.96  4.9823231694156735
22.08  4.914901667597781
22.2  4.844294443358169
22.32  4.770577447732099
22.439999999999998  4.693827707618427
22.56  4.614123161993039
22.68  4.531542503317423
22.8  4.446165024479605
22.919999999999998  4.358070471583951
23.04  4.2673389028847675
23.16  4.1740505541365405
23.279999999999998  4.078285710610959
23.4  3.980124586007747
23.52  3.8796472084628304
23.64  3.776933313833248
23.759999999999998  3.672062246414198
23.88  3.5651128672189465
24.0  3.456163469927863
24.119999999999997  3.3452917045878707
24.24  3.232574509118949
24.36  3.118088048659534
24.48  3.001907662757759
24.599999999999998  2.884107820391144
24.72  2.7647620827727453
24.84  2.6439430738778653
24.96  2.521722458601401
25.08  2.398170928432743
25.2  2.2733581945119834
25.32  2.1473529879088926
25.439999999999998  2.0202230669440313
25.56  1.8920352313503113
25.68  1.7628553430524638
25.8  1.6327483533221545
25.919999999999998  1.5017783360471908
26.04  1.3700085268351057
26.16  1.2375013676537363
26.279999999999998  1.1043185566951208
26.4  0.9705211031330954
26.52  0.8361693864307045
26.64  0.7013232198395999
26.759999999999998  0.5660419177212661
26.88  0.43038436630838317
27.0  0.2944090975142462
27.119999999999997  0.15817436538896912
27.24  0.021738224813174778
27.36  0.0
27.48  0.0
27.599999999999998  0.0
27.72  0.0
27.84  0.0
27.959999999999997  0.0
28.08  0.0
28.2  0.0
28.32  0.0
28.439999999999998  0.0
28.56  0.0
28.68  0.0
28.799999999999997  0.0
28.919999999999998  0.0
29.04  0.0
29.16  0.0
29.279999999999998  0.0
29.4  0.0
29.52  0.0
29.64  0.0
29.759999999999998  0.0
29.88  0.0
30.0  0.0
30.119999999999997  0.0
30.24  0.0
30.36  0.0
30.48  0.0
30.599999999999998  0.0
30.72  0.0
30.84  0.0
30.959999999999997  0.0
31.08  0.0
31.2  0.0
31.32  0.0
31.439999999999998  0.0
31.56  0.0
31.68  0.0
31.799999999999997  0.0
31.919999999999998  0.0
32.04  0.0
32.16  0.0
32.28  0.0
32.4  0.0
32.519999999999996  0.0
32.64  0.0
32.76  0.0
32.879999999999995  0.0
33.0  0.0
33.12  0.0
33.24  0.0
33.36  0.0
33.48  0.0
33.6  0.0
33.72  0.0
33.839999999999996  0.0
33.96  0.0
34.08  0.0
34.199999999999996  0.0
34.32  0.0
34.44  0.0
34.56  0.0
34.68  0.0
34.8  0.0
34.92  0.0
35.04  0.0
35.16  0.0
35.28  0.0
35.4  0.0
35.519999999999996  0.0
35.64  0.0
35.76  0.0
35.879999999999995  0.0
36.0  0.0
36.12  0.0
36.24  0.0
36.36  0.0
36.48  0.0
36.6  0.0
36.72  0.0
36.839999999999996  0.0
36.96  0.0
37.08  0.0
37.199999999999996  0.0
37.32  0.0
37.44  0.0
37.559999999999995  0.0
37.68  0.0
37.8  0.0
37.92  0.0
38.04  0.0
38.16  0.0
38.28  0.0
38.4  0.0
38.519999999999996  0.0
38.64  0.0
38.76  0.0
38.879999999999995  0.0
39.0  0.0
39.12  0.0
39.24  0.0
39.36  0.0
39.48  0.0
39.6  0.0
39.72  0.0
39.839999999999996  0.0
39.96  0.0
40.08  0.0
40.199999999999996  0.0
40.32  0.0
40.44  0.0
40.559999999999995  0.0
40.68  0.0
40.8  0.0
40.92  0.0
41.04  0.0
41.16  0.0
41.28  0.0
41.4  0.0
41.519999999999996  0.08491327075103272
41.64  0.2422537335425265
41.76  0.3975002874298175
41.879999999999995  0.5504145496484728
42.0  0.7007591233483048
42.12  0.8482980017748318
42.239999999999995  0.9927969755457795
42.36  1.134024042268922
42.48  1.2717498177349766
42.6  1.4057479479075425
42.72  1.5357955209217158
42.839999999999996  1.6616734782952907
42.96  1.7831670245488747
43.08  1.9000660344264158
43.199999999999996  2.012165456904087
43.32  2.119265715173269
43.44  2.221173101783286
43.559999999999995  2.317700168131183
43.68  2.408666107488562
43.8  2.493897130760589
43.92  2.5732268341790303
44.04  2.6464965581387956
44.16  2.7135557363982197
44.28  2.7742622348742807
44.4  2.8284826792775446
44.519999999999996  2.8760927708466983
44.64  2.916977589458848
44.76  2.9510318834101077
44.879999999999995  2.9781603451809406
45.0  2.9982778725218022
45.12  3.0113098142175296
45.239999999999995  3.0171921999136124
45.36  3.0158719534127703
45.48  3.0073070888777496
45.6  2.9914668894047485
45.72  2.968332067461627
45.839999999999996  2.937894906716159
45.96  2.900159384811898
46.08  2.8551412766824873
46.199999999999996  2.8028682380298324
46.32  2.7433798686269695
46.44  2.6767277551428124
46.559999999999995  2.6029754932231346
46.68  2.5221986886005547
46.8  2.43448493704458
46.92  2.339933783002544
47.04  2.238656656822122
47.16  2.130776790486614
47.28  2.016429111835093
47.4  1.8957601172808505
47.519999999999996  1.7689277230826914
47.64  1.6361010952658523
47.76  1.4974604583305555
47.879999999999995  1.3531968829281498
48.0  1.2035120527265
48.12  1.048618010727579
48.239999999999995  0.8887368853416449
48.36  0.7241005965631344
48.48  0.5549505426340096
48.6  0.3815372676199251
48.72  0.204120110364572
48.839999999999996  0.02296683532550603
48.96  0.0
49.08  0.0
49.199999999999996  0.0
49.32  0.0
49.44  0.0
49.559999999999995  0.0
49.68  0.0
49.8  0.0
49.92  0.0
50.04  0.0
50.16  0.0
50.28  0.0
50.4  0.0
50.519999999999996  0.0
50.64  0.0
50.76  0.0
50.879999999999995  0.0
51.0  0.0
51.12  0.0
51.239999999999995  0.0
51.36  0.0
51.48  0.0
51.6  0.0
51.72  0.0
51.839999999999996  0.0
51.96  0.0
52.08  0.0
52.199999999999996  0.0
52.32  0.0
52.44  0.0
52.559999999999995  0.0
52.68  0.0
52.8  0.0
52.919999999999995  0.0
53.04  0.0
53.16  0.0
53.28  0.0
53.4  0.0
53.519999999999996  0.0
53.64  0.0
53.76  0.0
53.879999999999995  0.0
54.0  0.0
54.12  0.0
54.239999999999995  0.0
54.36  0.0
54.48  0.0
54.6  0.0
54.72  0.0
54.839999999999996  0.0
54.96  0.0
55.08  0.0
55.199999999999996  0.0
55.32  0.0
55.44  0.0
55.559999999999995  0.0
55.68  0.0
55.8  0.0
55.919999999999995  0.0
56.04  0.0
56.16  0.0
56.28  0.0
56.4  0.0
56.519999999999996  0.0
56.64  0.0
56.76  0.0
56.879999999999995  0.0
57.0  0.0
57.12  0.0
57.239999999999995  0.0
57.36  0.0
57.48  0.0
57.599999999999994  0.0
57.72  0.0
57.839999999999996  0.0
57.96  0.0
58.08  0.0
58.199999999999996  0.0
58.32  0.0
58.44  0.0
58.559999999999995  0.0
58.68  0.0
58.8  0.0
58.919999999999995  0.0
59.04  0.0
59.16  0.0
59.28  0.0
59.4  0.0
59.519999999999996  0.0
59.64  0.18894033599524918
59.76  0.45998860748294995
59.879999999999995  0.7307643934718638
60.0  1.000871691238537
60.12  1.2699149886147785
60.239999999999995  1.537499927660261
60.36  1.8032339674805284
60.48  2.066727045005731
60.599999999999994  2.327592232546724
60.72  2.5854463909485137
60.839999999999996  2.8399108171679526
60.96  3.090611885110617
61.08  3.337181678571728
61.199999999999996  3.579258615139723
61.32  3.816488059935018
61.44  4.048522928073929
61.559999999999995  4.275024274766861
61.68  4.495661871980663
61.8  4.7101147706186595
61.919999999999995  4.918071847196974
62.04  5.1192323340225085
62.16  5.313306331907495
62.28  5.500015304486359
62.4  5.679092553232575
62.519999999999996  5.850283672308842
62.64  6.013346982418748
62.76  6.168053942866332
62.879999999999995  6.314189541069325
63.0  6.451552658811739
63.12  6.579956414564205
63.239999999999995  6.699228481243353
63.36  6.80921137882606
63.48  6.909762741280113
63.599999999999994  7.000755557319516
63.72  7.0820783845401
63.839999999999996  7.15363553653984
63.96  7.215347242677419
64.08  7.2671497801724065
64.2  7.308995578301205
64.32  7.340853294493659
64.44  7.362707862186757
64.56  7.3745605103435645
64.67999999999999  7.376428754597262
64.8  7.368346360032344
64.92  7.35036327566679
65.03999999999999  7.322545540751022
65.16  7.284975163051131
65.28  7.237749969335084
65.39999999999999  7.180983428331661
65.52  7.114804446482451
65.64  7.039357136856786
65.75999999999999  6.954800561649038
65.88  6.861308448725749
66.0  6.759068882737873
66.12  6.648283971359759
66.24  6.52916948726205
66.36  6.401954486469941
66.48  6.26688090380171
66.6  6.124203126123699
66.72  5.97418754419854
66.84  5.8171120839429715
66.96  5.653265717947778
67.08  5.48294795814938
67.2  5.306468330576077
67.32  5.12414583312436
67.44  4.9363083773515095
67.56  4.743292215299245
67.67999999999999  4.545441352390031
67.8  4.34310694746222
67.92  4.1366467010335555
68.03999999999999  3.9264242329028547
68.16  3.7128084502180965
68.28  3.496172907156795
68.39999999999999  3.276895157377349
68.52  3.055356100413242
68.64  2.8319393231920955
68.75999999999999  2.607030437868266
68.88  2.3810164171639876
69.0  2.1542849284176024
69.12  1.9272236675372065
69.24  1.7002196940578642
69.36  1.473658768496755
69.48  1.2479246931946064
69.6  1.0233986578240288
69.72  0.8004585907349906
69.84  0.5794785172957077
69.96  0.3608279263721468
70.08  0.1448711460728197
70.2  0.0
70.32  0.0
70.44  0.0
70.56  0.0
70.67999999999999  0.0
70.8  0.0
70.92  0.0
71.03999999999999  0.0
71.16  0.0
71.28  0.0
71.39999999999999  0.0
71.52  0.0
71.64  0.0
71.75999999999999  0.0
71.88  0.0
72.0  0.0
72.11999999999999  0.0
72.24  0.0
72.36  0.0
72.48  0.0
72.6  0.0
72.72  0.0
72.84  0.0
72.96  0.0
73.08  0.0
73.2  0.0
73.32  0.0
73.44  0.0
73.56  0.0
73.67999999999999  0.0
73.8  0.0
73.92  0.0
74.03999999999999  0.0
74.16  0.0
74.28  0.0
74.39999999999999  0.0
74.52  0.0
74.64  0.0
74.75999999999999  0.0
74.88  0.0
75.0  0.0
75.11999999999999  0.0
75.24  0.0
75.36  0.0
75.48  0.0
75.6  0.0
75.72  0.0
75.84  0.0
75.96  0.0
76.08  0.0
76.2  0.0
76.32  0.0
76.44  0.0
76.56  0.0
76.67999999999999  0.0
76.8  0.0
76.92  0.0
77.03999999999999  0.0
77.16  0.0
77.28  0.0
77.39999999999999  0.0
77.52  0.0
77.64  0.07844227056030234
77.75999999999999  0.2717947607882426
77.88  0.46642793884233325
78.0  0.6620054021816204
78.11999999999999  0.8581907036525189
78.24  1.054647940540874
78.36  1.2510423397113526
78.48  1.447040837777004
78.6  1.6423126552544418
78.72  1.8365298636766765
78.84  2.029367944652672
78.96  2.2205063398834626
79.08  2.409628991164876
79.2  2.596424869430849
79.32  2.780588491916425
79.44  2.961820426545538
79.56  3.1398277826776684
79.67999999999999  3.3143246873766374
79.8  3.4850327463968584
79.92  3.651681489114293
80.03999999999999  3.8140087966640297
80.16  3.9717613125818785
80.28  4.12469483528314
80.39999999999999  4.272574691750629
80.52  4.415176091841983
80.64  4.552284462665949
80.75999999999999  4.6836957625188775
80.88  4.809216773913249
81.0  4.928665375272299
81.11999999999999  5.04187079090836
81.24  5.148673818945114
81.36  5.248927036887835
81.48  5.342494984590717
81.6  5.42925432441362
81.72  5.509093978406388
81.84  5.581915242402881
81.96  5.64763187695199
82.08  5.706170175057799
82.2  5.757469006745016
82.32  5.801479840510831
82.44  5.838166741767864
82.56  5.8675063484263426
82.67999999999999  5.889487823807173
82.8  5.904112787119517
82.92  5.91139522177839
83.03999999999999  5.911361361879037
83.16  5.9040495571846545
83.28  5.889510117023617
83.39999999999999  5.867805133530411
83.52  5.839008284701818
83.64  5.803204617776028
83.75999999999999  5.76049031347712
83.88  5.710972431701051
84.0  5.654768639251845
84.11999999999999  5.59200692026704
84.24  5.522825270001646
84.36  5.4473713726673925
84.47999999999999  5.3658022640508
84.6  5.27828397965814
84.72  5.184991189159257
84.84  5.086106817923092
84.96  4.981821656458115
85.08  4.872333958588994
85.2  4.757849029217129
85.32  4.638578802527181
85.44  4.514741411514846
85.56  4.386560749722005
85.67999999999999  4.25426602607423
85.8  4.11809131372345
85.92  3.9782750938036227
86.03999999999999  3.8350597950110417
86.16  3.688691329922475
86.28  3.5394186289647416
86.39999999999999  3.387493172946537
86.52  3.2331685250603672
86.64  3.0766998632566205
86.75999999999999  2.9183435138841323
86.88  2.758356487482902
87.0  2.596996017603928
87.11999999999999  2.434519103517725
87.24  2.271182057660059
87.36  2.10724005864671
87.47999999999999  1.9429467106719047
87.6  1.7785536100863608
87.72  1.614309919930177
87.84  1.4504619531737617
87.96  1.287252765397251
88.08  1.1249217576134103
88.2  0.963704289914266
88.32  0.8038313065932319
88.44  0.6455289733672951
88.56  0.4890183272943436
88.67999999999999  0.33451493994950127
88.8  0.1822285943940437
88.92  0.0323629764379863
89.03999999999999  0.0
89.16  0.0
89.28  0.0
89.39999999999999  0.0
89.52  0.0
89.64  0.0
89.75999999999999  0.0
89.88  0.0
90.0  0.0
90.11999999999999  0.0
90.24  0.0
90.36  0.0
90.47999999999999  0.0
90.6  0.0
90.72  0.0
90.84  0.0
90.96  0.0
91.08  0.0
91.2  0.0
91.32  0.0
91.44  0.0
91.56  0.0
91.67999999999999  0.0
91.8  0.0
91.92  0.0
92.03999999999999  0.0
92.16  0.0
92.28  0.0
92.39999999999999  0.0
92.52  0.0
92.64  0.0
92.75999999999999  0.0
92.88  0.0
93.0  0.0
93.11999999999999  0.0
93.24  0.0
93.36  0.0
93.47999999999999  0.0
93.6  0.0
93.72  0.0
93.84  0.0
93.96  0.0
94.08  0.0
94.2  0.0
94.32  0.0
94.44  0.0
94.56  0.0
94.67999999999999  0.0
94.8  0.0
94.92  0.0
95.03999999999999  0.0
95.16  0.0
95.28  0.0
95.39999999999999  0.0
95.52  0.0
95.64  0.0
95.75999999999999  0.0
95.88  0.0
96.0  0.0
96.11999999999999  0.0
96.24  0.0
96.36  0.0
96.47999999999999  0.0
96.6  0.0
96.72  0.0
96.84  0.0
96.96  0.0
97.08  0.0
97.2  0.0
97.32  0.0
97.44  0.0
97.56  0.0
97.67999999999999  0.0
97.8  0.0
97.92  0.0
98.03999999999999  0.0
98.16  0.0
98.28  0.0
98.39999999999999  0.05126602198878502
98.52  0.12584008839813793
98.64  0.1991448477070703
98.75999999999999  0.27109954261036207
98.88  0.34162790320795805
99.0  0.4106581783154991
99.11999999999999  0.47812315529097105
99.24  0.5439601685212823
99.36  0.6081110967397888
99.47999999999999  0.6705223493712604
99.6  0.7311448421258322
99.72  0.7899339620882333
99.84  0.8468495225719387
99.96  0.9018557080305847
100.08  0.9549210093413927
100.2  1.0060181497954443
100.32  1.0551240021506276
100.44  1.1022194971211552
100.56  1.1472895236957723
100.67999999999999  1.19032282169379
100.8  1.2313118669833034
100.92  1.2702527498004212
101.03999999999999  1.3071450466222658
101.16  1.3419916860573515
101.28  1.3747988092289936
101.39999999999999  1.4055756251360714
101.52  1.4343342614838803
101.64  1.4610896114850755
101.75999999999999  1.4858591771358898
101.88  1.508662909477262
102.0  1.5295230463536984
102.11999999999999  1.548463948183778
102.24  1.5655119322573336
102.36  1.580695106072394
102.47999999999999  1.5940432002236047
102.6  1.6055874013494136
102.72  1.6153601856408422
102.83999999999999  1.6233951534084312
102.96  1.6297268651964445
103.08  1.6343906799245702
103.2  1.6374225955280146
103.32  1.6388590925551982
103.44  1.6387369811704033
103.56  1.637093251995645
103.67999999999999  1.6339649312109858
103.8  1.6293889403179032
103.92  1.6234019609533148
104.03999999999999  1.6160403051246992
104.16  1.6073397912186598
104.28  1.5973356261158633
104.39999999999999  1.5860622937255648
104.52  1.5735534502322328
104.64  1.5598418263252307
104.75999999999999  1.5449591366607356
104.88  1.5289359967822613
105.0  1.511801847703067
105.11999999999999  1.4935848883301288
105.24  1.474312015885241
105.36  1.4540087744545203
105.47999999999999  1.4326993117727627
105.6  1.4104063443243433
105.72  1.387151130817176
105.83999999999999  1.3629534540610542
105.96  1.3378316112565545
106.08  1.311802412675462
106.2  1.2848811886884994
106.32  1.2570818050712718
106.44  1.228416686494655
106.56  1.1988968480811089
106.67999999999999  1.1685319348847674
106.8  1.1373302691288856
106.92  1.1052989050112467
107.03999999999999  1.0724436908656507
107.16  1.0387693384445895
107.28  1.0042794990677633
107.39999999999999  0.9689768463593394
107.52  0.9328631652771378
107.64  0.8959394471177016
107.75999999999999  0.858205990162405
107.88  0.8196625056122353
108.0  0.7803082284425578
108.11999999999999  0.7401420327929407
108.24  0.6991625514926997
108.36  0.6573682993093808
108.47999999999999  0.6147577994944606
108.6  0.5713297131892152
108.72  0.5270829712439524
108.83999999999999  0.48201690799380215
108.96  0.4361313965271475
109.08  0.3894269849758313
109.2  0.3419050333507693
109.32  0.2935678504425208
109.44  0.24441883030365744
109.56  0.19446258782796477
109.67999999999999  0.1437050929412228
109.8  0.09215380291937145
109.92  0.03981779235242257
110.03999999999999  0.0
110.16  0.0
110.28  0.0
110.39999999999999  0.0
110.52  0.0
110.64  0.0
110.75999999999999  0.0
110.88  0.0
111.0  0.0
111.11999999999999  0.0
111.24  0.0
111.36  0.0
111.47999999999999  0.0
111.6  0.0
111.72  0.0
111.83999999999999  0.0
111.96  0.0
112.08  0.0
112.2  0.0
112.32  0.0
112.44  0.0
112.56  0.0
112.67999999999999  0.0
112.8  0.0
112.92  0.0
113.03999999999999  0.0
113.16  0.0
113.28  0.0
113.39999999999999  0.0
113.52  0.0
113.64  0.0
113.75999999999999  0.0
113.88  0.0
114.0  0.0
114.11999999999999  0.0
114.24  0.0
114.36  0.0
114.47999999999999  0.0
114.6  0.0
114.72  0.0
114.83999999999999  0.0
114.96  0.0
115.08  0.0
115.19999999999999  0.0
115.32  0.0
115.44  0.0
115.56  0.0
115.67999999999999  0.0
115.8  0.0
115.92  0.0
116.03999999999999  0.0
116.16  0.0
116.28  0.0
116.39999999999999  0.0
116.52  0.0
116.64  0.0
116.75999999999999  0.0
116.88  0.0
117.0  0.0
117.11999999999999  0.0
117.24  0.0
117.36  0.0
117.47999999999999  0.0
117.6  0.0
117.72  0.0
117.83999999999999  0.0
117.96  0.0
118.08  0.0
118.19999999999999  0.0
118.32  0.0
118.44  0.0
118.56  0.0
118.67999999999999  0.0
118.8  0.0
118.92  0.0
119.03999999999999  0.0
119.16  0.0
119.28  0.0
119.39999999999999  0.0
119.52  0.0
119.64  0.0
119.75999999999999  0.0
119.88  0.0
120.0  0.0
