0.0  14.521185824973921  100.0
0.12  14.578840482254938
0.24  14.62429653021168
0.36  14.657536395493135
0.48  14.678560066199399
0.6  14.687385016705223
0.72  14.684046104462476
0.84  14.66859543908945
0.96  14.641102224102472
1.08  14.60165257169218
1.2  14.550349290992578
1.3199999999999998  14.487311650335823
1.44  14.41267511402949
1.56  14.326591054235458
1.68  14.22922643857091
1.7999999999999998  14.120763494091895
1.92  14.001399348358257
2.04  13.87134564831606
2.16  13.73082815776884
2.28  13.580086334243218
2.4  13.419372886086421
2.52  13.248953310664035
2.6399999999999997  13.069105414554894
2.76  12.88011881666716
2.88  12.682294435224694
3.0  12.47594395959608
3.12  12.261389307960002
3.2399999999999998  12.038962071820013
3.36  11.80900294839913
3.48  11.571861161960065
3.5999999999999996  11.327893875110226
3.7199999999999998  11.077465591161898
3.84  10.820947548627396
3.96  10.55871710893593
4.08  10.291157138464264
4.2  10.018655385976194
4.32  9.741603856566858
4.4399999999999995  9.460398183206895
4.56  9.175436996978314
4.68  8.88712129708887
4.8  8.595853821744566
4.92  8.302038420950872
5.04  8.006079432302213
5.16  7.708381060806216
5.279999999999999  7.409346763774562
5.3999999999999995  7.109378641795393
5.52  6.8088768367840125
5.64  6.508238938088119
5.76  6.207859397602118
5.88  5.908128954821381
6.0  5.609434072742145
6.12  5.312156385486151
6.24  5.016672158500787
6.359999999999999  4.723351762156114
6.4799999999999995  4.4325591595290295
6.6  4.144651409132846
6.72  3.8599781833169455
6.84  3.5788813030267947
6.96  3.301694289578991
7.08  3.028741934069375
7.199999999999999  2.7603398849949
7.319999999999999  2.496794254631557
7.4399999999999995  2.238401244671719
7.56  1.9854467915845186
7.68  1.7382062321227
7.8  1.4969439893585155
7.92  1.2619132795902575
8.04  1.0333558404193508
8.16  0.8115016802563849
8.28  0.5965688494724705
8.4  0.3887632333704225
8.52  0.18827836710838597
8.64  0.0
8.76  0.0
8.879999999999999  0.0
9.0  0.0
9.12  0.0
9.24  0.0
9.36  0.0
9.48  0.0
9.6  0.0
9.719999999999999  0.0
9.84  0.0
9.959999999999999  0.0
10.08  0.0
10.2  0.0
10.32  0.0
10.44  0.0
10.559999999999999  0.0
10.68  0.0
10.799999999999999  0.0
10.92  0.0
11.04  0.0
11.16  0.0
11.28  0.0
11.4  0.0
11.52  0.0
11.639999999999999  0.0
11.76  0.0
11.879999999999999  0.0
12.0  0.0
12.12  0.0
12.24  0.0
12.36  0.0
12.48  0.0
12.6  0.0
12.719999999999999  0.0
12.84  0.0
12.959999999999999  0.0
13.08  0.0
13.2  0.0
13.32  0.0
13.44  0.0
13.559999999999999  0.0
13.68  0.0
13.799999999999999  0.0
13.92  0.0
14.04  0.0
14.16  0.0
14.28  0.0
14.399999999999999  0.026716487823022383
14.52  0.1762808900668238
14.639999999999999  0.3285156076698974
14.76  0.48316924878004897
14.879999999999999  0.639990711138571
15.0  0.7987295351692336
15.12  0.9591362489469946
15.24  1.1209627045520918
15.36  1.2839624053411454
15.479999999999999  1.4478908236940033
15.6  1.6125057088226018
15.719999999999999  1.7775673842561215
15.84  1.9428390346454947
15.959999999999999  2.108086981559124
16.08  2.2730809479711955
16.2  2.4375943111735587
16.32  2.6014043438719385
16.439999999999998  2.7642924432573452
16.56  2.926044347873482
16.68  3.0864503421310983
16.8  3.2453054483501522
16.919999999999998  3.4024096062405977
17.04  3.55756783976211
17.16  3.7105904113325687
17.28  3.8612929633840753
17.4  4.009496647293997
17.52  4.155028239746575
17.64  4.297720246608451
17.759999999999998  4.437410994428344
17.88  4.573944709697755
18.0  4.707171586035029
18.12  4.836947839480345
18.24  4.963135752113174
18.36  5.085603704227185
18.48  5.204226195319861
18.599999999999998  5.31888385417567
18.72  5.429463438342101
18.84  5.5358578233171745
18.96  5.637965981785619
19.08  5.735692953258017
19.2  5.8289498044834795
19.32  5.917653581021269
19.439999999999998  6.001727250370762
19.56  6.081099637071484
19.68  6.155705350196558
19.8  6.225484703672773
19.919999999999998  6.290383629869547
20.04  6.350353586906404
20.16  6.405351460135066
20.279999999999998  6.455339458257143
20.4  6.500285004542203
20.52  6.540160623613339
20.64  6.574943824268678
20.759999999999998  6.604616978806925
20.88  6.629167199323927
21.0  6.648586211444377
21.119999999999997  6.662870225949104
21.24  6.672019808753254
21.36  6.676039749684408
21.48  6.674938930502368
21.599999999999998  6.668730192593636
21.72  6.657430204764171
21.84  6.641059331543122
21.96  6.619641502398553
22.08  6.593204082253491
22.2  6.56177774367682
22.32  6.525396341109003
22.439999999999998  6.484096787467148
22.56  6.437918933457569
22.68  6.386905449907024
22.8  6.331101713405895
22.919999999999998  6.270555695538227
23.04  6.205317855954403
23.16  6.135441039522605
23.279999999999998  6.060980377775071
23.4  5.981993194844522
23.52  5.898538918065252
23.64  5.810678993391892
23.759999999999998  5.718476805767425
23.88  5.621997604550097
24.0  5.521308434087025
24.119999999999997  5.416478069500135
24.24  5.30757695772802
24.36  5.194677163845365
24.48  5.07785232265936
24.599999999999998  4.957177595560995
24.72  4.832729632587265
24.84  4.704586539629201
24.96  4.572827850699352
25.08  4.43753450515198
25.2  4.298788829728781
25.32  4.156674525283462
25.439999999999998  4.0112766580190575
25.56  3.8626816550536214
25.68  3.7109773041117045
25.8  3.5562527571220213
25.919999999999998  3.398598537485077
26.04  3.2381065507589466
26.16  3.0748700984963895
26.279999999999998  2.9089838949526916
26.4  2.740544086370255
26.52  2.5696482725341596
26.64  2.396395530281429
26.759999999999998  2.220886438636807
26.88  2.0432231052386776
27.0  1.863509193710692
27.119999999999997  1.6818499516277146
27.24  1.4983522387188764
27.36  1.313124554945845
27.48  1.1262770680907754
27.599999999999998  0.9379216404859481
27.72  0.7481718545160624
27.84  0.5571430365237513
27.959999999999997  0.36495227875028224
28.08  0.17171845894536453
28.2  0.0
28.32  0.0
28.439999999999998  0.0
28.56  0.0
28.68  0.0
28.799999999999997  0.0
28.919999999999998  0.0
29.04  0.0
29.16  0.0
29.279999999999998  0.0
29.4  0.0
29.52  0.0
29.64  0.0
29.759999999999998  0.0
29.88  0.0
30.0  0.0
30.119999999999997  0.0
30.24  0.0
30.36  0.0
30.48  0.0
30.599999999999998  0.0
30.72  0.0
30.84  0.0
30.959999999999997  0.0
31.08  0.0
31.2  0.0
31.32  0.0
31.439999999999998  0.0
31.56  0.0
31.68  0.0
31.799999999999997  0.0
31.919999999999998  0.0
32.04  0.0
32.16  0.0
32.28  0.0
32.4  0.0
32.519999999999996  0.0
32.64  0.0
32.76  0.0
32.879999999999995  0.0
33.0  0.0
33.12  0.0
33.24  0.0
33.36  0.0
33.48  0.0
33.6  0.0
33.72  0.0
33.839999999999996  0.0
33.96  0.0
34.08  0.0
34.199999999999996  0.0
34.32  0.0
34.44  0.0
34.56  0.0
34.68  0.0
34.8  0.0
34.92  0.0
35.04  0.0
35.16  0.0
35.28  0.0
35.4  0.0
35.519999999999996  0.0
35.64  0.0
35.76  0.0
35.879999999999995  0.0
36.0  0.0
36.12  0.0
36.24  0.0
36.36  0.0
36.48  0.0
36.6  0.0
36.72  0.0
36.839999999999996  0.0
36.96  0.0
37.08  0.0
37.199999999999996  0.0
37.32  0.0
37.44  0.0
37.559999999999995  0.0
37.68  0.0
37.8  0.0
37.92  0.0
38.04  0.0
38.16  0.0
38.28  0.0
38.4  0.0
38.519999999999996  0.0
38.64  0.0
38.76  0.0
38.879999999999995  0.0
39.0  0.0
39.12  0.0
39.24  0.0
39.36  0.0
39.48  0.0
39.6  0.0
39.72  0.0
39.839999999999996  0.0
39.96  0.0
40.08  0.0
40.199999999999996  0.0
40.32  0.0
40.44  0.0
40.559999999999995  0.0
40.68  0.0
40.8  0.0
40.92  0.0
41.04  0.0
41.16  0.0
41.28  0.0
41.4  0.0
41.519999999999996  0.01887699988934166
41.64  0.2442780567290846
41.76  0.4675830296981386
41.879999999999995  0.6884804129354005
42.0  0.9066597673954916
42.12  1.1218122035079712
42.239999999999995  1.3336308667603647
42.36  1.5418114253671293
42.48  1.7460525591744407
42.6  1.946056448939331
42.72  2.1415292651116804
42.839999999999996  2.332181655240585
42.96  2.5177292291194675
43.08  2.697893040780325
43.199999999999996  2.8724000664447553
43.32  3.0409836775379824
43.44  3.203384107873115
43.559999999999995  3.35934891411555
43.68  3.5086334286412164
43.8  3.6510012039087822
43.92  3.786224447473988
44.04  3.9140844467831792
44.16  4.034371982895495
44.28  4.146887732295518
44.4  4.251442655973476
44.519999999999996  4.3478583749669015
44.64  4.435967531575585
44.76  4.515614135481959
44.879999999999995  4.586653894030874
45.0  4.648954525945663
45.12  4.702396057782466
45.239999999999995  4.746871102451467
45.36  4.782285119161129
45.48  4.808556654171225
45.6  4.8256175617712636
45.72  4.833413204932799
45.839999999999996  4.831902635117794
45.96  4.821058750759712
46.08  4.800868433969837
46.199999999999996  4.771332665058393
46.32  4.732466614497882
46.44  4.684299711995083
46.559999999999995  4.626875692377842
46.68  4.560252618043853
46.8  4.484502877759544
46.92  4.399713161639685
47.04  4.305984412180798
47.16  4.20343175126477
47.28  4.092184383092626
47.4  3.972385473052546
47.519999999999996  3.8441920025700718
47.64  3.7077746000334235
47.76  3.5633173479308646
47.879999999999995  3.41101756638176
48.0  3.2510855732874298
48.12  3.083744421371982
48.239999999999995  2.9092296124274553
48.36  2.7277887891211314
48.48  2.5396814047661844
48.6  2.345178371499173
48.72  2.1445616873505955
48.839999999999996  1.9381240427353088
48.96  1.7261684069308618
49.08  1.5090075951511324
49.199999999999996  1.2869638168615682
49.32  1.0603682060201478
49.44  0.8295603339648543
49.559999999999995  0.5948877057036022
49.68  0.356705240397437
49.8  0.11537473686016919
49.92  0.0
50.04  0.0
50.16  0.0
50.28  0.0
50.4  0.0
50.519999999999996  0.0
50.64  0.0
50.76  0.0
50.879999999999995  0.0
51.0  0.0
51.12  0.0
51.239999999999995  0.0
51.36  0.0
51.48  0.0
51.6  0.0
51.72  0.0
51.839999999999996  0.0
51.96  0.0
52.08  0.0
52.199999999999996  0.0
52.32  0.0
52.44  0.0
52.559999999999995  0.0
52.68  0.0
52.8  0.0
52.919999999999995  0.0
53.04  0.0
53.16  0.0
53.28  0.0
53.4  0.0
53.519999999999996  0.0
53.64  0.0
53.76  0.0
53.879999999999995  0.0
54.0  0.0
54.12  0.0
54.239999999999995  0.0
54.36  0.0
54.48  0.0
54.6  0.0
54.72  0.0
54.839999999999996  0.0
54.96  0.0
55.08  0.0
55.199999999999996  0.0
55.32  0.0
55.44  0.0
55.559999999999995  0.0
55.68  0.0
55.8  0.0
55.919999999999995  0.0
56.04  0.0
56.16  0.0
56.28  0.0
56.4  0.0
56.519999999999996  0.0
56.64  0.0
56.76  0.0
56.879999999999995  0.0
57.0  0.0
57.12  0.0
57.239999999999995  0.0
57.36  0.0
57.48  0.0
57.599999999999994  0.0
57.72  0.0
57.839999999999996  0.0
57.96  0.0
58.08  0.0
58.199999999999996  0.0
58.32  0.0
58.44  0.0
58.559999999999995  0.0
58.68  0.0
58.8  0.0
58.919999999999995  0.0
59.04  0.0
59.16  0.0
59.28  0.0
59.4  0.0
59.519999999999996  0.0
59.64  0.0
59.76  0.0
59.879999999999995  0.0
60.0  0.0
60.12  0.0
60.239999999999995  0.0
60.36  0.0
60.48  0.1834929492586983
60.599999999999994  0.47405135095935425
60.72  0.7635901986522704
60.839999999999996  1.0516967467374743
60.96  1.3379612234656366
61.08  1.6219775027144692
61.199999999999996  1.9033437689456696
61.32  2.181663174170827
61.44  2.456544485769795
61.559999999999995  2.7276027240219642
61.68  2.9944597882292996
61.8  3.256745070331558
61.919999999999995  3.514096054937034
62.04  3.7661589047168578
62.16  4.012589030138429
62.28  4.253051642542525
62.4  4.487222289598537
62.519999999999996  4.7147873722062945
62.64  4.935444641945966
62.76  5.148903678214063
62.879999999999995  5.354886344221525
63.0  5.553127221067978
63.12  5.743374019147804
63.239999999999995  5.925387966185045
63.36  6.0989441712374655
63.48  6.2638319640546385
63.599999999999994  6.419855209220429
63.72  6.566832594556731
63.839999999999996  6.704597893312999
63.96  6.8330001997145855
64.08  6.951904137491649
64.2  7.061190041060821
64.32  7.1607541090817
64.44  7.250508530161528
64.56  7.330381580532286
64.67999999999999  7.400317693576435
64.8  7.460277501128864
64.92  7.510237846534654
65.03999999999999  7.55019176949395
65.16  7.580148462777197
65.28  7.600133200944889
65.39999999999999  7.6101872412578775
65.52  7.610367697014542
65.64  7.600747383601474
65.75999999999999  7.5814146375941665
65.88  7.552473109292982
66.0  7.51404152912784
66.12  7.466253448412536
66.24  7.409256954975766
66.36  7.343214364241078
66.48  7.268301886372623
66.6  7.184709270145771
66.72  7.092639424243644
66.84  6.992308016721044
66.96  6.8839430534153445
67.08  6.767784436121743
67.2  6.644083501385643
67.32  6.5131025407986805
67.44  6.375114303717589
67.56  6.2304014833549495
67.67999999999999  6.079256187220055
67.8  5.921979392914007
67.92  5.7588803903087875
68.03999999999999  5.590276211162115
68.16  5.416491047240545
68.28  5.237855658042758
68.39999999999999  5.054706769230213
68.52  4.867386462887682
68.64  4.676241560748344
68.75999999999999  4.48162300152757
68.88  4.283885213517766
69.0  4.083385483602881
69.12  3.8804833238533103
69.24  3.67553983686431
69.36  3.4689170809997014
69.48  3.2609774366992923
69.6  3.052082975003253
69.72  2.842594829438986
69.84  2.632872572406626
69.96  2.4232735971870762
70.08  2.2141525066824848
70.2  2.0058605099838043
70.32  1.7987448278407212
70.44  1.5931481080900356
70.56  1.3894078520767292
70.67999999999999  1.1878558530768597
70.8  0.9888176477065662
70.92  0.7926119812739059
71.03999999999999  0.5995502879997463
71.16  0.4099361870040876
71.28  0.22406499492088083
71.39999999999999  0.04222325596992471
71.52  0.0
71.64  0.0
71.75999999999999  0.0
71.88  0.0
72.0  0.0
72.11999999999999  0.0
72.24  0.0
72.36  0.0
72.48  0.0
72.6  0.0
72.72  0.0
72.84  0.0
72.96  0.0
73.08  0.0
73.2  0.0
73.32  0.0
73.44  0.0
73.56  0.0
73.67999999999999  0.0
73.8  0.0
73.92  0.0
74.03999999999999  0.0
74.16  0.0
74.28  0.0
74.39999999999999  0.0
74.52  0.0
74.64  0.0
74.75999999999999  0.0
74.88  0.0
75.0  0.0
75.11999999999999  0.0
75.24  0.0
75.36  0.0
75.48  0.0
75.6  0.0
75.72  0.0
75.84  0.0
75.96  0.0
76.08  0.0
76.2  0.0
76.32  0.0
76.44  0.0
76.56  0.0
76.67999999999999  0.0
76.8  0.0
76.92  0.0
77.03999999999999  0.0
77.16  0.0
77.28  0.0
77.39999999999999  0.0
77.52  0.0
77.64  0.0
77.75999999999999  0.0
77.88  0.0
78.0  0.0
78.11999999999999  0.0
78.24  0.0
78.36  0.06684920858276588
78.48  0.20757468209055097
78.6  0.3489051780493446
78.72  0.490570723444573
78.84  0.632303262265427
78.96  0.7738371448568917
79.08  0.9149096089276436
79.2  1.0552612513314326
79.32  1.1946364897622705
79.44  1.3327840135283617
79.56  1.4694572225963327
79.67999999999999  1.6044146541246513
79.8  1.7374203957348864
79.92  1.8682444847994997
80.03999999999999  1.9966632930569121
80.16  2.122459895898177
80.28  2.245424425702752
80.39999999999999  2.3653544086375504
80.52  2.482055084368888
80.64  2.5953397081742753
80.75999999999999  2.7050298349798414
80.88  2.8109555848874157
81.0  2.912955889794881
81.11999999999999  3.01087872075429
81.24  3.1045812957523156
81.36  3.193930267638724
81.48  3.2788018919709163
81.6  3.359082174583126
81.72  3.434666998731954
81.84  3.5054622317111663
81.96  3.5713838108710525
82.08  3.632357809019802
82.2  3.688320479225512
82.32  3.7392182790797497
82.44  3.785007874524296
82.56  3.8256561233834496
82.67999999999999  3.8611400387849653
82.8  3.8914467326920263
82.92  3.9165733398076408
83.03999999999999  3.9365269221515735
83.16  3.9513243546468577
83.28  3.96099219208995
83.39999999999999  3.9655665179139143
83.52  3.965092775188811
83.64  3.9596255803368683
83.75999999999999  3.9492285200723276
83.88  3.933973932107012
84.0  3.9139426701925655
84.11999999999999  3.8892238540984874
84.24  3.859914605152599
84.36  3.826119767995925
84.47999999999999  3.7879516192282896
84.6  3.7455295636433394
84.72  3.6989798187731178
84.84  3.6484350884814183
84.96  3.5940342263629974
85.08  3.535921889722186
85.2  3.474248184918336
85.32  3.4091683048786456
85.44  3.3408421595896574
85.56  3.2694340003881823
85.67999999999999  3.1951120388793566
85.8  3.118048061315908
85.92  3.038417039275824
86.03999999999999  2.9563967374784363
86.16  2.872167319578622
86.28  2.785910952778048
86.39999999999999  2.6978114120885825
86.52  2.608053685078433
86.64  2.5168235779250185
86.75999999999999  2.4243073235896873
86.88  2.330691192920009
87.0  2.2361611094734166
87.11999999999999  2.14090226884244
87.24  2.0450987632474718
87.36  1.9489332121461465
87.47999999999999  1.8525863995904972
87.6  1.7562369190442566
87.72  1.6600608263511574
87.84  1.5642313015235354
87.96  1.4689183199969402
88.08  1.3742883339716485
88.2  1.2805039644366067
88.32  1.1877237044437352
88.44  1.0961016341729297
88.56  1.0057871482992242
88.67999999999999  0.9169246961429653
88.8  0.8296535350536228
88.92  0.7441074974463913
89.03999999999999  0.6604147718774607
89.16  0.5786976985121584
89.28  0.49907257930556326
89.39999999999999  0.4216495031816862
89.52  0.34653218646279565
89.64  0.2738178287654441
89.75999999999999  0.203596984544976
89.88  0.13595345043468998
90.0  0.07096416849066534
90.11999999999999  0.00869914541802308
90.24  0.0
90.36  0.0
90.47999999999999  0.0
90.6  0.0
90.72  0.0
90.84  0.0
90.96  0.0
91.08  0.0
91.2  0.0
91.32  0.0
91.44  0.0
91.56  0.0
91.67999999999999  0.0
91.8  0.0
91.92  0.0
92.03999999999999  0.0
92.16  0.0
92.28  0.0
92.39999999999999  0.0
92.52  0.0
92.64  0.0
92.75999999999999  0.0
92.88  0.0
93.0  0.0
93.11999999999999  0.0
93.24  0.0
93.36  0.0
93.47999999999999  0.0
93.6  0.0
93.72  0.0
93.84  0.0
93.96  0.0
94.08  0.0
94.2  0.0
94.32  0.0
94.44  0.0
94.56  0.0
94.67999999999999  0.0
94.8  0.0
94.92  0.0
95.03999999999999  0.0
95.16  0.0
95.28  0.0
95.39999999999999  0.0
95.52  0.0
95.64  0.0
95.75999999999999  0.0
95.88  0.0
96.0  0.02465565047972773
96.11999999999999  0.05615478112150707
96.24  0.08715214705469454
96.36  0.11755208922080507
96.47999999999999  0.14726213188025383
96.6  0.17619317427767145
96.72  0.20425967210950868
96.84  0.2313798084403652
96.96  0.25747565374120185
97.08  0.28247331475027104
97.2  0.306303071885932
97.32  0.32889950496934395
97.44  0.35020160704365155
97.56  0.3701528861066372
97.67999999999999  0.3887014546026315
97.8  0.4058001065503577
97.92  0.42140638221294413
98.03999999999999  0.43548262024675455
98.16  0.4479959972962199
98.28  0.4589185550314827
98.39999999999999  0.4682272146562546
98.52  0.4759037789429515
98.64  0.481934921881596
98.75999999999999  0.486312166058565
98.88  0.48903184791008947
99.0  0.4900950710233169
99.11999999999999  0.48950764768661925
99.24  0.48728002891689115
99.36  0.48342722321945486
99.47999999999999  0.4779687043611033
99.6  0.4709283084625453
99.72  0.46233412074071667
99.84  0.4522183522548825
99.96  0.44061720703266516
100.08  0.4275707399744706
100.2  0.41312270595417344
100.32  0.39732040055458495
100.44  0.3802144928934396
100.56  0.36185885101360316
100.67999999999999  0.34231036032678464
100.8  0.3216287356150337
100.92  0.2998763271073491
101.03999999999999  0.27711792116187395
101.16  0.25342053609363013
101.28  0.22885321369893696
101.39999999999999  0.20348680703464783
101.52  0.17739376501753834
101.64  0.15064791441522374
101.75999999999999  0.12332423980311935
101.88  0.0954986620653605
102.0  0.06724781601872287
102.11999999999999  0.03864882773814249
102.24  0.009779092161541714
102.36  0.0
102.47999999999999  0.0
102.6  0.0
102.72  0.0
102.83999999999999  0.0
102.96  0.0
103.08  0.0
103.2  0.0
103.32  0.0
103.44  0.0
103.56  0.0
103.67999999999999  0.0
103.8  0.0
103.92  0.0
104.03999999999999  0.0
104.16  0.0
104.28  0.0
104.39999999999999  0.0
104.52  0.0
104.64  0.0
104.75999999999999  0.0
104.88  0.0
105.0  0.0
105.11999999999999  0.0
105.24  0.0
105.36  0.0
105.47999999999999  0.0
105.6  0.0
105.72  0.0
105.83999999999999  0.0
105.96  0.0
106.08  0.0
106.2  0.0
106.32  0.0
106.44  0.0
106.56  0.0
106.67999999999999  0.0
106.8  0.0
106.92  0.0
107.03999999999999  0.0
107.16  0.0
107.28  0.0
107.39999999999999  0.0
107.52  0.0
107.64  0.0
107.75999999999999  0.0
107.88  0.0
108.0  0.0
108.11999999999999  0.0
108.24  0.0
108.36  0.0
108.47999999999999  0.0
108.6  0.0
108.72  0.0
108.83999999999999  0.0
108.96  0.0
109.08  0.0
109.2  0.0
109.32  0.0
109.44  0.0
109.56  0.0
109.67999999999999  0.0
109.8  0.0
109.92  0.0
110.03999999999999  0.0
110.16  0.0
110.28  0.0
110.39999999999999  0.0
110.52  0.0
110.64  0.0
110.75999999999999  0.0
110.88  0.0
111.0  0.0
111.11999999999999  0.0
111.24  0.0
111.36  0.0
111.47999999999999  0.0
111.6  0.0
111.72  0.0
111.83999999999999  0.0
111.96  0.0
112.08  0.0
112.2  0.0
112.32  0.0
112.44  0.0
112.56  0.0
112.67999999999999  0.0
112.8  0.0
112.92  0.0
113.03999999999999  0.0
113.16  0.0
113.28  0.0
113.39999999999999  0.0
113.52  0.0
113.64  0.0
113.75999999999999  0.0
113.88  0.0
114.0  0.0
114.11999999999999  0.0
114.24  0.0
114.36  0.0
114.47999999999999  0.0
114.6  0.0
114.72  0.0
114.83999999999999  0.0
114.96  0.0
115.08  0.0
115.19999999999999  0.0
115.32  0.0
115.44  0.0
115.56  0.0
115.67999999999999  0.0
115.8  0.0
115.92  0.0
116.03999999999999  0.0
116.16  0.0
116.28  0.0
116.39999999999999  0.0
116.52  0.0
116.64  0.0
116.75999999999999  0.0
116.88  0.0
117.0  0.0
117.11999999999999  0.0
117.24  0.0
117.36  0.0
117.47999999999999  0.0
117.6  0.0
117.72  0.0
117.83999999999999  0.0
117.96  0.0
118.08  0.0
118.19999999999999  0.0
118.32  0.0
118.44  0.0
118.56  0.0
118.67999999999999  0.0
118.8  0.0
118.92  0.0
119.03999999999999  0.0
119.16  0.0
119.28  0.0
119.39999999999999  0.0
119.52  0.0
119.64  0.0
119.75999999999999  0.0
119.88  0.0
120.0  0.0
