Figure of merit results from optimization:
80.5742418052058
80.5742418052058
80.23637505185837
79.4803012251454
78.725443733398
77.51226457845917
77.55798293306806
76.42043919875613
74.82210604083869
74.0909570411165
71.95325096856857
72.0122384072891
69.25540893966546
66.35204692212362
66.11986475633799
62.59720447631323
62.19521941181624
59.091872023049106
56.095308978310854
52.172259150701045
51.79666328440361
47.56383461851391
45.97814284614298
41.562853938014264
39.672504586800365
36.48280034841504
35.67341754563679
31.955201020408897
30.53979092815196
27.120447636455708
26.053016654916323
22.726152432184115
21.854598088237267
20.088189987409425
19.12876312536995
18.379607247709902
18.379607247709902
18.379607247709902
18.379607247709902
18.379607247709902
18.379607247709902
18.379607247709902
18.379607247709902
18.379607247709902
18.379607247709902
18.379607247709902
18.379607247709902
18.379607247709902
18.379607247709902
18.379607247709902
18.379607247709902
18.379607247709902
18.379607247709902
18.379607247709902
18.379607247709902
18.379607247709902
18.379607247709902
18.379607247709902
18.379607247709902
18.379607247709902
18.379607247709902
18.379607247709902
18.379607247709902
18.379607247709902
18.379607247709902
18.379607247709902
18.379607247709902
18.379607247709902
18.379607247709902
18.379607247709902
18.379607247709902
18.379607247709902
18.379607247709902
18.379607247709902
18.379607247709902
18.379607247709902
