0.0  40.31503090467031
1.68  33.22685269356851
3.36  26.22860689891147
5.04  25.230937526763448
6.72  31.07646552350829
8.4  38.82812008168459
10.08  41.93893616237564
11.76  37.78155157213823
13.44  0.0
15.12  0.0
16.8  0.0
18.48  1.1732280939507773
20.16  7.656125979134147
21.84  7.672741247780774
23.52  1.2090408206138035
25.2  0.0
26.88  0.0
28.56  0.0
30.24  4.417194456527444
31.919999999999998  8.602841026259462
33.6  5.522619514335128
35.28  0.0
36.96  0.0
38.64  0.0
40.32  0.0
42.0  6.9603845746381126
43.68  8.184738045685853
45.36  2.496348767990225
47.04  0.0
48.72  0.0
50.4  0.0
52.08  3.236524939263717
53.76  8.399328046996878
55.44  6.4681479719941
57.12  0.0
58.8  0.0
60.48  0.0
62.16  0.0
63.839999999999996  6.1022194559475125
65.52  8.505740288788115
67.2  3.725403290649384
68.88  0.0
70.56  0.0
72.24  0.0
73.92  1.9803296523990004
75.6  7.999812958439588
77.28  7.2627392786515
78.96  0.39163320781151967
80.64  0.0
82.32  0.0
84.0  0.0
85.67999999999999  5.101656293264305
87.36  8.628257244926063
89.03999999999999  4.867523846822811
90.72  0.0
92.39999999999999  0.0
94.08  0.0
95.75999999999999  0.6779224796789216
97.44  7.413618625418461
99.11999999999999  7.887851287690328
100.8  1.7000886010837535
102.47999999999999  0.0
104.16  0.0
105.83999999999999  0.0
107.52  3.9820436793891134
109.2  8.54942992565529
110.88  5.896058538069683
112.56  0.0
114.24  0.0
115.92  0.0
117.6  0.0
119.28  6.654424157153451
120.96  8.328896728363212
122.64  2.968871659862524
124.32  0.0
126.0  0.0
127.67999999999999  0.0
129.35999999999999  2.769508279774716
131.04  8.271097802033509
132.72  6.7870060433510995
134.4  0.0
136.07999999999998  0.0
137.76  0.0
139.44  0.0
141.12  5.739945699068481
142.79999999999998  8.575583606336478
144.48  4.168374759065786
146.16  0.0
147.84  0.0
149.51999999999998  0.0
151.2  1.492345155001027
152.88  7.79975587973377
154.56  7.519575700684579
156.23999999999998  0.8884418187331797
157.92  0.0
159.6  0.0
161.28  0.0
162.96  4.691523018545861
164.64  8.622155372020954
166.32  5.27060695272323
168.0  0.0
