0.0  38.29801888316372
1.68  36.54865605274284
3.36  34.55958419669198
5.04  32.47909277710579
6.72  30.462286775518486
8.4  28.659523292511878
10.08  27.20520211176684
11.76  26.20774591542505
13.44  0.0
15.12  0.0
16.8  0.0
18.48  0.0
20.16  0.0
21.84  0.0
23.52  0.0
25.2  1.940975384078849
26.88  3.862293128001702
28.56  5.495668850794956
30.24  6.719330980157351
31.919999999999998  7.442052948080921
33.6  7.609954322070799
35.28  7.2105177039454285
36.96  6.273521928020193
38.64  4.868821986800383
40.32  3.101141195360934
42.0  1.1022638494376733
43.68  0.0
45.36  0.0
47.04  0.0
48.72  0.0
50.4  0.0
52.08  0.0
53.76  0.0
55.44  0.0
57.12  0.0
58.8  0.0
60.48  0.0
62.16  0.0004090738478925715
63.839999999999996  2.0620315809405625
65.52  3.969925326033159
67.2  5.581852844786284
68.88  6.777641573315736
70.56  7.468142963873975
72.24  7.601878695318382
73.92  7.1688784894921405
75.6  6.201423416288995
77.28  4.771639272456622
78.96  2.986119452776311
80.64  0.977978189805472
82.32  0.0
84.0  0.0
85.67999999999999  0.0
87.36  0.0
89.03999999999999  0.0
90.72  0.0
92.39999999999999  0.0
94.08  0.0
95.75999999999999  0.0
97.44  0.0
99.11999999999999  0.0
100.8  0.12586416634024022
102.47999999999999  2.182529094063912
104.16  4.076481918461555
105.83999999999999  5.666524499954492
107.52  6.834115842449573
109.2  7.492209572233188
110.88  7.591743426973979
112.56  7.125296949872055
114.24  6.127644700214953
115.92  4.6731637373377035
117.6  2.8702886554737663
119.28  0.853427558231918
120.96  0.0
122.64  0.0
124.32  0.0
126.0  0.0
127.67999999999999  0.0
129.35999999999999  0.0
131.04  0.0
132.72  0.0
134.4  0.0
136.07999999999998  0.0
137.76  0.0
139.44  0.2512851573844559
141.12  2.302435276033764
142.79999999999998  4.181934035003813
144.48  5.749660875488573
146.16  6.888738486505224
147.84  7.514246252587846
149.51999999999998  7.5795512630719735
151.2  7.079784893002046
152.88  6.052205769292543
154.56  4.573422062257171
156.23999999999998  2.7536801864754796
157.92  0.728645700278014
159.6  0.0
161.28  0.0
162.96  0.0
164.64  0.0
166.32  0.0
168.0  0.0
