0.0  39.44244814479304
1.68  38.128238597133524
3.36  36.45655884536811
5.04  34.5520361071761
6.72  32.556656531290336
8.4  30.619179833496187
10.08  28.884048949056556
11.76  27.48062151014279
13.44  0.0
15.12  0.0
16.8  0.0
18.48  0.0
20.16  0.0
21.84  0.0
23.52  0.0
25.2  0.0
26.88  1.82025185845782
28.56  3.6677492352022574
30.24  5.241808244432862
31.919999999999998  6.425079498758725
33.6  7.129347654283505
35.28  7.302108048777189
36.96  6.930481033929039
38.64  6.042172180035084
40.32  4.703406767854863
42.0  3.0139925555843528
43.68  1.0998789019812945
45.36  0.0
47.04  0.0
48.72  0.0
50.4  0.0
52.08  0.0
53.76  0.0
55.44  0.0
57.12  0.0
58.8  0.0
60.48  0.0
62.16  0.0
63.839999999999996  0.0
65.52  1.9365584388994526
67.2  3.771356947273641
68.88  5.32499291675968
70.56  6.48163954024395
72.24  7.155066395678914
73.92  7.295068104184599
75.6  6.891207245924462
77.28  5.973592491558292
78.96  4.610633937946665
80.64  2.9039429925194096
82.32  0.980757030582676
84.0  0.0
85.67999999999999  0.0
87.36  0.0
89.03999999999999  0.0
90.72  0.0
92.39999999999999  0.0
94.08  0.0
95.75999999999999  0.0
97.44  0.0
99.11999999999999  0.0
100.8  0.0
102.47999999999999  0.0777315495747688
104.16  2.0523403311073163
105.83999999999999  3.8739428535601235
107.52  5.406734843506374
109.2  6.5364434560507245
110.88  7.178846554135477
112.56  7.286051644800607
114.24  6.850066364582629
115.92  5.90339432690708
117.6  4.516611909806743
119.28  2.793106639503205
120.96  0.8613694343477727
122.64  0.0
124.32  0.0
126.0  0.0
127.67999999999999  0.0
129.35999999999999  0.0
131.04  0.0
132.72  0.0
134.4  0.0
136.07999999999998  0.0
137.76  0.0
139.44  0.0
141.12  0.19805658529908543
142.79999999999998  2.1675661653094727
144.48  3.975479159590424
146.16  5.4870118776381105
147.84  6.589476397688433
149.51999999999998  7.200681686692787
151.2  7.275061113531175
152.88  6.807069536552114
154.56  5.831596705466719
156.23999999999998  4.421366157622132
157.92  2.681513526370713
159.6  0.7417484599725244
161.28  0.0
162.96  0.0
164.64  0.0
166.32  0.0
168.0  0.0
