0.0  32.669242579775684
1.68  33.19525944930691
3.36  33.82617025457744
5.04  34.08267568470083
6.72  33.76991003937567
8.4  33.125479580883386
10.08  32.638954422921984
11.76  32.67994493036678
13.44  0.0
15.12  0.5094850502497019
16.8  0.747939720393993
18.48  0.4181888857748557
20.16  0.0
21.84  0.0
23.52  0.0
25.2  0.0
26.88  0.5256799785837636
28.56  0.7458717768987909
30.24  0.39942907523256144
31.919999999999998  0.0
33.6  0.0
35.28  0.0
36.96  0.0
38.64  0.5414073004214432
40.32  0.743140360373315
42.0  0.3803139617720789
43.68  0.0
45.36  0.0
47.04  0.0
48.72  0.0
50.4  0.5566530258864644
52.08  0.7397479004861162
53.76  0.36086054880156554
55.44  0.0
57.12  0.0
58.8  0.0
60.48  0.0
62.16  0.5714035934954913
63.839999999999996  0.7356974149216158
65.52  0.34108614065569515
67.2  0.0
68.88  0.0
70.56  0.0
72.24  0.0
73.92  0.5856458822214379
75.6  0.7309925066957941
77.28  0.32100832720299566
78.96  0.0
80.64  0.0
82.32  0.0
84.0  0.0177612524352479
85.67999999999999  0.5993672231649583
87.36  0.7256373609512098
89.03999999999999  0.3006449681991854
90.72  0.0
92.39999999999999  0.0
94.08  0.0
95.75999999999999  0.04011925714052955
97.44  0.6125554108238103
99.11999999999999  0.7196367412342093
100.8  0.28001417740044
102.47999999999999  0.0
104.16  0.0
105.83999999999999  0.0
107.52  0.062441574686270096
109.2  0.625198713949932
110.88  0.7129959852576104
112.56  0.2591343064507125
114.24  0.0
115.92  0.0
117.6  0.0
119.28  0.08470834876990457
120.96  0.6372858859847363
122.64  0.7057210001526755
124.32  0.2380239285574778
126.0  0.0
127.67999999999999  0.0
129.35999999999999  0.0
131.04  0.10689977249629465
132.72  0.6488061750632279
134.4  0.6978182572145583
136.07999999999998  0.21670182197031393
137.76  0.0
139.44  0.0
141.12  0.0
142.79999999999998  0.12899610599646838
144.48  0.6597493335780356
146.16  0.6892947861459044
147.84  0.1951869532771835
149.51999999999998  0.0
151.2  0.0
152.88  0.0
154.56  0.15097769398677072
156.23999999999998  0.670105627295001
157.92  0.6801581688037484
159.6  0.1734984605331688
161.28  0.0
162.96  0.0
164.64  0.0
166.32  0.17282498325276732
168.0  0.6798658440119892
