0.0  32.65484165145192
1.68  34.024198039037586
3.36  34.86870848232559
5.04  34.54680325367307
6.72  33.30303190426062
8.4  32.08228037627475
10.08  31.811946585933295
11.76  32.69740155927918
13.44  0.7326369112914051
15.12  1.5446255479542177
16.8  1.1831710377769573
18.48  0.0
20.16  0.0
21.84  0.0
23.52  0.0
25.2  0.7737574166176269
26.88  1.5525019608978352
28.56  1.1518196927158313
30.24  0.0
31.919999999999998  0.0
33.6  0.0
35.28  0.0
36.96  0.8141896438861498
38.64  1.5589973815416958
40.32  1.1194437730220064
42.0  0.0
43.68  0.0
45.36  0.0
47.04  0.0
48.72  0.8538976275420554
50.4  1.5641060320342302
52.08  1.0860720779478683
53.76  0.0
55.44  0.0
57.12  0.0
58.8  0.0
60.48  0.8928460462646323
62.16  1.56782336809326
63.839999999999996  1.0517342925148114
65.52  0.0
67.2  0.0
68.88  0.0
70.56  0.0
72.24  0.9310002543866385
73.92  1.5701460830482612
75.6  1.016460961107621
77.28  0.0
78.96  0.0
80.64  0.0
82.32  0.0
84.0  0.9683263127125429
85.67999999999999  1.571072110781735
87.36  0.9802834603044097
89.03999999999999  0.0
90.72  0.0
92.39999999999999  0.0
94.08  0.0
95.75999999999999  1.0047910187083278
97.44  1.5706006275670765
99.11999999999999  0.943233970966351
100.8  0.0
102.47999999999999  0.0
104.16  0.0
105.83999999999999  0.0
107.52  1.0403619360361287
109.2  1.5687320528013018
110.88  0.9053454496118475
112.56  0.0
114.24  0.0
115.92  0.0
117.6  0.0
119.28  1.0750074234071083
120.96  1.565468048631982
122.64  0.8666515991009002
124.32  0.0
126.0  0.0
127.67999999999999  0.0
129.35999999999999  0.0
131.04  1.1086966627273305
132.72  1.560811518478715
134.4  0.8271868386554986
136.07999999999998  0.0
137.76  0.0
139.44  0.0
141.12  0.0
142.79999999999998  1.141399686511241
144.48  1.5547666044504704
146.16  0.7869862732427515
147.84  0.0
149.51999999999998  0.0
151.2  0.0
152.88  0.0
154.56  1.1730874045385622
156.23999999999998  1.5473386836610452
157.92  0.7460856623481077
159.6  0.0
161.28  0.0
162.96  0.0
164.64  0.0
166.32  1.2037316297308263
168.0  1.5385343634459974
