0.0  41.03497172912924
1.68  25.980161163074253
3.36  30.939698550080628
5.04  42.41438862429551
6.72  29.171664749001028
8.4  27.25644432167985
10.08  41.881700349309234
11.76  33.23944843251545
13.44  0.0
15.12  6.215736306559483
16.8  3.993667168473456
18.48  0.0
20.16  2.574321414328348
21.84  7.240313484409603
23.52  0.0
25.2  0.0
26.88  8.962440853649868
28.56  0.0
30.24  0.0
31.919999999999998  8.79743848473007
33.6  0.0
35.28  0.0
36.96  6.780049243164219
38.64  3.255794173731691
40.32  0.0
42.0  3.3350542006904487
43.68  6.722834139303469
45.36  0.0
47.04  0.0
48.72  8.774315504694298
50.4  0.0
52.08  0.0
53.76  8.978278767450819
55.44  0.0
57.12  0.0
58.8  7.291777464112357
60.48  2.4926698858618495
62.16  0.0
63.839999999999996  4.069920968893502
65.52  6.153213827525475
67.2  0.0
68.88  0.0
70.56  8.518138306947092
72.24  0.0
73.92  0.0
75.6  9.089485302813724
77.28  0.0
78.96  0.0
80.64  7.74695210693294
82.32  1.7102129453116444
84.0  0.0
85.67999999999999  4.773222238201407
87.36  5.535870411107498
89.03999999999999  0.0
90.72  0.7944436578917631
92.39999999999999  8.195896119886402
94.08  0.0
95.75999999999999  0.0
97.44  9.130195595012125
99.11999999999999  0.0
100.8  0.0
102.47999999999999  8.142042927477572
104.16  0.9144919327441134
105.83999999999999  0.0
107.52  5.43950334361969
109.2  4.87559188300526
110.88  0.0
112.56  1.5916230330351842
114.24  7.810088189929393
115.92  0.0
117.6  0.0
119.28  9.100093903103305
120.96  0.0
122.64  0.0
124.32  8.473985679792953
126.0  0.11167830233134879
127.67999999999999  0.0
129.35999999999999  6.063596741194039
131.04  4.177499232375556
132.72  0.0
134.4  2.376458095973088
136.07999999999998  7.363706766773338
137.76  0.0
139.44  0.0
141.12  8.999413689832638
142.79999999999998  0.0
144.48  0.0
146.16  8.740205881803844
147.84  0.0
149.51999999999998  0.0
151.2  6.640662086455608
152.88  3.447006727199963
154.56  0.0
156.23999999999998  3.14286182179754
157.92  6.860213896100747
159.6  0.0
161.28  0.0
162.96  8.828935810942726
164.64  0.0
166.32  0.0
168.0  8.938638782485352
