0.0  54.19230055897579
1.68  10.84671738191102
3.36  28.706685430606406
5.04  59.1597682381278
6.72  19.316760786493305
8.4  17.62498297645982
10.08  58.68922699366787
11.76  30.738130878988656
13.44  0.0
15.12  19.546420561774283
16.8  9.372612943409868
18.48  0.0
20.16  9.621257092807266
21.84  19.366932850528077
23.52  0.0
25.2  0.0
26.88  25.283355283511646
28.56  0.0
30.24  0.0
31.919999999999998  25.87611952838561
33.6  0.0
35.28  0.0
36.96  21.020413265327118
38.64  7.173094146575366
40.32  0.0
42.0  11.738653025548873
43.68  17.724692389799706
45.36  0.0
47.04  0.0
48.72  24.54418297901277
50.4  0.0
52.08  0.0
53.76  26.19565535143905
55.44  0.0
57.12  0.0
58.8  22.33137581749043
60.48  4.9179422558580335
62.16  0.0
63.839999999999996  13.765006296297564
65.52  15.944982734381217
67.2  0.0
68.88  2.300279826157528
70.56  23.614650864918683
72.24  0.0
73.92  0.0
75.6  26.31202287309957
77.28  0.0
78.96  0.0
80.64  23.469140653019387
82.32  2.6246477815303084
84.0  0.0
85.67999999999999  15.68460091144621
87.36  14.041606958973187
89.03999999999999  0.0
90.72  4.597514765998474
92.39999999999999  22.501968207734663
94.08  0.0
95.75999999999999  0.0
97.44  26.224319569975517
99.11999999999999  0.0
100.8  0.0
102.47999999999999  24.42488349376883
104.16  0.31099706016909856
105.83999999999999  0.0
107.52  17.482548876322017
109.2  12.029327268148286
110.88  0.0
112.56  6.859092294215022
114.24  21.21476475321118
115.92  0.0
117.6  0.0
119.28  25.93322565147119
120.96  0.0
122.64  0.0
124.32  25.19119178804209
126.0  0.0
127.67999999999999  0.0
129.35999999999999  19.14490566351679
131.04  9.923750503623392
132.72  0.0
134.4  9.06747206456539
136.07999999999998  19.76302379574955
137.76  0.0
139.44  0.0
141.12  25.440998784217935
142.79999999999998  0.0
144.48  0.0
146.16  25.762122200869662
147.84  0.0
149.51999999999998  0.0
151.2  20.65877836387396
152.88  7.741207100690485
154.56  0.0
156.23999999999998  11.205526322056091
157.92  18.15800474995169
159.6  0.0
161.28  0.0
162.96  24.751456582059333
164.64  0.0
166.32  0.0
168.0  26.133246709336213
