0.0  113.75098419879387
1.68  119.45221821768726
3.36  72.07779121459723
5.04  134.05510692633513
6.72  198.859913959069
8.4  76.67006948273
10.08  0.0
11.76  0.0
13.44  0.0
15.12  3.0917478819913455
16.8  0.0
18.48  21.930066400478047
20.16  117.75995643809148
21.84  144.1575521151675
23.52  64.34651875746053
25.2  0.0
26.88  0.0
28.56  0.0
30.24  0.0
31.919999999999998  7.242201742712972
33.6  0.0
35.28  0.0
36.96  78.0071526332908
38.64  127.84155075028997
40.32  20.79829244158818
42.0  0.0
43.68  0.0
45.36  58.104226217940464
47.04  31.3066470456287
48.72  0.0
50.4  0.0
52.08  58.31698739094178
53.76  63.865783236053765
55.44  0.0
57.12  0.0
58.8  18.511823328901954
60.48  79.88959670652642
62.16  54.07179751715683
63.839999999999996  4.924600281341931
65.52  0.0
67.2  0.0
68.88  0.0
70.56  0.0
72.24  0.0
73.92  0.0
75.6  67.72377454744932
77.28  168.55758113002736
78.96  99.43286219578926
80.64  0.0
82.32  0.0
84.0  14.510408546742994
85.67999999999999  0.0
87.36  0.0
89.03999999999999  0.0
90.72  75.53287959444742
92.39999999999999  162.45313707736443
94.08  95.82000634471824
95.75999999999999  49.72676748363364
97.44  67.33080483126744
99.11999999999999  27.01320415447946
100.8  0.0
102.47999999999999  0.0
104.16  0.0
105.83999999999999  0.0
107.52  70.87423597742563
109.2  132.95874396355015
110.88  105.53158707334316
112.56  54.30505479874263
114.24  52.731606705969284
115.92  28.291248479767518
117.6  0.0
119.28  0.0
120.96  0.0
122.64  63.164395980676346
124.32  94.1793327587644
126.0  15.15579904209369
127.67999999999999  35.485527923178985
129.35999999999999  128.20056652705532
131.04  85.45885852926692
132.72  0.0
134.4  0.0
136.07999999999998  0.0
137.76  16.710910266134036
139.44  5.4693954595003405
141.12  0.0
142.79999999999998  20.90517826382169
144.48  51.68287070277007
146.16  51.75253903126072
147.84  16.748999255407508
149.51999999999998  0.0
151.2  0.0
152.88  11.425044853402703
154.56  69.42879322299095
156.23999999999998  1.9077678861698466
157.92  0.0
159.6  0.0
161.28  58.99565693648479
162.96  29.33939220504958
164.64  0.0
166.32  0.0
168.0  118.08030912688884
