0.0  28.50256559516453
1.68  37.79582948084105
3.36  32.143787881965245
5.04  30.475642194884188
6.72  38.378164051902516
8.4  29.385088979615112
10.08  33.615043360682705
11.76  36.901525237208354
13.44  0.0
15.12  3.3061353929336534
16.8  0.6352480959716558
18.48  0.0
20.16  4.981210272148038
21.84  0.0
23.52  0.0
25.2  4.623277514167751
26.88  0.0
28.56  1.7249874605252635
30.24  2.3784221045323317
31.919999999999998  0.0
33.6  4.277581476937684
35.28  0.0
36.96  0.0
38.64  5.084343589814191
40.32  0.0
42.0  0.0
43.68  3.8160057202607973
45.36  0.0
47.04  3.024349732184365
48.72  0.9902212967551589
50.4  0.0
52.08  4.892150283139721
53.76  0.0
55.44  0.0
57.12  4.763291720237149
58.8  0.0
60.48  1.3825359014510492
62.16  2.690365768817701
63.839999999999996  0.0
65.52  4.071391456505599
67.2  0.0
68.88  0.0
70.56  5.098568529251187
72.24  0.0
73.92  0.0
75.6  4.044839919960928
77.28  0.0
78.96  2.7275219035642273
80.64  1.3402694470999374
82.32  0.0
84.0  4.778758271605927
85.67999999999999  0.0
87.36  0.0
89.03999999999999  4.87961480589438
90.72  0.0
92.39999999999999  1.0332080420284004
94.08  2.988928396810249
95.75999999999999  0.0
97.44  3.844951610762336
99.11999999999999  0.0
100.8  0.0
102.47999999999999  5.08743478648887
104.16  0.0
105.83999999999999  0.0
107.52  4.253556353372562
109.2  0.0
110.88  2.417128235680122
112.56  1.68365151719583
114.24  0.0
115.92  4.641598213880036
117.6  0.0
119.28  0.0
120.96  4.97166821656188
122.64  0.0
124.32  0.6787413295662656
126.0  3.272625031554623
127.67999999999999  0.0
129.35999999999999  3.5993881805443992
131.04  0.23790812082132629
132.72  0.0
134.4  5.05099773727494
136.07999999999998  0.0
137.76  0.0
139.44  4.441116930358377
141.12  0.0
142.79999999999998  2.094712529372501
144.48  2.0186596322270853
146.16  0.0
147.84  4.481352301109241
149.51999999999998  0.0
151.2  0.0
152.88  5.0389941074204785
154.56  0.0
156.23999999999998  0.3208987704182895
157.92  3.540044654887543
159.6  0.0
161.28  3.3359225214051187
162.96  0.5962780944244257
164.64  0.0
166.32  4.989438608074407
168.0  0.0
