0.0  51.376446975571156
1.68  30.046262721965384
3.36  12.808977278967419
5.04  21.127611502826312
6.72  44.644210805355016
8.4  54.07706125501004
10.08  37.6808409677667
11.76  15.871317794804224
13.44  0.0
15.12  4.230495269408961
16.8  20.722080683170944
18.48  11.411549437755525
20.16  0.0
21.84  0.0
23.52  0.0
25.2  17.981012758637377
26.88  16.978019444348657
28.56  0.0
30.24  0.0
31.919999999999998  0.0
33.6  12.880242698049516
35.28  20.316413130293085
36.96  2.455584207177978
38.64  0.0
40.32  0.0
42.0  6.089159827195354
43.68  20.988623097665524
45.36  9.754084191352266
47.04  0.0
48.72  0.0
50.4  0.0
52.08  18.906433219978666
53.76  15.772526505219219
55.44  0.0
57.12  0.0
58.8  0.0
60.48  14.343095508562472
62.16  19.721092945856427
63.839999999999996  0.5433544695885288
65.52  0.0
67.2  0.0
68.88  7.897470433052822
70.56  21.081601318000825
72.24  8.015958114814769
73.92  0.0
75.6  0.0
77.28  0.41543666908671817
78.96  19.675508034872188
80.64  14.43660357837706
82.32  0.0
84.0  0.0
85.67999999999999  0.0
87.36  15.68733892759186
89.03999999999999  18.962690333898852
90.72  0.0
92.39999999999999  0.0
94.08  0.0
95.75999999999999  9.640473367929216
97.44  21.000246466208452
99.11999999999999  6.211544540324777
100.8  0.0
102.47999999999999  0.0
104.16  2.328459626446424
105.83999999999999  20.281877384006698
107.52  12.981298000523633
109.2  0.0
110.88  0.0
112.56  0.0
114.24  16.901856812611456
115.92  18.047476860572225
117.6  0.0
119.28  0.0
120.96  0.0
122.64  11.303754970747029
124.32  20.745231301488797
126.0  4.355764960660681
127.67999999999999  0.0
129.35999999999999  0.0
131.04  4.222227522775249
132.72  20.72052693142708
134.4  11.41864433622722
136.07999999999998  0.0
137.76  0.0
139.44  0.0
141.12  17.976605778830603
142.79999999999998  16.983020830297676
144.48  0.0
146.16  0.0
147.84  0.0
149.51999999999998  12.873560831333341
151.2  20.318664656867995
152.88  2.463965636784671
154.56  0.0
156.23999999999998  0.0
157.92  6.081079954943443
159.6  20.98782929029327
161.28  9.761564858794744
162.96  0.0
164.64  0.0
166.32  0.0
168.0  18.9026982523772
