Figure of merit results from optimization:
1218.9228340277095
1410.296797732678
693.6785107323933
1501.4913492678106
1474.138367536593
1479.3612284512433
1297.536147378813
693.6785107323933
288.55845483071096
459.9507342282309
215.87204539862523
204.0715423447321
204.0715423447321
251.51423412004326
212.79576479772257
203.61466105575215
202.90871704964866
202.90871704964866
203.72570494337023
204.91931054445172
200.4592721234015
199.3238370276741
199.3238370276741
198.1916595038393
199.10089495150314
199.65893366058074
201.0746139283793
201.35985510888023
198.3027184250513
