0.0  0.0
1.3714285714285714  0.0
2.742857142857143  0.0
4.114285714285714  0.0
5.485714285714286  0.0
6.857142857142858  0.0
8.228571428571428  0.0
9.6  0.0
10.971428571428572  0.0
12.342857142857143  0.0
13.714285714285715  0.0
15.085714285714285  0.0
16.457142857142856  0.0
17.82857142857143  0.0
19.2  0.0
20.571428571428573  0.0
21.942857142857143  0.0
23.314285714285713  0.0
24.685714285714287  0.0
26.057142857142857  0.0
27.42857142857143  0.0
28.8  0.0
30.17142857142857  0.0
31.542857142857144  0.0
32.91428571428571  0.0
34.285714285714285  0.0
35.65714285714286  0.0
37.02857142857143  15.988412510805606
38.4  37.84713365544916
39.77142857142857  60.99415367294175
41.142857142857146  84.7531706644787
42.51428571428571  108.34788869115813
43.885714285714286  130.9640790192243
45.25714285714286  151.8155228093454
46.628571428571426  170.20779222332624
48.0  185.59402416500484
49.371428571428574  197.61757920693964
50.74285714285714  206.13768930890797
52.114285714285714  211.23576954866684
53.48571428571429  213.20185570253798
54.85714285714286  212.50246566146487
56.22857142857143  209.7328982894829
57.6  205.55841953526675
58.971428571428575  200.64980938838963
60.34285714285714  195.61925983123032
61.714285714285715  190.96257546389631
63.08571428571429  187.01303857828717
64.45714285714286  183.9112138158844
65.82857142857142  181.59348486528322
67.2  179.8003743301317
68.57142857142857  178.10385927576712
69.94285714285715  175.95112940581498
71.31428571428572  172.72070592147654
72.68571428571428  167.78568854539805
74.05714285714286  160.5782325703199
75.42857142857143  150.64923881671916
76.8  137.7176781095103
78.17142857142858  121.70492770287474
79.54285714285714  102.75088148246986
80.91428571428571  81.21028053946677
82.28571428571429  57.629539797880014
83.65714285714286  32.70615037008472
85.02857142857142  7.2343491213440005
86.4  0.0
87.77142857142857  0.0
89.14285714285714  0.0
90.51428571428572  0.0
91.88571428571429  0.0
93.25714285714285  0.0
94.62857142857143  0.0
96.0  0.0
97.37142857142857  0.0
98.74285714285715  0.0
100.11428571428571  0.0
101.48571428571428  0.0
102.85714285714286  0.0
104.22857142857143  0.0
105.6  0.0
106.97142857142858  0.0
108.34285714285714  0.0
109.71428571428572  0.0
111.08571428571429  0.0
112.45714285714286  0.0
113.82857142857144  0.0
115.2  0.0
116.57142857142857  0.0
117.94285714285715  0.0
119.31428571428572  0.0
120.68571428571428  0.0
122.05714285714286  0.0
123.42857142857143  0.0
124.8  0.0
126.17142857142858  0.0
127.54285714285714  0.0
128.9142857142857  0.0
130.28571428571428  0.0
131.65714285714284  0.0
133.02857142857144  0.0
134.4  0.0
135.77142857142857  0.0
137.14285714285714  11.004296485867279
138.5142857142857  22.889017101178624
139.8857142857143  33.597212519968345
141.25714285714287  43.66867338375433
142.62857142857143  53.685056405807906
144.0  64.20552927730012
145.37142857142857  75.70468963128724
146.74285714285713  88.51858004390918
148.11428571428573  102.80386926472809
149.4857142857143  118.51404792420276
150.85714285714286  135.39490807656736
152.22857142857143  152.99978638034062
153.6  170.72321629402418
154.97142857142856  187.84992532823122
156.34285714285716  203.61468751972433
157.71428571428572  217.26753099395634
159.0857142857143  228.1382993824656
160.45714285714286  235.69462041407215
161.82857142857142  239.58794018746156
163.2  239.68338143404785
164.57142857142858  236.07067665352724
165.94285714285715  229.05517412641484
167.31428571428572  219.12975467498933
168.68571428571428  206.93025926237073
170.05714285714285  193.1785488880903
171.42857142857142  178.61845786768137
172.8  163.9505539458054
174.17142857142858  149.77172339688812
175.54285714285714  136.5251466551338
176.9142857142857  124.46526205392087
178.28571428571428  113.6409216477
179.65714285714287  103.89825297025126
181.02857142857144  94.90291054961246
182.4  86.17960060894224
183.77142857142857  77.16515844253372
185.14285714285714  67.27019907464091
186.5142857142857  55.943564625990206
187.8857142857143  42.733530196578016
189.25714285714287  27.34002827601629
190.62857142857143  9.652982104575468
192.0  0.0
193.37142857142857  0.0
194.74285714285713  0.0
196.11428571428573  0.0
197.4857142857143  0.0
198.85714285714286  0.0
200.22857142857143  0.0
201.6  0.0
202.97142857142856  0.0
204.34285714285716  0.0
205.71428571428572  0.0
207.0857142857143  0.0
208.45714285714286  0.0
209.82857142857142  0.0
211.2  0.0
212.57142857142858  0.0
213.94285714285715  0.0
215.31428571428572  0.0
216.68571428571428  0.0
218.05714285714285  0.0
219.42857142857144  0.0
220.8  0.0
222.17142857142858  0.0
223.54285714285714  0.0
224.9142857142857  0.0
226.28571428571428  0.0
227.65714285714287  0.0
229.02857142857144  0.0
230.4  0.0
231.77142857142857  0.0
233.14285714285714  0.0
234.5142857142857  0.0
235.8857142857143  0.0
237.25714285714287  0.0
238.62857142857143  0.0
240.0  0.0
241.37142857142857  11.756413999521092
242.74285714285713  36.03286751684662
244.11428571428573  58.62435215665087
245.4857142857143  78.96325205210213
246.85714285714286  96.66864381470327
248.22857142857143  111.5711892801053
249.6  123.71865188312218
250.97142857142856  133.361595977628
252.34285714285716  140.92066213628283
253.71428571428572  146.93851566824546
255.0857142857143  152.02098242865785
256.45714285714286  156.77288423356273
257.8285714285714  161.73457338959815
259.2  167.32509689421926
260.57142857142856  173.79730217581195
261.9428571428571  181.20908516738137
263.3142857142857  189.4134810006967
264.6857142857143  198.06854670502136
266.0571428571429  206.66614622822104
267.42857142857144  214.5769912690304
268.8  221.1077796016169
270.1714285714286  225.5651458748296
271.54285714285714  227.3205026921988
272.9142857142857  225.86976119191496
274.2857142857143  220.88238859719323
275.65714285714284  212.23524196225173
277.0285714285714  200.0280216943102
278.4  184.5788853359025
279.7714285714286  166.40059439140612
281.14285714285717  146.15936498035455
282.51428571428573  124.62019027691385
283.8857142857143  102.58365113043972
285.25714285714287  80.8200153401432
286.62857142857143  60.00667317513151
288.0  40.67464402557393
289.37142857142857  23.16904553424924
290.74285714285713  7.627120353569726
292.1142857142857  0.0
293.48571428571427  0.0
294.85714285714283  0.0
296.22857142857146  0.0
297.6  0.0
298.9714285714286  0.0
300.34285714285716  0.0
301.7142857142857  0.0
303.0857142857143  0.0
304.45714285714286  0.0
305.8285714285714  0.0
307.2  0.0
308.57142857142856  0.0
309.9428571428571  0.0
311.31428571428575  0.0
312.6857142857143  0.0
314.0571428571429  0.0
315.42857142857144  0.0
316.8  0.0
318.1714285714286  0.0
319.54285714285714  0.0
320.9142857142857  0.0
322.2857142857143  0.0
323.65714285714284  0.0
325.0285714285714  0.0
326.4  0.0
327.7714285714286  0.0
329.14285714285717  0.0
330.51428571428573  0.0
331.8857142857143  0.0
333.25714285714287  0.0
334.62857142857143  0.0
336.0  0.0
337.37142857142857  0.0
338.74285714285713  0.0
340.1142857142857  0.0
341.48571428571427  0.0
342.85714285714283  0.0
344.22857142857146  0.0
345.6  0.0
346.9714285714286  4.465261217853254
348.34285714285716  26.11080340881183
349.7142857142857  49.2135004883738
351.0857142857143  73.12272930218545
352.45714285714286  97.07605286774698
353.8285714285714  120.25980574498173
355.2  141.8747509446187
356.57142857142856  161.20079343641294
357.9428571428571  177.65481999234268
359.31428571428575  190.83636867747688
360.6857142857143  200.55695511351155
362.0571428571429  206.85039260756116
363.42857142857144  209.9631995132749
364.8  210.32602711043242
366.1714285714286  208.50879444434622
367.54285714285714  205.16372058879122
368.9142857142857  200.961560397163
370.2857142857143  196.52697368058838
371.65714285714284  192.37903214578694
373.0285714285714  188.88238648874025
374.4  186.21362245839285
375.7714285714286  184.3459215602004
377.14285714285717  183.05344031126188
378.51428571428573  181.93498927166985
379.8857142857143  180.45479927348256
381.25714285714287  177.99657355961455
382.62857142857143  173.92578814042926
384.0  167.6544331494136
385.37142857142857  158.70215665380528
386.74285714285713  146.74810071628252
388.1142857142857  131.66857712797727
389.48571428571427  113.55703772694866
390.85714285714283  92.72443048948553
392.22857142857146  69.67984608476435
393.6  45.09318234646241
394.9714285714286  19.743217307232015
396.34285714285716  0.0
397.7142857142857  0.0
399.0857142857143  0.0
400.45714285714286  0.0
401.8285714285714  0.0
403.2  0.0
404.57142857142856  0.0
405.9428571428571  0.0
407.31428571428575  0.0
408.6857142857143  0.0
410.0571428571429  0.0
411.42857142857144  0.0
412.8  0.0
414.1714285714286  0.0
415.54285714285714  0.0
416.9142857142857  0.0
418.2857142857143  0.0
419.65714285714284  0.0
421.0285714285714  0.0
422.4  0.0
423.7714285714286  0.0
425.14285714285717  0.0
426.51428571428573  0.0
427.8857142857143  0.0
429.25714285714287  0.0
430.62857142857143  0.0
432.0  0.0
433.37142857142857  0.0
434.74285714285713  0.0
436.1142857142857  0.0
437.48571428571427  0.0
438.8571428571429  0.0
440.22857142857146  0.0
441.6  0.0
442.9714285714286  0.0
444.34285714285716  0.0
445.7142857142857  0.0
447.0857142857143  1.0348552504862916
448.45714285714286  13.197840492572373
449.8285714285714  24.137690470445946
451.2  34.37800302921311
452.57142857142856  44.496553404203084
453.9428571428571  55.06121736935392
455.31428571428575  66.566957869898
456.6857142857143  79.37978435413899
458.0571428571429  93.69294659271651
459.42857142857144  109.49948943421032
460.8  126.58377687939374
462.1714285714286  144.53283370597458
463.54285714285714  162.7665137131872
464.9142857142857  180.58375587516406
466.2857142857143  197.22069522542333
467.65714285714284  211.91529261080598
469.0285714285714  223.97253873014088
470.4  232.82422953348907
471.7714285714286  238.07780754173015
473.14285714285717  239.5497709064957
474.51428571428573  237.28057579825534
475.8857142857143  231.52966613506572
477.25714285714287  222.75109952725998
478.62857142857143  211.55202968338548
480.0  198.63788749857602
481.37142857142857  184.74932912421244
482.74285714285713  170.59677596156018
484.1142857142857  156.79858868197275
485.48571428571427  143.8285749765515
486.8571428571429  131.9776605368035
488.22857142857146  121.33323541458708
489.6  111.77804547436133
490.9714285714286  103.00868331567985
492.34285714285716  94.57191300550778
493.7142857142857  85.91540684840736
495.0857142857143  76.44813367991415
496.45714285714286  65.6047408345553
497.8285714285714  52.907899161989846
499.2  38.02276679450405
500.57142857142856  20.798455562299647
501.9428571428571  1.2925865664556149
503.31428571428575  0.0
504.6857142857143  0.0
506.0571428571429  0.0
507.42857142857144  0.0
508.8  0.0
510.1714285714286  0.0
511.54285714285714  0.0
512.9142857142857  0.0
514.2857142857143  0.0
515.6571428571428  0.0
517.0285714285715  0.0
518.4  0.0
519.7714285714286  0.0
521.1428571428571  0.0
522.5142857142857  0.0
523.8857142857142  0.0
525.2571428571429  0.0
526.6285714285714  0.0
528.0  0.0
529.3714285714286  0.0
530.7428571428571  0.0
532.1142857142858  0.0
533.4857142857143  0.0
534.8571428571429  0.0
536.2285714285714  0.0
537.6  0.0
538.9714285714285  0.0
540.3428571428572  0.0
541.7142857142857  0.0
543.0857142857143  0.0
544.4571428571429  0.0
545.8285714285714  0.0
547.2  0.0
548.5714285714286  0.0
549.9428571428572  0.0
551.3142857142857  0.0
552.6857142857143  23.8668598534453
554.0571428571428  46.907518386533724
555.4285714285714  67.84652559436155
556.8  86.26210257842241
558.1714285714286  101.94021826013406
559.5428571428572  114.88410001674188
560.9142857142857  125.30386976464526
562.2857142857143  133.5873351486778
563.6571428571428  140.2547089748348
565.0285714285715  145.90151614736706
566.4  151.1350384904646
567.7714285714286  156.5102428958449
569.1428571428571  162.4711821414427
570.5142857142857  169.30334643347084
571.8857142857142  177.101424627916
573.2571428571429  185.75550162444225
574.6285714285715  194.95700532633995
576.0  204.22388155407216
577.3714285714286  212.9426884109371
578.7428571428571  220.42372839538072
580.1142857142858  225.96412280995588
581.4857142857143  228.9129912084449
582.8571428571429  228.73269750980444
584.2285714285714  225.05048266254346
585.6  217.6956882213939
586.9714285714285  206.71910400779188
588.3428571428572  192.3926231138341
589.7142857142857  175.18920606055428
591.0857142857143  155.7449745131615
592.4571428571429  134.8069051610729
593.8285714285714  113.17092335819294
595.2  91.61608081261659
596.5714285714286  70.84086009291048
597.9428571428572  51.40744780234587
599.3142857142857  33.69907660186709
600.6857142857143  17.894322565702392
602.0571428571428  3.960671082754235
603.4285714285714  0.0
604.8  0.0
606.1714285714286  0.0
607.5428571428572  0.0
608.9142857142857  0.0
610.2857142857143  0.0
611.6571428571428  0.0
613.0285714285715  0.0
614.4  0.0
615.7714285714286  0.0
617.1428571428571  0.0
618.5142857142857  0.0
619.8857142857142  0.0
621.2571428571429  0.0
622.6285714285715  0.0
624.0  0.0
625.3714285714286  0.0
626.7428571428571  0.0
628.1142857142858  0.0
629.4857142857143  0.0
630.8571428571429  0.0
632.2285714285714  0.0
633.6  0.0
634.9714285714285  0.0
636.3428571428572  0.0
637.7142857142857  0.0
639.0857142857143  0.0
640.4571428571429  0.0
641.8285714285714  0.0
643.2  0.0
644.5714285714286  0.0
645.9428571428572  0.0
647.3142857142857  0.0
648.6857142857143  0.0
650.0571428571428  0.0
651.4285714285714  0.0
652.8  0.0
654.1714285714286  0.0
655.5428571428572  0.0
656.9142857142857  0.0
658.2857142857143  14.32850996723684
659.6571428571428  37.32001342814553
661.0285714285715  61.309045387157504
662.4  85.54976300274625
663.7714285714286  109.23199660903575
665.1428571428571  131.5463745300096
666.5142857142857  151.7497261914901
667.8857142857142  169.22477110783166
669.2571428571429  183.52862775527038
670.6285714285715  194.42570868279557
672.0  201.90201084702045
673.3714285714286  206.1595294768089
674.7428571428571  207.59136053598732
676.1142857142858  206.73984094079316
677.4857142857143  204.24164186707569
678.8571428571429  200.7649337031735
680.2285714285714  196.9444700445585
681.6  193.32062510848894
682.9714285714285  190.28804678988726
684.3428571428572  188.05869079928192
685.7142857142857  186.64266303494668
687.0857142857143  185.8486415588397
688.4571428571429  185.30382969537933
689.8285714285714  184.49157647749993
691.2  182.8031581273302
692.5714285714286  179.59889667667096
693.9428571428572  174.2729212993707
695.3142857142857  166.31553512418122
696.6857142857143  155.36736701541486
698.0571428571428  141.26024400925195
699.4285714285714  124.04094575830251
700.8  103.97558395757166
702.1714285714286  81.53414081606311
703.5428571428572  57.35653530803188
704.9142857142857  32.20329425423657
706.2857142857143  6.895329016532395
707.6571428571428  0.0
709.0285714285715  0.0
710.4  0.0
711.7714285714286  0.0
713.1428571428571  0.0
714.5142857142857  0.0
715.8857142857142  0.0
717.2571428571429  0.0
718.6285714285715  0.0
720.0  0.0
721.3714285714286  0.0
722.7428571428571  0.0
724.1142857142858  0.0
725.4857142857143  0.0
726.8571428571429  0.0
728.2285714285714  0.0
729.6  0.0
730.9714285714285  0.0
732.3428571428572  0.0
733.7142857142857  0.0
735.0857142857143  0.0
736.4571428571429  0.0
737.8285714285714  0.0
739.2  0.0
740.5714285714286  0.0
741.9428571428572  0.0
743.3142857142857  0.0
744.6857142857143  0.0
746.0571428571428  0.0
747.4285714285714  0.0
748.8  0.0
750.1714285714286  0.0
751.5428571428572  0.0
752.9142857142857  0.0
754.2857142857143  0.0
755.6571428571428  0.0
757.0285714285715  0.0
758.4  3.456962008071539
759.7714285714286  14.60803496441158
761.1428571428571  24.999258132202804
762.5142857142857  35.2022071829737
763.8857142857142  45.79118714053915
765.2571428571429  57.27952492149334
766.6285714285715  70.06168496165866
768.0  84.36664149433376
769.3714285714286  100.22689658617853
770.7428571428571  117.46608150942596
772.1142857142858  135.70635491214253
773.4857142857143  154.39497427328362
774.8571428571429  172.84763748615947
776.2285714285714  190.30463398400929
777.6  205.99465390471977
778.9714285714285  219.20038973833488
780.3428571428572  229.31989388969427
781.7142857142857  235.918043495044
783.0857142857143  238.76337475850022
784.4571428571429  237.84689867583873
785.8285714285714  233.38117330843153
787.2  225.7797307201769
788.5714285714286  215.6187704674938
789.9428571428572  203.5846681594614
791.3142857142857  190.41215551533776
792.6857142857143  176.81888642384075
794.0571428571428  163.44243230690716
795.4285714285714  150.7855191929975
796.8  139.1745497414613
798.1714285714286  128.7352173205029
799.5428571428572  119.38743067493387
800.9142857142857  110.85997391899237
802.2857142857143  102.72349375740892
803.6571428571428  94.43870379102084
805.0285714285715  85.41528220055335
806.4  75.07594499631719
807.7714285714286  62.919694485738205
809.1428571428571  48.5783163662075
810.5142857142857  31.86082208343009
811.8857142857142  12.781648087391645
813.2571428571429  0.0
814.6285714285715  0.0
816.0  0.0
817.3714285714286  0.0
818.7428571428571  0.0
820.1142857142858  0.0
821.4857142857143  0.0
822.8571428571429  0.0
824.2285714285714  0.0
825.6  0.0
826.9714285714285  0.0
828.3428571428572  0.0
829.7142857142857  0.0
831.0857142857143  0.0
832.4571428571429  0.0
833.8285714285714  0.0
835.2  0.0
836.5714285714286  0.0
837.9428571428572  0.0
839.3142857142857  0.0
840.6857142857143  0.0
842.0571428571428  0.0
843.4285714285714  0.0
844.8  0.0
846.1714285714286  0.0
847.5428571428572  0.0
848.9142857142857  0.0
850.2857142857143  0.0
851.6571428571428  0.0
853.0285714285715  0.0
854.4  0.0
855.7714285714286  0.0
857.1428571428571  0.0
858.5142857142857  0.0
859.8857142857142  0.0
861.2571428571429  0.0
862.6285714285715  11.620578165739863
864.0  35.04436681154866
865.3714285714286  56.52514143745351
866.7428571428571  75.60171400600413
868.1142857142858  92.01602708283897
869.4857142857143  105.72662388618468
870.8571428571429  116.90226109738398
872.2285714285714  125.89632683102582
873.6  133.20450235344714
874.9714285714285  139.40965595397878
876.3428571428572  145.11913726399155
877.7142857142858  150.90034100495484
879.0857142857143  157.22056574318287
880.4571428571429  164.39679125502855
881.8285714285714  172.5600748272735
883.2  181.63790779224794
884.5714285714286  191.35620475219693
885.9428571428572  201.26077391153052
887.3142857142857  210.7563067152889
888.6857142857143  219.15929631608705
890.0571428571428  225.75999817213284
891.4285714285714  229.8877024320941
892.8  230.97327488142125
894.1714285714286  228.60317013522365
895.5428571428572  222.55990463454205
896.9142857142857  212.8452252642014
898.2857142857143  199.683806470234
899.6571428571428  183.50710671062518
901.0285714285715  164.9188474110292
902.4  144.6452746174629
903.7714285714286  123.4747680741603
905.1428571428571  102.19234443333319
906.5142857142857  81.51506979180812
907.8857142857142  62.03430838055985
909.2571428571429  44.1700972211667
910.6285714285715  28.141809944198293
912.0  13.957761125409132
913.3714285714286  1.424645506040756
914.7428571428571  0.0
916.1142857142858  0.0
917.4857142857143  0.0
918.8571428571429  0.0
920.2285714285714  0.0
921.6  0.0
922.9714285714285  0.0
924.3428571428572  0.0
925.7142857142858  0.0
927.0857142857143  0.0
928.4571428571429  0.0
929.8285714285714  0.0
931.2  0.0
932.5714285714286  0.0
933.9428571428572  0.0
935.3142857142857  0.0
936.6857142857143  0.0
938.0571428571428  0.0
939.4285714285714  0.0
940.8  0.0
942.1714285714286  0.0
943.5428571428572  0.0
944.9142857142857  0.0
946.2857142857143  0.0
947.6571428571428  0.0
949.0285714285715  0.0
950.4  0.0
951.7714285714286  0.0
953.1428571428571  0.0
954.5142857142857  0.0
955.8857142857142  0.0
957.2571428571429  0.0
958.6285714285715  0.0
960.0  0.0
