0.0  40.8664748970763
1.68  38.05580689882651
3.36  23.285926237383563
5.04  33.960143146361
6.72  43.04702414981891
8.4  27.534912145101938
10.08  26.70674725816682
11.76  42.65977786228467
13.44  1.6611463131480235
15.12  0.0
16.8  3.775152690582407
18.48  8.200938309395896
20.16  0.0
21.84  0.0
23.52  10.199876729788395
25.2  0.0
26.88  0.0
28.56  6.5511508251512875
30.24  5.879324143631475
31.919999999999998  0.0
33.6  0.0
35.28  10.067291216715514
36.96  0.0
38.64  0.0
40.32  8.681006466904527
42.0  2.9778300056867484
43.68  0.0
45.36  2.4880547516677876
47.04  8.941764949218854
48.72  0.0
50.4  0.0
52.08  9.954651145365641
53.76  0.0
55.44  0.0
57.12  5.455654244179838
58.8  6.934309010331052
60.48  0.0
62.16  0.0
63.839999999999996  10.246464802400359
65.52  0.0
67.2  0.0
68.88  7.8851604875269246
70.56  4.242919541369567
72.24  0.0
73.92  1.1578485470435602
75.6  9.52766574623779
77.28  0.0
78.96  0.0
80.64  9.536950358645093
82.32  1.133049307356866
84.0  0.0
85.67999999999999  4.265632495455966
87.36  7.869149400655854
89.03999999999999  0.0
90.72  0.0
92.39999999999999  10.248107195497461
94.08  0.0
95.75999999999999  0.0
97.44  6.952695491533274
99.11999999999999  5.434495862421129
100.8  0.0
102.47999999999999  0.0
104.16  9.94848932929791
105.83999999999999  0.0
107.52  0.0
109.2  8.954011491916301
110.88  2.463835934246393
112.56  0.0
114.24  3.0017040053669675
115.92  8.66764818392981
117.6  0.0
119.28  0.0
120.96  10.07218993975281
122.64  0.0
124.32  0.0
126.0  5.8997674532987645
127.67999999999999  6.531913607790659
129.35999999999999  0.0
131.04  0.0
132.72  10.196944470252772
134.4  0.0
136.07999999999998  0.0
137.76  8.215934597657004
139.44  3.7519339128867384
141.12  0.0
142.79999999999998  1.6857677153053663
144.48  9.315970496713906
146.16  0.0
147.84  0.0
149.51999999999998  9.721760993736641
151.2  0.6018995518553103
152.88  0.0
154.56  4.744619500959812
156.23999999999998  7.516158816579619
157.92  0.0
159.6  0.0
161.28  10.268726412454168
162.96  0.0
164.64  0.0
166.32  7.335507664094357
168.0  4.975025539100855
