0.0  0.4736126530953761  100.0
0.12  0.4740501917367156
0.24  0.4744854992836354
0.36  0.4749185736873815
0.48  0.47534941290971006
0.6  0.4757780149228971
0.72  0.47620437770974766
0.84  0.47662849926360595
0.96  0.47705037758836427
1.08  0.47747001069847256
1.2  0.47788739661894775
1.3199999999999998  0.4783025333853831
1.44  0.4787154190439575
1.56  0.4791260516514442
1.68  0.47953442927522083
1.7999999999999998  0.4799405499932777
1.92  0.4803444118942271
2.04  0.4807460130773126
2.16  0.48114535165241734
2.28  0.4815424257400736
2.4  0.48193723347147144
2.52  0.4823297729884671
2.6399999999999997  0.4827200424435923
2.76  0.4831080400000625
2.88  0.4834937638317861
3.0  0.48387721212337226
3.12  0.48425838307014013
3.2399999999999998  0.48463727487812697
3.36  0.4850138857640967
3.48  0.48538821395554826
3.5999999999999996  0.4857602576907242
3.7199999999999998  0.4861300152186183
3.84  0.4864974847989848
3.96  0.48686266470234574
4.08  0.48722555320999933
4.2  0.48758614861402844
4.32  0.48794444921730806
4.4399999999999995  0.48830045333351363
4.56  0.48865415928712896
4.68  0.489005565413454
4.8  0.4893546700586127
4.92  0.4897014715795609
5.04  0.4900459683440938
5.16  0.4903881587308541
5.279999999999999  0.49072804112933904
5.3999999999999995  0.4910656139399086
5.52  0.4914008755737926
5.64  0.4917338244530981
5.76  0.49206445901081747
5.88  0.4923927776908349
6.0  0.49271877894793437
6.12  0.4930424612478067
6.24  0.4933638230670567
6.359999999999999  0.4936828628932103
6.4799999999999995  0.49399957922472204
6.6  0.4943139705709817
6.72  0.4946260354523216
6.84  0.49493577240002334
6.96  0.49524317995632483
7.08  0.49554825667442726
7.199999999999999  0.4958510011185017
7.319999999999999  0.49615141186369605
7.4399999999999995  0.49644948749614154
7.56  0.4967452266129595
7.68  0.4970386278222681
7.8  0.4973296897431886
7.92  0.4976184110058521
8.04  0.4979047902514059
8.16  0.49818882613201987
8.28  0.4984705173108927
8.4  0.4987498624622584
8.52  0.4990268602713926
8.64  0.4993015094346184
8.76  0.49957380865931256
8.879999999999999  0.4998437566639121
9.0  0.5001113521779197
9.12  0.5003765939419098
9.24  0.5006394807075348
9.36  0.500900011237531
9.48  0.5011581843057238
9.6  0.5014139986970342
9.719999999999999  0.5016674532074838
9.84  0.5019185466442017
9.959999999999999  0.5021672778254281
10.08  0.5024136455805219
10.2  0.5026576487499654
10.32  0.502899286185369
10.44  0.5031385567494779
10.559999999999999  0.5033754593161769
10.68  0.5036099927704951
10.799999999999999  0.5038421560086124
10.92  0.5040719479378635
11.04  0.5042993674767436
11.16  0.504524413554914
11.28  0.5047470851132058
11.4  0.5049673811036263
11.52  0.5051853004893627
11.639999999999999  0.5054008422447882
11.76  0.5056140053554657
11.879999999999999  0.5058247888181534
12.0  0.5060331916408091
12.12  0.5062392128425947
12.24  0.5064428514538816
12.36  0.5066441065162544
12.48  0.5068429770825156
12.6  0.5070394622166907
12.719999999999999  0.5072335609940319
12.84  0.5074252725010225
12.959999999999999  0.5076145958353817
13.08  0.5078015301060681
13.2  0.5079860744332847
13.32  0.5081682279484824
13.44  0.5083479897943646
13.559999999999999  0.5085253591248906
13.68  0.5087003351052803
13.799999999999999  0.5088729169120177
13.92  0.5090431037328548
14.04  0.5092108947668157
14.16  0.5093762892241995
14.28  0.5095392863265855
14.399999999999999  0.5096998853068357
14.52  0.5098580854090987
14.639999999999999  0.5100138858888131
14.76  0.5101672860127118
14.879999999999999  0.5103182850588242
15.0  0.5104668823164805
15.12  0.5106130770863152
15.24  0.5107568686802695
15.36  0.5108982564215951
15.479999999999999  0.5110372396448574
15.6  0.5111738176959386
15.719999999999999  0.5113079899320406
15.84  0.5114397557216884
15.959999999999999  0.5115691144447325
16.08  0.5116960654923524
16.2  0.5118206082670589
16.32  0.5119427421826976
16.439999999999998  0.5120624666644511
16.56  0.5121797811488419
16.68  0.5122946850837349
16.8  0.5124071779283403
16.919999999999998  0.512517259153216
17.04  0.5126249282402701
17.16  0.512730184682763
17.28  0.5128330279853104
17.4  0.5129334576638853
17.52  0.5130314732458201
17.64  0.5131270742698094
17.759999999999998  0.5132202602859115
17.88  0.5133110308555509
18.0  0.5133993855515201
18.12  0.5134853239579822
18.24  0.5135688456704722
18.36  0.5136499502958991
18.48  0.5137286374525479
18.599999999999998  0.5138049067700814
18.72  0.5138787578895415
18.84  0.5139501904633517
18.96  0.5140192041553178
19.08  0.5140857986406303
19.2  0.5141499736058655
19.32  0.5142117287489869
19.439999999999998  0.5142710637793471
19.56  0.5143279784176883
19.68  0.5143824723961448
19.8  0.5144345454582431
19.919999999999998  0.514484197358904
20.04  0.5145314278644432
20.16  0.5145762367525725
20.279999999999998  0.5146186238124011
20.4  0.5146585888444362
20.52  0.5146961316605845
20.64  0.5147312520841525
20.759999999999998  0.5147639499498474
20.88  0.5147942251037786
21.0  0.5148220774034573
21.119999999999997  0.5148475067177982
21.24  0.5148705129271193
21.36  0.514891095923143
21.48  0.5149092556089963
21.599999999999998  0.5149249918992118
21.72  0.5149383047197271
21.84  0.5149491940078864
21.96  0.5149576597124395
22.08  0.514963701793543
22.2  0.5149673202227604
22.32  0.5149685149830613
22.439999999999998  0.514967286068823
22.56  0.5149636334858291
22.68  0.5149575572512703
22.8  0.5149490573937444
22.919999999999998  0.5149381339532554
23.04  0.5149247869812137
23.16  0.5149090165404365
23.279999999999998  0.5148908227051465
23.4  0.5148702055609721
23.52  0.5148471652049469
23.64  0.5148217017455092
23.759999999999998  0.5147938153025018
23.88  0.5147635060071705
24.0  0.5147307740021648
24.119999999999997  0.5146956194415362
24.24  0.5146580424907381
24.36  0.5146180433266244
24.48  0.5145756221374493
24.599999999999998  0.5145307791228663
24.72  0.5144835144939266
24.84  0.5144338284730791
24.96  0.5143817212941685
25.08  0.5143271932024348
25.2  0.514270244454512
25.32  0.5142108753184264
25.439999999999998  0.5141490860735961
25.56  0.5140848770108291
25.68  0.5140182484323225
25.8  0.5139492006516603
25.919999999999998  0.5138777339938125
26.04  0.5138038487951337
26.16  0.5137275454033611
26.279999999999998  0.5136488241776125
26.4  0.5135676854883859
26.52  0.5134841297175567
26.64  0.5133981572583759
26.759999999999998  0.5133097685154688
26.88  0.5132189639048329
27.0  0.5131257438538356
27.119999999999997  0.5130301088012126
27.24  0.5129320591970656
27.36  0.5128315955028605
27.48  0.5127287181914248
27.599999999999998  0.5126234277469456
27.72  0.5125157246649673
27.84  0.5124056094523892
27.959999999999997  0.5122930826274634
28.08  0.512178144719792
28.2  0.5120607962703245
28.32  0.5119410378313558
28.439999999999998  0.5118188699665235
28.56  0.5116942932508045
28.68  0.5115673082705132
28.799999999999997  0.5114379156232982
28.919999999999998  0.51130611591814
29.04  0.5111719097753475
29.16  0.5110352978265553
29.279999999999998  0.5108962807147213
29.4  0.5107548590941223
29.52  0.5106110336303529
29.64  0.5104648050003202
29.759999999999998  0.5103161738922427
29.88  0.5101651410056454
30.0  0.5100117070513572
30.119999999999997  0.5098558727515077
30.24  0.5096976388395236
30.36  0.5095370060601251
30.48  0.5093739751693226
30.599999999999998  0.5092085469344133
30.72  0.5090407221339771
30.84  0.5088705015578734
30.959999999999997  0.5086978860072372
31.08  0.5085228762944752
31.2  0.5083454732432623
31.32  0.5081656776885373
31.439999999999998  0.5079834904764993
31.56  0.5077989124646037
31.68  0.5076119445215582
31.799999999999997  0.5074225875273183
31.919999999999998  0.5072308423730835
32.04  0.5070367099612932
32.16  0.5068401912056223
32.28  0.5066412870309768
32.4  0.5064399983734896
32.519999999999996  0.5062363261805164
32.64  0.5060302714106301
32.76  0.5058218350336179
32.879999999999995  0.5056110180304754
33.0  0.5053978213934028
33.12  0.5051822461257996
33.24  0.5049642932422608
33.36  0.5047439637685709
33.48  0.5045212587417
33.6  0.5042961792097985
33.72  0.5040687262321927
33.839999999999996  0.5038389008793788
33.96  0.5036067042330188
34.08  0.5033721373859352
34.199999999999996  0.5031352014421053
34.32  0.5028958975166572
34.44  0.5026542267358628
34.56  0.5024101902371343
34.68  0.5021637891690176
34.8  0.5019150246911877
34.92  0.5016638979744422
35.04  0.5014104102006973
35.16  0.501154562562981
35.28  0.5008963562654277
35.4  0.5006357925232731
35.519999999999996  0.5003728725628478
35.64  0.5001075976215719
35.76  0.4998399689479492
35.879999999999995  0.49956998780156125
36.0  0.49929765545306126
36.12  0.49902297318416833
36.24  0.4987459422876614
36.36  0.498466564067373
36.48  0.49818483983818324
36.6  0.4979007709260137
36.72  0.4976143586678211
36.839999999999996  0.4973256044115909
36.96  0.497034509516331
37.08  0.4967410753520658
37.199999999999996  0.49644530329982883
37.32  0.49614719475165703
37.44  0.4958467511105841
37.559999999999995  0.49554397379063353
37.68  0.49523886421681207
37.8  0.49493142382510347
37.92  0.49462165406246084
38.04  0.4943095563868011
38.16  0.4939951322669965
38.28  0.4936783831828692
38.4  0.4933593106251837
38.519999999999996  0.49303791609563946
38.64  0.4927142011068643
38.76  0.49238816718240747
38.879999999999995  0.49205981585673175
39.0  0.4917291486752069
39.12  0.4913961671941022
39.24  0.4910608729805788
39.36  0.49072326761268303
39.48  0.490383352679338
39.6  0.4900411297803372
39.72  0.48969660052633635
39.839999999999996  0.48934976653884543
39.96  0.48900062945022227
40.08  0.48864919090366365
40.199999999999996  0.48829545255319806
40.32  0.4879394160636782
40.44  0.48758108311077264
40.559999999999995  0.48722045538095815
40.68  0.4868575345715118
40.8  0.4864923223905029
40.92  0.4861248205567851
41.04  0.485755030799988
41.16  0.4853829548605093
41.28  0.48500859448950656
41.4  0.4846319514488888
41.519999999999996  0.48425302751130844
41.64  0.48387182446015264
41.76  0.4834883440895354
41.879999999999995  0.48310258820428853
42.0  0.4827145586199535
42.12  0.48232425716277294
42.239999999999995  0.4819316856696819
42.36  0.4815368459882991
42.48  0.4811397399769187
42.6  0.4807403695045009
42.72  0.4803387364506636
42.839999999999996  0.47993484270567355
42.96  0.4795286901704371
43.08  0.47912028075649177
43.199999999999996  0.47870961638599674
43.32  0.478296698991724
43.44  0.4778815305170496
43.559999999999995  0.47746411291594393
43.68  0.47704444815296276
43.8  0.4766225382032381
43.92  0.4761983850524689
44.04  0.4757719906969117
44.16  0.47534335714337067
44.28  0.47491248640918926
44.4  0.4744793805222398
44.519999999999996  0.4740440415209143
44.64  0.47360647145411483
44.76  0.4731666723812439
44.879999999999995  0.4727246463721945
45.0  0.472280395507341
45.12  0.4718339218775287
45.239999999999995  0.4713852275840641
45.36  0.47093431473870545
45.48  0.4704811854636523
45.6  0.4700258418915357
45.72  0.46956828616540847
45.839999999999996  0.4691085204387344
45.96  0.468646546875379
46.08  0.4681823676495985
46.199999999999996  0.46771598494602995
46.32  0.4672474009596813
46.44  0.4667766178959205
46.559999999999995  0.4663036379704653
46.68  0.46582846340937306
46.8  0.46535109644902994
46.92  0.46487153933614056
47.04  0.46438979432771743
47.16  0.46390586369107034
47.28  0.4634197497037953
47.4  0.46293145465376473
47.519999999999996  0.46244098083911556
47.64  0.46194833056823914
47.76  0.46145350615977054
47.879999999999995  0.46095650994257686
48.0  0.4604573442557468
48.12  0.4599560114485799
48.239999999999995  0.4594525138805747
48.36  0.4589468539214183
48.48  0.45843903395097496
48.6  0.45792905635927506
48.72  0.45741692354650354
48.839999999999996  0.4569026379229887
48.96  0.4563862019091912
49.08  0.4558676179356924
49.199999999999996  0.4553468884431827
49.32  0.4548240158824504
49.44  0.45429900271437007
49.559999999999995  0.45377185140989096
49.68  0.4532425644500252
49.8  0.4527111443258366
49.92  0.4521775935384281
50.04  0.4516419145989312
50.16  0.4511041100284928
50.28  0.45056418235826434
50.4  0.4500221341293893
50.519999999999996  0.4494779678929917
50.64  0.44893168621016366
50.76  0.4483832916519538
50.879999999999995  0.44783278679935457
51.0  0.44728017424329064
51.12  0.4467254565846064
51.239999999999995  0.4461686364340538
51.36  0.44560971641228014
51.48  0.44504869914981554
51.6  0.4444855872870608
51.72  0.44392038347427487
51.839999999999996  0.4433530903715621
51.96  0.44278371064886046
52.08  0.442212246985928
52.199999999999996  0.44163870207233114
52.32  0.4410630786074312
52.44  0.4404853793003725
52.559999999999995  0.43990560687006897
52.68  0.4393237640451916
52.8  0.4387398535641558
52.919999999999995  0.4381538781751081
53.04  0.43756584063591336
53.16  0.43697574371414205
53.28  0.436383590187057
53.4  0.4357893828416002
53.519999999999996  0.4351931244743801
53.64  0.4345948178916577
53.76  0.43399446590933444
53.879999999999995  0.4333920713529379
54.0  0.43278763705760914
54.12  0.4321811658680891
54.239999999999995  0.43157266063870503
54.36  0.4309621242333579
54.48  0.4303495595255077
54.6  0.4297349693981607
54.72  0.4291183567438559
54.839999999999996  0.42849972446465107
54.96  0.4278790754721092
55.08  0.427256412687285
55.199999999999996  0.42663173904071083
55.32  0.4260050574723831
55.44  0.4253763709317486
55.559999999999995  0.4247456823776903
55.68  0.4241129947785134
55.8  0.4234783111119318
55.919999999999995  0.42284163436505345
56.04  0.4222029675343669
56.16  0.42156231362572705
56.28  0.4209196756543404
56.4  0.42027505664475173
56.519999999999996  0.41962845963082956
56.64  0.41897988765575145
56.76  0.41832934377199027
56.879999999999995  0.4176768310412996
57.0  0.417022352534699
57.12  0.41636591133246015
57.239999999999995  0.41570751052409216
57.36  0.41504715320832647
57.48  0.41438484249310314
57.599999999999994  0.4137205814955559
57.72  0.4130543733419968
57.839999999999996  0.4123862211679027
57.96  0.4117161281178996
58.08  0.41104409734574826
58.199999999999996  0.41037013201432904
58.32  0.4096942352956275
58.44  0.4090164103707189
58.559999999999995  0.4083366604297537
58.68  0.4076549886719423
58.8  0.40697139830554
58.919999999999995  0.4062858925478321
59.04  0.4055984746251182
59.16  0.40490914777269793
59.28  0.40421791523485473
59.4  0.4035247802648415
59.519999999999996  0.40282974612486455
59.64  0.40213281608606855
59.76  0.4014339934285214
59.879999999999995  0.400733281441198
60.0  0.40003068342196585
60.12  0.3993262026775687
60.239999999999995  0.3986198425236111
60.36  0.3979116062845433
60.48  0.3972014972936451
60.599999999999994  0.3964895188930102
60.72  0.39577567443353073
60.839999999999996  0.3950599672748814
60.96  0.3943424007855033
61.08  0.39362297834258864
61.199999999999996  0.39290170333206476
61.32  0.39217857914857757
61.44  0.3914536091954762
61.559999999999995  0.3907267968847971
61.68  0.3899981456372473
61.8  0.3892676588821887
61.919999999999995  0.3885353400576224
62.04  0.38780119261017143
62.16  0.3870652199950655
62.28  0.3863274256761243
62.4  0.38558781312574153
62.519999999999996  0.38484638582486774
62.64  0.3841031472629949
62.76  0.3833581009381398
62.879999999999995  0.3826112503568269
63.0  0.3818625990340725
63.12  0.38111215049336816
63.239999999999995  0.3803599082666639
63.36  0.37960587589435124
63.48  0.37885005692524754
63.599999999999994  0.3780924549165784
63.72  0.3773330734339611
63.839999999999996  0.3765719160513882
63.96  0.3758089863512101
64.08  0.3750442879241189
64.2  0.37427782436913093
64.32  0.3735095992935701
64.44  0.3727396163130505
64.56  0.3719678790514602
64.67999999999999  0.37119439114094355
64.8  0.370419156221884
64.92  0.36964217794288745
65.03999999999999  0.3688634599607649
65.16  0.368083005940515
65.28  0.3673008195553069
65.39999999999999  0.36651690448646346
65.52  0.36573126442344306
65.64  0.36494390306382285
65.75999999999999  0.3641548241132814
65.88  0.3633640312855804
66.0  0.36257152830254863
66.12  0.3617773188940631
66.24  0.3609814067980323
66.36  0.36018379576037807
66.48  0.35938448953501834
66.6  0.35858349188384964
66.72  0.3577808065767286
66.84  0.35697643739145524
66.96  0.35617038811375434
67.08  0.355362662537258
67.2  0.3545532644634878
67.32  0.35374219770183685
67.44  0.35292946606955183
67.56  0.352115073391715
67.67999999999999  0.35129902350122655
67.8  0.35048132023878575
67.92  0.3496619674528738
68.03999999999999  0.34884096899973516
68.16  0.34801832874335953
68.28  0.34719405055546365
68.39999999999999  0.3463681383154733
68.52  0.34554059591050457
68.64  0.344711427235346
68.75999999999999  0.3438806361924401
68.88  0.34304822669186485
69.0  0.3422142026513156
69.12  0.3413785679960863
69.24  0.3405413266590514
69.36  0.33970248258064684
69.48  0.3388620397088519
69.6  0.3380200019991707
69.72  0.337176373414613
69.84  0.33633115792567614
69.96  0.3354843595103265
70.08  0.3346359821539796
70.2  0.3337860298494828
70.32  0.332934506597096
70.44  0.3320814164044721
70.56  0.33122676328663914
70.67999999999999  0.33037055126598097
70.8  0.32951278437221815
70.92  0.32865346664238937
71.03999999999999  0.3277926021208323
71.16  0.32693019485916414
71.28  0.32606624891626335
71.39999999999999  0.32520076835824985
71.52  0.32433375725846636
71.64  0.3234652196974588
71.75999999999999  0.3225951597629575
71.88  0.3217235815498576
72.0  0.32085048916020004
72.11999999999999  0.31997588670315225
72.24  0.3190997782949884
72.36  0.3182221680590708
72.48  0.3173430601258296
72.6  0.3164624586327442
72.72  0.31558036772432296
72.84  0.31469679155208435
72.96  0.31381173427453724
73.08  0.312925200057161
73.2  0.3120371930723863
73.32  0.3111477174995753
73.44  0.310256777525002
73.56  0.3093643773418324
73.67999999999999  0.30847052115010537
73.8  0.30757521315671166
73.92  0.30667845757537543
74.03999999999999  0.3057802586266338
74.16  0.30488062053781667
74.28  0.3039795475430276
74.39999999999999  0.3030770438831233
74.52  0.3021731138056936
74.64  0.30126776156504215
74.75999999999999  0.30036099142216577
74.88  0.2994528076447342
75.0  0.2985432145070709
75.11999999999999  0.29763221629013226
75.24  0.29671981728148744
75.36  0.29580602177529847
75.48  0.2948908340723
75.6  0.293974258479779
75.72  0.2930562993115542
75.84  0.2921369608879564
75.96  0.29121624753580766
76.08  0.29029416358840093
76.2  0.2893707133854801
76.32  0.2884459012732191
76.44  0.28751973160420163
76.56  0.28659220873740054
76.67999999999999  0.2856633370381578
76.8  0.2847331208781632
76.92  0.28380156463543443
77.03999999999999  0.2828686726942963
77.16  0.28193444944535934
77.28  0.28099889928550076
77.39999999999999  0.2800620266178424
77.52  0.27912383585173006
77.64  0.27818433140271365
77.75999999999999  0.27724351769252575
77.88  0.2763013991490606
78.0  0.2753579802063539
78.11999999999999  0.27441326530456156
78.24  0.2734672588899387
78.36  0.2725199654148191
78.48  0.2715713893375939
78.6  0.2706215351226909
78.72  0.2696704072405529
78.84  0.26871801016761787
78.96  0.2677643483862967
79.08  0.26680942638495253
79.2  0.26585324865788
79.32  0.26489581970528364
79.44  0.2639371440332565
79.56  0.2629772261537597
79.67999999999999  0.2620160705846005
79.8  0.26105368184941136
79.92  0.26009006447762845
80.03999999999999  0.2591252230044708
80.16  0.2581591619709181
80.28  0.25719188592369036
80.39999999999999  0.25622339941522565
80.52  0.2552537070036591
80.64  0.25428281325280144
80.75999999999999  0.25331072273211747
80.88  0.2523374400167043
81.0  0.25136296968727023
81.11999999999999  0.25038731633011313
81.24  0.24941048453709838
81.36  0.24843247890563797
81.48  0.24745330403866822
81.6  0.24647296454462878
81.72  0.24549146503744002
81.84  0.24450881013648224
81.96  0.2435250044665736
82.08  0.24254005265794792
82.2  0.24155395934623364
82.32  0.24056672917243158
82.44  0.2395783667828928
82.56  0.23858887682929747
82.67999999999999  0.23759826396863257
82.8  0.23660653286316963
82.92  0.2356136881804435
83.03999999999999  0.23461973459323002
83.16  0.2336246767795237
83.28  0.23262851942251642
83.39999999999999  0.2316312672105749
83.52  0.2306329248372185
83.64  0.2296334970010977
83.75999999999999  0.22863298840597157
83.88  0.22763140376068555
84.0  0.22662874777914963
84.11999999999999  0.22562502518031607
84.24  0.22462024068815678
84.36  0.22361439903164174
84.47999999999999  0.22260750494471648
84.6  0.2215995631662792
84.72  0.2205905784401595
84.84  0.21958055551509564
84.96  0.21856949914471205
85.08  0.21755741408749643
85.2  0.2165443051067786
85.32  0.21553017697070745
85.44  0.21451503445222794
85.56  0.2134988823290596
85.67999999999999  0.21248172538367366
85.8  0.21146356840327016
85.92  0.21044441617975598
86.03999999999999  0.2094242735097222
86.16  0.20840314519442094
86.28  0.20738103603974362
86.39999999999999  0.20635795085619787
86.52  0.20533389445888478
86.64  0.2043088716674765
86.75999999999999  0.20328288730619362
86.88  0.202255946203782
87.0  0.2012280531934906
87.11999999999999  0.20019921311304856
87.24  0.19916943080464197
87.36  0.19813871111489184
87.47999999999999  0.19710705889483085
87.6  0.19607447899988042
87.72  0.19504097628982822
87.84  0.19400655562880503
87.96  0.19297122188526197
88.08  0.19193497993194736
88.2  0.19089783464588417
88.32  0.1898597909083469
88.44  0.18882085360483822
88.56  0.1877810276250667
88.67999999999999  0.18674031786292342
88.8  0.18569872921645852
88.92  0.18465626658785902
89.03999999999999  0.18361293488342517
89.16  0.18256873901354728
89.28  0.18152368389268306
89.39999999999999  0.18047777443933427
89.52  0.1794310155760232
89.64  0.17838341222927018
89.75999999999999  0.1773349693295701
89.88  0.1762856918113688
90.0  0.17523558461304053
90.11999999999999  0.17418465267686442
90.24  0.1731329009490008
90.36  0.17208033437946876
90.47999999999999  0.17102695792212227
90.6  0.16997277653462672
90.72  0.16891779517843628
90.84  0.16786201881876983
90.96  0.16680545242458822
91.08  0.16574810096857007
91.2  0.16468996942708927
91.32  0.16363106278019113
91.44  0.16257138601156862
91.56  0.1615109441085395
91.67999999999999  0.16044974206202278
91.8  0.1593877848665146
91.92  0.15832507752006544
92.03999999999999  0.15726162502425658
92.16  0.15619743238417558
92.28  0.155132504608394
92.39999999999999  0.15406684670894363
92.52  0.15300046370129156
92.64  0.15193336060431828
92.75999999999999  0.15086554244029332
92.88  0.1497970142348513
93.0  0.14872778101696887
93.11999999999999  0.14765784781894087
93.24  0.1465872196763562
93.36  0.1455159016280748
93.47999999999999  0.1444438987162036
93.6  0.14337121598607258
93.72  0.14229785848621143
93.84  0.14122383126832566
93.96  0.14014913938727272
94.08  0.1390737879010381
94.2  0.13799778187071188
94.32  0.13692112636046488
94.44  0.1358438264375241
94.56  0.13476588717215
94.67999999999999  0.133687313637612
94.8  0.13260811091016422
94.92  0.13152828406902256
95.03999999999999  0.1304478381963402
95.16  0.12936677837718347
95.28  0.1282851096995084
95.39999999999999  0.12720283725413684
95.52  0.12611996613473164
95.64  0.12503650143777373
95.75999999999999  0.12395244826253779
95.88  0.12286781171106766
96.0  0.12178259688815314
96.11999999999999  0.12069680890130574
96.24  0.1196104528607342
96.36  0.118523533879321
96.47999999999999  0.11743605707259822
96.6  0.11634802755872281
96.72  0.11525945045845352
96.84  0.11417033089512604
96.96  0.11308067399462933
97.08  0.11199048488538095
97.2  0.11089976869830362
97.32  0.10980853056680069
97.44  0.10871677562673168
97.56  0.10762450901638883
97.67999999999999  0.10653173587647245
97.8  0.10543846135006661
97.92  0.10434469058261533
98.03999999999999  0.1032504287218982
98.16  0.10215568091800584
98.28  0.10106045232331617
98.39999999999999  0.09996474809247005
98.52  0.09886857338234646
98.64  0.09777193335203907
98.75999999999999  0.09667483316283151
98.88  0.09557727797817284
99.0  0.09447927296365381
99.11999999999999  0.09338082328698245
99.24  0.09228193411795874
99.36  0.09118261062845212
99.47999999999999  0.09008285799237585
99.6  0.08898268138566229
99.72  0.08788208598623998
99.84  0.0867810769740081
99.96  0.08567965953081304
100.08  0.0845778388404224
100.2  0.08347562008850254
100.32  0.08237300846259302
100.44  0.0812700091520823
100.56  0.08016662734818358
100.67999999999999  0.07906286824391033
100.8  0.07795873703405155
100.92  0.07685423891514769
101.03999999999999  0.07574937908546613
101.16  0.07464416274497632
101.28  0.07353859509532581
101.39999999999999  0.07243268133981576
101.52  0.07132642668337576
101.64  0.0702198363325403
101.75999999999999  0.0691129154954237
101.88  0.06800566938169539
102.0  0.06689810320255607
102.11999999999999  0.06579022217071276
102.24  0.06468203150035401
102.36  0.06357353640712604
102.47999999999999  0.06246474210810776
102.6  0.06135565382178598
102.72  0.06024627676803146
102.83999999999999  0.05913661616807403
102.96  0.058026677244477715
103.08  0.056916465221116735
103.2  0.05580598532315059
103.32  0.054695242776999636
103.44  0.053584242810319926
103.56  0.052472990651979495
103.67999999999999  0.051361491532033315
103.8  0.05024975068169826
103.92  0.04913777333332922
104.03999999999999  0.048025564720394265
104.16  0.04691313007744946
104.28  0.04580047464011508
104.39999999999999  0.044687603645050505
104.52  0.04357452232992923
104.64  0.042461235933415165
104.75999999999999  0.04134774969513716
104.88  0.04023406885566441
105.0  0.03912019865648245
105.11999999999999  0.03800614433996771
105.24  0.036891911149363105
105.36  0.03577750432875365
105.47999999999999  0.03466292912304156
105.6  0.03354819077792112
105.72  0.03243329453985491
105.83999999999999  0.03131824565604846
105.96  0.030203049374425556
106.08  0.02908771094360388
106.2  0.027972235612870155
106.32  0.026856628632155433
106.44  0.025740895252010093
106.56  0.02462504072357971
106.67999999999999  0.023509070298580154
106.8  0.022392989229271992
106.92  0.02127680276843749
107.03999999999999  0.02016051616935466
107.16  0.019044134685772263
107.28  0.017927663571886188
107.39999999999999  0.016811108082314202
107.52  0.015694473472070702
107.64  0.014577764996542925
107.75999999999999  0.013460987911465716
107.88  0.012344147472896388
108.0  0.011227248937190903
108.11999999999999  0.010110297560978587
108.24  0.008993298601137067
108.36  0.007876257314768403
108.47999999999999  0.006759178959173745
108.6  0.005642068791828436
108.72  0.004524932070357757
108.83999999999999  0.0034077740525121913
108.96  0.002290599996141812
109.08  0.0011734151591727693
109.2  5.622479958178328e-05
109.32  0.0
109.44  0.0
109.56  0.0
109.67999999999999  0.0
109.8  0.0
109.92  0.0
110.03999999999999  0.0
110.16  0.0
110.28  0.0
110.39999999999999  0.0
110.52  0.0
110.64  0.0
110.75999999999999  0.0
110.88  0.0
111.0  0.0
111.11999999999999  0.0
111.24  0.0
111.36  0.0
111.47999999999999  0.0
111.6  0.0
111.72  0.0
111.83999999999999  0.0
111.96  0.0
112.08  0.0
112.2  0.0
112.32  0.0
112.44  0.0
112.56  0.0
112.67999999999999  0.0
112.8  0.0
112.92  0.0
113.03999999999999  0.0
113.16  0.0
113.28  0.0
113.39999999999999  0.0
113.52  0.0
113.64  0.0
113.75999999999999  0.0
113.88  0.0
114.0  0.0
114.11999999999999  0.0
114.24  0.0
114.36  0.0
114.47999999999999  0.0
114.6  0.0
114.72  0.0
114.83999999999999  0.0
114.96  0.0
115.08  0.0
115.19999999999999  0.0
115.32  0.0
115.44  0.0
115.56  0.0
115.67999999999999  0.0
115.8  0.0
115.92  0.0
116.03999999999999  0.0
116.16  0.0
116.28  0.0
116.39999999999999  0.0
116.52  0.0
116.64  0.0
116.75999999999999  0.0
116.88  0.0
117.0  0.0
117.11999999999999  0.0
117.24  0.0
117.36  0.0
117.47999999999999  0.0
117.6  0.0
117.72  0.0
117.83999999999999  0.0
117.96  0.0
118.08  0.0
118.19999999999999  0.0
118.32  0.0
118.44  0.0
118.56  0.0
118.67999999999999  0.0
118.8  0.0
118.92  0.0
119.03999999999999  0.0
119.16  0.0
119.28  0.0
119.39999999999999  0.0
119.52  0.0
119.64  0.0
119.75999999999999  0.0
119.88  0.0
120.0  0.0
