0.0  1.9545812435693555  100.0
0.12  1.9579932620310256
0.24  1.9613960652916123
0.36  1.9647896373359852
0.48  1.9681739621924608
0.6  1.9715490239328775
0.72  1.9749148066726687
0.84  1.9782712945709406
0.96  1.981618471830544
1.08  1.9849563226981508
1.2  1.9882848314643256
1.3199999999999998  1.991603982463603
1.44  1.9949137600745575
1.56  1.9982141487198803
1.68  2.0015051328664515
1.7999999999999998  2.0047866970254122
1.92  2.008058825752239
2.04  2.011321503646815
2.16  2.014574715353503
2.28  2.0178184455612205
2.4  2.021052679003506
2.52  2.0242774004585953
2.6399999999999997  2.0274925947494924
2.76  2.03069824674404
2.88  2.033894341354992
3.0  2.037080863540081
3.12  2.040257798302096
3.2399999999999998  2.043425130688944
3.36  2.0465828457937296
3.48  2.0497309287548173
3.5999999999999996  2.0528693647559066
3.7199999999999998  2.0559981390260997
3.84  2.0591172368399704
3.96  2.0622266435176346
4.08  2.065326344424821
4.2  2.0684163249729344
4.32  2.0714965706191317
4.4399999999999995  2.0745670668663836
4.56  2.0776277992635483
4.68  2.0806787534054356
4.8  2.083719914932877
4.92  2.086751269532791
5.04  2.0897728029382545
5.16  2.092784500928565
5.279999999999999  2.0957863493293107
5.3999999999999995  2.0987783340124366
5.52  2.101760440896311
5.64  2.1047326559457917
5.76  2.107694965172291
5.88  2.110647354633843
6.0  2.1135898104351694
6.12  2.116522318727742
6.24  2.119444865709854
6.359999999999999  2.1223574376266767
6.4799999999999995  2.125260020770331
6.6  2.1281526014799494
6.72  2.1310351661417397
6.84  2.1339077011890497
6.96  2.1367701931024317
7.08  2.1396226284097053
7.199999999999999  2.142464993686021
7.319999999999999  2.145297275553923
7.4399999999999995  2.1481194606834135
7.56  2.1509315357920133
7.68  2.153733487644827
7.8  2.1565253030546025
7.92  2.1593069688817947
8.04  2.162078472034628
8.16  2.1648397994691555
8.28  2.167590938189323
8.4  2.1703318752470273
8.52  2.173062597742181
8.64  2.1757830928227704
8.76  2.1784933476849155
8.879999999999999  2.1811933495729323
9.0  2.1838830857793923
9.12  2.186562543645181
9.24  2.189231710559559
9.36  2.191890573960221
9.48  2.1945391213333534
9.6  2.1971773402136963
9.719999999999999  2.1998052181845993
9.84  2.202422742878081
9.959999999999999  2.2050299019748874
10.08  2.2076266832045492
10.2  2.2102130743454413
10.32  2.212789063224838
10.44  2.2153546377189715
10.559999999999999  2.2179097857530885
10.68  2.2204544953015084
10.799999999999999  2.2229887543876776
10.92  2.2255125510842277
11.04  2.228025873513031
11.16  2.230528709845257
11.28  2.233021048301426
11.4  2.2355028771514673
11.52  2.237974184714773
11.639999999999999  2.240434959360253
11.76  2.2428851895063895
11.879999999999999  2.245324863621293
12.0  2.247753970222753
12.12  2.250172497878298
12.24  2.252580435205243
12.36  2.254977770870747
12.48  2.257364493591865
12.6  2.2597405921356013
12.719999999999999  2.2621060553189625
12.84  2.2644608720090096
12.959999999999999  2.266805031122912
13.08  2.269138521627997
13.2  2.271461332541804
13.32  2.2737734529321343
13.44  2.276074871917106
13.559999999999999  2.2783655786652006
13.68  2.280645562395317
13.799999999999999  2.2829148123768213
13.92  2.285173317929598
14.04  2.2874210684240994
14.16  2.2896580532813955
14.28  2.291884261973225
14.399999999999999  2.2940996840220444
14.52  2.2963043090010755
14.639999999999999  2.298498126534357
14.76  2.3006811262967926
14.879999999999999  2.302853298014199
15.0  2.305014631463354
15.12  2.307165116472046
15.24  2.309304742919121
15.36  2.31143350073453
15.479999999999999  2.3135513798993763
15.6  2.315658370445964
15.719999999999999  2.3177544624578434
15.84  2.319839646069858
15.959999999999999  2.321913911468192
16.08  2.3239772488904142
16.2  2.326029648625527
16.32  2.32807110101401
16.439999999999998  2.3301015964478653
16.56  2.332121125370664
16.68  2.33412967827759
16.8  2.3361272457154865
16.919999999999998  2.338113818282897
17.04  2.340089386630115
17.16  2.3420539414592225
17.28  2.3440074735241363
17.4  2.3459499736306517
17.52  2.3478814326364863
17.64  2.3498018414513204
17.759999999999998  2.3517111910368422
17.88  2.3536094724067906
18.0  2.355496676626995
18.12  2.3573727948154195
18.24  2.359237818142205
18.36  2.3610917378297076
18.48  2.3629345451525436
18.599999999999998  2.3647662314376303
18.72  2.3665867880642235
18.84  2.3683962064639608
18.96  2.3701944781209017
19.08  2.371981594571568
19.2  2.3737575474049812
19.32  2.3755223282627047
19.439999999999998  2.3772759288388823
19.56  2.379018340880278
19.68  2.380749556186313
19.8  2.382469566609105
19.919999999999998  2.3841783640535086
20.04  2.3858759404771503
20.16  2.387562287890469
20.279999999999998  2.389237398356751
20.4  2.3909012639921703
20.52  2.392553876965822
20.64  2.3941952294997644
20.759999999999998  2.3958253138690497
20.88  2.397444122401764
21.0  2.3990516474790633
21.119999999999997  2.4006478815352086
21.24  2.4022328170576004
21.36  2.403806446586816
21.48  2.405368762716644
21.599999999999998  2.4069197580941184
21.72  2.4084594254195544
21.84  2.4099877574465816
21.96  2.4115047469821786
22.08  2.413010386886708
22.2  2.4145046700739474
22.32  2.4159875895111247
22.439999999999998  2.4174591382189514
22.56  2.418919309271654
22.68  2.420368095797007
22.8  2.421805490976368
22.919999999999998  2.423231488044705
23.04  2.4246460802906307
23.16  2.4260492610564355
23.279999999999998  2.4274410237381163
23.4  2.428821361785409
23.52  2.4301902687018195
23.64  2.4315477380446526
23.759999999999998  2.4328937634250445
23.88  2.4342283385079915
24.0  2.43555145701238
24.119999999999997  2.4368631127110167
24.24  2.438163299430657
24.36  2.4394520110520346
24.48  2.44072924150989
24.599999999999998  2.4419949847930003
24.72  2.4432492349442048
24.84  2.444491986060436
24.96  2.4457232322927456
25.08  2.446942967846332
25.2  2.448151186980569
25.32  2.449347884009031
25.439999999999998  2.4505330532995213
25.56  2.451706689274097
25.68  2.4528687864090983
25.8  2.4540193392351695
25.919999999999998  2.455158342337289
26.04  2.4562857903547948
26.16  2.457401677981406
26.279999999999998  2.4585059999652517
26.4  2.459598751108894
26.52  2.460679926269351
26.64  2.4617495203581243
26.759999999999998  2.462807528341221
26.88  2.463853945239178
27.0  2.4648887661270833
27.119999999999997  2.465911986134603
27.24  2.466923600446001
27.36  2.4679236043001636
27.48  2.4689119929906203
27.599999999999998  2.4698887618655676
27.72  2.4708539063278896
27.84  2.4718074218351807
27.959999999999997  2.4727493038997657
28.08  2.4736795480887217
28.2  2.4745981500239003
28.32  2.475505105381944
28.439999999999998  2.476400409894312
28.56  2.4772840593472973
28.68  2.4781560495820454
28.799999999999997  2.479016376494576
28.919999999999998  2.4798650360358026
29.04  2.48070202421155
29.16  2.4815273370825723
29.279999999999998  2.482340970764576
29.4  2.483142921428232
29.52  2.4839331852991986
29.64  2.484711758658136
29.759999999999998  2.4854786378407283
29.88  2.4862338192376936
30.0  2.4869772992948076
30.119999999999997  2.4877090745129173
30.24  2.4884291414479573
30.36  2.489137496710968
30.48  2.489834136968109
30.599999999999998  2.4905190589406763
30.72  2.4911922594051177
30.84  2.491853735193048
30.959999999999997  2.492503483191263
31.08  2.4931415003417547
31.2  2.4937677836417267
31.32  2.4943823301436057
31.439999999999998  2.494985136955059
31.56  2.4955762012390057
31.68  2.4961555202136294
31.799999999999997  2.4967230911523934
31.919999999999998  2.4972789113840523
32.04  2.4978229782926658
32.16  2.4983552893176078
32.28  2.498875841953583
32.4  2.499384633750635
32.519999999999996  2.49988166231416
32.64  2.5003669253049168
32.76  2.5008404204390393
32.879999999999995  2.5013021454880437
33.0  2.5017520982788444
33.12  2.5021902766937605
33.24  2.5026166786705257
33.36  2.5030313022023
33.48  2.5034341453376774
33.6  2.503825206180696
33.72  2.504204482890848
33.839999999999996  2.504571973683084
33.96  2.504927676827827
34.08  2.5052715906509775
34.199999999999996  2.5056037135339215
34.32  2.505924043913539
34.44  2.5062325802822096
34.56  2.5065293211878226
34.68  2.50681426523378
34.8  2.507087411079008
34.92  2.507348757437958
35.04  2.5075983030806155
35.16  2.5078360468325065
35.28  2.5080619875747012
35.4  2.5082761242438205
35.519999999999996  2.5084784558320408
35.64  2.508668981387098
35.76  2.5088477000122924
35.879999999999995  2.5090146108664935
36.0  2.5091697131641433
36.12  2.509313006175261
36.24  2.5094444892254444
36.36  2.5095641616958746
36.48  2.5096720230233194
36.6  2.5097680727001346
36.72  2.5098523102742667
36.839999999999996  2.509924735349256
36.96  2.5099853475842364
37.08  2.5100341466939406
37.199999999999996  2.5100711324486973
37.32  2.510096304674435
37.44  2.5101096632526816
37.559999999999995  2.510111208120566
37.68  2.5101009392708167
37.8  2.5100788567517642
37.92  2.5100449606673383
38.04  2.50999925117707
38.16  2.5099417284960883
38.28  2.5098723928951205
38.4  2.5097912447004926
38.519999999999996  2.5096982842941236
38.64  2.509593512113527
38.76  2.509476928651808
38.879999999999995  2.5093485344576623
39.0  2.5092083301353707
39.12  2.5090563163447968
39.24  2.508892493801387
39.36  2.5087168632761645
39.48  2.508529425595725
39.6  2.5083301816422363
39.72  2.5081191323534293
39.839999999999996  2.5078962787225985
39.96  2.507661621798592
40.08  2.507415162685813
40.199999999999996  2.5071569025442084
40.32  2.5068868425892683
40.44  2.5066049840920153
40.559999999999995  2.506311328379004
40.68  2.506005876832311
40.8  2.5056886308895283
40.92  2.5053595920437597
41.04  2.5050187618436097
41.16  2.50466614189318
41.28  2.50430173385206
41.4  2.503925539435317
41.519999999999996  2.503537560413493
41.64  2.5031377986125922
41.76  2.502726255914075
41.879999999999995  2.502302934254846
42.0  2.501867835627249
42.12  2.501420962079055
42.239999999999995  2.500962315713453
42.36  2.500491898689039
42.48  2.500009713219809
42.6  2.4995157615751458
42.72  2.4990100460798077
42.839999999999996  2.498492569113922
42.96  2.4979633331129687
43.08  2.4974223405677707
43.199999999999996  2.496869594024485
43.32  2.496305096084585
43.44  2.4957288494048537
43.559999999999995  2.4951408566973687
43.68  2.494541120729489
43.8  2.4939296443238432
43.92  2.4933064303583157
44.04  2.492671481766033
44.16  2.4920248015353494
44.28  2.4913663927098355
44.4  2.49069625838826
44.519999999999996  2.4900144017245776
44.64  2.489320825927915
44.76  2.488615534262552
44.879999999999995  2.487898530047911
45.0  2.487169816658537
45.12  2.486429397524085
45.239999999999995  2.4856772761293024
45.36  2.484913456014011
45.48  2.4841379407730946
45.6  2.483350734056478
45.72  2.482551839569112
45.839999999999996  2.4817412610709546
45.96  2.4809190023769547
46.08  2.4800850673570336
46.199999999999996  2.479239459936066
46.32  2.4783821840938622
46.44  2.4775132438651504
46.559999999999995  2.476632643339556
46.68  2.4757403866615824
46.8  2.474836478030593
46.92  2.47392092170079
47.04  2.4729937219811964
47.16  2.4720548832356313
47.28  2.4711044098826953
47.4  2.4701423063957457
47.519999999999996  2.469168577302875
47.64  2.468183227186894
47.76  2.4671862606853034
47.879999999999995  2.4661776824902804
48.0  2.4651574973486485
48.12  2.46412571006186
48.239999999999995  2.463082325485973
48.36  2.4620273485316257
48.48  2.4609607841640164
48.6  2.45988263740288
48.72  2.4587929133224615
48.839999999999996  2.457691617051495
48.96  2.456578753773179
49.08  2.4554543287251502
49.199999999999996  2.454318347199461
49.32  2.4531708145425544
49.44  2.452011736155238
49.559999999999995  2.4508411174926565
49.68  2.4496589640642723
49.8  2.448465281433833
49.92  2.447260075219348
50.04  2.4460433510930635
50.16  2.4448151147814317
50.28  2.4435753720650886
50.4  2.4423241287788233
50.519999999999996  2.4410613908115524
50.64  2.4397871641062907
50.76  2.438501454660126
50.879999999999995  2.4372042685241873
51.0  2.435895611803618
51.12  2.4345754906575494
51.239999999999995  2.4332439112990674
51.36  2.4319008799951867
51.48  2.4305464030668187
51.6  2.429180486888744
51.72  2.4278031378895824
51.839999999999996  2.4264143625517596
51.96  2.4250141674114802
52.08  2.423602559058696
52.199999999999996  2.422179544137073
52.32  2.4207451293439624
52.44  2.419299321430368
52.559999999999995  2.4178421272009167
52.68  2.4163735535138215
52.8  2.414893607280855
52.919999999999995  2.4134022954673124
53.04  2.411899625091981
53.16  2.4103856032271063
53.28  2.4088602369983603
53.4  2.4073235335848047
53.519999999999996  2.4057755002188603
53.64  2.4042161441862726
53.76  2.402645472826075
53.879999999999995  2.4010634935305566
54.0  2.399470213745227
54.12  2.397865640968781
54.239999999999995  2.3962497827530633
54.36  2.3946226467030325
54.48  2.392984240476726
54.6  2.391334571785224
54.72  2.389673648392614
54.839999999999996  2.3880014781159504
54.96  2.3863180688252226
55.08  2.384623428443316
55.199999999999996  2.3829175649459735
55.32  2.381200486361759
55.44  2.379472200772022
55.559999999999995  2.3777327163108533
55.68  2.375982041165055
55.8  2.374220183574094
55.919999999999995  2.3724471518300687
56.04  2.370662954277667
56.16  2.3688675993141306
56.28  2.3670610953892095
56.4  2.3652434510051283
56.519999999999996  2.3634146747165428
56.64  2.3615747751305003
56.76  2.3597237609064
56.879999999999995  2.3578616407559516
57.0  2.355988423443133
57.12  2.354104117784152
57.239999999999995  2.3522087326474033
57.36  2.3503022769534243
57.48  2.348384759674858
57.599999999999994  2.346456189836407
57.72  2.344516576514792
57.839999999999996  2.3425659288387104
57.96  2.3406042559887914
58.08  2.338631567197554
58.199999999999996  2.3366478717493626
58.32  2.3346531789803855
58.44  2.332647498278547
58.559999999999995  2.330630839083488
58.68  2.3286032108865165
58.8  2.326564623230568
58.919999999999995  2.324515085710158
59.04  2.322454607971334
59.16  2.3203831997116375
59.28  2.3183008706800505
59.4  2.3162076306769555
59.519999999999996  2.314103489554085
59.64  2.311988457214478
59.76  2.309862543612433
59.879999999999995  2.3077257587534596
60.0  2.3055781126942327
60.12  2.303419615542546
60.239999999999995  2.301250277457262
60.36  2.299070108648266
60.48  2.2968791193764178
60.599999999999994  2.2946773199535024
60.72  2.2924647207421835
60.839999999999996  2.290241332155953
60.96  2.2880071646590814
61.08  2.285762228766571
61.199999999999996  2.283506535044105
61.32  2.2812400941079973
61.44  2.2789629166251424
61.559999999999995  2.2766750133129667
61.68  2.2743763949393783
61.8  2.272067072322712
61.919999999999995  2.2697470563316853
62.04  2.267416357885341
62.16  2.2650749879529997
62.28  2.2627229575542054
62.4  2.260360277758677
62.519999999999996  2.257986959686253
62.64  2.25560301450684
62.76  2.253208453440363
62.879999999999995  2.250803287756707
63.0  2.2483875287756683
63.12  2.245961187866901
63.239999999999995  2.2435242764498624
63.36  2.241076805993758
63.48  2.23861878801749
63.599999999999994  2.236150234089602
63.72  2.233671155828224
63.839999999999996  2.231181564901018
63.96  2.2286814730251248
64.08  2.226170891967106
64.2  2.2236498335428916
64.32  2.2211183096177205
64.44  2.218576332106089
64.56  2.216023912971691
64.67999999999999  2.2134610642273658
64.8  2.2108877979350363
64.92  2.2083041262056575
65.03999999999999  2.205710061199156
65.16  2.2031056151243735
65.28  2.20049080023901
65.39999999999999  2.1978656288495664
65.52  2.1952301133112857
65.64  2.1925842660280948
65.75999999999999  2.1899280994525463
65.88  2.1872616260857605
66.0  2.184584858477366
66.12  2.181897809225441
66.24  2.179200490976454
66.36  2.1764929164252025
66.48  2.1737750983147563
66.6  2.171047049436396
66.72  2.168308782629552
66.84  2.165560310781745
66.96  2.1628016468285263
67.08  2.160032803753414
67.2  2.157253794587836
67.32  2.1544646324110643
67.44  2.1516653303501565
67.56  2.1488559015798936
67.67999999999999  2.1460363593227174
67.8  2.1432067168486664
67.92  2.1403669874753177
68.03999999999999  2.1375171845677214
68.16  2.1346573215383366
68.28  2.131787411846972
68.39999999999999  2.128907469000719
68.52  2.1260175065538904
68.64  2.1231175381079552
68.75999999999999  2.1202075773114757
68.88  2.1172876378600414
69.0  2.114357733496208
69.12  2.111417878009428
69.24  2.108468085235992
69.36  2.1055083690589558
69.48  2.102538743408082
69.6  2.0995592222597708
69.72  2.0965698196369953
69.84  2.0935705496092343
69.96  2.0905614262924095
70.08  2.087542463848813
70.2  2.084513676487047
70.32  2.0814750784619553
70.44  2.0784266840745507
70.56  2.0753685076719557
70.67999999999999  2.072300563647331
70.8  2.069222866439807
70.92  2.066135430534417
71.03999999999999  2.0630382704620307
71.16  2.0599314007992824
71.28  2.0568148361685044
71.39999999999999  2.0536885912376586
71.52  2.050552680720266
71.64  2.0474071193753387
71.75999999999999  2.0442519220073105
71.88  2.0410871034659652
72.0  2.0379126786463693
72.11999999999999  2.0347286624888006
72.24  2.0315350699786774
72.36  2.0283319161464894
72.48  2.0251192160677265
72.6  2.021896984862807
72.72  2.018665237697006
72.84  2.0154239897803876
72.96  2.0121732563677277
73.08  2.008913052758448
73.2  2.0056433942965386
73.32  2.002364296370491
73.44  1.9990757744132213
73.56  1.9957778439019993
73.67999999999999  1.9924705203583777
73.8  1.9891538193481142
73.92  1.985827756481103
74.03999999999999  1.9824923474112996
74.16  1.9791476078366455
74.28  1.9757935534989965
74.39999999999999  1.972430200184049
74.52  1.9690575637212622
74.64  1.9656756599837881
74.75999999999999  1.9622845048883946
74.88  1.9588841143953886
75.0  1.9554745045085449
75.11999999999999  1.952055691275029
75.24  1.9486276907853202
75.36  1.9451905191731376
75.48  1.9417441926153647
75.6  1.9382887273319718
75.72  1.9348241395859394
75.84  1.9313504456831831
75.96  1.9278676619724768
76.08  1.9243758048453734
76.2  1.920874890736131
76.32  1.9173649361216338
76.44  1.9138459575213143
76.56  1.9103179714970748
76.67999999999999  1.9067809946532133
76.8  1.9032350436363397
76.92  1.899680135135303
77.03999999999999  1.8961162858811096
77.16  1.8925435126468422
77.28  1.8889618322475878
77.39999999999999  1.8853712615403535
77.52  1.8817718174239857
77.64  1.8781635168390962
77.75999999999999  1.8745463767679782
77.88  1.8709204142345266
78.0  1.86728564630416
78.11999999999999  1.8636420900837394
78.24  1.8599897627214859
78.36  1.8563286814069029
78.48  1.852658863370693
78.6  1.8489803258846798
78.72  1.8452930862617212
78.84  1.8415971618556335
78.96  1.8378925700611082
79.08  1.8341793283136267
79.2  1.8304574540893839
79.32  1.8267269649052014
79.44  1.8229878783184466
79.56  1.819240211926951
79.67999999999999  1.8154839833689267
79.8  1.8117192103228814
79.92  1.8079459105075395
80.03999999999999  1.8041641016817545
80.16  1.8003738016444277
80.28  1.796575028234424
80.39999999999999  1.7927677993304878
80.52  1.7889521328511584
80.64  1.7851280467546864
80.75999999999999  1.78129555903895
80.88  1.777454687741367
81.0  1.7736054509388142
81.11999999999999  1.7697478667475393
81.24  1.765881953323076
81.36  1.7620077288601608
81.48  1.758125211592644
81.6  1.7542344197934072
81.72  1.7503353717742736
81.84  1.7464280858859258
81.96  1.7425125805178177
82.08  1.738588874098085
82.2  1.7346569850934646
82.32  1.7307169320092026
82.44  1.726768733388969
82.56  1.722812407814771
82.67999999999999  1.7188479739068645
82.8  1.7148754503236665
82.92  1.7108948557616688
83.03999999999999  1.7069062089553484
83.16  1.7029095286770786
83.28  1.6989048337370427
83.39999999999999  1.6948921429831463
83.52  1.690871475300924
83.64  1.6868428496134553
83.75999999999999  1.6828062848812733
83.88  1.6787618001022753
84.0  1.6747094143116343
84.11999999999999  1.67064914658171
84.24  1.6665810160219559
84.36  1.6625050417788334
84.47999999999999  1.6584212430357197
84.6  1.6543296390128155
84.72  1.6502302489670588
84.84  1.6461230921920327
84.96  1.642008188017873
85.08  1.6378855558111767
85.2  1.6337552149749146
85.32  1.6296171849483378
85.44  1.6254714852068848
85.56  1.621318135262092
85.67999999999999  1.6171571546615013
85.8  1.6129885629885679
85.92  1.6088123798625673
86.03999999999999  1.6046286249385053
86.16  1.6004373179070224
86.28  1.5962384784943036
86.39999999999999  1.5920321264619854
86.52  1.5878182816070603
86.64  1.5835969637617868
86.75999999999999  1.5793681927935943
86.88  1.5751319886049893
87.0  1.5708883711334636
87.11999999999999  1.566637360351399
87.24  1.5623789762659723
87.36  1.5581132389190637
87.47999999999999  1.5538401683871614
87.6  1.5495597847812652
87.72  1.545272108246795
87.84  1.5409771589634944
87.96  1.5366749571453358
88.08  1.5323655230404243
88.2  1.5280488769309042
88.32  1.523725039132864
88.44  1.5193940299962365
88.56  1.515055869904709
88.67999999999999  1.5107105792756232
88.8  1.5063581785598794
88.92  1.5019986882418435
89.03999999999999  1.4976321288392462
89.16  1.4932585209030889
89.28  1.4888778850175477
89.39999999999999  1.4844902417998744
89.52  1.4800956119003004
89.64  1.47569401600194
89.75999999999999  1.4712854748206932
89.88  1.4668700091051456
90.0  1.462447639636475
90.11999999999999  1.4580183872283514
90.24  1.4535822727268364
90.36  1.4491393170102902
90.47999999999999  1.4446895409892706
90.6  1.4402329656064337
90.72  1.4357696118364374
90.84  1.4312995006858413
90.96  1.426822653193009
91.08  1.4223390904280073
91.2  1.4178488334925088
91.32  1.4133519035196922
91.44  1.4088483216741408
91.56  1.4043381091517464
91.67999999999999  1.3998212871796085
91.8  1.3952978770159308
91.92  1.3907678999499262
92.03999999999999  1.3862313773017148
92.16  1.38168833042222
92.28  1.3771387806930742
92.39999999999999  1.3725827495265162
92.52  1.3680202583652847
92.64  1.3634513286825263
92.75999999999999  1.358875981981689
92.88  1.3542942397964208
93.0  1.3497061236904715
93.11999999999999  1.3451116552575895
93.24  1.3405108561214178
93.36  1.3359037479353977
93.47999999999999  1.3312903523826614
93.6  1.3266706911759332
93.72  1.3220447860574265
93.84  1.3174126587987411
93.96  1.3127743312007611
94.08  1.3081298250935522
94.2  1.3034791623362585
94.32  1.2988223648170019
94.44  1.2941594544527741
94.56  1.289490453189339
94.67999999999999  1.2848153830011273
94.8  1.2801342658911303
94.92  1.2754471238908018
95.03999999999999  1.2707539790599502
95.16  1.2660548534866345
95.28  1.2613497692870639
95.39999999999999  1.2566387486054915
95.52  1.2519218136141084
95.64  1.2471989865129423
95.75999999999999  1.242470289529753
95.88  1.2377357449199236
96.0  1.2329953749663611
96.11999999999999  1.2282492019793896
96.24  1.2234972482966424
96.36  1.2187395362829616
96.47999999999999  1.2139760883302908
96.6  1.2092069268575667
96.72  1.2044320743106198
96.84  1.199651553162063
96.96  1.1948653859111902
97.08  1.190073595083866
97.2  1.1852762032324238
97.32  1.180473232935558
97.44  1.1756647067982169
97.56  1.1708506474514975
97.67999999999999  1.1660310775525384
97.8  1.1612060197844132
97.92  1.1563754968560245
98.03999999999999  1.1515395315019963
98.16  1.146698146482566
98.28  1.14185136458348
98.39999999999999  1.1369992086158844
98.52  1.1321417014162165
98.64  1.1272788658461013
98.75999999999999  1.1224107247922408
98.88  1.1175373011663055
99.0  1.1126586179048297
99.11999999999999  1.1077746979691023
99.24  1.1028855643450557
99.36  1.097991240043163
99.47999999999999  1.0930917480983278
99.6  1.0881871115697699
99.72  1.083277353540927
99.84  1.0783624971193388
99.96  1.0734425654365418
100.08  1.0685175816479555
100.2  1.0635875689327803
100.32  1.058652550493884
100.44  1.0537125495576931
100.56  1.0487675893740844
100.67999999999999  1.0438176932162753
100.8  1.0388628843807137
100.92  1.0339031861869687
101.03999999999999  1.0289386219776222
101.16  1.0239692151181559
101.28  1.0189949889968442
101.39999999999999  1.0140159670246436
101.52  1.0090321726350806
101.64  1.004043629284144
101.75999999999999  0.9990503604501741
101.88  0.9940523896337486
102.0  0.9890497403575781
102.11999999999999  0.9840424361663902
102.24  0.9790305006268211
102.36  0.9740139573273042
102.47999999999999  0.9689928298779603
102.6  0.9639671419104822
102.72  0.9589369170780299
102.83999999999999  0.9539021790551147
102.96  0.9488629515374878
103.08  0.9438192582420317
103.2  0.9387711229066461
103.32  0.9337185692901379
103.44  0.9286616211721062
103.56  0.9236003023528347
103.67999999999999  0.9185346366531772
103.8  0.9134646479144451
103.92  0.9083903599982965
104.03999999999999  0.9033117967866242
104.16  0.8982289821814402
104.28  0.8931419401047676
104.39999999999999  0.8880506944985258
104.52  0.882955269324416
104.64  0.8778556885638126
104.75999999999999  0.8727519762176471
104.88  0.8676441563062952
105.0  0.8625322528694664
105.11999999999999  0.8574162899660884
105.24  0.8522962916741939
105.36  0.8471722820908083
105.47999999999999  0.8420442853318373
105.6  0.8369123255319499
105.72  0.8317764268444682
105.83999999999999  0.8266366134412527
105.96  0.8214929095125875
106.08  0.8163453392670673
106.2  0.8111939269314844
106.32  0.8060386967507138
106.44  0.8008796729875967
106.56  0.795716879922831
106.67999999999999  0.7905503418548551
106.8  0.785380083099729
106.92  0.7802061279910284
107.03999999999999  0.7750285008797256
107.16  0.769847226134071
107.28  0.7646623281394858
107.39999999999999  0.7594738312984435
107.52  0.7542817600303535
107.64  0.7490861387714507
107.75999999999999  0.7438869919746768
107.88  0.7386843441095646
108.0  0.7334782196621269
108.11999999999999  0.7282686431347386
108.24  0.7230556390460193
108.36  0.717839231930723
108.47999999999999  0.7126194463396193
108.6  0.7073963068393765
108.72  0.7021698380124505
108.83999999999999  0.6969400644569654
108.96  0.6917070107865977
109.08  0.686470701630464
109.2  0.6812311616330005
109.32  0.6759884154538511
109.44  0.6707424877677474
109.56  0.665493403264396
109.67999999999999  0.6602411866483616
109.8  0.6549858626389473
109.92  0.6497274559700833
110.03999999999999  0.6444659913902085
110.16  0.6392014936621514
110.28  0.6339339875630183
110.39999999999999  0.6286634978840732
110.52  0.6233900494306213
110.64  0.6181136670218947
110.75999999999999  0.6128343754909338
110.88  0.6075521996844697
111.0  0.6022671644628074
111.11999999999999  0.5969792946997133
111.24  0.591688615282291
111.36  0.5863951511108673
111.47999999999999  0.5810989270988787
111.6  0.5757999681727479
111.72  0.5704982992717691
111.83999999999999  0.565193945347994
111.96  0.559886931366108
112.08  0.554577282303316
112.2  0.5492650231492281
112.32  0.5439501789057349
112.44  0.538632774586895
112.56  0.5333128352188171
112.67999999999999  0.5279903858395392
112.8  0.5226654514989124
112.92  0.5173380572584857
113.03999999999999  0.5120082281913831
113.16  0.5066759893821876
113.28  0.5013413659268265
113.39999999999999  0.4960043829324474
113.52  0.49066506551730316
113.64  0.485323438810636
113.75999999999999  0.4799795279525543
113.88  0.47463335809391616
114.0  0.469284954396215
114.11999999999999  0.46393434203145467
114.24  0.4585815461820333
114.36  0.45322659204062954
114.47999999999999  0.44786950481007604
114.6  0.44251030970324545
114.72  0.4371490319429334
114.83999999999999  0.43178569676173495
114.96  0.42642032940192787
115.08  0.42105295511535756
115.19999999999999  0.4156835991633122
115.32  0.41031228681640564
115.44  0.4049390433544634
115.56  0.39956389406639525
115.67999999999999  0.39418686425008476
115.8  0.38880797921226296
115.92  0.38342726426839235
116.03999999999999  0.37804474474255156
116.16  0.37266044596730796
116.28  0.367274393283604
116.39999999999999  0.36188661204063965
116.52  0.35649712759574714
116.64  0.35110596531427407
116.75999999999999  0.3457131505694693
116.88  0.3403187087423545
117.0  0.3349226652216095
117.11999999999999  0.3295250454034555
117.24  0.3241258746915294
117.36  0.31872517849676796
117.47999999999999  0.3133229822372907
117.6  0.3079193113382699
117.72  0.3025141912318252
117.83999999999999  0.2971076473568963
117.96  0.2916997051591175
118.08  0.2862903900907119
118.19999999999999  0.2808797276103594
118.32  0.27546774318308165
118.44  0.2700544622801251
118.56  0.26463991037883394
118.67999999999999  0.2592241129625381
118.8  0.25380709552042635
118.92  0.24838888354743016
119.03999999999999  0.24296950254410477
119.16  0.23754897801650565
119.28  0.23212733547606934
119.39999999999999  0.22670460043949814
119.52  0.22128079842863224
119.64  0.21585595497033427
119.75999999999999  0.21043009559636983
119.88  0.20500324584328555
120.0  0.19957543125228638
