0.0  0.826712699162321  100.0
0.12  0.8287069106336936
0.24  0.8306972218358625
0.36  0.8326836234015236
0.48  0.8346661059817737
0.6  0.836644660246154
0.72  0.8386192768826938
0.84  0.8405899465979549
0.96  0.8425566601170755
1.08  0.8445194081838125
1.2  0.8464781815605871
1.3199999999999998  0.8484329710285262
1.44  0.8503837673875074
1.56  0.8523305614562013
1.68  0.8542733440721157
1.7999999999999998  0.8562121060916374
1.92  0.8581468383900763
2.04  0.8600775318617079
2.16  0.8620041774198162
2.28  0.8639267659967366
2.4  0.8658452885438986
2.52  0.8677597360318681
2.6399999999999997  0.86967009945039
2.76  0.8715763698084309
2.88  0.8734785381342208
3.0  0.8753765954752963
3.12  0.877270532898542
3.2399999999999998  0.879160341490232
3.36  0.8810460123560735
3.48  0.8829275366212471
3.5999999999999996  0.8848049054304495
3.7199999999999998  0.8866781099479347
3.84  0.8885471413575556
3.96  0.8904119908628061
4.08  0.8922726496868614
4.2  0.8941291090726206
4.32  0.8959813602827466
4.4399999999999995  0.8978293945997081
4.56  0.899673203325821
4.68  0.901512777783288
4.8  0.9033481093142404
4.92  0.9051791892807785
5.04  0.9070060090650127
5.16  0.9088285600691037
5.279999999999999  0.9106468337153028
5.3999999999999995  0.9124608214459922
5.52  0.9142705147237264
5.64  0.9160759050312709
5.76  0.9178769838716432
5.88  0.9196737427681521
6.0  0.9214661732644385
6.12  0.9232542669245144
6.24  0.9250380153328033
6.359999999999999  0.9268174100941786
6.4799999999999995  0.9285924428340051
6.6  0.9303631051981762
6.72  0.9321293888531547
6.84  0.9338912854860117
6.96  0.9356487868044654
7.08  0.9374018845369205
7.199999999999999  0.9391505704325066
7.319999999999999  0.9408948362611179
7.4399999999999995  0.9426346738134512
7.56  0.9443700749010446
7.68  0.9461010313563166
7.8  0.9478275350326038
7.92  0.9495495778041996
8.04  0.9512671515663927
8.16  0.9529802482355049
8.28  0.954688859748929
8.4  0.956392978065167
8.52  0.9580925951638684
8.64  0.9597877030458668
8.76  0.9614782937332187
8.879999999999999  0.9631643592692402
9.0  0.964845891718545
9.12  0.9665228831670816
9.24  0.9681953257221704
9.36  0.969863211512541
9.48  0.9715265326883691
9.6  0.9731852814213137
9.719999999999999  0.9748394499045536
9.84  0.9764890303528246
9.959999999999999  0.9781340150024556
10.08  0.9797743961114053
10.2  0.9814101659592992
10.32  0.9830413168474651
10.44  0.9846678410989699
10.559999999999999  0.9862897310586553
10.68  0.9879069790931743
10.799999999999999  0.9895195775910269
10.92  0.9911275189625959
11.04  0.9927307956401824
11.16  0.9943294000780422
11.28  0.99592332475242
11.4  0.9975125621615863
11.52  0.9990971048258714
11.639999999999999  1.000676945287702
11.76  1.0022520761116345
11.879999999999999  1.0038224898843917
12.0  1.0053881792148966
12.12  1.006949136734308
12.24  1.0085053550960539
12.36  1.0100568269758678
12.48  1.011603545071822
12.6  1.013145502104362
12.719999999999999  1.0146826908163415
12.84  1.0162151039730554
12.959999999999999  1.0177427343622751
13.08  1.0192655747942818
13.2  1.0207836181018999
13.32  1.0222968571405322
13.44  1.0238052847881913
13.559999999999999  1.0253088939455355
13.68  1.0268076775359005
13.799999999999999  1.0283016285053335
13.92  1.029790739822626
14.04  1.0312750044793475
14.16  1.0327544154898776
14.28  1.0342289658914394
14.399999999999999  1.0356986487441329
14.52  1.0371634571309658
14.639999999999999  1.0386233841578885
14.76  1.0400784229538242
14.879999999999999  1.0415285666707033
15.0  1.0429738084834936
15.12  1.0444141415902346
15.24  1.0458495592120673
15.36  1.0472800545932683
15.479999999999999  1.0487056210012795
15.6  1.0501262517267413
15.719999999999999  1.0515419400835238
15.84  1.0529526794087571
15.959999999999999  1.0543584630628653
16.08  1.0557592844295949
16.2  1.0571551369160475
16.32  1.0585460139527105
16.439999999999998  1.0599319089934882
16.56  1.061312815515732
16.68  1.0626887270202723
16.8  1.0640596370314475
16.919999999999998  1.0654255390971352
17.04  1.0667864267887837
17.16  1.0681422937014402
17.28  1.0694931334537823
17.4  1.070838939688148
17.52  1.0721797060705647
17.64  1.07351542629078
17.759999999999998  1.074846094062291
17.88  1.0761717031223739
18.0  1.0774922472321133
18.12  1.0788077201764317
18.24  1.0801181157641195
18.36  1.0814234278278627
18.48  1.0827236502242727
18.599999999999998  1.0840187768339153
18.72  1.08530880156134
18.84  1.0865937183351067
18.96  1.087873521107817
19.08  1.0891482038561402
19.2  1.0904177605808438
19.32  1.0916821853068202
19.439999999999998  1.0929414720831145
19.56  1.094195614982955
19.68  1.0954446081037779
19.8  1.0966884455672572
19.919999999999998  1.0979271215193322
20.04  1.0991606301302337
20.16  1.1003889655945127
20.279999999999998  1.1016121221310677
20.4  1.102830093983171
20.52  1.104042875418497
20.64  1.1052504607291482
20.759999999999998  1.1064528442316823
20.88  1.107650020267139
21.0  1.1088419832010676
21.119999999999997  1.110028727423551
21.24  1.1112102473492351
21.36  1.1123865374173534
21.48  1.1135575920917529
21.599999999999998  1.1147234058609212
21.72  1.1158839732380121
21.84  1.1170392887608707
21.96  1.1181893469920603
22.08  1.1193341425188874
22.2  1.1204736699534266
22.32  1.121607923932547
22.439999999999998  1.1227368991179365
22.56  1.123860590196128
22.68  1.1249789918785238
22.8  1.1260920989014198
22.919999999999998  1.1271999060260314
23.04  1.1283024080385176
23.16  1.129399599750006
23.279999999999998  1.130491475996616
23.4  1.1315780316394852
23.52  1.1326592615647917
23.64  1.1337351606837787
23.759999999999998  1.1348057239327787
23.88  1.1358709462732373
24.0  1.136930822691737
24.119999999999997  1.13798534820002
24.24  1.1390345178350132
24.36  1.14007832665885
24.48  1.1411167697588942
24.599999999999998  1.1421498422477638
24.72  1.1431775392633523
24.84  1.1441998559688535
24.96  1.145216787552783
25.08  1.146228329229001
25.2  1.1472344762367355
25.32  1.1482352238406037
25.439999999999998  1.1492305673306356
25.56  1.1502205020222944
25.68  1.1512050232565008
25.8  1.1521841263996524
25.919999999999998  1.1531578068436477
26.04  1.154126060005906
26.16  1.1550888813293911
26.279999999999998  1.1560462662826303
26.4  1.1569982103597378
26.52  1.157944709080434
26.64  1.1588857579900687
26.759999999999998  1.1598213526596401
26.88  1.1607514886858172
27.0  1.1616761616909597
27.119999999999997  1.162595367323138
27.24  1.1635091012561554
27.36  1.1644173591895672
27.48  1.1653201368487012
27.599999999999998  1.1662174299846773
27.72  1.1671092343744287
27.84  1.1679955458207214
27.959999999999997  1.1688763601521726
28.08  1.1697516732232724
28.2  1.1706214809144018
28.32  1.171485779131853
28.439999999999998  1.1723445638078476
28.56  1.1731978309005573
28.68  1.1740455763941209
28.799999999999997  1.1748877962986657
28.919999999999998  1.1757244866503243
29.04  1.1765556435112532
29.16  1.177381262969653
29.279999999999998  1.1782013411397854
29.4  1.179015874161992
29.52  1.1798248582027122
29.64  1.1806282894545015
29.759999999999998  1.1814261641360497
29.88  1.1822184784921976
30.0  1.1830052287939559
30.119999999999997  1.1837864113385224
30.24  1.1845620224492985
30.36  1.1853320584759086
30.48  1.1860965157942147
30.599999999999998  1.186855390806335
30.72  1.1876086799406613
30.84  1.1883563796518741
30.959999999999997  1.189098486420961
31.08  1.189834996755232
31.2  1.1905659071883368
31.32  1.1912912142802805
31.439999999999998  1.19201091461744
31.56  1.1927250048125808
31.68  1.1934334815048713
31.799999999999997  1.1941363413599
31.919999999999998  1.194833581069691
32.04  1.1955251973527194
32.16  1.1962111869539258
32.28  1.1968915466447339
32.4  1.1975662732230627
32.519999999999996  1.1982353635133447
32.64  1.1988988143665384
32.76  1.1995566226601446
32.879999999999995  1.2002087852982195
33.0  1.2008552992113917
33.12  1.2014961613568742
33.24  1.2021313687184803
33.36  1.202760918306637
33.48  1.2033848071583995
33.6  1.2040030323374649
33.72  1.2046155909341865
33.839999999999996  1.205222480065586
33.96  1.2058236968753697
34.08  1.2064192385339392
34.199999999999996  1.2070091022384062
34.32  1.2075932852126057
34.44  1.208171784707109
34.56  1.2087445979992355
34.68  1.2093117223930672
34.8  1.2098731552194608
34.92  1.2104288938360592
35.04  1.2109789356273053
35.16  1.2115232780044543
35.28  1.2120619184055847
35.4  1.2125948542956113
35.519999999999996  1.2131220831662974
35.64  1.2136436025362654
35.76  1.2141594099510096
35.879999999999995  1.2146695029829067
36.0  1.215173879231229
36.12  1.2156725363221539
36.24  1.2161654719087753
36.36  1.2166526836711162
36.48  1.2171341693161375
36.6  1.2176099265777505
36.72  1.218079953216826
36.839999999999996  1.2185442470212067
36.96  1.219002805805716
37.08  1.219455627412169
37.199999999999996  1.2199027097093826
37.32  1.2203440505931855
37.44  1.2207796479864284
37.559999999999995  1.2212094998389924
37.68  1.221633604127801
37.8  1.2220519588568277
37.92  1.2224645620571062
38.04  1.2228714117867387
38.16  1.2232725061309075
38.28  1.2236678432018806
38.4  1.2240574211390234
38.519999999999996  1.2244412381088061
38.64  1.224819292304813
38.76  1.225191581947749
38.879999999999995  1.225558105285452
39.0  1.2259188605928972
39.12  1.226273846172207
39.24  1.2266230603526587
39.36  1.226966501490693
39.48  1.2273041679699204
39.6  1.2276360582011296
39.72  1.227962170622296
39.839999999999996  1.2282825036985865
39.96  1.2285970559223691
40.08  1.2289058258132188
40.199999999999996  1.229208811917925
40.32  1.2295060128104982
40.44  1.2297974270921768
40.559999999999995  1.2300830533914335
40.68  1.2303628903639816
40.8  1.230636936692782
40.92  1.2309051910880493
41.04  1.2311676522872563
41.16  1.2314243190551424
41.28  1.2316751901837177
41.4  1.2319202644922698
41.519999999999996  1.2321595408273673
41.64  1.2323930180628684
41.76  1.2326206950999234
41.879999999999995  1.2328425708669815
42.0  1.2330586443197948
42.12  1.2332689144414242
42.239999999999995  1.2334733802422435
42.36  1.2336720407599442
42.48  1.23386489505954
42.6  1.2340519422333716
42.72  1.2342331814011103
42.839999999999996  1.234408611709763
42.96  1.234578232333675
43.08  1.2347420424745352
43.199999999999996  1.2349000413613789
43.32  1.2350522282505922
43.44  1.2351986024259145
43.559999999999995  1.2353391631984432
43.68  1.2354739099066356
43.8  1.2356028419163125
43.92  1.235725958620662
44.04  1.2358432594402413
44.16  1.2359547438229792
44.28  1.2360604112441802
44.4  1.2361602612065257
44.519999999999996  1.2362542932400769
44.64  1.2363425069022758
44.76  1.2364249017779496
44.879999999999995  1.236501477479311
45.0  1.2365722336459597
45.12  1.2366371699448848
45.239999999999995  1.236696286070468
45.36  1.2367495817444811
45.48  1.2367970567160906
45.6  1.2368387107618581
45.72  1.2368745436857411
45.839999999999996  1.2369045553190932
45.96  1.2369287455206661
46.08  1.2369471141766102
46.199999999999996  1.2369596612004738
46.32  1.2369663865332052
46.44  1.236967290143152
46.559999999999995  1.2369623720260616
46.68  1.2369516322050802
46.8  1.236935070730755
46.92  1.236912687681031
47.04  1.2368844831612538
47.16  1.236850457304166
47.28  1.236810610269909
47.4  1.2367649422460207
47.519999999999996  1.2367134534474356
47.64  1.2366561441164832
47.76  1.2365930145228872
47.879999999999995  1.2365240649637639
48.0  1.236449295763621
48.12  1.2363687072743565
48.239999999999995  1.2362822998752558
48.36  1.2361900739729914
48.48  1.23609203000162
48.6  1.235988168422581
48.72  1.2358784897246937
48.839999999999996  1.2357629944241557
48.96  1.2356416830645403
49.08  1.2355145562167933
49.199999999999996  1.235381614479231
49.32  1.2352428584775375
49.44  1.2350982888647613
49.559999999999995  1.234947906321312
49.68  1.234791711554958
49.8  1.2346297053008226
49.92  1.2344618883213805
50.04  1.2342882614064539
50.16  1.2341088253732095
50.28  1.233923581066155
50.4  1.2337325293571328
50.519999999999996  1.2335356711453196
50.64  1.2333330073572184
50.76  1.2331245389466567
50.879999999999995  1.2329102668947816
51.0  1.2326901922100533
51.12  1.2324643159282433
51.239999999999995  1.2322326391124274
51.36  1.2319951628529813
51.48  1.2317518882675755
51.6  1.2315028165011703
51.72  1.23124794872601
51.839999999999996  1.2309872861416173
51.96  1.2307208299747883
52.08  1.230448581479586
52.199999999999996  1.230170541937335
52.32  1.2298867126566149
52.44  1.2295970949732546
52.559999999999995  1.229301690250326
52.68  1.2290004998781368
52.8  1.2286935252742253
52.919999999999995  1.2283807678833525
53.04  1.228062229177496
53.16  1.2277379106558433
53.28  1.2274078138447837
53.4  1.2270719402979018
53.519999999999996  1.2267302915959701
53.64  1.2263828693469423
53.76  1.2260296751859443
53.879999999999995  1.2256707107752676
54.0  1.2253059778043602
54.12  1.2249354779898212
54.239999999999995  1.2245592130753895
54.36  1.2241771848319383
54.48  1.2237893950574645
54.6  1.2233958455770828
54.72  1.2229965382430144
54.839999999999996  1.2225914749345803
54.96  1.2221806575581913
55.08  1.2217640880473395
55.199999999999996  1.2213417683625898
55.32  1.2209137004915684
55.44  1.2204798864489574
55.559999999999995  1.2200403282764811
55.68  1.2195950280428989
55.8  1.2191439878439951
55.919999999999995  1.2186872098025685
56.04  1.2182246960684229
56.16  1.2177564488183572
56.28  1.2172824702561544
56.4  1.216802762612572
56.519999999999996  1.2163173281453306
56.64  1.2158261691391046
56.76  1.2153292879055095
56.879999999999995  1.214826686783094
57.0  1.214318368137325
57.12  1.2138043343605804
57.239999999999995  1.2132845878721354
57.36  1.2127591311181516
57.48  1.2122279665716662
57.599999999999994  1.2116910967325796
57.72  1.2111485241276434
57.839999999999996  1.21060025131045
57.96  1.2100462808614185
58.08  1.2094866153877848
58.199999999999996  1.208921257523587
58.32  1.2083502099296548
58.44  1.2077734752935965
58.559999999999995  1.2071910563297858
58.68  1.2066029557793492
58.8  1.2060091764101541
58.919999999999995  1.2054097210167944
59.04  1.204804592420578
59.16  1.2041937934695133
59.28  1.2035773270382966
59.4  1.2029551960282971
59.519999999999996  1.202327403367545
59.64  1.2016939520107157
59.76  1.2010548449391178
59.879999999999995  1.200410085160678
60.0  1.199759675709927
60.12  1.1991036196479858
60.239999999999995  1.1984419200625507
60.36  1.1977745800678785
60.48  1.1971016028047736
60.599999999999994  1.1964229914405702
60.72  1.195738749169121
60.839999999999996  1.1950488792107785
60.96  1.1943533848123826
61.08  1.1936522692472447
61.199999999999996  1.192945535815131
61.32  1.1922331878422487
61.44  1.1915152286812292
61.559999999999995  1.1907916617111125
61.68  1.190062490337332
61.8  1.1893277179916975
61.919999999999995  1.18858734813238
62.04  1.1878413842438944
62.16  1.1870898298370838
62.28  1.1863326884491028
62.4  1.1855699636434014
62.519999999999996  1.1848016590097066
62.64  1.1840277781640074
62.76  1.1832483247485368
62.879999999999995  1.182463302431755
63.0  1.1816727149083313
63.12  1.1808765658991283
63.239999999999995  1.180074859151183
63.36  1.179267598437689
63.48  1.1784547875579807
63.599999999999994  1.177636430337513
63.72  1.1768125306278452
63.839999999999996  1.1759830923066212
63.96  1.1751481192775528
64.08  1.1743076154704004
64.2  1.1734615848409549
64.32  1.1726100313710182
64.44  1.171752959068386
64.56  1.170890371966828
64.67999999999999  1.1700222741260689
64.8  1.169148669631769
64.92  1.1682695625955062
65.03999999999999  1.1673849571547557
65.16  1.1664948574728702
65.28  1.1655992677390605
65.39999999999999  1.1646981921683777
65.52  1.1637916350016895
65.64  1.1628796005056643
65.75999999999999  1.1619620929727486
65.88  1.1610391167211467
66.0  1.1601106760948028
66.12  1.1591767754633775
66.24  1.1582374192222296
66.36  1.1572926117923936
66.48  1.1563423576205605
66.6  1.1553866611790558
66.72  1.1544255269658188
66.84  1.1534589595043814
66.96  1.152486963343847
67.08  1.1515095430588684
67.2  1.1505267032496276
67.32  1.1495384485418128
67.44  1.1485447835865967
67.56  1.1475457130606164
67.67999999999999  1.1465412416659486
67.8  1.14553137413009
67.92  1.1445161152059333
68.03999999999999  1.143495469671746
68.16  1.1424694423311472
68.28  1.141438038013085
68.39999999999999  1.1404012615718147
68.52  1.1393591178868738
68.64  1.1383116118630623
68.75999999999999  1.1372587484304166
68.88  1.1362005325441877
69.0  1.1351369691848177
69.12  1.1340680633579165
69.24  1.1329938200942382
69.36  1.1319142444496566
69.48  1.130829341505143
69.6  1.1297391163667403
69.72  1.1286435741655412
69.84  1.127542720057662
69.96  1.1264365592242198
70.08  1.1253250968713073
70.2  1.1242083382299686
70.32  1.1230862885561745
70.44  1.1219589531307979
70.56  1.1208263372595884
70.67999999999999  1.1196884462731485
70.8  1.1185452855269071
70.92  1.1173968604010953
71.03999999999999  1.116243176300721
71.16  1.1150842386555426
71.28  1.1139200529200444
71.39999999999999  1.1127506245734107
71.52  1.1115759591194996
71.64  1.1103960620868176
71.75999999999999  1.1092109390284934
71.88  1.1080205955222513
72.0  1.1068250371703865
72.11999999999999  1.105624269599736
72.24  1.1044182984616553
72.36  1.103207129431989
72.48  1.1019907682110457
72.6  1.100769220523572
72.72  1.0995424921187222
72.84  1.098310588770035
72.96  1.0970735162754046
73.08  1.0958312804570525
73.2  1.0945838871615021
73.32  1.09333134225955
73.44  1.0920736516462386
73.56  1.090810821240828
73.67999999999999  1.089542856986769
73.8  1.088269764851674
73.92  1.08699155082729
74.03999999999999  1.0857082209294704
74.16  1.0844197811981446
74.28  1.083126237697293
74.39999999999999  1.0818275965149156
74.52  1.0805238637630044
74.64  1.0792150455775154
74.75999999999999  1.077901148118338
74.88  1.0765821775692674
75.0  1.0752581401379753
75.11999999999999  1.07392904205598
75.24  1.0725948895786175
75.36  1.0712556889850124
75.48  1.0699114465780482
75.6  1.0685621686843365
75.72  1.0672078616541891
75.84  1.065848531861587
75.96  1.0644841857041503
76.08  1.0631148296031085
76.2  1.0617404700032702
76.32  1.060361113372993
76.44  1.0589767662041525
76.56  1.0575874350121115
76.67999999999999  1.056193126335691
76.8  1.0547938467371374
76.92  1.0533896028020928
77.03999999999999  1.0519804011395641
77.16  1.0505662483818905
77.28  1.0491471511847144
77.39999999999999  1.0477231162269487
77.52  1.0462941502107446
77.64  1.0448602598614625
77.75999999999999  1.0434214519276384
77.88  1.041977733180952
78.0  1.0405291104161967
78.11999999999999  1.0390755904512459
78.24  1.0376171801270209
78.36  1.03615388630746
78.48  1.034685715879485
78.6  1.03321267575297
78.72  1.0317347728607067
78.84  1.0302520141583744
78.96  1.0287644066245054
79.08  1.027271957260453
79.2  1.0257746730903585
79.32  1.0242725611611176
79.44  1.0227656285423479
79.56  1.021253882326355
79.67999999999999  1.0197373296281005
79.8  1.018215977585166
79.92  1.016689833357722
80.03999999999999  1.0151589041284925
80.16  1.0136231971027228
80.28  1.0120827195081437
80.39999999999999  1.0105374785949395
80.52  1.0089874816357114
80.64  1.0074327359254458
80.75999999999999  1.005873248781479
80.88  1.0043090275434616
81.0  1.002740079573326
81.11999999999999  1.0011664122552502
81.24  0.9995880329956237
81.36  0.9980049492230126
81.48  0.9964171683881244
81.6  0.9948246979637737
81.72  0.993227545444845
81.84  0.9916257183482606
81.96  0.9900192242129425
82.08  0.9884080705997778
82.2  0.9867922650915836
82.32  0.9851718152930709
82.44  0.9835467288308084
82.56  0.9819170133531876
82.67999999999999  0.980282676530386
82.8  0.9786437260543311
82.92  0.9770001696386647
83.03999999999999  0.9753520150187056
83.16  0.9736992699514145
83.28  0.9720419422153564
83.39999999999999  0.9703800396106649
83.52  0.9687135699590042
83.64  0.9670425411035336
83.75999999999999  0.9653669609088703
83.88  0.9636868372610516
84.0  0.9620021780674988
84.11999999999999  0.9603129912569792
84.24  0.9586192847795693
84.36  0.9569210666066172
84.47999999999999  0.9552183447307052
84.6  0.9535111271656113
84.72  0.9517994219462731
84.84  0.9500832371287491
84.96  0.9483625807901808
85.08  0.9466374610287538
85.2  0.9449078859636615
85.32  0.9431738637350661
85.44  0.9414354025040591
85.56  0.939692510452625
85.67999999999999  0.9379451957836016
85.8  0.9361934667206412
85.92  0.9344373315081721
86.03999999999999  0.9326767984113605
86.16  0.9309118757160706
86.28  0.9291425717288261
86.39999999999999  0.9273688947767711
86.52  0.9255908532076308
86.64  0.9238084553896725
86.75999999999999  0.9220217097116655
86.88  0.9202306245828427
87.0  0.9184352084328598
87.11999999999999  0.9166354697117566
87.24  0.9148314168899169
87.36  0.9130230584580283
87.47999999999999  0.911210402927043
87.6  0.9093934588281368
87.72  0.90757223471267
87.84  0.9057467391521459
87.96  0.9039169807381718
88.08  0.9020829680824176
88.2  0.9002447098165755
88.32  0.8984022145923198
88.44  0.8965554910812654
88.56  0.8947045479749278
88.67999999999999  0.8928493939846818
88.8  0.8909900378417198
88.92  0.8891264882970127
89.03999999999999  0.8872587541212666
89.16  0.8853868441048823
89.28  0.8835107670579144
89.39999999999999  0.8816305318100295
89.52  0.8797461472104638
89.64  0.8778576221279831
89.75999999999999  0.87596496545084
89.88  0.8740681860867316
90.0  0.8721672929627591
90.11999999999999  0.8702622950253844
90.24  0.8683532012403886
90.36  0.8664400205928299
90.47999999999999  0.864522762087001
90.6  0.8626014347463864
90.72  0.8606760476136212
90.84  0.858746609750447
90.96  0.8568131302376708
91.08  0.8548756181751204
91.2  0.852934082681603
91.32  0.8509885328948629
91.44  0.8490389779715354
91.56  0.8470854270871073
91.67999999999999  0.8451278894358725
91.8  0.843166374230887
91.92  0.8412008907039281
92.03999999999999  0.8392314481054497
92.16  0.8372580557045379
92.28  0.8352807227888692
92.39999999999999  0.8332994586646669
92.52  0.831314272656654
92.64  0.8293251741080137
92.75999999999999  0.8273321723803422
92.88  0.8253352768536065
93.0  0.8233344969260992
93.11999999999999  0.8213298420143949
93.24  0.8193213215533052
93.36  0.8173089449958352
93.47999999999999  0.8152927218131386
93.6  0.8132726614944723
93.72  0.8112487735471532
93.84  0.8092210674965128
93.96  0.8071895528858519
94.08  0.8051542392763962
94.2  0.8031151362472512
94.32  0.8010722533953575
94.44  0.7990256003354447
94.56  0.7969751866999869
94.67999999999999  0.7949210221391577
94.8  0.7928631163207831
94.92  0.7908014789302983
95.03999999999999  0.7887361196707006
95.16  0.7866670482625033
95.28  0.784594274443692
95.39999999999999  0.7825178079696772
95.52  0.7804376586132477
95.64  0.7783538361645266
95.75999999999999  0.7762663504309245
95.88  0.7741752112370921
96.0  0.7720804284248752
96.11999999999999  0.7699820118532691
96.24  0.7678799713983697
96.36  0.7657743169533295
96.47999999999999  0.7636650584283102
96.6  0.761552205750435
96.72  0.7594357688637436
96.84  0.7573157577291443
96.96  0.7551921823243679
97.08  0.7530650526439193
97.2  0.7509343786990325
97.32  0.7488001705176216
97.44  0.7466624381442348
97.56  0.7445211916400065
97.67999999999999  0.7423764410826108
97.8  0.7402281965662125
97.92  0.7380764682014214
98.03999999999999  0.7359212661152434
98.16  0.7337626004510336
98.28  0.7316004813684476
98.39999999999999  0.7294349190433955
98.52  0.7272659236679916
98.64  0.7250935054505085
98.75999999999999  0.7229176746153283
98.88  0.7207384414028938
99.0  0.7185558160696612
99.11999999999999  0.7163698088880522
99.24  0.7141804301464036
99.36  0.7119876901489217
99.47999999999999  0.7097915992156318
99.6  0.7075921676823298
99.72  0.7053894059005346
99.84  0.7031833242374383
99.96  0.7009739330758591
100.08  0.6987612428141889
100.2  0.6965452638663487
100.32  0.6943260066617368
100.44  0.6921034816451802
100.56  0.689877699276886
100.67999999999999  0.687648670032392
100.8  0.685416404402517
100.92  0.6831809128933116
101.03999999999999  0.6809422060260093
101.16  0.6787002943369762
101.28  0.6764551883776617
101.39999999999999  0.6742068987145494
101.52  0.6719554359291056
101.64  0.6697008106177322
101.75999999999999  0.6674430333917148
101.88  0.6651821148771728
102.0  0.6629180657150109
102.11999999999999  0.6606508965608674
102.24  0.6583806180850645
102.36  0.6561072409725592
102.47999999999999  0.6538307759228912
102.6  0.6515512336501337
102.72  0.6492686248828426
102.83999999999999  0.6469829603640069
102.96  0.6446942508509957
103.08  0.642402507115511
103.2  0.6401077399435339
103.32  0.6378099601352762
103.44  0.6355091785051277
103.56  0.6332054058816065
103.67999999999999  0.6308986531073076
103.8  0.6285889310388519
103.92  0.6262762505468353
104.03999999999999  0.6239606225157772
104.16  0.6216420578440696
104.28  0.6193205674439253
104.39999999999999  0.6169961622413278
104.52  0.6146688531759775
104.64  0.6123386512012432
104.75999999999999  0.6100055672841083
104.88  0.6076696124051196
105.0  0.6053307975583366
105.11999999999999  0.6029891337512792
105.24  0.6006446320048748
105.36  0.5982973033534082
105.47999999999999  0.5959471588444695
105.6  0.5935942095389
105.72  0.5912384665107423
105.83999999999999  0.5888799408471883
105.96  0.586518643648525
106.08  0.5841545860280841
106.2  0.5817877791121894
106.32  0.5794182340401037
106.44  0.5770459619639765
106.56  0.5746709740487925
106.67999999999999  0.5722932814723185
106.8  0.569912895425049
106.92  0.5675298271101572
107.03999999999999  0.5651440877434399
107.16  0.5627556885532637
107.28  0.5603646407805151
107.39999999999999  0.5579709556785452
107.52  0.5555746445131174
107.64  0.5531757185623556
107.75999999999999  0.5507741891166892
107.88  0.5483700674788006
108.0  0.5459633649635729
108.11999999999999  0.5435540928980358
108.24  0.541142262621312
108.36  0.5387278854845647
108.47999999999999  0.5363109728509445
108.6  0.5338915360955334
108.72  0.5314695866052948
108.83999999999999  0.5290451357790171
108.96  0.5266181950272613
109.08  0.5241887757723077
109.2  0.5217568894481008
109.32  0.519322547500197
109.44  0.5168857613857091
109.56  0.5144465425732538
109.67999999999999  0.5120049025428977
109.8  0.5095608527861012
109.92  0.5071144048056672
110.03999999999999  0.5046655701156859
110.16  0.5022143602414793
110.28  0.49976078671954904
110.39999999999999  0.49730486109752103
110.52  0.4948465949340906
110.64  0.49238599979896935
110.75999999999999  0.48992308727283035
110.88  0.4874578689472525
111.0  0.48499035642466676
111.11999999999999  0.48252056131830307
111.24  0.4800484952521329
111.36  0.47757416986081547
111.47999999999999  0.4750975967896456
111.6  0.4726187876944943
111.72  0.47013775424175724
111.83999999999999  0.46765450810829984
111.96  0.46516906098140004
112.08  0.4626814245586947
112.2  0.46019161054812596
112.32  0.45769963066788316
112.44  0.45520549664634913
112.56  0.45270922022204674
112.67999999999999  0.45021081314358036
112.8  0.44771028716958206
112.92  0.4452076540686582
113.03999999999999  0.4427029256193306
113.16  0.4401961136099826
113.28  0.4376872298388053
113.39999999999999  0.43517628611373904
113.52  0.4326632942524192
113.64  0.4301482660821218
113.75999999999999  0.42763121343970567
113.88  0.42511214817155724
114.0  0.42259108213353724
114.11999999999999  0.4200680271909211
114.24  0.4175429952183451
114.36  0.41501599809975154
114.47999999999999  0.41248704772833045
114.6  0.40995615600646446
114.72  0.4074233348456747
114.83999999999999  0.4048885961665617
114.96  0.40235195189875056
115.08  0.3998134139808364
115.19999999999999  0.3972729943603254
115.32  0.3947307049935798
115.44  0.392186557845763
115.56  0.38964056489078036
115.67999999999999  0.38709273811122613
115.8  0.38454308949832394
115.92  0.3819916310518719
116.03999999999999  0.3794383747801874
116.16  0.3768833327000477
116.28  0.3743265168366349
116.39999999999999  0.3717679392234809
116.52  0.36920761190240775
116.64  0.36664554692347207
116.75999999999999  0.36408175634491047
116.88  0.3615162522330797
117.0  0.35894904666240074
117.11999999999999  0.356380151715304
117.24  0.35380957948216946
117.36  0.3512373420612714
117.47999999999999  0.34866345155872275
117.6  0.34608792008841344
117.72  0.34351075977195933
117.83999999999999  0.3409319827386426
117.96  0.3383516011253512
118.08  0.33576962707652863
118.19999999999999  0.3331860727441107
118.32  0.33060095028747144
118.44  0.32801427187336607
118.56  0.32542604967587135
118.67999999999999  0.32283629587633145
118.8  0.3202450226632974
118.92  0.31765224223247146
119.03999999999999  0.31505796678665104
119.16  0.3124622085356681
119.28  0.30986497969633353
119.39999999999999  0.3072662924923809
119.52  0.3046661591544061
119.64  0.30206459191981094
119.75999999999999  0.2994616030327474
119.88  0.29685720474405713
120.0  0.29425140931121463
