0.0  33.861892264533616
1.68  28.70197842309753
3.36  26.50445887019013
5.04  28.674952371515452
6.72  33.82512707252181
8.4  38.6607314172624
10.08  40.088725254401744
11.76  37.195708322205135
13.44  0.0
15.12  0.0
16.8  0.0
18.48  0.0
20.16  2.477025549453117
21.84  6.349788786560918
23.52  6.160980755809693
25.2  2.031370399067754
26.88  0.0
28.56  0.0
30.24  0.0
31.919999999999998  0.0
33.6  4.24228805931013
35.28  6.808294067250141
36.96  5.019451040651642
38.64  0.019972383103695646
40.32  0.0
42.0  0.0
43.68  0.0
45.36  0.9977511126587322
47.04  5.63081923640387
48.72  6.662196911249472
50.4  3.4321749608320573
52.08  0.0
53.76  0.0
55.44  0.0
57.12  0.0
58.8  2.944148111676033
60.48  6.5193122251845965
62.16  5.92447130229684
63.839999999999996  1.5401086760113558
65.52  0.0
67.2  0.0
68.88  0.0
70.56  0.0
72.24  4.629093548126784
73.92  6.828865465189045
75.6  4.660630083459178
77.28  0.0
78.96  0.0
80.64  0.0
82.32  0.0
84.0  1.4981653875008656
85.67999999999999  5.902957851592129
87.36  6.531989450038191
89.03999999999999  2.9829071672189085
90.72  0.0
92.39999999999999  0.0
94.08  0.0
95.75999999999999  0.0
97.44  3.3949141866430743
99.11999999999999  6.652617021510451
100.8  5.65504790027379
102.47999999999999  1.040290736699371
104.16  0.0
105.83999999999999  0.0
107.52  0.0
109.2  0.0
110.88  4.990181679407634
112.56  6.811498469162383
114.24  4.275916564590747
115.92  0.0
117.6  0.0
119.28  0.0
120.96  0.0
122.64  1.990256465907784
124.32  6.14230203823624
126.0  6.365492917033396
127.67999999999999  2.5170675568303618
129.35999999999999  0.0
131.04  0.0
132.72  0.0
134.4  0.0
136.07999999999998  3.826819501715309
137.76  6.748962588407854
139.44  5.354207356380191
141.12  0.5346933659417353
142.79999999999998  0.0
144.48  0.0
146.16  0.0
147.84  0.48565640844647895
149.51999999999998  5.323546394627877
151.2  6.75628956312355
152.88  3.86744779559789
154.56  0.0
156.23999999999998  0.0
157.92  0.0
159.6  0.0
161.28  2.471290490360274
162.96  6.3475220975608115
164.64  6.1636322991301125
166.32  2.037244144726029
168.0  0.0
