0.0  34.90951923362498
1.68  34.61440985965451
3.36  33.47320968258551
5.04  32.23962775451127
6.72  31.72838692981847
8.4  32.27713773215167
10.08  33.52345606153898
11.76  34.64420726945484
13.44  1.565854552986882
15.12  0.7866618718083849
16.8  0.0
18.48  0.0
20.16  0.0
21.84  0.0
23.52  0.8123958521473581
25.2  1.572112868308248
26.88  1.2935232634523517
28.56  0.16062237092974913
30.24  0.0
31.919999999999998  0.0
33.6  0.0
35.28  0.16941631508115507
36.96  1.298738301094829
38.64  1.5703047123157332
40.32  0.8047587045244934
42.0  0.0
43.68  0.0
45.36  0.0
47.04  0.0
48.72  0.7943561884853343
50.4  1.5677748966925358
52.08  1.3057520101423061
53.76  0.18134132379264004
55.44  0.0
57.12  0.0
58.8  0.0
60.48  0.14868135114639286
62.16  1.2863837967650023
63.839999999999996  1.5744902367309652
65.52  0.8227199156325251
67.2  0.0
68.88  0.0
70.56  0.0
72.24  0.0
73.92  0.7761826562946902
75.6  1.563172716499271
77.28  1.3177607055468596
78.96  0.20202971618838717
80.64  0.0
82.32  0.0
84.0  0.0
85.67999999999999  0.12792133075206735
87.36  1.273812505169453
89.03999999999999  1.5784104208689094
90.72  0.8405424782272466
92.39999999999999  0.0
94.08  0.0
95.75999999999999  0.0
97.44  0.0
99.11999999999999  0.7578783182619755
100.8  1.5583071033088605
102.47999999999999  1.3295473259058925
104.16  0.22268406161473786
105.83999999999999  0.0
107.52  0.0
109.2  0.0
110.88  0.10713975247154212
112.56  1.2610265448795832
114.24  1.5820646040822512
115.92  0.8582233887690957
117.6  0.0
119.28  0.0
120.96  0.0
122.64  0.0
124.32  0.7394462591177374
126.0  1.5531788770966286
127.67999999999999  1.3411098848843506
129.35999999999999  0.2433008793071844
131.04  0.0
132.72  0.0
134.4  0.0
136.07999999999998  0.08634011851116308
137.76  1.2480280706437439
139.44  1.585452170551366
141.12  0.8757596675903896
142.79999999999998  0.0
144.48  0.0
146.16  0.0
147.84  0.0
149.51999999999998  0.7208895851166569
151.2  1.5477889020946507
152.88  1.3524464339070672
154.56  0.26387669482551324
156.23999999999998  0.0
157.92  0.0
159.6  0.0
161.28  0.06552593412014163
162.96  1.2348192730241403
164.64  1.588572549388098
166.32  0.8931483593974134
168.0  0.0
