0.0  50.10406294799251
1.68  36.79277440962257
3.36  22.633750061105953
5.04  11.09665789570456
6.72  5.008661596190059
8.4  5.861624258746438
10.08  13.44652743853787
11.76  25.90469110598522
13.44  6.849909733472277
15.12  19.449891760803443
16.8  27.28367908052129
18.48  28.431602620787963
20.16  22.61236379291986
21.84  11.251966692200273
23.52  0.0
25.2  0.0
26.88  0.0
28.56  0.0
30.24  0.0
31.919999999999998  0.0
33.6  0.0
35.28  12.792732775044174
36.96  23.62534311959633
38.64  28.66856467335359
40.32  26.6865563234477
42.0  18.165009086771803
43.68  5.192127557963948
45.36  0.0
47.04  0.0
48.72  0.0
50.4  0.0
52.08  0.0
53.76  0.0
55.44  5.135660250744987
57.12  18.120388390551796
58.8  26.66471653692546
60.48  28.67485763479224
62.16  23.658226739205663
63.839999999999996  12.844148923983338
65.52  0.0
67.2  0.0
68.88  0.0
70.56  0.0
72.24  0.0
73.92  0.0
75.6  0.0
77.28  11.199096589989605
78.96  22.57668423629646
80.64  28.421856882775728
82.32  27.302255353584528
84.0  19.492237930439416
85.67999999999999  6.90564887357325
87.36  0.0
89.03999999999999  0.0
90.72  0.0
92.39999999999999  0.0
94.08  0.0
95.75999999999999  0.0
97.44  3.40245403391161
99.11999999999999  16.7239990956385
100.8  25.947329269589176
102.47999999999999  28.812268098111197
104.16  24.616762508104394
105.83999999999999  14.388920870801591
107.52  0.6350751124429586
109.2  0.0
110.88  0.0
112.56  0.0
114.24  0.0
115.92  0.0
117.6  0.0
119.28  9.56412233233688
120.96  21.44469036213498
122.64  28.070238417148907
124.32  27.817176378564348
126.0  20.747517082433824
127.67999999999999  8.593680078245393
129.35999999999999  0.0
131.04  0.0
132.72  0.0
134.4  0.0
136.07999999999998  0.0
137.76  0.0
139.44  1.6566886886934906
141.12  15.265878224147585
142.79999999999998  25.13416529629669
144.48  28.84332680164428
146.16  25.48443295518768
147.84  15.880580474959903
149.51999999999998  2.3851927849522117
151.2  0.0
152.88  0.0
154.56  0.0
156.23999999999998  0.0
157.92  0.0
159.6  0.0
161.28  7.8938450142867325
162.96  20.233539909591414
164.64  27.615007169525605
166.32  28.229418723404862
168.0  21.926213060018128
