0.0  59.696841834119574
1.68  62.84876601451755
3.36  58.76793534115965
5.04  48.45435710443199
6.72  34.435372978672866
8.4  20.14633410968978
10.08  9.088768540506436
11.76  3.972331992762257
13.44  0.0
15.12  0.0
16.8  0.0
18.48  9.363836283119955
20.16  21.649529133974873
21.84  28.63000628236417
23.52  28.594702258287775
25.2  21.55226831054335
26.88  9.228452418772575
28.56  0.0
30.24  0.0
31.919999999999998  0.0
33.6  0.0
35.28  0.0
36.96  0.0
38.64  1.2445622871963131
40.32  15.243365801099165
42.0  25.506783519497162
43.68  29.519765599797562
45.36  26.29893104491844
47.04  16.633545152495017
48.72  2.892110105163857
50.4  0.0
52.08  0.0
53.76  0.0
55.44  0.0
57.12  0.0
58.8  0.0
60.48  7.645741026367254
62.16  20.389883673379764
63.839999999999996  28.1374866559011
65.52  28.990000368303193
67.2  22.738516380956206
68.88  10.914960437286222
70.56  0.0
72.24  0.0
73.92  0.0
75.6  0.0
77.28  0.0
78.96  0.0
80.64  0.0
82.32  13.679257053414718
84.0  24.55590797343691
85.67999999999999  29.415135245914815
87.36  27.066185544609013
89.03999999999999  18.0846688406441
90.72  4.671505216621602
92.39999999999999  0.0
94.08  0.0
95.75999999999999  0.0
97.44  0.0
99.11999999999999  0.0
100.8  0.0
102.47999999999999  5.899423832686377
104.16  19.054975133768828
105.83999999999999  27.541106020939225
107.52  29.278290673696507
109.2  23.84083210616811
110.88  12.561179185738046
112.56  0.0
114.24  0.0
115.92  0.0
117.6  0.0
119.28  0.0
120.96  0.0
122.64  0.0
124.32  12.06465547207899
126.0  23.514391731641645
127.67999999999999  29.201927830792417
129.35999999999999  27.733533419331405
131.04  19.46903845202992
132.72  6.433656881678504
134.4  0.0
136.07999999999998  0.0
137.76  0.0
139.44  0.0
141.12  0.0
142.79999999999998  0.0
144.48  4.131330702998326
146.16  17.649730925641578
147.84  26.84306573593527
149.51999999999998  29.458509038135134
151.2  24.855146621596226
152.88  14.161032146295726
154.56  0.0
156.23999999999998  0.0
157.92  0.0
159.6  0.0
161.28  0.0
162.96  0.0
164.64  0.0
166.32  10.40552086972946
168.0  22.386079235818926
