0.0  44.72059990159343
1.68  53.74018730607688
3.36  57.75907647531676
5.04  55.79243888047172
6.72  48.32219893590962
8.4  37.178938452894116
10.08  25.093312686110895
11.76  15.026903441579087
13.44  0.0
15.12  0.0
16.8  0.0
18.48  0.0
20.16  4.930964954021224
21.84  15.846521365672992
23.52  22.878888750054195
25.2  24.304785938218842
26.88  19.77479691719318
28.56  10.398995201168669
30.24  0.0
31.919999999999998  0.0
33.6  0.0
35.28  0.0
36.96  0.0
38.64  0.0
40.32  0.0
42.0  10.047583096236972
43.68  19.5437604208662
45.36  24.250740528855125
47.04  23.0150782516939
48.72  16.139572549820514
50.4  5.30906564711178
52.08  0.0
53.76  0.0
55.44  0.0
57.12  0.0
58.8  0.0
60.48  0.0
62.16  3.4632993854319905
63.839999999999996  14.681040529934155
65.52  22.301193649959856
67.2  24.45644072037436
68.88  20.618638587121083
70.56  11.728240412681949
72.24  0.0
73.92  0.0
75.6  0.0
77.28  0.0
78.96  0.0
80.64  0.0
82.32  0.0
84.0  8.670812014857976
85.67999999999999  18.608526997649484
87.36  23.986223653171308
89.03999999999999  23.486097766679528
90.72  17.230705154044614
92.39999999999999  6.752929367064498
94.08  0.0
95.75999999999999  0.0
97.44  0.0
99.11999999999999  0.0
100.8  0.0
102.47999999999999  0.0
104.16  1.9828500962744275
105.83999999999999  13.461369080303623
107.52  21.6411804490509
109.2  24.517821960028694
110.88  21.38637279856422
112.56  13.014194377465362
114.24  1.4528884728538731
115.92  0.0
117.6  0.0
119.28  0.0
120.96  0.0
122.64  0.0
124.32  0.0
126.0  7.262035257514322
127.67999999999999  17.60460583397162
129.35999999999999  23.63316889885032
131.04  23.870425466238363
132.72  18.258235829769223
134.4  8.171866693876025
136.07999999999998  0.0
137.76  0.0
139.44  0.0
141.12  0.0
142.79999999999998  0.0
144.48  0.0
146.16  0.49508171663734224
147.84  12.1920090644715
149.51999999999998  20.901285386125245
151.2  24.488703086929437
152.88  22.075165693245413
154.56  14.25211038600314
156.23999999999998  2.9365763580835242
157.92  0.0
159.6  0.0
161.28  0.0
162.96  0.0
164.64  0.0
166.32  0.0
168.0  5.826452896855132
