0.0  42.9261122194604
1.68  59.38932493822832
3.36  69.46751861338703
5.04  70.69103254206077
6.72  62.760044715816136
8.4  47.61804318427667
10.08  28.9755744353019
11.76  11.400974220110378
13.44  0.0
15.12  0.0
16.8  0.0
18.48  0.0
20.16  0.0
21.84  17.3780395901639
23.52  31.460426370964502
25.2  37.83343772116601
26.88  34.93536762500007
28.56  23.4763879705424
30.24  6.264520974851862
31.919999999999998  0.0
33.6  0.0
35.28  0.0
36.96  0.0
38.64  0.0
40.32  0.0
42.0  7.341774432725364
43.68  24.327638041833616
45.36  35.35201553525104
47.04  37.713383927140285
48.72  30.833090047059102
50.4  16.39714946164186
52.08  0.0
53.76  0.0
55.44  0.0
57.12  0.0
58.8  0.0
60.48  0.0
62.16  0.0
63.839999999999996  15.29333773191776
65.52  30.107387115768116
67.2  37.54362325027061
68.88  35.77979695559906
70.56  25.248133750239646
72.24  8.529417015872193
73.92  0.0
75.6  0.0
77.28  0.0
78.96  0.0
80.64  0.0
82.32  0.0
84.0  5.063670042997495
85.67999999999999  22.509486372341563
87.36  34.4393545340381
89.03999999999999  37.929861113037006
90.72  32.12565769977842
92.39999999999999  18.449063962176233
94.08  0.2515283037479712
95.75999999999999  0.0
97.44  0.0
99.11999999999999  0.0
100.8  0.0
102.47999999999999  0.0
104.16  0.0
105.83999999999999  13.152185150137633
107.52  28.643215561253545
109.2  37.115227866973335
110.88  36.492156004259414
112.56  26.926683692437884
114.24  10.762829297734713
115.92  0.0
117.6  0.0
119.28  0.0
120.96  0.0
122.64  0.0
124.32  0.0
126.0  2.7668746492078222
127.67999999999999  20.608247752547022
129.35999999999999  33.39957108803494
131.04  38.006331706461765
132.72  33.29964321869919
134.4  20.4328793317395
136.07999999999998  2.5590396970119027
137.76  0.0
139.44  0.0
141.12  0.0
142.79999999999998  0.0
144.48  0.0
146.16  0.0
147.84  10.962485260975365
149.51999999999998  27.073316253182924
151.2  36.549832863060765
152.88  37.069815313342964
154.56  28.505841938497127
156.23999999999998  12.95651385555356
157.92  0.0
159.6  0.0
161.28  0.0
162.96  0.0
164.64  0.0
166.32  0.0
168.0  0.4598661758007996
