0.0  18.137188355481342  100.0
0.12  18.206489957075792
0.24  18.257586954771945
0.36  18.290434612835995
0.48  18.30501945291453
0.6  18.301359189351178
0.72  18.279502603732823
0.84  18.239529359105166
0.96  18.18154975442284
1.08  18.105704419922795
1.2  18.01216395423188
1.3199999999999998  17.901128504139127
1.44  17.772827288080894
1.56  17.627518064502173
1.68  17.465486546368968
1.7999999999999998  17.287045763216447
1.92  17.09253537222271
2.04  16.88232091990071
2.16  16.656793056099275
2.28  16.41636670209873
2.4  16.161480174677358
2.52  15.892594268110884
2.6399999999999997  15.61019129614896
2.76  15.31477409608978
2.88  15.00686499714599
3.0  14.687004755362583
3.12  14.355751457409385
3.2399999999999998  14.013679395628015
3.36  13.661377916764641
3.48  13.299450246866204
3.5999999999999996  12.928512294858544
3.7199999999999998  12.54919143735998
3.84  12.162125287313415
3.96  11.767960449043965
4.08  11.367351262367162
4.2  10.960958538385187
4.32  10.549448289615242
4.4399999999999995  10.133490457095013
4.56  9.71375763710535
4.68  9.290923810139757
4.8  8.865663074733995
4.92  8.43864838874734
5.04  8.010550320659647
5.16  7.582035813415498
5.279999999999999  7.153766963308563
5.3999999999999995  6.72639981635573
5.52  6.300583184562014
5.64  5.876957484423421
5.76  5.45615359995659
5.88  5.038791772480395
6.0  4.625480519307028
6.12  4.216815583427538
6.24  3.81337891620022
6.359999999999999  3.4157376949695766
6.4799999999999995  3.0244433774589314
6.6  2.6400307946915618
6.72  2.2630172841034253
6.84  1.8939018644156465
6.96  1.533164453736795
7.08  1.18126513226428
7.199999999999999  0.8386434508506798
7.319999999999999  0.5057177865951548
7.4399999999999995  0.18288474651226816
7.56  0.0
7.68  0.0
7.8  0.0
7.92  0.0
8.04  0.0
8.16  0.0
8.28  0.0
8.4  0.0
8.52  0.0
8.64  0.0
8.76  0.0
8.879999999999999  0.0
9.0  0.0
9.12  0.0
9.24  0.0
9.36  0.0
9.48  0.0
9.6  0.0
9.719999999999999  0.0
9.84  0.0
9.959999999999999  0.0
10.08  0.0
10.2  0.0
10.32  0.0
10.44  0.0
10.559999999999999  0.0
10.68  0.0
10.799999999999999  0.0
10.92  0.0
11.04  0.0
11.16  0.0
11.28  0.0
11.4  0.0
11.52  0.0
11.639999999999999  0.0
11.76  0.0
11.879999999999999  0.0
12.0  0.0
12.12  0.0
12.24  0.0
12.36  0.0
12.48  0.0
12.6  0.0
12.719999999999999  0.0
12.84  0.0
12.959999999999999  0.0
13.08  0.0
13.2  0.0
13.32  0.0
13.44  0.0
13.559999999999999  0.0
13.68  0.0
13.799999999999999  0.0
13.92  0.0
14.04  0.0
14.16  0.04174830263172735
14.28  0.2410895263659203
14.399999999999999  0.44040262593908797
14.52  0.6393184423102357
14.639999999999999  0.8374778628733861
14.76  1.0345324775323903
14.879999999999999  1.2301452013122671
15.0  1.4239908623469684
15.12  1.6157567541725046
15.24  1.8051431513458267
15.36  1.9918637875026994
15.479999999999999  2.175646295062545
15.6  2.3562326058841676
15.719999999999999  2.5333793122733534
15.84  2.7068579878413654
15.959999999999999  2.87645546781192
16.08  3.041974088473362
16.2  3.2032318855719977
16.32  3.3600627515416788
16.439999999999998  3.5123165515637806
16.56  3.659859198550075
16.68  3.802572687238557
16.8  3.9403550876893485
16.919999999999998  4.073120498562869
17.04  4.200798960657066
17.16  4.3233363312725
17.28  4.440694120065264
17.4  4.552849287135864
17.52  4.659794004188916
17.64  4.761535379682203
17.759999999999998  4.8580951489651465
17.88  4.949509330485117
18.0  5.035827849215586
18.12  5.1171141285324735
18.24  5.193444651834133
18.36  5.264908495265998
18.48  5.3316068329729065
18.599999999999998  5.393652416360431
18.72  5.451169028900866
18.84  5.504290918070102
18.96  5.55316220604778
19.08  5.597936280855531
19.2  5.638775169645825
19.32  5.675848895887728
19.439999999999998  5.709334822224976
19.56  5.739416980806575
19.68  5.766285392910389
19.8  5.790135379696
19.919999999999998  5.811166865934263
20.04  5.829583678567685
20.16  5.845592841957923
20.279999999999998  5.859403871674157
20.4  5.871228068669314
20.52  5.881277815679663
20.64  5.889765877667351
20.759999999999998  5.896904708105389
20.88  5.902905762880021
21.0  5.907978823556456
21.119999999999997  5.912331331721283
21.24  5.916167736077685
21.36  5.919688853928639
21.48  5.9230912486385865
21.599999999999998  5.926566624615373
21.72  5.930301241302289
21.84  5.934475347614297
21.96  5.9392626381938625
22.08  5.944829732799485
22.2  5.9513356800752515
22.32  5.958931486881735
22.439999999999998  5.967759674297973
22.56  5.977953861331537
22.68  5.989638377298078
22.8  6.00292790375468
22.919999999999998  6.017927146791881
23.04  6.034730540408265
23.16  6.053421981609207
23.279999999999998  6.074074597787311
23.4  6.096750546857514
23.52  6.121500850533835
23.64  6.1483652610485215
23.759999999999998  6.177372161527442
23.88  6.208538500148343
24.0  6.24186975812176
24.119999999999997  6.277359951447079
24.24  6.314991666310038
24.36  6.354736127901733
24.48  6.396553302354318
24.599999999999998  6.440392031404364
24.72  6.486190199311994
24.84  6.533874931482467
24.96  6.583362824157123
25.08  6.634560204462485
25.2  6.687363420030379
25.32  6.741659157328068
25.439999999999998  6.797324787765887
25.56  6.854228740580963
25.68  6.912230901429266
25.8  6.971183035554863
25.919999999999998  7.030929234344726
26.04  7.091306384020216
26.16  7.152144655162265
26.279999999999998  7.213268011716594
26.4  7.2744947380782925
26.52  7.335637982811203
26.64  7.396506317518307
26.759999999999998  7.4569043093425655
26.88  7.516633105546223
27.0  7.575491028587762
27.119999999999997  7.633274180092102
27.24  7.689777052089005
27.36  7.744793143879034
27.48  7.798115582874356
27.599999999999998  7.84953774775396
27.72  7.898853892269427
27.84  7.9458597680379395
27.959999999999997  7.990353244664014
28.08  8.032134925540426
28.2  8.071008757691786
28.32  8.10678263404134
28.439999999999998  8.13926898650278
28.56  8.168285368323884
28.68  8.1936550241378
28.799999999999997  8.215207446210687
28.919999999999998  8.232778915410933
29.04  8.246213025465284
29.16  8.255361189111131
29.279999999999998  8.260083124801092
29.4  8.260247322666704
29.52  8.255731488501429
29.64  8.246422964580045
29.759999999999998  8.232219126190754
29.88  8.213027752818892
30.0  8.188767372985689
30.119999999999997  8.159367581813079
30.24  8.124769330454813
30.36  8.08492518660596
30.48  8.039799565376176
30.599999999999998  7.989368929887527
30.72  7.93362196103416
30.84  7.872559695919532
30.959999999999997  7.806195634565707
31.08  7.73455581456988
31.2  7.657678853463769
31.32  7.575615958613405
31.439999999999998  7.488430904578362
31.56  7.3961999779316985
31.68  7.299011889623655
31.799999999999997  7.19696765505401
31.919999999999998  7.090180442099044
32.04  6.978775387419828
32.16  6.862889381458281
32.28  6.7426708226059135
32.4  6.618279341108146
32.519999999999996  6.489885493342504
32.64  6.357670427184047
32.76  6.221825519243673
32.879999999999995  6.082551984835685
33.0  5.940060461599793
33.12  5.794570567768721
33.24  5.646310436136499
33.36  5.495516224843784
33.48  5.342431606154776
33.6  5.187307234456089
33.72  5.030400194760183
33.839999999999996  4.871973433045262
33.96  4.712295169809877
34.08  4.551638298262753
34.199999999999996  4.390279768607608
34.32  4.228499959918485
34.44  4.066582041132724
34.56  3.904811322716828
34.68  3.743474600585153
34.8  3.5828594938712333
34.92  3.4232537781684416
35.04  3.2649447158693463
35.16  3.1082183852409924
35.28  2.953359009878892
35.4  2.800648290182091
35.519999999999996  2.6503647384888342
35.64  2.5027830195045198
35.76  2.3581732976422827
35.879999999999995  2.21680059288099
36.0  2.0789241467262287
36.12  1.9447967998364617
36.24  1.814664382849434
36.36  1.6887651219134823
36.48  1.5673290603932775
36.6  1.450577498182109
36.72  1.3387224500108559
36.839999999999996  1.231966124098972
36.96  1.1305004224445432
37.08  1.0345064639991894
37.199999999999996  0.9441541319188794
37.32  0.8596016460247728
37.44  0.7809951615476609
37.559999999999995  0.7084683951671735
37.68  0.6421422792915543
37.8  0.5821246454563894
37.92  0.5285099376508217
38.04  0.4813789563085026
38.16  0.4407986336266446
38.28  0.40682184080189643
38.4  0.37948722769495896
38.519999999999996  0.3588190953582313
38.64  0.3448273017819029
38.76  0.33750720113418187
38.879999999999995  0.33683961669101914
39.0  0.3427908475696294
39.12  0.3553127092991074
39.24  0.3743426081800266
39.36  0.39980364930373047
39.48  0.43160477802116415
39.6  0.4696409545705936
39.72  0.5137933614938753
39.839999999999996  0.5639296433921435
39.96  0.6199041784937958
40.08  0.6815583814312198
40.199999999999996  0.7487210365476962
40.32  0.8212086609821675
40.44  0.8988258967079734
40.559999999999995  0.9813659306321126
40.68  1.0686109417934901
40.8  1.1603325746338333
40.92  1.2562924372518285
41.04  1.3562426234906393
41.16  1.4599262576519587
41.28  1.5670780605743972
41.4  1.677424935763234
41.519999999999996  1.7906865742093674
41.64  1.9065760764906534
41.76  2.02480059070661
41.879999999999995  2.1450619647593827
42.0  2.2670574114589392
42.12  2.390480184899116
42.239999999999995  2.5150202665243038
42.36  2.6403650592821535
42.48  2.766200088238306
42.6  2.8922097060133343
42.72  3.0180778013896026
42.839999999999996  3.1434885094283276
42.96  3.2681269214324313
43.08  3.3916797930911793
43.199999999999996  3.513836249146405
43.32  3.634288482927511
43.44  3.752732449115158
43.559999999999995  3.8688685481084546
43.68  3.9824023003905937
43.8  4.0930450093111785
43.92  4.2005144107308645
44.04  4.30453530800481
44.16  4.404840190816092
44.28  4.50116983640856
44.4  4.593273891809996
44.519999999999996  4.6809114356818124
44.64  4.7638515184795285
44.76  4.841873679659807
44.879999999999995  4.914768440724404
45.0  4.982337772948428
45.12  5.044395538700779
45.239999999999995  5.1007679053270865
45.36  5.151293730630634
45.48  5.195824919054422
45.6  5.2342267477369155
45.72  5.2663781616856955
45.839999999999996  5.292172037386588
45.96  5.311515414240904
46.08  5.324329693299795
46.199999999999996  5.330550802842444
46.32  5.330129330423659
46.44  5.323030621096082
46.559999999999995  5.3092348415924695
46.68  5.288737010334659
46.8  5.261546993216594
46.92  5.2276894651905295
47.04  5.187203837766355
47.16  5.140144152615096
47.28  5.086578941548178
47.4  5.026591053223601
47.519999999999996  4.9602774470093625
47.64  4.887748954512234
47.76  4.8091300093566725
47.879999999999995  4.724558345873946
48.0  4.634184667435188
48.12  4.538172285234035
48.239999999999995  4.436696728394343
48.36  4.3299453263463885
48.48  4.218116764480702
48.6  4.101420614151225
48.72  3.9800768381609926
48.839999999999996  3.8543152729202865
48.96  3.7243750885230784
49.08  3.5905042280390687
49.199999999999996  3.4529588273673575
49.32  3.31200261704402
49.44  3.167906307437285
49.559999999999995  3.02094695880347
49.68  2.871407337711827
49.8  2.7195752613780866
49.92  2.5657429314744435
50.04  2.410206259008038
50.16  2.253264181880102
50.28  2.095217976754556
50.4  1.9363705668773608
50.519999999999996  1.7770258274966255
50.64  1.617487890537789
50.76  1.458060450189499
50.879999999999995  1.299046071051599
51.0  1.1407455004904412
51.12  0.983456986834417
51.239999999999995  0.827475605028229
51.36  0.6730925913452039
51.48  0.5205946887336994
51.6  0.370263504347471
51.72  0.22237488077920597
51.839999999999996  0.0771982824824331
51.96  0.0
52.08  0.0
52.199999999999996  0.0
52.32  0.0
52.44  0.0
52.559999999999995  0.0
52.68  0.0
52.8  0.0
52.919999999999995  0.0
53.04  0.0
53.16  0.0
53.28  0.0
53.4  0.0
53.519999999999996  0.0
53.64  0.0
53.76  0.0
53.879999999999995  0.0
54.0  0.0
54.12  0.0
54.239999999999995  0.0
54.36  0.0
54.48  0.0
54.6  0.0
54.72  0.0
54.839999999999996  0.0
54.96  0.0
55.08  0.0
55.199999999999996  0.0
55.32  0.0
55.44  0.0
55.559999999999995  0.0
55.68  0.0
55.8  0.0
55.919999999999995  0.0
56.04  0.0
56.16  0.0
56.28  0.0
56.4  0.0
56.519999999999996  0.0
56.64  0.0
56.76  0.0
56.879999999999995  0.0
57.0  0.0
57.12  0.0
57.239999999999995  0.0
57.36  0.0
57.48  0.0
57.599999999999994  0.0
57.72  0.0
57.839999999999996  0.0
57.96  0.0
58.08  0.0
58.199999999999996  0.0
58.32  0.0
58.44  0.0
58.559999999999995  0.0
58.68  0.0
58.8  0.0
58.919999999999995  0.0
59.04  0.09347855794950011
59.16  0.19098172607195968
59.28  0.28757059926966144
59.4  0.3830237717625446
59.519999999999996  0.4771259932296169
59.64  0.5696687174438397
59.76  0.6604506323485332
59.879999999999995  0.7492781702319495
60.0  0.8359659967059925
60.12  0.92033747724672
60.239999999999995  1.0022251201094772
60.36  1.0814709944894219
60.48  1.1579271228590948
60.599999999999994  1.2314558464780678
60.72  1.301930163135956
60.839999999999996  1.3692340362579913
60.96  1.4332626745734944
61.08  1.4939227816197203
61.199999999999996  1.551132774428274
61.32  1.6048229708172137
61.44  1.6549357447898339
61.559999999999995  1.7014256496199192
61.68  1.744259508283231
61.8  1.7834164709761522
61.919999999999995  1.818888039544201
62.04  1.85067805872493
62.16  1.878802674192966
62.28  1.9032902574772013
62.4  1.9241812979030415
62.519999999999996  1.9415282617948773
62.64  1.9553954192561964
62.76  1.9658586389257107
62.879999999999995  1.9730051511884645
63.0  1.9769332804003217
63.12  1.977752146762522
63.239999999999995  1.9755813385590995
63.36  1.970550555545957
63.48  1.9627992243529069
63.599999999999994  1.9524760868316742
63.72  1.93973876235198
63.839999999999996  1.9247532851144418
63.96  1.9076936176137118
64.08  1.8887411414464084
64.2  1.8680841267178874
64.32  1.8459171813573239
64.44  1.8224406817034695
64.56  1.7978601857735161
64.67999999999999  1.7723858306729734
64.8  1.7462317156478453
64.92  1.7196152723195839
65.03999999999999  1.6927566236782525
65.16  1.6658779334420348
65.28  1.6392027474183086
65.39999999999999  1.6129553285259437
65.52  1.587359987158531
65.64  1.5626404085838743
65.75999999999999  1.5390189790875155
65.88  1.51671611257526
66.0  1.4959495793537303
66.12  1.476933838807126
66.24  1.4598793776840489
66.36  1.4449920556986762
66.48  1.4324724601384695
66.6  1.4225152711526035
66.72  1.4153086393743686
66.84  1.4110335775058522
66.96  1.4098633674629193
67.08  1.4119629846464057
67.2  1.417488540867548
67.32  1.4265867474147358
67.44  1.43939439970482
67.56  1.4560378849128983
67.67999999999999  1.4766327139238902
67.8  1.5012830788933633
67.92  1.5300814376469694
68.03999999999999  1.5631081260868525
68.16  1.600430999708244
68.28  1.6421051052627123
68.39999999999999  1.6881723835346092
68.52  1.7386614041246773
68.64  1.7935871330598765
68.75999999999999  1.852950733972097
68.88  1.9167394035088239
69.0  1.9849262415584519
69.12  2.057470156790527
69.24  2.134315807927356
69.36  2.2153935810783074
69.48  2.300619603382144
69.6  2.389895793115841
69.72  2.48310994634069
69.84  2.580135860068627
69.96  2.680833491843358
70.08  2.785049155543086
70.2  2.892615753123009
70.32  3.003353041928742
70.44  3.117067937124757
70.56  3.2335548486952357
70.67999999999999  3.352596052390579
70.8  3.4739620939080926
70.92  3.5974122255132217
71.03999999999999  3.7226948742272254
71.16  3.84954814062755
71.28  3.977700327230674
71.39999999999999  4.106870495352328
71.52  4.23676904926754
71.64  4.367098346423001
71.75999999999999  4.497553332387538
71.88  4.627822199162014
72.0  4.75758706540863
72.11999999999999  4.886524677102198
72.24  5.014307127051027
72.36  5.140602591683605
72.48  5.265076083450724
72.6  5.387390217147797
72.72  5.5072059884232
72.84  5.624183562701438
72.96  5.737983072719258
73.08  5.848265422843733
73.2  5.954693098318602
73.32  6.0569309775654885
73.44  6.154647145651547
73.56  6.247513707024362
73.67999999999999  6.335207595609081
73.8  6.4174113803601776
73.92  6.493814064363599
74.03999999999999  6.564111875591493
74.16  6.628009047423707
74.28  6.685218587065645
74.39999999999999  6.735463030012675
74.52  6.77847517873621
74.64  6.813998823794603
74.75999999999999  6.841789445606614
74.88  6.861614895161307
75.0  6.873256051980594
75.11999999999999  6.876507457696154
75.24  6.871177923651406
75.36  6.857091110993156
75.48  6.834086081774263
75.6  6.802017819649414
75.72  6.760757718809988
75.84  6.7101940398716735
75.96  6.650232331498815
76.08  6.580795816623168
76.2  6.501825742191248
76.32  6.4132816914533235
76.44  6.315141857889015
76.56  6.207403279948171
76.67999999999999  6.090082035871953
76.8  5.963213397946862
76.92  5.826851945634486
77.03999999999999  5.6810716371107794
77.16  5.525965838841355
77.28  5.361647312913468
77.39999999999999  5.188248161939257
77.52  5.005919731440693
77.64  4.814832469722969
77.75999999999999  4.615175745337842
77.88  4.407157622335992
78.0  4.191004593602864
78.11999999999999  3.9669612726676124
78.24  3.735290044470541
78.36  3.496270675668115
78.48  3.250199885147449
78.6  2.997390875514651
78.72  2.738172826410764
78.84  2.4728903505990654
78.96  2.201902913852474
79.08  1.9255842197556148
79.2  1.6443215606187733
79.32  1.3585151357790823
79.44  1.0685773386431712
79.56  0.7749320138994474
79.67999999999999  0.47801368639838915
79.8  0.17826676326848423
79.92  0.0
80.03999999999999  0.0
80.16  0.0
80.28  0.0
80.39999999999999  0.0
80.52  0.0
80.64  0.0
80.75999999999999  0.0
80.88  0.0
81.0  0.0
81.11999999999999  0.0
81.24  0.0
81.36  0.0
81.48  0.0
81.6  0.0
81.72  0.0
81.84  0.0
81.96  0.0
82.08  0.0
82.2  0.0
82.32  0.0
82.44  0.0
82.56  0.0
82.67999999999999  0.0
82.8  0.0
82.92  0.0
83.03999999999999  0.0
83.16  0.0
83.28  0.0
83.39999999999999  0.0
83.52  0.0
83.64  0.0
83.75999999999999  0.0
83.88  0.0
84.0  0.0
84.11999999999999  0.0
84.24  0.0
84.36  0.0
84.47999999999999  0.0
84.6  0.0
84.72  0.0
84.84  0.0
84.96  0.0
85.08  0.0
85.2  0.0
85.32  0.0
85.44  0.0
85.56  0.0
85.67999999999999  0.0
85.8  0.0
85.92  0.0
86.03999999999999  0.0
86.16  0.0
86.28  0.0
86.39999999999999  0.0
86.52  0.0
86.64  0.0
86.75999999999999  0.0
86.88  0.0
87.0  0.0
87.11999999999999  0.0
87.24  0.0
87.36  0.0
87.47999999999999  0.0
87.6  0.0
87.72  0.0
87.84  0.0
87.96  0.0
88.08  0.0
88.2  0.0
88.32  0.0
88.44  0.0
88.56  0.0
88.67999999999999  0.0
88.8  0.0
88.92  0.0
89.03999999999999  0.0
89.16  0.0
89.28  0.0
89.39999999999999  0.0
89.52  0.0
89.64  0.0
89.75999999999999  0.0
89.88  0.0
90.0  0.0
90.11999999999999  0.13921619659808881
90.24  0.4417474126199238
90.36  0.7413065183012224
90.47999999999999  1.0374122484571136
90.6  1.329592583662581
90.72  1.6173856767381694
90.84  1.9003407566194799
90.96  2.178019007673173
91.08  2.449994422575799
91.2  2.7158546269288895
91.32  2.975201673847061
91.44  3.2276528068198127
91.56  3.472841189218127
91.67999999999999  3.7104165988904505
91.8  3.9400460863682927
91.92  4.161414595282108
92.03999999999999  4.374225543671438
92.16  4.5782013649586055
92.28  4.773084007444468
92.39999999999999  4.958635391275768
92.52  5.134637821927489
92.64  5.300894359338767
92.75999999999999  5.457229141939643
92.88  5.6034876649042396
93.0  5.739537012067376
93.11999999999999  5.865266041043982
93.24  5.980585521193263
93.36  6.085428224173852
93.47999999999999  6.17974896694106
93.6  6.26352460714148
93.72  6.336753990965788
93.84  6.399457853625259
93.96  6.451678672721945
94.08  6.493480474886372
94.2  6.524948596159703
94.32  6.54618939669935
94.44  6.557329930487352
94.56  6.558517570820918
94.67999999999999  6.549919592460471
94.8  6.53172271140783
94.92  6.504132583378757
95.03999999999999  6.467373262126356
95.16  6.421686618859165
95.28  6.367331724084111
95.39999999999999  6.304584193286337
95.52  6.233735497938211
95.64  6.1550922434048525
95.75999999999999  6.0689754153871
95.88  5.975719596610856
96.0  5.87567215553773
96.11999999999999  5.76919240893198
96.24  5.656650760176662
96.36  5.538427815284002
96.47999999999999  5.414913478593735
96.6  5.286506030197119
96.72  5.153611187163434
96.84  5.0166411506806305
96.96  4.876013641251858
97.08  4.732150924114918
97.2  4.585478827071588
97.32  4.436425752929628
97.44  4.285421688770544
97.56  4.1328972142622415
97.67999999999999  3.979282511235338
97.8  3.8250063767386537
97.92  3.670495241779198
98.03999999999999  3.5161721979384266
98.16  3.362456034036359
98.28  3.209760284992714
98.39999999999999  3.0584922950037035
98.52  2.9090522971204615
98.64  2.7618325112771833
98.75999999999999  2.6172162627731166
98.88  2.475577123166358
99.0  2.337278075485273
99.11999999999999  2.2026707056073054
99.24  2.07209442159517
99.36  1.945875702716394
99.47999999999999  1.8243273798040551
99.6  1.7077479485450304
99.72  1.5964209172073196
99.84  1.4906141902388805
99.96  1.3905794890892071
100.08  1.2965518115201569
100.2  1.2087489305848997
100.32  1.1273709343636555
100.44  1.0525998074526546
100.56  0.9845990551079851
100.67999999999999  0.9235133708487908
100.8  0.8694683482265695
100.92  0.8225702373666559
101.03999999999999  0.7829057467866583
101.16  0.7505418908947892
101.28  0.7255258834665478
101.39999999999999  0.7078850772954689
101.52  0.6976269501083368
101.64  0.6947391367312028
101.75999999999999  0.6991895073880621
101.88  0.7109262919095515
102.0  0.7298782495257751
102.11999999999999  0.7559548838145184
102.24  0.7890467022737025
102.36  0.829025519887084
102.47999999999999  0.8757448059525659
102.6  0.9290400733449877
102.72  0.9887293092900717
102.83999999999999  1.054613446632262
102.96  1.1264768744883547
103.08  1.2040879870901524
103.2  1.2871997695334683
103.32  1.3755504190677443
103.44  1.4688640004810791
103.56  1.5668511340580458
103.67999999999999  1.6692097145159333
103.8  1.7756256592539996
103.92  1.8857736841859598
104.03999999999999  1.9993181053628795
104.16  2.1159136645375822
104.28  2.2352063767659445
104.39999999999999  2.3568343980935236
104.52  2.480428911329337
104.64  2.605615027869383
104.75999999999999  2.7320127034963
104.88  2.859237666050944
105.0  2.9869023528449685
105.11999999999999  3.1146168556627707
105.24  3.241989871183507
105.36  3.3686296546435353
105.47999999999999  3.4941449745518307
105.6  3.6181460662697886
105.72  3.740245582269475
105.83999999999999  3.8600595368927073
105.96  3.977208243446753
106.08  4.091317241488877
106.2  4.202018212176817
106.32  4.30894987958727
106.44  4.411758895939227
106.56  4.510100708693303
106.67999999999999  4.603640407541959
106.8  4.692053549349661
106.92  4.775026959153143
107.03999999999999  4.85225950538615
107.16  4.9234628475520745
107.28  4.988362154629573
107.39999999999999  5.046696792564052
107.52  5.098220979266796
107.64  5.142704405618275
107.75999999999999  5.179932821048444
107.88  5.20970858234784
108.0  5.231851164445935
108.11999999999999  5.246197631980011
108.24  5.25260307056603
108.36  5.2509409767745145
108.47999999999999  5.241103605907931
108.6  5.22300227677129
108.72  5.1965676327250625
108.83999999999999  5.161749858408796
108.96  5.118518851622832
109.08  5.066864349958681
109.2  5.006796011869092
109.32  4.938343451972898
109.44  4.861556230492839
109.56  4.776503796828034
109.67999999999999  4.683275387366295
109.8  4.5819798777451615
109.92  4.472745589873104
110.03999999999999  4.355720054124434
110.16  4.23106972722263
110.28  4.098979666427372
110.39999999999999  3.959653160738047
110.52  3.81331131992469
110.64  3.660192622291704
110.75999999999999  3.500552422173145
110.88  3.334662418248991
111.0  3.1628100838607094
111.11999999999999  2.98529806058951
111.24  2.8024435164437236
111.36  2.6145774700825446
111.47999999999999  2.422044082578151
111.6  2.2251999182935602
111.72  2.024413176521762
111.83999999999999  1.8200628955982834
111.96  1.612538131261527
112.08  1.4022371110934753
112.2  1.1895663669269898
112.32  0.9749398471564132
112.44  0.7587780109325334
112.56  0.5415069062660781
112.67999999999999  0.32355723409775505
112.8  0.10536340042678238
112.92  0.0
113.03999999999999  0.0
113.16  0.0
113.28  0.0
113.39999999999999  0.0
113.52  0.0
113.64  0.0
113.75999999999999  0.0
113.88  0.0
114.0  0.0
114.11999999999999  0.0
114.24  0.0
114.36  0.0
114.47999999999999  0.0
114.6  0.0
114.72  0.0
114.83999999999999  0.0
114.96  0.0
115.08  0.0
115.19999999999999  0.0
115.32  0.0
115.44  0.0
115.56  0.0
115.67999999999999  0.0
115.8  0.0
115.92  0.0
116.03999999999999  0.0
116.16  0.0
116.28  0.0
116.39999999999999  0.0
116.52  0.0
116.64  0.0
116.75999999999999  0.0
116.88  0.0
117.0  0.0
117.11999999999999  0.0
117.24  0.0
117.36  0.0
117.47999999999999  0.0
117.6  0.0
117.72  0.0
117.83999999999999  0.0
117.96  0.0
118.08  0.0
118.19999999999999  0.0
118.32  0.0
118.44  0.0
118.56  0.0
118.67999999999999  0.0
118.8  0.0
118.92  0.0
119.03999999999999  0.0
119.16  0.0
119.28  0.0
119.39999999999999  0.0
119.52  0.0
119.64  0.0
119.75999999999999  0.0
119.88  0.0
120.0  0.0
