0.0  17.37036911660421  100.0
0.12  17.405238861461644
0.24  17.42306357268609
0.36  17.42384666618342
0.48  17.407621067425254
0.6  17.374449079609985
0.72  17.324422193680043
0.84  17.25766084072848
0.96  17.174314087449577
1.08  17.07455927540761
1.2  16.958601605015758
1.3199999999999998  16.82667366523274
1.44  16.679034910097645
1.56  16.515971083334282
1.68  16.33779359236329
1.7999999999999998  16.14483883316528
1.92  15.937467467538676
2.04  15.716063654393784
2.16  15.481034236817937
2.28  15.232807886736289
2.4  14.971834209078335
2.52  14.698582807441182
2.6399999999999997  14.413542313317212
2.76  14.117219381025633
2.88  13.810137650554417
3.0  13.492836680581233
3.12  13.165870853998769
3.2399999999999998  12.829808258321787
3.36  12.485229543399509
3.48  12.132726758897993
3.5999999999999996  11.772902174052698
3.7199999999999998  11.406367082221426
3.84  11.033740592792116
3.96  10.655648413018811
4.08  10.272721622372094
4.2  9.885595441997676
4.32  9.494908001878555
4.4399999999999995  9.101299108292054
4.56  8.705409014143537
4.68  8.307877194743202
4.8  7.909341131571567
4.92  7.51043510655294
5.04  7.111789009324253
5.16  6.714027159949638
5.279999999999999  6.317767149488585
5.3999999999999995  5.923618700778043
5.52  5.532182551736204
5.64  5.144049363438182
5.76  4.759798655151664
5.88  4.379997768453568
6.0  4.005200862477604
6.12  3.6359479422669527
6.24  3.272763922126585
6.359999999999999  2.916157725786229
6.4799999999999995  2.5666214250975887
6.6  2.224629418898689
6.72  1.8906376535840306
6.84  1.5650828868221767
6.96  1.2483819957621922
7.08  0.9409313309678968
7.199999999999999  0.6431061172136894
7.319999999999999  0.35525990216863934
7.4399999999999995  0.0777240538864315
7.56  0.0
7.68  0.0
7.8  0.0
7.92  0.0
8.04  0.0
8.16  0.0
8.28  0.0
8.4  0.0
8.52  0.0
8.64  0.0
8.76  0.0
8.879999999999999  0.0
9.0  0.0
9.12  0.0
9.24  0.0
9.36  0.0
9.48  0.0
9.6  0.0
9.719999999999999  0.0
9.84  0.0
9.959999999999999  0.0
10.08  0.0
10.2  0.0
10.32  0.0
10.44  0.0
10.559999999999999  0.0
10.68  0.0
10.799999999999999  0.0
10.92  0.0
11.04  0.0
11.16  0.0
11.28  0.0
11.4  0.0
11.52  0.0
11.639999999999999  0.0
11.76  0.0
11.879999999999999  0.0
12.0  0.0
12.12  0.0
12.24  0.0
12.36  0.0
12.48  0.0
12.6  0.0
12.719999999999999  0.0
12.84  0.0
12.959999999999999  0.0
13.08  0.0
13.2  0.0
13.32  0.0
13.44  0.029097819643601253
13.559999999999999  0.20856056321317434
13.68  0.38871562045982216
13.799999999999999  0.5691685570152567
13.92  0.7495328025120205
14.04  0.9294304466941022
14.16  1.1084930073583275
14.28  1.2863621685361175
14.399999999999999  1.4626904874029338
14.52  1.6371420684832332
14.639999999999999  1.8093932038025722
14.76  1.9791329777248508
14.879999999999999  2.1460638353016854
15.0  2.3099021130523307
15.12  2.4703785311858937
15.24  2.6272386463731454
15.36  2.7802432642721397
15.479999999999999  2.9291688111104444
15.6  3.0738076637264875
15.719999999999999  3.2139684375732034
15.84  3.349476232288646
15.959999999999999  3.4801728345401246
16.08  3.6059168779506705
16.2  3.7265839600188873
16.32  3.8420667160451982
16.439999999999998  3.952274850179159
16.56  4.057135123803409
16.68  4.1565913015696125
16.8  4.250604055500969
16.919999999999998  4.339150827672847
17.04  4.422225652079446
17.16  4.49983893638796
17.28  4.572017204374229
17.4  4.638802799923216
17.52  4.700253553565301
17.64  4.756442412603939
17.759999999999998  4.807457035972152
17.88  4.853399355034275
18.0  4.894385101624953
18.12  4.930543304689827
18.24  4.962015756961167
18.36  4.9889564531668675
18.48  5.011531001332639
18.599999999999998  5.029916008794641
18.72  5.044298444593194
18.84  5.05487497996753
18.96  5.061851308716298
19.08  5.065441449229377
19.2  5.0658670300324875
19.32  5.063356560717861
19.439999999999998  5.058144690161225
19.56  5.050471453947775
19.68  5.040581512947636
19.8  5.02872338499431
19.919999999999998  5.015148671628027
20.04  5.000111281869532
20.16  4.98386665498881
20.279999999999998  4.96667098422743
20.4  4.948780443422857
20.52  4.930450418468025
20.64  4.911934745519727
20.759999999999998  4.893484957845381
20.88  4.875349543169132
21.0  4.857773213345132
21.119999999999997  4.840996188148853
21.24  4.825253494935706
21.36  4.81077428587085
21.48  4.7977811743846415
21.599999999999998  4.7864895924549415
21.72  4.77710717026062
21.84  4.769833139690064
21.96  4.764857763124861
22.08  4.7623617888515
22.2  4.762515934384126
22.32  4.765480398908257
22.439999999999998  4.771404405979631
22.56  4.78042577753445
22.68  4.792670540186462
22.8  4.8082525647039684
22.919999999999998  4.827273239475231
23.04  4.849821178684435
23.16  4.875971965832871
23.279999999999998  4.905787933150667
23.4  4.939317977354655
23.52  4.976597412116715
23.64  5.017647857515594
23.759999999999998  5.062477166653148
23.88  5.111079389523634
24.0  5.163434774132875
24.119999999999997  5.219509804771789
24.24  5.279257277257785
24.36  5.342616410866366
24.48  5.409512996585781
24.599999999999998  5.47985958123864
24.72  5.5535556869270355
24.84  5.630488065171819
24.96  5.710530985032621
25.08  5.793546554412835
25.2  5.8793850736737765
25.32  5.967885420604409
25.439999999999998  6.058875465717675
25.56  6.152172516771905
25.68  6.247583791345844
25.8  6.344906916229125
25.919999999999998  6.443930452326238
26.04  6.544434443711687
26.16  6.646190989417125
26.279999999999998  6.748964836477673
26.4  6.852513992715216
26.52  6.956590357689991
26.64  7.060940370210528
26.759999999999998  7.165305670753035
26.88  7.269423777108156
27.0  7.373028771542465
27.119999999999997  7.475851997737042
27.24  7.577622765743567
27.36  7.678069063181587
27.48  7.7769182708878155
27.599999999999998  7.87389788121976
27.72  7.968736217212153
27.84  8.061163150784866
27.959999999999997  8.150910818205718
28.08  8.237714331020653
28.2  8.321312480677097
28.32  8.401448435083877
28.439999999999998  8.477870425373055
28.56  8.550332421154904
28.68  8.618594792587412
28.799999999999997  8.682424957615844
28.919999999999998  8.741598012775874
29.04  8.795897345995686
29.16  8.84511522987803
29.279999999999998  8.889053393992418
29.4  8.927523574760286
29.52  8.96034804157195
29.64  8.987360097833541
29.759999999999998  9.008404555704136
29.88  9.02333818334881
30.0  9.03203012360097
30.119999999999997  9.034362282998083
30.24  9.03022969022773
30.36  9.019540823096039
30.48  9.002217903207862
30.599999999999998  8.978197157626992
30.72  8.947429046865457
30.84  8.90987845863327
30.959999999999997  8.86552486686311
31.08  8.814362455609384
31.2  8.756400207506065
31.32  8.691661956554087
31.439999999999998  8.6201864050953
31.56  8.542027104916913
31.68  8.457252402516962
31.799999999999997  8.365945348648108
31.919999999999998  8.268203572343008
32.04  8.16413911971043
32.16  8.053878257875946
32.28  7.9375612445247326
32.4  7.8153420635871225
32.519999999999996  7.687388127688137
32.64  7.5538799480625585
32.76  7.415010772714579
32.879999999999995  7.270986193677083
33.0  7.122023724299671
33.12  6.9683523475657365
33.24  6.810212036508095
33.36  6.6478532478591195
33.48  6.481536390134737
33.6  6.311531267412605
33.72  6.138116500122119
33.839999999999996  5.961578924218257
33.96  5.782212970162624
34.08  5.600320023182234
34.199999999999996  5.4162077663206825
34.32  5.23018950783693
34.44  5.042583494543171
34.56  4.8537122127060135
34.68  4.663901678164367
34.8  4.473480717341702
34.92  4.282780240851541
35.04  4.092132511411841
35.16  3.901870407795805
35.28  3.7123266865562035
35.4  3.5238332432635793
35.519999999999996  3.3367203749994605
35.64  3.1513160458414644
35.76  2.967945157069053
35.879999999999995  2.7869288238063525
36.0  2.6085836598022687
36.12  2.433221072027567
36.24  2.261146566744111
36.36  2.0926590686736617
36.48  1.9280502548606457
36.6  1.7676039047882135
36.72  1.6115952682667771
36.839999999999996  1.4602904525711964
36.96  1.3139458302561657
37.08  1.1728074690293515
37.199999999999996  1.0371105850083828
37.32  0.9070790206318575
37.44  0.7829247484347743
37.559999999999995  0.6648474018369461
37.68  0.5530338340280939
37.8  0.44765770596606624
37.92  0.3488791044347171
38.04  0.2568441910366497
38.16  0.17168488292159934
38.28  0.093518565976109
38.4  0.022447841122530565
38.519999999999996  0.0
38.64  0.0
38.76  0.0
38.879999999999995  0.0
39.0  0.0
39.12  0.0
39.24  0.0
39.36  0.0
39.48  0.0
39.6  0.0
39.72  0.0
39.839999999999996  0.0
39.96  0.0
40.08  0.0
40.199999999999996  0.0
40.32  0.0
40.44  0.0
40.559999999999995  0.0
40.68  0.04467898191727954
40.8  0.1135198173123041
40.92  0.18811382948895933
41.04  0.2682440329406298
41.16  0.35368223544017574
41.28  0.44418956260761316
41.4  0.5395170058268834
41.519999999999996  0.6394059922048272
41.64  0.7435889752160278
41.76  0.8517900446300134
41.879999999999995  0.9637255542742392
42.0  1.0791047661463165
42.12  1.1976305093524813
42.239999999999995  1.31899985231732
42.36  1.4429047866802063
42.48  1.569032921269275
42.6  1.6970681845227436
42.72  1.8266915337096492
42.839999999999996  1.9575816692893961
42.96  2.089415752739558
43.08  2.2218701261765608
43.199999999999996  2.3546210320924206
43.32  2.4873453315329392
43.44  2.6197212190502577
43.559999999999995  2.751428932772506
43.68  2.882151457948266
43.8  3.011575222341877
43.92  3.139390781878025
44.04  3.2652934949599706
44.16  3.388984183915701
44.28  3.510169782059764
44.4  3.628563964895339
44.519999999999996  3.7438877640219275
44.64  3.85587016235751
44.76  3.9642486693313077
44.879999999999995  4.068769874753582
45.0  4.169189980121808
45.12  4.265275306179118
45.239999999999995  4.356802775599473
45.36  4.4435603697354455
45.48  4.52534755842866
45.6  4.601975701948886
45.72  4.673268424196147
45.839999999999996  4.739061956370547
45.96  4.7992054503865385
46.08  4.853561261382021
46.199999999999996  4.902005198747762
46.32  4.944426745179029
46.44  4.980729243328699
46.559999999999995  5.010830049719418
46.68  5.034660655651468
46.8  5.052166774922202
46.92  5.063308398253164
47.04  5.0680598144003834
47.16  5.06640959800351
47.28  5.05836056430894
47.4  5.043929690980973
47.519999999999996  5.023148007293712
47.64  4.996060451073848
47.76  4.962725693841017
47.879999999999995  4.92321593466783
48.0  4.877616663355516
48.12  4.826026393593609
48.239999999999995  4.768556366842599
48.36  4.705330227747216
48.48  4.636483671954833
48.6  4.562164067277389
48.72  4.482530049197984
48.839999999999996  4.397751091781924
48.96  4.308007055109523
49.08  4.213487710401555
49.199999999999996  4.114392244059218
49.32  4.010928741889001
49.44  3.9033136548268708
49.559999999999995  3.791771247518465
49.68  3.676533031149707
49.8  3.5578371819571175
49.92  3.435927946878223
50.04  3.31105503783009
50.16  3.1834730161277878
50.28  3.0534406685747624
50.4  2.9212203767734897
50.519999999999996  2.787077481217445
50.64  2.651279641733758
50.76  2.514096195851496
50.879999999999995  2.375797516670606
51.0  2.236654371804741
51.12  2.0969372849634813
51.239999999999995  1.9569159017296691
51.36  1.816858361073077
51.48  1.677030674123223
51.6  1.537696111702823
51.72  1.3991146020976497
51.839999999999996  1.261542140509624
51.96  1.12523021160736
52.08  0.9904252265525473
52.199999999999996  0.8573679758410937
52.32  0.7262930992554608
52.44  0.5974285741790772
52.559999999999995  0.47099522347468575
52.68  0.3472062440772619
52.8  0.22626675739768753
52.919999999999995  0.10837338257599866
53.04  0.0
53.16  0.0
53.28  0.0
53.4  0.0
53.519999999999996  0.0
53.64  0.0
53.76  0.0
53.879999999999995  0.0
54.0  0.0
54.12  0.0
54.239999999999995  0.0
54.36  0.0
54.48  0.0
54.6  0.0
54.72  0.0
54.839999999999996  0.0
54.96  0.0
55.08  0.0
55.199999999999996  0.0
55.32  0.0
55.44  0.0
55.559999999999995  0.0
55.68  0.0
55.8  0.0
55.919999999999995  0.0
56.04  0.0
56.16  0.0
56.28  0.0
56.4  0.0
56.519999999999996  0.0
56.64  0.0
56.76  0.0
56.879999999999995  0.0
57.0  0.0
57.12  0.0
57.239999999999995  0.0
57.36  0.0
57.48  0.0
57.599999999999994  0.0
57.72  0.0
57.839999999999996  0.0
57.96  0.0
58.08  0.0
58.199999999999996  0.0
58.32  0.0
58.44  0.0
58.559999999999995  0.0
58.68  0.0
58.8  0.0
58.919999999999995  0.0
59.04  0.0
59.16  0.0
59.28  0.0
59.4  0.0
59.519999999999996  0.0
59.64  0.0
59.76  0.0
59.879999999999995  0.0
60.0  0.0
60.12  0.0
60.239999999999995  0.03256949576369961
60.36  0.08578646036654258
60.48  0.13765463321891686
60.599999999999994  0.18807193925979288
60.72  0.23694482311306292
60.839999999999996  0.28418850978888366
60.96  0.3297272391103788
61.08  0.3734944732037109
61.199999999999996  0.4154330764594716
61.32  0.45549546744457303
61.44  0.4936437423168454
61.559999999999995  0.529849769368388
61.68  0.564095254398772
61.8  0.5963717766952699
61.919999999999995  0.6266807954739922
62.04  0.6550336267124819
62.16  0.6814513903823823
62.28  0.7059649281678262
62.4  0.7286146918328751
62.519999999999996  0.7494506024783504
62.64  0.7685318810053939
62.76  0.7859268501787933
62.879999999999995  0.8017127087584834
63.0  0.815975278241791
63.12  0.828808722832124
63.239999999999995  0.840315243320708
63.36  0.8506047456388315
63.48  0.8597944849054974
63.599999999999994  0.8680086858620313
63.72  0.8753781406493224
63.839999999999996  0.8820397849450655
63.96  0.8881362535382868
64.08  0.8938154164747028
64.2  0.8992298969614041
64.32  0.9045365722701058
64.44  0.9098960589267188
64.56  0.9154721835205668
64.67999999999999  0.9214314405079889
64.8  0.9279424384241448
64.92  0.9351753359520918
65.03999999999999  0.9433012693293288
65.16  0.9524917726009392
65.28  0.9629181922518664
65.39999999999999  0.9747510977720745
65.52  0.9881596897248925
65.64  1.0033112069014087
65.75999999999999  1.020370334153328
65.88  1.0394986125009966
66.0  1.0608538531147527
66.12  1.0845895567645376
66.24  1.1108543403259916
66.36  1.1397913719197157
66.48  1.171537816246181
66.6  1.2062242916593267
66.72  1.243974340499178
66.84  1.284903914177597
66.96  1.329120874479949
67.08  1.3767245125122962
67.2  1.4278050866850873
67.32  1.4824433810829316
67.44  1.5407102855257624
67.56  1.602666398577124
67.67999999999999  1.6683616547050275
67.8  1.7378349767449532
67.92  1.8111139547569919
68.03999999999999  1.888214552308872
68.16  1.9691408411521782
68.28  2.053884765193403
68.39999999999999  2.142425934592791
68.52  2.2347314507528298
68.64  2.3307557628848006
68.75999999999999  2.430440556767415
68.88  2.533714676233816
69.0  2.640494077845038
69.12  2.750681819128067
69.24  2.8641680806751877
69.36  2.980830222319042
69.48  3.1005328735145263
69.6  3.2231280579750616
69.72  3.3484553525260945
69.84  3.476342080054266
69.96  3.606603536345884
70.08  3.7390432505241313
70.2  3.873453278709633
70.32  4.0096145304459565
70.44  4.147297127348592
70.56  4.286260793353387
70.67999999999999  4.426255275860706
70.8  4.567020796991137
70.92  4.7082885340909835
71.03999999999999  4.849781128549951
71.16  4.991213221918487
71.28  5.132292018240506
71.39999999999999  5.27271787144732
71.52  5.412184896591004
71.64  5.550381603630508
71.75999999999999  5.686991552422222
71.88  5.821694027507265
72.0  5.954164731231662
72.11999999999999  6.08407649368331
72.24  6.211099997879931
72.36  6.334904518595998
72.48  6.455158673175349
72.6  6.571531182636486
72.72  6.6836916413440015
72.84  6.791311293487693
72.96  6.894063814585481
73.08  6.991626096202384
73.2  7.0836790320602026
73.32  7.169908303697992
73.44  7.250005163833432
73.56  7.323667215569538
73.67999999999999  7.3905991855901245
73.8  7.450513689489912
73.92  7.503131987393187
74.03999999999999  7.5481847280261585
74.16  7.585412679424742
74.28  7.614567444479495
74.39999999999999  7.635412159544363
74.52  7.647722174365184
74.64  7.651285711616232
74.75999999999999  7.645904504371513
74.88  7.631394409877838
75.0  7.607585998042741
75.11999999999999  7.5743251130994995
75.24  7.531473406963964
75.36  7.4789088428553985
75.48  7.416526167813185
75.6  7.3442373528053055
75.72  7.26197199919119
75.84  7.169677710371955
75.96  7.0673204275338914
76.08  6.954884728467165
76.2  6.83237408852047
76.32  6.699811102833091
76.44  6.5572376690697
76.56  6.404715129968598
76.67999999999999  6.242324375101646
76.8  6.070165901333333
76.92  5.888359831557583
77.03999999999999  5.6970458913825865
77.16  5.4963833435274685
77.28  5.286550879789283
77.39999999999999  5.067746470532783
77.52  4.840187171751559
77.64  4.604108889845314
77.75999999999999  4.35976610435224
77.88  4.107431548972787
78.0  3.8473958513156243
78.11999999999999  3.5799671318908386
78.24  3.305470562970082
78.36  3.024247888025793
78.48  2.73665690255287
78.6  2.4430708971669657
78.72  2.1438780639610675
78.84  1.8394808671900333
78.96  1.5302953794353231
79.08  1.2167505844857052
79.2  0.8992876482497437
79.32  0.5783591590911259
79.44  0.25442833905391266
79.56  0.0
79.67999999999999  0.0
79.8  0.0
79.92  0.0
80.03999999999999  0.0
80.16  0.0
80.28  0.0
80.39999999999999  0.0
80.52  0.0
80.64  0.0
80.75999999999999  0.0
80.88  0.0
81.0  0.0
81.11999999999999  0.0
81.24  0.0
81.36  0.0
81.48  0.0
81.6  0.0
81.72  0.0
81.84  0.0
81.96  0.0
82.08  0.0
82.2  0.0
82.32  0.0
82.44  0.0
82.56  0.0
82.67999999999999  0.0
82.8  0.0
82.92  0.0
83.03999999999999  0.0
83.16  0.0
83.28  0.0
83.39999999999999  0.0
83.52  0.0
83.64  0.0
83.75999999999999  0.0
83.88  0.0
84.0  0.0
84.11999999999999  0.0
84.24  0.0
84.36  0.0
84.47999999999999  0.0
84.6  0.0
84.72  0.0
84.84  0.0
84.96  0.0
85.08  0.0
85.2  0.0
85.32  0.0
85.44  0.0
85.56  0.0
85.67999999999999  0.0
85.8  0.0
85.92  0.0
86.03999999999999  0.0
86.16  0.0
86.28  0.0
86.39999999999999  0.0
86.52  0.0
86.64  0.0
86.75999999999999  0.0
86.88  0.0
87.0  0.0
87.11999999999999  0.0
87.24  0.0
87.36  0.0
87.47999999999999  0.0
87.6  0.0
87.72  0.0
87.84  0.0
87.96  0.0
88.08  0.0
88.2  0.0
88.32  0.0
88.44  0.0
88.56  0.0
88.67999999999999  0.0
88.8  0.0
88.92  0.0
89.03999999999999  0.0
89.16  0.0
89.28  0.0
89.39999999999999  0.0
89.52  0.0
89.64  0.0
89.75999999999999  0.14002062707904211
89.88  0.47693571450305144
90.0  0.8109939468477934
90.11999999999999  1.141652917152663
90.24  1.4683786149246258
90.36  1.790646462090426
90.47999999999999  2.1079423293835893
90.6  2.4197635310211116
90.72  2.7256197955694836
90.84  3.025034210949771
90.96  3.3175441415848788
91.08  3.6027021157505965
91.2  3.880076681253959
91.32  4.149253227630727
91.44  4.4098347731227125
91.56  4.661442714771153
91.67999999999999  4.90371754004091
91.8  5.136319498471122
91.92  5.358929231933467
92.03999999999999  5.571248362167817
92.16  5.773000034355532
92.28  5.9639294155851585
92.39999999999999  6.143804147161548
92.52  6.312414749808556
92.64  6.469574980915855
92.75999999999999  6.615122143084333
92.88  6.748917343328089
93.0  6.870845702397604
93.11999999999999  6.980816513796133
93.24  7.07876335216906
93.36  7.164644130855252
93.47999999999999  7.238441108499285
93.6  7.300160844732428
93.72  7.349834105040767
93.84  7.38751571504811
93.96  7.4132843645505515
94.08  7.427242361747876
94.2  7.4295153382246655
94.32  7.420251905340217
94.44  7.399623262790985
94.56  7.3678227602134765
94.67999999999999  7.325065412795349
94.8  7.271587371963666
94.92  7.207645352314522
95.03999999999999  7.133516016044047
95.16  7.049495316231567
95.28  6.955897800415327
95.39999999999999  6.85305587598596
95.52  6.741319039006256
95.64  6.621053068143571
95.75999999999999  6.492639185477179
95.88  6.356473186013559
96.0  6.212964537810662
96.11999999999999  6.062535454674337
96.24  5.905619943449892
96.36  5.742662827985585
96.47999999999999  5.5741187518949324
96.6  5.400451162290036
96.72  5.22213127669845
96.84  5.039637035411559
96.96  4.853452041543512
97.08  4.664064491105371
97.2  4.471966095419479
97.32  4.2776509982148365
97.44  4.081614689754625
97.56  3.8843529203527143
97.67999999999999  3.686360615635002
97.8  3.4881307958977366
97.92  3.290153501903642
98.03999999999999  3.0929147294421595
98.16  2.896895374958606
98.28  2.702570194533206
98.39999999999999  2.5104067784586346
98.52  2.320864543630296
98.64  2.1343937459236715
98.75999999999999  1.951434514686691
98.88  1.7724159114267295
99.0  1.597755014717015
99.11999999999999  1.4278560332883743
99.24  1.2631094492096453
99.36  1.1038911929929567
99.47999999999999  0.9505618523886383
99.6  0.8034659165596558
99.72  0.6629310572472304
99.84  0.5292674484562911
99.96  0.40276712610457316
100.08  0.2837033889903541
100.2  0.17233024234217298
100.32  0.06888188511937082
100.44  0.0
100.56  0.0
100.67999999999999  0.0
100.8  0.0
100.92  0.0
101.03999999999999  0.0
101.16  0.0
101.28  0.0
101.39999999999999  0.0
101.52  0.0
101.64  0.0
101.75999999999999  0.0
101.88  0.0
102.0  0.0
102.11999999999999  0.0
102.24  0.0
102.36  0.0
102.47999999999999  0.0
102.6  0.0
102.72  0.0
102.83999999999999  0.0
102.96  0.0016342965124591657
103.08  0.09568933556379211
103.2  0.1968491185421003
103.32  0.30482572363766547
103.44  0.4193148129635422
103.56  0.539996361617717
103.67999999999999  0.6665354209690446
103.8  0.7985829144374035
103.92  0.9357764639694264
104.03999999999999  1.0777412453437825
104.16  1.224090870379388
104.28  1.3744282940598935
104.39999999999999  1.5283467445368508
104.52  1.68543067392312
104.64  1.845256727745031
104.75999999999999  2.0073947308818276
104.88  2.171408687786693
105.0  2.3368577947533544
105.11999999999999  2.5032974619684305
105.24  2.670280343068655
105.36  2.8373573699087444
105.47999999999999  3.004078790235218
105.6  3.169995205957415
105.72  3.3346586097072564
105.83999999999999  3.497623417385213
105.96  3.6584474944012744
106.08  3.8166931733340226
106.2  3.971928260754253
106.32  4.123727030982717
106.44  4.271671204585162
106.56  4.415350909440658
106.67999999999999  4.554365622262341
106.8  4.688325088492633
106.92  4.816850218545764
107.03999999999999  4.939573958424137
107.16  5.0561421327939
107.28  5.166214258666666
107.39999999999999  5.26946432790253
107.52  5.365581556818568
107.64  5.454271101262373
107.75999999999999  5.535254735587467
107.88  5.60827149404909
108.0  5.673078273222904
108.11999999999999  5.729450394137232
108.24  5.777182122899275
108.36  5.816087148688922
108.47999999999999  5.845999018089391
108.6  5.866771524821081
108.72  5.878279054044724
108.83999999999999  5.880416880501878
108.96  5.8731014198622145
109.08  5.856270432753219
109.2  5.829883181051287
109.32  5.79392053612051
109.44  5.748385038791666
109.56  5.693300910981175
109.67999999999999  5.62871401895659
109.8  5.5546917883628755
109.92  5.471323071229988
110.03999999999999  5.378717965288599
110.16  5.277007586025943
110.28  5.166343792018637
110.39999999999999  5.0468988641813395
110.52  4.918865139672563
110.64  4.782454601298113
110.75999999999999  4.637898423350643
110.88  4.485446474919279
111.0  4.325366781796948
111.11999999999999  4.157944948203124
111.24  3.983483539627671
111.36  3.8023014281873415
111.47999999999999  3.614733101966367
111.6  3.4211279398930596
111.72  3.2218494537777036
111.83999999999999  3.017274499208843
111.96  2.807792457072491
112.08  2.5938043875222783
112.2  2.375722158287459
112.32  2.1539675492614045
112.44  1.9289713353628224
112.56  1.7011723497102806
112.67999999999999  1.471016529189642
112.8  1.2389559445331417
112.92  1.0054478170605061
113.03999999999999  0.77095352425958
113.16  0.5359375964072117
113.28  0.3008667064492183
113.39999999999999  0.06620865536963716
113.52  0.0
113.64  0.0
113.75999999999999  0.0
113.88  0.0
114.0  0.0
114.11999999999999  0.0
114.24  0.0
114.36  0.0
114.47999999999999  0.0
114.6  0.0
114.72  0.0
114.83999999999999  0.0
114.96  0.0
115.08  0.0
115.19999999999999  0.0
115.32  0.0
115.44  0.0
115.56  0.0
115.67999999999999  0.0
115.8  0.0
115.92  0.0
116.03999999999999  0.0
116.16  0.0
116.28  0.0
116.39999999999999  0.0
116.52  0.0
116.64  0.0
116.75999999999999  0.0
116.88  0.0
117.0  0.0
117.11999999999999  0.0
117.24  0.0
117.36  0.0
117.47999999999999  0.0
117.6  0.0
117.72  0.0
117.83999999999999  0.0
117.96  0.0
118.08  0.0
118.19999999999999  0.0
118.32  0.0
118.44  0.0
118.56  0.0
118.67999999999999  0.0
118.8  0.0
118.92  0.0
119.03999999999999  0.0
119.16  0.0
119.28  0.0
119.39999999999999  0.0
119.52  0.0
119.64  0.0
119.75999999999999  0.0
119.88  0.0
120.0  0.0
