0.0  17.8815819425223  100.0
0.12  17.93940625853774
0.24  17.97941249407666
0.36  18.001571963951804
0.48  18.005886657751436
0.6  17.99238915277078
0.72  17.96114246704856
0.84  17.912239852979603
0.96  17.84580453209842
1.08  17.761989371751064
1.2  17.660976504493174
1.3199999999999998  17.54297689117033
1.44  17.408229828753147
1.56  17.25700240411288
1.68  17.089588895033742
1.7999999999999998  16.90631011986606
1.92  16.70751273732803
2.04  16.49356849806507
2.16  16.264873449672162
2.28  16.021847096977915
2.4  15.764931519477683
2.52  15.49459044788765
2.6399999999999997  15.21130830187171
2.76  14.915589191068397
2.88  14.607955881615467
3.0  14.288948730435466
3.12  13.959124589605846
3.2399999999999998  13.619055683192606
3.36  13.269328458976263
3.48  12.910542417543466
3.5999999999999996  12.543308921256596
3.7199999999999998  12.16824998564713
3.84  11.785997055806316
3.96  11.397189770368914
4.08  11.00247471570214
4.2  10.602504172922682
4.32  10.19793486036968
4.4399999999999995  9.789426674160692
4.56  9.377641429451412
4.68  8.963241605007573
4.8  8.546889093679852
4.92  8.129243961349207
5.04  7.710963216881182
5.16  7.292699595593544
5.279999999999999  6.8751003587019035
5.3999999999999995  6.4588061111631685
5.52  6.044449640286744
5.64  5.632654777428341
5.76  5.224035285021614
5.88  4.81919377113812
6.0  4.4187206336972205
6.12  4.02319303637401
6.24  3.6331739181756753
6.359999999999999  3.2492110385751274
6.4799999999999995  2.8718360600051502
6.6  2.501563669427271
6.72  2.13889074059696
6.84  1.7842955385511565
6.96  1.4382369677452607
7.08  1.1011538651654855
7.199999999999999  0.7734643396383496
7.319999999999999  0.45556515845298295
7.4399999999999995  0.14783118230365588
7.56  0.0
7.68  0.0
7.8  0.0
7.92  0.0
8.04  0.0
8.16  0.0
8.28  0.0
8.4  0.0
8.52  0.0
8.64  0.0
8.76  0.0
8.879999999999999  0.0
9.0  0.0
9.12  0.0
9.24  0.0
9.36  0.0
9.48  0.0
9.6  0.0
9.719999999999999  0.0
9.84  0.0
9.959999999999999  0.0
10.08  0.0
10.2  0.0
10.32  0.0
10.44  0.0
10.559999999999999  0.0
10.68  0.0
10.799999999999999  0.0
10.92  0.0
11.04  0.0
11.16  0.0
11.28  0.0
11.4  0.0
11.52  0.0
11.639999999999999  0.0
11.76  0.0
11.879999999999999  0.0
12.0  0.0
12.12  0.0
12.24  0.0
12.36  0.0
12.48  0.0
12.6  0.0
12.719999999999999  0.0
12.84  0.0
12.959999999999999  0.0
13.08  0.0
13.2  0.0
13.32  0.0
13.44  0.0
13.559999999999999  0.0
13.68  0.0
13.799999999999999  0.0
13.92  0.01284706109597522
14.04  0.2049817968456319
14.16  0.39732987087392735
14.28  0.5895137404226527
14.399999999999999  0.7811652464270366
14.52  0.9719263177012349
14.639999999999999  1.1614496431831147
14.76  1.349399310929877
14.879999999999999  1.5354514126420733
15.0  1.7192946125820894
15.12  1.9006306798436345
15.24  2.0791749830215993
15.36  2.2546569464258464
15.479999999999999  2.4268204670785116
15.6  2.5954242918316073
15.719999999999999  2.76024235403997
15.84  2.921064069323793
15.959999999999999  3.077694590054655
16.08  3.229955018299132
16.2  3.377682577054294
16.32  3.520730739709519
16.439999999999998  3.658969317768907
16.56  3.792284506967853
16.68  3.9205788920155755
16.8  4.043771410293222
16.919999999999998  4.161797274932861
17.04  4.274607857797859
17.16  4.3821705329776535
17.28  4.484468481501586
17.4  4.581500458064981
17.52  4.673280520647711
17.64  4.759837723989449
17.759999999999998  4.841215777967482
17.88  4.917472672001503
18.0  4.988680266685375
18.12  5.054923853918258
18.24  5.1163016868764775
18.36  5.172924481232954
18.48  5.224914889092817
18.599999999999998  5.2724069471718344
18.72  5.315545500798309
18.84  5.354485605369245
18.96  5.389391906937286
19.08  5.4204380036468125
19.2  5.447805789774712
19.32  5.471684784164439
19.439999999999998  5.492271444870393
19.56  5.509768471853642
19.68  5.524384099589472
19.8  5.536331381462103
19.919999999999998  5.545827467832185
20.04  5.553092879668301
20.16  5.558350779634885
20.279999999999998  5.561826242525248
20.4  5.563745526920495
20.52  5.564335349942451
20.64  5.563822166951477
20.759999999999998  5.562431458018719
20.88  5.560387022976391
21.0  5.5579102868193475
21.119999999999997  5.55521961719714
21.24  5.552529655697025
21.36  5.550050664576043
21.48  5.547987890553938
21.599999999999998  5.5465409472285625
21.72  5.545903217621732
21.84  5.546261278306219
21.96  5.547794346504195
22.08  5.55067375148349
22.2  5.555062431511542
22.32  5.561114457557242
22.439999999999998  5.568974584858526
22.56  5.578777833399175
22.68  5.590649098260873
22.8  5.604702790737775
22.919999999999998  5.621042511019664
23.04  5.639760753166988
23.16  5.660938643017095
23.279999999999998  5.684645709575096
23.4  5.710939690356561
23.52  5.739866371061462
23.64  5.771459459870878
23.759999999999998  5.805740496569344
23.88  5.842718796606773
24.0  5.882391430125465
24.119999999999997  5.924743235888649
24.24  5.969746869959287
24.36  6.017362888889944
24.48  6.06753986709814
24.599999999999998  6.120214548015789
24.72  6.175312028517008
24.84  6.232745976045584
24.96  6.292418877782289
25.08  6.3542223211126005
25.2  6.418037304578178
25.32  6.483734578420182
25.439999999999998  6.551175013749816
25.56  6.620209999311276
25.68  6.690681864734792
25.8  6.76242432911295
25.919999999999998  6.835262973671897
26.04  6.909015737250706
26.16  6.983493433247218
26.279999999999998  7.058500286636954
26.4  7.133834489623934
26.52  7.209288774437465
26.64  7.284651001749047
26.759999999999998  7.3597047631460555
26.88  7.434229996066867
27.0  7.508003609572663
27.119999999999997  7.5808001193070815
27.24  7.652392289973859
27.36  7.722551783646551
27.48  7.791049812212176
27.599999999999998  7.857657792242559
27.72  7.922148000583669
27.84  7.984294228953582
27.959999999999997  8.043872435844582
28.08  8.100661394033834
28.2  8.154443332020222
28.32  8.205004567722185
28.439999999999998  8.252136132792872
28.56  8.295634385934225
28.68  8.335301613621004
28.799999999999997  8.370946616679074
28.919999999999998  8.402385281199246
29.04  8.429441132308751
29.16  8.451945869366764
29.279999999999998  8.469739881198201
29.4  8.482672740031232
29.52  8.490603672858269
29.64  8.493402008997878
29.759999999999998  8.490947602695215
29.88  8.483131229662199
30.0  8.469854956524117
30.119999999999997  8.451032482208081
30.24  8.426589450379117
30.36  8.396463732102653
30.48  8.360605677986738
30.599999999999998  8.318978339134015
30.72  8.27155765631126
30.84  8.218332616824112
30.959999999999997  8.159305378664842
31.08  8.094491361583048
31.2  8.023919304811201
31.32  7.947631291260299
31.439999999999998  7.865682738084008
31.56  7.778142353593436
31.68  7.685092060588091
31.799999999999997  7.586626886252043
31.919999999999998  7.482854818847032
32.04  7.373896631516696
32.16  7.259885673597503
32.28  7.140967629912186
32.4  7.017300248601138
32.519999999999996  6.8890530381243815
32.64  6.756406934143551
32.76  6.619553937067309
32.879999999999995  6.47869672111615
33.0  6.334048215833086
33.12  6.185831161034393
33.24  6.034277636260365
33.36  5.879628565848896
33.48  5.7221332008147625
33.6  5.562048578774927
33.72  5.399638963214161
33.839999999999996  5.235175263436261
33.96  5.068934436594127
34.08  4.901198873235914
34.199999999999996  4.7322557678453
34.32  4.5623964758913
34.44  4.391915858936207
34.56  4.22111161937989
34.68  4.050283626444892
34.8  3.879733235028056
34.92  3.7097625990628083
35.04  3.540673981050178
35.16  3.37276905942593
35.28  3.206348235437996
35.4  3.0417099412092536
35.519999999999996  2.879149950659043
35.64  2.718960694950168
35.76  2.561430584117873
35.879999999999995  2.4068433365227775
36.0  2.2554773177515757
36.12  2.1076048905668303
36.24  1.963491777480993
36.36  1.8233964375002087
36.48  1.6875694585490668
36.6  1.5562529670508105
36.72  1.429680056096163
36.839999999999996  1.3080742335897135
36.96  1.191648891715084
37.08  1.0806067990092436
37.199999999999996  0.9751396162820473
37.32  0.8754274375604678
37.44  0.7816383571766987
37.559999999999995  0.6939280640570977
37.68  0.6124394642037343
37.8  0.5373023322929484
37.92  0.4686329932454535
38.04  0.4065340345512183
38.16  0.3510940500582962
38.28  0.3023874158599673
38.4  0.26047409883748285
38.519999999999996  0.22539949833772066
38.64  0.1971943213858367
38.76  0.17587449175278103
38.879999999999995  0.1614410931166944
39.0  0.15388034647558935
39.12  0.15316362188702817
39.24  0.15924748452840984
39.36  0.1720737749895508
39.48  0.19156972362750443
39.6  0.21764809873222868
39.72  0.25020738817105287
39.839999999999996  0.28913201410009914
39.96  0.3342925802518027
40.08  0.38554615123009406
40.199999999999996  0.4427365631686678
40.32  0.5056947650328063
40.44  0.5742391897723854
40.559999999999995  0.6481761544628362
40.68  0.7273002885014199
40.8  0.8113949888599903
40.92  0.9002329013308721
41.04  0.9935764266406361
41.16  1.091178250248031
41.28  1.1927818945854691
41.4  1.2981222924511173
41.519999999999996  1.406926380207854
41.64  1.5189137093991114
41.76  1.6337970753477444
41.879999999999995  1.7512831612643351
42.0  1.8710731963547316
42.12  1.9928636263835713
42.239999999999995  2.116346795121976
42.36  2.241211635081504
42.48  2.367144365915296
42.6  2.493829198849804
42.72  2.6209490454962845
42.839999999999996  2.748186229382017
42.96  2.8752231985348065
43.08  3.001743237452973
43.199999999999996  3.127431176795077
43.32  3.2519740991293205
43.44  3.3750620390935246
43.559999999999995  3.496388676329805
43.68  3.6156520195764843
43.8  3.732555080321411
43.92  3.846806534446585
44.04  3.9581213703231968
44.16  4.066221521849295
44.28  4.170836484958961
44.4  4.271703916171776
44.519999999999996  4.368570211795184
44.64  4.461191066438856
44.76  4.549332009550308
44.879999999999995  4.63276891873413
45.0  4.711288508672888
45.12  4.784688794526892
45.239999999999995  4.852779528751215
45.36  4.915382610332238
45.48  4.972332465512501
45.6  5.023476399140906
45.72  5.068674915855846
45.839999999999996  5.10780201038124
45.96  5.140745426289449
46.08  5.167406882660536
46.199999999999996  5.187702268144217
46.32  5.201561802008783
46.44  5.2089301618402875
46.559999999999995  5.2097665776347855
46.68  5.204044892106928
46.8  5.1917535871184635
46.92  5.172895776211408
47.04  5.147489163311032
47.16  5.115565967744567
47.28  5.077172815801766
47.4  5.032370599142725
47.519999999999996  4.981234300437479
47.64  4.923852786699439
47.76  4.860328570851454
47.879999999999995  4.790777542138574
48.0  4.7153286660752975
48.12  4.634123654687226
48.239999999999995  4.547316607877094
48.36  4.4550736268133315
48.48  4.357572400305412
48.6  4.255001765193279
48.72  4.14756124183999
48.839999999999996  4.035460545874166
48.96  3.9189190773852265
49.08  3.798165388826564
49.199999999999996  3.673436632931311
49.32  3.5449779919923468
49.44  3.4130420899004803
49.559999999999995  3.2778883883751346
49.68  3.139782568857787
49.8  2.9989959015710967
49.92  2.855804603275703
50.04  2.7104891852820554
50.16  2.563333793295997
50.28  2.4146255406946247
50.4  2.264653836842737
50.519999999999996  2.113709712070232
50.64  1.9620851409364453
50.76  1.8100723654101645
50.879999999999995  1.657963219591268
51.0  1.5060484575952078
51.12  1.3546170862107718
51.239999999999995  1.203955703928709
51.36  1.0543478479211617
51.48  0.9060733505302073
51.6  0.7594077067992551
51.72  0.6146214545520206
51.839999999999996  0.4719795684914968
51.96  0.3317408697553669
52.08  0.1941574523250555
52.199999999999996  0.059474127642693164
52.32  0.0
52.44  0.0
52.559999999999995  0.0
52.68  0.0
52.8  0.0
52.919999999999995  0.0
53.04  0.0
53.16  0.0
53.28  0.0
53.4  0.0
53.519999999999996  0.0
53.64  0.0
53.76  0.0
53.879999999999995  0.0
54.0  0.0
54.12  0.0
54.239999999999995  0.0
54.36  0.0
54.48  0.0
54.6  0.0
54.72  0.0
54.839999999999996  0.0
54.96  0.0
55.08  0.0
55.199999999999996  0.0
55.32  0.0
55.44  0.0
55.559999999999995  0.0
55.68  0.0
55.8  0.0
55.919999999999995  0.0
56.04  0.0
56.16  0.0
56.28  0.0
56.4  0.0
56.519999999999996  0.0
56.64  0.0
56.76  0.0
56.879999999999995  0.0
57.0  0.0
57.12  0.0
57.239999999999995  0.0
57.36  0.0
57.48  0.0
57.599999999999994  0.0
57.72  0.0
57.839999999999996  0.0
57.96  0.0
58.08  0.0
58.199999999999996  0.0
58.32  0.0
58.44  0.0
58.559999999999995  0.0
58.68  0.0
58.8  0.0
58.919999999999995  0.0
59.04  0.0
59.16  0.0
59.28  0.0494100379948815
59.4  0.1328507237095431
59.519999999999996  0.2153025087335419
59.64  0.2965737073468008
59.76  0.37647931963998654
59.879999999999995  0.45484151808214124
60.0  0.5314901137202261
60.12  0.606263000801153
60.239999999999995  0.6790065786608845
60.36  0.7495761497817954
60.48  0.8178362929790356
60.599999999999994  0.8836612107386429
60.72  0.9469350497949917
60.839999999999996  1.0075521941016221
60.96  1.0654175294191224
61.08  1.1204466788143836
61.199999999999996  1.1725662084386732
61.32  1.2217138030263335
61.44  1.267838410632171
61.559999999999995  1.3109003562027421
61.68  1.350871423655078
61.8  1.3877349062158582
61.919999999999995  1.4214856248541314
62.04  1.4521299147207807
62.16  1.4796855795894381
62.28  1.5041818143740762
62.4  1.5256590958796528
62.519999999999996  1.5441690420227014
62.64  1.5597742398392622
62.76  1.5725480426767382
62.879999999999995  1.5825743370451373
63.0  1.5899472796808114
63.12  1.5947710054523894
63.239999999999995  1.5971593068129688
63.36  1.5972352855769152
63.48  1.595130977870437
63.599999999999994  1.5909869531751266
63.72  1.5849518884510942
63.839999999999996  1.5771821183913164
63.96  1.5678411629219036
64.08  1.5570992331225064
64.2  1.5451327167990596
64.32  1.5321236449949178
64.44  1.5182591407778858
64.56  1.5037308516891996
64.67999999999999  1.4887343672846451
64.8  1.473468623239945
64.92  1.45813529353042
65.03999999999999  1.4429381722286112
65.16  1.4280825464950029
65.28  1.413774562362828
65.39999999999999  1.4002205849413205
65.52  1.3876265546806517
65.64  1.3761973413563857
65.75999999999999  1.3661360974427863
65.88  1.3576436125505054
66.0  1.3509176706074044
66.12  1.3461524114595966
66.24  1.3435376985646965
66.36  1.3432584944390227
66.48  1.3454942455077066
66.6  1.350418277988178
66.72  1.3581972064159717
66.84  1.3689903563964338
66.96  1.3829492031352624
67.08  1.400216827268369
67.2  1.4209273894733943
67.32  1.4452056253041343
67.44  1.473166361645134
67.56  1.5049140561343068
67.67999999999999  1.5405423608509359
67.8  1.5801337115105598
67.92  1.6237589433503101
68.03999999999999  1.6714769348275256
68.16  1.7233342801895555
68.28  1.7793649919062757
68.39999999999999  1.8395902338873364
68.52  1.9040180863340614
68.64  1.9726433430015178
68.75999999999999  2.0454473415705365
68.88  2.122397827750488
69.0  2.2034488536539807
69.12  2.2885407109030407
69.24  2.3775998988433
69.36  2.4705391281585523
69.48  2.5672573600929383
69.6  2.667639881402248
69.72  2.771558415069158
69.84  2.8788712667305063
69.96  2.989423506677533
70.08  3.103047187203434
70.2  3.219561594985217
70.32  3.338773538101147
70.44  3.4604776671993687
70.56  3.584456830247953
70.67999999999999  3.710482460213955
70.8  3.838314994935774
70.92  3.9677043283724758
71.03999999999999  4.098390292334801
71.16  4.230103167724529
71.28  4.362564224233951
71.39999999999999  4.495486287383992
71.52  4.628574331708695
71.64  4.761526098825503
71.75999999999999  4.894032739065766
71.88  5.025779475277098
72.0  5.15644628734964
72.11999999999999  5.285708615962569
72.24  5.413238083993995
72.36  5.538703233987736
72.48  5.661770280025599
72.6  5.782103872310694
72.72  5.899367872730134
72.84  6.01322613963019
72.96  6.123343320007999
73.08  6.229385647296617
73.2  6.331021742899136
73.32  6.427923419609656
73.44  6.519766485045508
73.56  6.606231543206087
73.67999999999999  6.687004792269429
73.8  6.761778816736756
73.92  6.830253372040128
74.03999999999999  6.892136159736382
74.16  6.947143591424052
74.28  6.995001539536928
74.39999999999999  7.035446073189904
74.52  7.068224177279202
74.64  7.093094453068479
74.75999999999999  7.109827798528247
74.88  7.118208066733484
75.0  7.118032700667976
75.11999999999999  7.109113342830603
75.24  7.091276418088925
75.36  7.0643636882805705
75.48  7.028232777120571
75.6  6.982757664034712
75.72  6.927829145603723
75.84  6.863355263371767
75.96  6.78926169684384
76.08  6.705492120571167
76.2  6.612008524300989
76.32  6.508791495246579
76.44  6.39584046161591
76.56  6.273173896621646
76.67999999999999  6.140829482281851
76.8  5.9988642324090184
76.92  5.847354574275518
77.03999999999999  5.686396388534715
77.16  5.51610500707006
77.28  5.3366151685387395
77.39999999999999  5.1480809314704326
77.52  4.950675544877648
77.64  4.744591276430418
77.75999999999999  4.530039198342641
77.88  4.307248931214924
78.0  4.076468346173784
78.11999999999999  3.8379632257420213
78.24  3.5920168839703877
78.36  3.3389297464540078
78.48  3.079018890949256
78.6  2.812617549398756
78.72  2.540074572260865
78.84  2.261753856129388
78.96  1.978033735713424
79.08  1.6893063413323115
79.2  1.3959769231624302
79.32  1.0984631435497636
79.44  0.797194338780085
79.56  0.4926107517715226
79.67999999999999  0.1851627372233332
79.8  0.0
79.92  0.0
80.03999999999999  0.0
80.16  0.0
80.28  0.0
80.39999999999999  0.0
80.52  0.0
80.64  0.0
80.75999999999999  0.0
80.88  0.0
81.0  0.0
81.11999999999999  0.0
81.24  0.0
81.36  0.0
81.48  0.0
81.6  0.0
81.72  0.0
81.84  0.0
81.96  0.0
82.08  0.0
82.2  0.0
82.32  0.0
82.44  0.0
82.56  0.0
82.67999999999999  0.0
82.8  0.0
82.92  0.0
83.03999999999999  0.0
83.16  0.0
83.28  0.0
83.39999999999999  0.0
83.52  0.0
83.64  0.0
83.75999999999999  0.0
83.88  0.0
84.0  0.0
84.11999999999999  0.0
84.24  0.0
84.36  0.0
84.47999999999999  0.0
84.6  0.0
84.72  0.0
84.84  0.0
84.96  0.0
85.08  0.0
85.2  0.0
85.32  0.0
85.44  0.0
85.56  0.0
85.67999999999999  0.0
85.8  0.0
85.92  0.0
86.03999999999999  0.0
86.16  0.0
86.28  0.0
86.39999999999999  0.0
86.52  0.0
86.64  0.0
86.75999999999999  0.0
86.88  0.0
87.0  0.0
87.11999999999999  0.0
87.24  0.0
87.36  0.0
87.47999999999999  0.0
87.6  0.0
87.72  0.0
87.84  0.0
87.96  0.0
88.08  0.0
88.2  0.0
88.32  0.0
88.44  0.0
88.56  0.0
88.67999999999999  0.0
88.8  0.0
88.92  0.0
89.03999999999999  0.0
89.16  0.0
89.28  0.0
89.39999999999999  0.0
89.52  0.0
89.64  0.0
89.75999999999999  0.0
89.88  0.0
90.0  0.15979960499236623
90.11999999999999  0.4733617701162802
90.24  0.7839578133881577
90.36  1.0910864995642902
90.47999999999999  1.3942556087659388
90.6  1.692982899448758
90.72  1.9867970496819407
90.84  2.275238574729577
90.96  2.557860718977075
91.08  2.8342303203007315
91.2  3.103928645037246
91.32  3.3665521917749497
91.44  3.6217134622541125
91.56  3.869041697735802
91.67999999999999  4.108183579273937
91.8  4.338803890402569
91.92  4.5605861408325605
92.03999999999999  4.773233149836897
92.16  4.976467588090914
92.28  5.170032476824698
92.39999999999999  5.3536916432376955
92.52  5.527230131221178
92.64  5.69045456653113
92.75999999999999  5.843193475654539
92.88  5.985297557712189
93.0  6.116639908844119
93.11999999999999  6.237116198628032
93.24  6.346644798185196
93.36  6.445166859734319
93.47999999999999  6.532646347460468
93.6  6.609070019671796
93.72  6.6744473623241145
93.84  6.728810474099543
93.96  6.7722139033314805
94.08  6.80473443717354
94.2  6.826470843514691
94.32  6.837543566246306
94.44  6.838094374588563
94.56  6.828285967285104
94.67999999999999  6.808301532572097
94.8  6.778344264926442
94.92  6.738636839690678
95.03999999999999  6.689420846765587
95.16  6.630956184649966
95.28  6.563520416194517
95.39999999999999  6.487408087519545
95.52  6.402930011627559
95.64  6.310412518317759
95.75999999999999  6.210196672083793
95.88  6.10263745974509
96.0  5.988102949628707
96.11999999999999  5.866973424179433
96.24  5.739640487934405
96.36  5.606506152851196
96.47999999999999  5.467981903027468
96.6  5.3244877408947575
96.72  5.176451217008439
96.84  5.024306445590939
96.96  4.868493108015743
97.08  4.709455446445069
97.2  4.547641249854219
97.32  4.383500834691364
97.44  4.217486022431904
97.56  4.050049116292399
97.67999999999999  3.8816418793685594
97.8  3.7127145164583477
97.92  3.543714661820679
98.03999999999999  3.3750863751063376
98.16  3.207269147677108
98.28  3.0406969215062114
98.39999999999999  2.875797122822014
98.52  2.71298971262374
98.64  2.552686256159346
98.75999999999999  2.3952890134109746
98.88  2.241190052586482
99.0  2.0907703885625204
99.11999999999999  1.944399148167662
99.24  1.8024327641333286
99.36  1.665214199475248
99.47999999999999  1.5330722039989162
99.6  1.4063206045499057
99.72  1.2852576305539567
99.84  1.1701652763113508
99.96  1.0613087014276625
100.08  0.9589356706768893
100.2  0.8632760345039907
100.32  0.7745412512822274
100.44  0.6929239523470342
100.56  0.6185975507319172
100.67999999999999  0.5517158944331171
100.8  0.4924129649305484
100.92  0.440802621590283
101.03999999999999  0.39697839247089095
101.16  0.3610133119525361
101.28  0.3329598055015577
101.39999999999999  0.312849621778863
101.52  0.3006938121934404
101.64  0.2964827578965506
101.75999999999999  0.3001862441059187
101.88  0.31175358154305544
102.0  0.3311137746618176
102.11999999999999  0.35817573624173454
102.24  0.3928285478154656
102.36  0.43494176529815576
102.47999999999999  0.4843657690850699
102.6  0.540932157784643
102.72  0.604454184657149
102.83999999999999  0.6747272357335332
102.96  0.7515293484963894
103.08  0.8346217699146989
103.2  0.9237495525363455
103.32  1.018642187257718
103.44  1.1190142713085667
103.56  1.2245662099112695
103.67999999999999  1.3349849500003037
103.8  1.449944744315134
103.92  1.569107944113782
104.03999999999999  1.6921258186898471
104.16  1.818639399818184
104.28  1.948280349197261
104.39999999999999  2.080671846907966
104.52  2.215429498860598
104.64  2.352162261161266
104.75999999999999  2.4904733792914757
104.88  2.62996133996286
105.0  2.770220833481097
105.11999999999999  2.910843724431324
105.24  3.051420028478556
105.36  3.1915388930652715
105.47999999999999  3.3307895797796268
105.6  3.468762446165664
105.72  3.6050499247487355
105.83999999999999  3.739247497056876
105.96  3.870954660431593
106.08  3.9997758854372587
106.2  4.125321561702629
106.32  4.247208930052419
106.44  4.365062998821204
106.56  4.478517442275755
106.67999999999999  4.587215479115419
106.8  4.690810729063985
106.92  4.78896804561735
107.03999999999999  4.881364323065479
107.16  4.967689275966016
107.28  5.047646189308604
107.39999999999999  5.1209526376768775
107.52  5.187341171784054
107.64  5.246559970832974
107.75999999999999  5.298373459228118
107.88  5.342562886248256
108.0  5.378926867371591
108.11999999999999  5.407281886032418
108.24  5.427462754677111
108.36  5.439323034079317
108.47999999999999  5.442735409968418
108.6  5.43759202612122
108.72  5.42380477316495
108.83999999999999  5.401305532439824
108.96  5.370046374369292
109.08  5.329999710890194
109.2  5.28115840159649
109.32  5.2235358133554355
109.44  5.157165833259115
109.56  5.08210283487908
109.67999999999999  4.998421597896393
109.8  4.9062171812844
109.92  4.805604750325399
110.03999999999999  4.696719357845822
110.16  4.579715680157068
110.28  4.454767708291127
110.39999999999999  4.322068395219144
110.52  4.181829259840647
110.64  4.034279948627173
110.75999999999999  3.8796677558989776
110.88  3.7182571038057537
111.0  3.550328983172789
111.11999999999999  3.3761803564607145
111.24  3.196123524171706
111.36  3.0104854561174768
111.47999999999999  2.8196070890408897
111.6  2.62384259216006
111.72  2.4235586022737428
111.83999999999999  2.2191334301351366
111.96  2.0109562398651817
112.08  1.7994262032364097
112.2  1.584951630713813
112.32  1.3679490811914103
112.44  1.1488424524092964
112.56  0.9280620540808123
112.67999999999999  0.7060436657950507
112.8  0.48322758179556885
112.92  0.2600576447644376
113.03999999999999  0.036980270764424616
113.16  0.0
113.28  0.0
113.39999999999999  0.0
113.52  0.0
113.64  0.0
113.75999999999999  0.0
113.88  0.0
114.0  0.0
114.11999999999999  0.0
114.24  0.0
114.36  0.0
114.47999999999999  0.0
114.6  0.0
114.72  0.0
114.83999999999999  0.0
114.96  0.0
115.08  0.0
115.19999999999999  0.0
115.32  0.0
115.44  0.0
115.56  0.0
115.67999999999999  0.0
115.8  0.0
115.92  0.0
116.03999999999999  0.0
116.16  0.0
116.28  0.0
116.39999999999999  0.0
116.52  0.0
116.64  0.0
116.75999999999999  0.0
116.88  0.0
117.0  0.0
117.11999999999999  0.0
117.24  0.0
117.36  0.0
117.47999999999999  0.0
117.6  0.0
117.72  0.0
117.83999999999999  0.0
117.96  0.0
118.08  0.0
118.19999999999999  0.0
118.32  0.0
118.44  0.0
118.56  0.0
118.67999999999999  0.0
118.8  0.0
118.92  0.0
119.03999999999999  0.0
119.16  0.0
119.28  0.0
119.39999999999999  0.0
119.52  0.0
119.64  0.0
119.75999999999999  0.0
119.88  0.0
120.0  0.0
