0.0  38.367121451772036
1.68  37.99041018180987
3.36  37.58683897904653
5.04  37.15873546137183
6.72  36.708568738077034
8.4  36.23893516913866
10.08  35.7525433905774
11.76  35.25219869225903
13.44  1.4074535049059773
15.12  0.8879240896364582
16.8  0.3632735260251474
18.48  0.0
20.16  0.0
21.84  0.0
23.52  0.0
25.2  0.0
26.88  0.0
28.56  0.0
30.24  0.0
31.919999999999998  0.0
33.6  0.0
35.28  0.0
36.96  0.0
38.64  0.0
40.32  0.0
42.0  0.0
43.68  0.0
45.36  0.0
47.04  0.0
48.72  0.0
50.4  0.0
52.08  0.0
53.76  0.0
55.44  0.0
57.12  0.0
58.8  0.0
60.48  0.0
62.16  0.0
63.839999999999996  0.0
65.52  0.0
67.2  0.0
68.88  0.0
70.56  0.0
72.24  0.0
73.92  0.0
75.6  0.0
77.28  0.0
78.96  0.0
80.64  0.0
82.32  0.0
84.0  0.0
85.67999999999999  0.0
87.36  0.0
89.03999999999999  0.501829461973907
90.72  1.025423465158835
92.39999999999999  1.5431032852063535
94.08  2.0518831768450343
95.75999999999999  2.548828725603167
97.44  3.031073772196782
99.11999999999999  3.4958369432522582
100.8  3.940437693021883
102.47999999999999  4.362311763570745
104.16  4.759025974267699
105.83999999999999  5.128292255281107
107.52  5.467980844140555
109.2  5.776132569252578
110.88  6.050970149524689
112.56  6.290908444926445
114.24  6.49456359886699
115.92  6.660761019659855
117.6  6.788542155041577
119.28  6.8771700206717075
120.96  6.926133450728292
122.64  6.935150046083335
124.32  6.904167803054435
126.0  6.833365413338739
127.67999999999999  6.723151233399282
129.35999999999999  6.57416092924786
131.04  6.38725381020827
132.72  6.1635078728051145
134.4  5.904213583362815
136.07999999999998  5.610866435173996
137.76  5.285158323164188
139.44  4.928967785799909
141.12  4.544349170520401
142.79999999999998  4.133520785181999
144.48  3.6988521038522215
146.16  3.242850100744981
147.84  2.768144791116448
149.51999999999998  2.277474062515372
151.2  1.7736678838742983
152.88  1.2596319835166865
154.56  0.7383310902177342
156.23999999999998  0.2127718339770821
157.92  0.0
159.6  0.0
161.28  0.0
162.96  0.0
164.64  0.0
166.32  0.0
168.0  0.0
