0.0  3.5364600073462675
1.68  71.99282620928358
3.36  27.1868616670384
5.04  0.38847184936292933
6.72  70.11001853711474
8.4  32.08537474608141
10.08  0.0
11.76  67.69535195121877
13.44  3.668602281985251
15.12  0.0
16.8  31.450413664806195
18.48  8.532108374431376
20.16  0.0
21.84  28.083977539332093
23.52  13.272224393338458
25.2  0.0
26.88  24.311395136550892
28.56  17.82039949072216
30.24  0.0
31.919999999999998  20.187224978188507
33.6  22.110858639460645
35.28  0.0
36.96  15.771110195438093
38.64  26.081553861885595
40.32  0.0
42.0  11.126915978928283
43.68  29.675061558343092
45.36  0.0
47.04  6.32180596990197
48.72  32.839412958692
50.4  0.0
52.08  1.4252709496952107
53.76  35.52884568687506
55.44  0.0
57.12  0.0
58.8  37.70446556954729
60.48  0.0
62.16  0.0
63.839999999999996  39.33480911778763
65.52  0.0
67.2  0.0
68.88  40.396298547361894
70.56  0.0
72.24  0.0
73.92  40.87358275710886
75.6  0.0
77.28  0.0
78.96  40.75975933426538
80.64  0.0
82.32  0.0
84.0  40.05647437612642
85.67999999999999  0.0
87.36  0.0
89.03999999999999  38.773898684431984
90.72  0.0
92.39999999999999  0.0
94.08  36.930580676756975
95.75999999999999  0.0
97.44  0.0
99.11999999999999  34.55317814207186
100.8  3.315084275938556
102.47999999999999  0.0
104.16  31.676072719793122
105.83999999999999  8.184782797866415
107.52  0.0
109.2  28.340872677661544
110.88  12.936114216726478
112.56  0.0
114.24  24.595811179203935
115.92  17.500365489101508
117.6  0.0
119.28  20.495048742951315
120.96  21.811529096634374
122.64  0.0
124.32  16.097889981123167
126.0  25.807257636874397
127.67999999999999  0.0
129.35999999999999  11.467925945214994
131.04  29.429765482075226
132.72  0.0
134.4  6.672114481727963
136.07999999999998  32.62666446628667
137.76  0.0
139.44  1.7798118978245192
141.12  35.35172151516665
142.79999999999998  0.0
144.48  0.0
146.16  37.565527261781924
147.84  0.0
149.51999999999998  0.0
151.2  39.23606597896492
152.88  0.0
154.56  0.0
156.23999999999998  40.33917858596766
157.92  0.0
159.6  0.0
161.28  40.85891203347008
162.96  0.0
164.64  0.0
166.32  40.78775001419039
168.0  0.0
