0.0  35.20397940032051
1.68  35.25027603240959
3.36  34.32523855919368
5.04  32.89759275262869
6.72  31.69074107168247
8.4  31.31620737583846
10.08  31.963771647844464
11.76  33.30530657169905
13.44  1.3277096036351854
15.12  2.0106821869860445
16.8  1.6748219256775854
18.48  0.49031258502671865
20.16  0.0
21.84  0.0
23.52  0.0
25.2  0.0
26.88  0.507747592941126
28.56  1.6848944440497988
30.24  2.008288369662518
31.919999999999998  1.314062421879658
33.6  0.0
35.28  0.0
36.96  0.0
38.64  0.0
40.32  0.0
42.0  1.007554822375499
43.68  1.922727050872195
45.36  1.8636341849533862
47.04  0.8602191728745423
48.72  0.0
50.4  0.0
52.08  0.0
53.76  0.0
55.44  0.11998969251665015
57.12  1.4359902700690008
58.8  2.0243601652455636
60.48  1.5869664468976326
62.16  0.3454409020797922
63.839999999999996  0.0
65.52  0.0
67.2  0.0
68.88  0.0
70.56  0.6496352674388477
72.24  1.7627050154629116
73.92  1.9825944404985254
75.6  1.1978833639269273
77.28  0.0
78.96  0.0
80.64  0.0
82.32  0.0
84.0  0.0
85.67999999999999  1.1332628734236267
87.36  1.964555689102853
89.03999999999999  1.8003884195556927
90.72  0.7239462679511255
92.39999999999999  0.0
94.08  0.0
95.75999999999999  0.0
97.44  0.0
99.11999999999999  0.26736633884770167
100.8  1.5366139637679848
102.47999999999999  2.0272438707903966
104.16  1.4906489617460044
105.83999999999999  0.19872726266293284
107.52  0.0
109.2  0.0
110.88  0.0
112.56  0.0
114.24  0.7880589633609144
115.92  1.8311165090937678
117.6  1.9463289413931897
119.28  1.0753169644662002
120.96  0.0
122.64  0.0
124.32  0.0
126.0  0.0
127.67999999999999  0.0
129.35999999999999  1.2529281516869684
131.04  1.9959089434391668
132.72  1.72754264131112
134.4  0.5838131440897723
136.07999999999998  0.0
137.76  0.0
139.44  0.0
141.12  0.0
142.79999999999998  0.4133173371020016
144.48  1.6290441400944833
146.16  2.019317927155122
147.84  1.3863830533388737
149.51999999999998  0.05095397175425975
151.2  0.0
152.88  0.0
154.56  0.0
156.23999999999998  0.0
157.92  0.9222805792816989
159.6  1.889764141870776
161.28  1.8996852468725405
162.96  0.9470167708079397
164.64  0.0
166.32  0.0
168.0  0.0
