0.0  22.72790743707769
1.68  29.765703189314284
3.36  37.50573940957667
5.04  44.42449307601636
6.72  49.16009969687235
8.4  50.78041819373405
10.08  48.96651045540333
11.76  44.07542005638199
13.44  3.7365596522176885
15.12  0.0
16.8  0.0
18.48  0.0
20.16  0.0
21.84  0.0
23.52  0.0
25.2  0.0
26.88  3.836120194756333
28.56  10.822274104838108
30.24  15.67820752521311
31.919999999999998  17.44809464990673
33.6  15.78355677579546
35.28  11.012236009425099
36.96  4.07330328298829
38.64  0.0
40.32  0.0
42.0  0.0
43.68  0.0
45.36  0.0
47.04  0.0
48.72  0.0
50.4  3.4983301623113183
52.08  10.549145030099575
53.76  15.523501228081988
55.44  17.442263004068984
57.12  15.927747663048585
58.8  11.278067374437617
60.48  4.408449762803165
62.16  0.0
63.839999999999996  0.0
65.52  0.0
67.2  0.0
68.88  0.0
70.56  0.0
72.24  0.0
73.92  3.1591684271046816
75.6  10.271879612963577
77.28  15.362708132816653
78.96  17.429592209488327
80.64  16.065693246273085
82.32  11.539476585037722
84.0  4.741867680008534
85.67999999999999  0.0
87.36  0.0
89.03999999999999  0.0
90.72  0.0
92.39999999999999  0.0
94.08  0.0
95.75999999999999  0.0
97.44  2.818767975180328
99.11999999999999  9.99058656979497
100.8  15.195891286734723
102.47999999999999  17.41008723441049
104.16  16.197339436709893
105.83999999999999  11.796361142113058
107.52  5.073426300723868
109.2  0.0
110.88  0.0
112.56  0.0
114.24  0.0
115.92  0.0
117.6  0.0
119.28  0.0
120.96  2.4772622782858456
122.64  9.70537619619957
124.32  15.023116099079404
126.0  17.383755726778055
127.67999999999999  16.32263461560529
129.35999999999999  12.048620320677797
131.04  5.402995620102627
132.72  0.0
134.4  0.0
136.07999999999998  0.0
137.76  0.0
139.44  0.0
141.12  0.0
142.79999999999998  0.0
144.48  2.1347852415374353
146.16  9.416360323776571
147.84  14.844450315372432
149.51999999999998  17.35060801123164
151.2  16.441529654450814
152.88  12.296155209366756
154.56  5.730446413307598
156.23999999999998  0.0
157.92  0.0
159.6  0.0
161.28  0.0
162.96  0.0
164.64  0.0
166.32  0.0
168.0  1.7914711509162915
