0.0  40.58583609932756
1.68  23.44246315461084
3.36  39.27917982202339
5.04  35.29008273658677
6.72  24.776405962842695
8.4  42.79492366581483
10.08  29.264741264546057
11.76  29.300860775970445
13.44  9.449512069789584
15.12  0.0
16.8  1.9955186943290357
18.48  5.914115167857675
20.16  0.0
21.84  7.2794664272916245
23.52  0.17359782672955237
25.2  0.0
26.88  9.849212669470868
28.56  0.0
30.24  0.0
31.919999999999998  8.746609024810088
33.6  0.0
35.28  3.7127791420616787
36.96  4.38276920417975
38.64  0.0
40.32  8.375581024188438
42.0  0.0
43.68  0.0
45.36  9.915487192860107
47.04  0.0
48.72  0.0
50.4  7.758332541276377
52.08  0.0
53.76  5.308903667592177
55.44  2.7084277190788755
57.12  0.0
58.8  9.19842762088289
60.48  0.0
62.16  0.0
63.839999999999996  9.658251580248127
65.52  0.0
67.2  1.2324663677738927
68.88  6.516926870366202
70.56  0.0
72.24  6.731815912766192
73.92  0.9457190360070307
75.6  0.0
77.28  9.72115940599534
78.96  0.0
80.64  0.0
82.32  9.085898594027908
84.0  0.0
85.67999999999999  2.984804619448715
87.36  5.062895046334641
89.03999999999999  0.0
90.72  7.935090873446352
92.39999999999999  0.0
94.08  0.0
95.75999999999999  9.926721339505512
97.44  0.0
99.11999999999999  0.0
100.8  8.217102252813948
102.47999999999999  0.0
104.16  4.63975839272201
105.83999999999999  3.4436774040833673
107.52  0.0
109.2  8.879469596582116
110.88  0.0
112.56  0.0
114.24  9.80840660330427
115.92  0.0
117.6  0.46193821499929477
119.28  7.080208558879199
120.96  0.0
122.64  6.1433319221960385
124.32  1.7121037551457476
126.0  0.0
127.67999999999999  9.534140072312834
129.35999999999999  0.0
131.04  0.0
132.72  9.370075422880783
134.4  0.0
136.07999999999998  2.23872503432269
137.76  5.712310660183899
139.44  0.0
141.12  7.4464684880601055
142.79999999999998  0.0
144.48  0.0
146.16  9.877742529755137
147.84  0.0
149.51999999999998  0.0
151.2  8.626029120705061
152.88  0.0
154.56  3.9424695284195415
156.23999999999998  4.158038621457887
157.92  0.0
159.6  8.506650977493532
161.28  0.0
162.96  0.0
164.64  9.89906633693729
166.32  0.0
168.0  0.0
