0.0  23.550742279988278
1.68  20.217904858126193
3.36  28.895467032340875
5.04  41.63698698953152
6.72  46.774470318647836
8.4  39.60328782533976
10.08  26.690420335573776
11.76  19.86077305747567
13.44  0.0
15.12  4.836729947637295
16.8  13.20901035370279
18.48  9.485193943977436
20.16  0.0
21.84  0.0
23.52  0.0
25.2  0.9485361800158092
26.88  11.826403825119648
28.56  11.87429088722051
30.24  1.0483449864742296
31.919999999999998  0.0
33.6  0.0
35.28  0.0
36.96  9.413739821378863
38.64  13.229159482485281
40.32  4.930030846124249
42.0  0.0
43.68  0.0
45.36  0.0
47.04  6.181156828265831
48.72  13.431793229651706
50.4  8.382320314369029
52.08  0.0
53.76  0.0
55.44  0.0
57.12  2.410206729629664
58.8  12.464543111395946
60.48  11.104525487619373
62.16  0.0
63.839999999999996  0.0
65.52  0.0
67.2  0.0
68.88  10.411654789323146
70.56  12.859547427847904
72.24  3.531362485291928
73.92  0.0
75.6  0.0
77.28  0.0
78.96  7.45193096568193
80.64  13.494527033054549
82.32  7.179565561729603
84.0  0.0
85.67999999999999  0.0
87.36  0.0
89.03999999999999  3.8431580051207943
90.72  12.954158776843634
92.39999999999999  10.20244201440216
94.08  0.0
95.75999999999999  0.0
97.44  0.0
99.11999999999999  0.0
100.8  11.285507715497609
102.47999999999999  12.336705003743159
104.16  2.0906155068892707
105.83999999999999  0.0
107.52  0.0
109.2  0.0
110.88  8.633910210313251
112.56  13.396464247412192
114.24  5.891261337787794
115.92  0.0
117.6  0.0
119.28  0.0
120.96  5.23031540455617
122.64  13.289416713401389
124.32  9.178789413802448
126.0  0.0
127.67999999999999  0.0
129.35999999999999  0.0
131.04  1.3711699885236168
132.72  12.024886040090937
134.4  11.666862237959144
136.07999999999998  0.6249574040219086
137.76  0.0
139.44  0.0
141.12  0.0
142.79999999999998  9.713010464925794
144.48  13.138773358393323
146.16  4.53275867517741
147.84  0.0
149.51999999999998  0.0
151.2  0.0
152.88  6.555149991593195
154.56  13.46632209171969
156.23999999999998  8.045765211983413
157.92  0.0
159.6  0.0
161.28  0.0
162.96  2.826348313354673
164.64  12.620979560839908
166.32  10.858000768657172
168.0  0.0
