0.0  24.630747919502348
1.68  22.9766793112694
3.36  30.806673958647245
5.04  40.95044651961126
6.72  44.118879059570084
8.4  37.41049253267678
10.08  26.968464265179808
11.76  22.355038626239004
13.44  0.0
15.12  4.97327015487561
16.8  10.930680847230363
18.48  6.878365583579239
20.16  0.0
21.84  0.0
23.52  0.0
25.2  1.8962646698010195
26.88  10.123774275605879
28.56  9.08047929425151
30.24  0.0
31.919999999999998  0.0
33.6  0.0
35.28  0.0
36.96  8.435106052375442
38.64  10.491700379120573
40.32  2.940563305114927
42.0  0.0
43.68  0.0
45.36  0.0
47.04  6.011755995894763
48.72  10.989114142471259
50.4  5.903236283645827
52.08  0.0
53.76  0.0
55.44  0.0
57.12  3.0647933269948644
58.8  10.529396783361
60.48  8.35174851208666
62.16  0.0
63.839999999999996  0.0
65.52  0.0
67.2  0.0
68.88  9.152588816997444
70.56  10.072839191870504
72.24  1.768928572683694
73.92  0.0
75.6  0.0
77.28  0.0
78.96  6.978607621357917
80.64  10.91660456980656
82.32  4.857765855311824
84.0  0.0
85.67999999999999  0.0
87.36  0.0
89.03999999999999  4.196802859664926
90.72  10.809554272348109
92.39999999999999  7.523500890982838
94.08  0.0
95.75999999999999  0.0
97.44  0.0
99.11999999999999  1.0494644817277479
100.8  9.761012178566551
102.47999999999999  9.53395318418133
104.16  0.5762158372920867
105.83999999999999  0.0
107.52  0.0
109.2  0.0
110.88  7.862304327863922
112.56  10.714016130762891
114.24  3.7544117991928707
115.92  0.0
117.6  0.0
119.28  0.0
120.96  5.2788045941309925
122.64  10.960908473021748
124.32  6.605605572113399
126.0  0.0
127.67999999999999  0.0
129.35999999999999  0.0
131.04  2.2355309331342665
132.72  10.253126353448497
134.4  8.881463554195628
136.07999999999998  0.0
137.76  0.0
139.44  0.0
141.12  0.0
142.79999999999998  8.652316260175189
144.48  10.383762806200696
146.16  2.606321339218968
147.84  0.0
149.51999999999998  0.0
151.2  0.0
152.88  6.297905734089742
154.56  10.981655895778568
156.23999999999998  5.6089999107494695
157.92  0.0
159.6  0.0
161.28  0.0
162.96  3.394959492907498
164.64  10.62306746212031
166.32  8.123145165503153
168.0  0.0
