0.0  25.1838353466179
1.68  37.84638865810163
3.36  45.51672429981338
5.04  39.71012795560391
6.72  26.84969679242056
8.4  21.16128603995216
10.08  28.937259214227982
11.76  41.57604866611098
13.44  11.763639797418197
15.12  2.2719494742001434
16.8  0.0
18.48  0.0
20.16  0.0
21.84  10.90560560827171
23.52  9.82144191347396
25.2  0.0
26.88  0.0
28.56  0.0
30.24  4.258190530977564
31.919999999999998  12.157095694875242
33.6  6.608155979055865
35.28  0.0
36.96  0.0
38.64  0.0
40.32  8.038998992405258
42.0  11.835218123006626
43.68  2.539644490727877
45.36  0.0
47.04  0.0
48.72  0.0
50.4  10.779402628651514
52.08  9.981630190944704
53.76  0.0
55.44  0.0
57.12  0.0
58.8  4.001202719749953
60.48  12.124739227569151
62.16  6.836222689848572
63.839999999999996  0.0
65.52  0.0
67.2  0.0
68.88  7.831274626813816
70.56  11.900895732255272
72.24  2.806073309912402
73.92  0.0
75.6  0.0
77.28  0.0
78.96  10.64782533344514
80.64  10.136841900366292
82.32  0.0
84.0  0.0
85.67999999999999  0.0
87.36  3.7422200181856518
89.03999999999999  12.086337696612166
90.72  7.0608810468187855
92.39999999999999  0.0
94.08  0.0
95.75999999999999  0.0
97.44  7.619645801695576
99.11999999999999  11.960639880102953
100.8  3.0711030976250218
102.47999999999999  0.0
104.16  0.0
105.83999999999999  0.0
107.52  10.510939323496487
109.2  10.286999657421898
110.88  0.0
112.56  0.0
114.24  0.0
115.92  3.481371547982377
117.6  12.041910247958253
119.28  7.282019041448975
120.96  0.0
122.64  0.0
124.32  0.0
126.0  7.404218029399742
127.67999999999999  12.014420779750079
129.35999999999999  3.3346017172561635
131.04  0.0
132.72  0.0
134.4  0.0
136.07999999999998  10.368812846429359
137.76  10.432028597557066
139.44  0.0
141.12  0.0
142.79999999999998  0.0
144.48  3.218787361059432
146.16  11.991479031919267
147.84  7.499526420377975
149.51999999999998  0.0
151.2  0.0
152.88  0.0
154.56  7.185098716326608
156.23999999999998  12.06221161750981
157.92  3.5964377955942624
159.6  0.0
161.28  0.0
162.96  0.0
164.64  10.221516762621565
166.32  10.571856413305524
168.0  0.0
