0.0  44.98342442161529
1.68  42.478770098579
3.36  38.538319910557504
5.04  33.78070829036889
6.72  28.952860646478207
8.4  24.812729153484586
10.08  22.010297385789308
11.76  20.985535576334215
13.44  0.0
15.12  0.0
16.8  0.0
18.48  0.16173102947114693
20.16  4.944502142234103
21.84  8.951006805131183
23.52  11.55224030513519
25.2  12.339819707779865
26.88  11.190098294084871
28.56  8.283577585633232
30.24  4.076569349900902
31.919999999999998  0.0
33.6  0.0
35.28  0.0
36.96  0.0
38.64  0.0
40.32  0.0
42.0  0.0
43.68  0.0
45.36  1.3772811343557314
47.04  6.035122552014508
48.72  9.745474612162162
50.4  11.92582733934905
52.08  12.233874345125715
53.76  10.621253519680629
55.44  7.3411396836808525
57.12  2.9084971852815813
58.8  0.0
60.48  0.0
62.16  0.0
63.839999999999996  0.0
65.52  0.0
67.2  0.0
68.88  0.0
70.56  0.0
72.24  2.579433700198483
73.92  7.067036145883677
75.6  10.445143054458947
77.28  12.183405569405844
78.96  12.008923642833352
80.64  9.949090217814419
82.32  6.32729064926611
84.0  1.7121325365638773
85.67999999999999  0.0
87.36  0.0
89.03999999999999  0.0
90.72  0.0
92.39999999999999  0.0
94.08  0.0
95.75999999999999  0.0
97.44  0.0
99.11999999999999  3.756494755788116
100.8  8.030204956779684
102.47999999999999  11.0432060885507
104.16  12.322469396188996
105.83999999999999  11.667155814871077
107.52  9.18014687496848
109.2  5.2518927259659485
110.88  0.49911307284060813
112.56  0.0
114.24  0.0
115.92  0.0
117.6  0.0
119.28  0.0
120.96  0.0
122.64  0.0
124.32  0.1099580107204674
126.0  4.897014408249857
127.67999999999999  8.915259734354176
129.35999999999999  11.533846040290255
131.04  12.341666072607058
132.72  11.21189541691897
134.4  8.321903408060049
136.07999999999998  4.125406875819087
137.76  0.0
139.44  0.0
141.12  0.0
142.79999999999998  0.0
144.48  0.0
146.16  0.0
147.84  0.0
149.51999999999998  0.0
151.2  1.3258160355726805
152.88  5.989898222184314
154.56  9.71359108460564
156.23999999999998  11.912290196434933
157.92  12.240808862477136
159.6  10.647571006664851
161.28  7.382708403349829
162.96  2.9587910200374794
164.64  0.0
166.32  0.0
168.0  0.0
