0.0  43.69676333370475
1.68  19.869125407744665
3.36  15.184145869825393
5.04  36.30266680920997
6.72  53.199555352317134
8.4  41.85175964276675
10.08  18.392941454480123
11.76  16.175537503180035
13.44  5.018795474975025
15.12  20.059943846672
16.8  6.580985097152297
18.48  0.0
20.16  0.0
21.84  7.013796122060382
23.52  20.035985621717742
25.2  4.572130465504873
26.88  0.0
28.56  0.0
30.24  8.93268671017738
31.919999999999998  19.79460732628793
33.6  2.513661457664412
35.28  0.0
36.96  0.0
38.64  10.754644439051471
40.32  19.33842827180525
42.0  0.42791550614900054
43.68  0.0
45.36  0.0
47.04  12.459898373261991
48.72  18.672398675546148
50.4  0.0
52.08  0.0
53.76  0.0
55.44  14.029943986126128
57.12  17.80374594346366
58.8  0.0
60.48  0.0
62.16  0.0
63.839999999999996  15.44774396117531
65.52  16.74189624214595
67.2  0.0
68.88  0.0
70.56  0.0
72.24  16.697913072231042
73.92  15.498372210970565
75.6  0.0
77.28  0.0
78.96  0.0
80.64  17.766885135859148
82.32  14.086667924429493
84.0  0.0
85.67999999999999  0.0
87.36  0.0
89.03999999999999  18.64306022451913
90.72  12.522102461467167
92.39999999999999  0.0
94.08  0.0
95.75999999999999  0.34847508615312783
97.44  19.316930542931168
99.11999999999999  10.821653670822402
100.8  0.0
102.47999999999999  0.0
104.16  2.43481188384907
105.83999999999999  19.781183601712897
107.52  9.003773936265294
109.2  0.0
110.88  0.0
112.56  4.494727372337876
114.24  20.030781568702622
115.92  7.088189940948402
117.6  0.0
119.28  0.0
120.96  6.505868422647393
122.64  20.063015936887034
124.32  5.095688603724462
126.0  0.0
127.67999999999999  0.0
129.35999999999999  8.446411180581254
131.04  19.877536915707587
132.72  3.047891510341544
134.4  0.0
136.07999999999998  0.0
137.76  10.295297887806452
139.44  19.476357226805078
141.12  0.9670202872655924
142.79999999999998  0.0
144.48  0.0
146.16  12.032465389668097
147.84  18.86383026301386
149.51999999999998  0.0
151.2  0.0
152.88  0.0
154.56  13.63906285008487
156.23999999999998  18.046602847612437
157.92  0.0
159.6  0.0
161.28  0.0
162.96  15.097656310994283
164.64  17.033543106462016
166.32  0.0
168.0  0.0
