0.0  43.32017753639639
1.68  7.998050976677067
3.36  8.696213022002027
5.04  44.4220558927668
6.72  64.3825727162724
8.4  40.19901615641042
10.08  6.254215443966167
11.76  10.80899124359339
13.44  14.054284531428255
15.12  30.651314822510443
16.8  3.670018632426383
18.48  0.0
20.16  0.0
21.84  16.86733673469992
23.52  29.92077817327822
25.2  0.4345293128914136
26.88  0.0
28.56  0.0
30.24  19.49735339328561
31.919999999999998  28.865556838104396
33.6  0.0
35.28  0.0
36.96  0.0
38.64  21.915794937530034
40.32  27.497101528792847
42.0  0.0
43.68  0.0
45.36  0.0
47.04  24.096417700616907
48.72  25.83026200893454
50.4  0.0
52.08  0.0
53.76  0.0
55.44  26.015558701159623
57.12  23.883125952014595
58.8  0.0
60.48  0.0
62.16  0.0
63.839999999999996  27.652392421538707
65.52  21.676822663409542
67.2  0.0
68.88  0.0
70.56  0.0
72.24  28.989156795561605
73.92  19.235293796180628
75.6  0.0
77.28  0.0
78.96  0.769203850508843
80.64  30.011345953145717
82.32  16.585033548737158
84.0  0.0
85.67999999999999  0.0
87.36  4.002203994228266
89.03999999999999  30.707867630457304
90.72  13.754801163606729
92.39999999999999  0.0
94.08  0.0
95.75999999999999  7.191774306697706
97.44  31.07116353737658
99.11999999999999  10.775308847129025
100.8  0.0
102.47999999999999  0.0
104.16  10.303303233725554
105.83999999999999  31.09729137612099
107.52  7.678888496604451
109.2  0.0
110.88  0.0
112.56  13.303026085549417
114.24  30.785967621005874
115.92  4.499140851400278
117.6  0.0
119.28  0.0
120.96  16.158391433646035
122.64  30.140570595117275
124.32  1.270570875242779
126.0  0.0
127.67999999999999  0.0
129.35999999999999  18.838414341864564
131.04  29.16810381051124
132.72  0.0
134.4  0.0
136.07999999999998  0.0
137.76  21.314012598799213
139.44  27.87911996975158
141.12  0.0
142.79999999999998  0.0
144.48  0.0
146.16  23.55832230278515
147.84  26.287606453483967
149.51999999999998  0.0
151.2  0.0
152.88  0.0
154.56  25.54698937495537
156.23999999999998  24.410833536673067
157.92  0.0
159.6  0.0
161.28  0.0
162.96  27.25843383700748
164.64  22.26916698058131
166.32  0.0
168.0  0.0
