0.0  23.346489130270278
1.68  58.66861568998961
3.36  57.970453644664644
5.04  22.244610773899872
6.72  2.2840939503942685
8.4  26.467650510256245
10.08  60.4124512227005
11.76  55.85767542307328
13.44  0.0
15.12  0.0
16.8  0.0
18.48  28.529104952076143
20.16  20.167141450553157
21.84  0.0
23.52  0.0
25.2  0.0
26.88  29.669509041109944
28.56  17.591097506212698
30.24  0.0
31.919999999999998  0.0
33.6  2.8056752922111006
35.28  30.487955085828666
36.96  14.824164142616567
38.64  0.0
40.32  0.0
42.0  6.015434171743474
43.68  30.97556173644082
45.36  11.89636667812323
47.04  0.0
48.72  0.0
50.4  9.159916695709798
52.08  31.127037739781194
53.76  8.839476044449281
55.44  0.0
57.12  0.0
58.8  12.205000579093417
60.48  30.940739357231475
62.16  5.686664025082996
63.839999999999996  0.0
65.52  0.0
67.2  15.117642159105625
68.88  30.418688201714954
70.56  2.472143292382013
72.24  0.0
73.92  0.0
75.6  17.866234967786035
77.28  29.566549300206887
78.96  0.0
80.64  0.0
82.32  0.0
84.0  20.420952708917437
85.67999999999999  28.393569619815505
87.36  0.0
89.03999999999999  0.0
90.72  0.0
92.39999999999999  22.75407291744023
94.08  26.912477724514936
95.75999999999999  0.0
97.44  0.0
99.11999999999999  0.0
100.8  24.840277789192648
102.47999999999999  25.139345651406053
104.16  0.0
105.83999999999999  0.0
107.52  0.0
109.2  26.656928916521085
110.88  23.09341450534724
112.56  0.0
114.24  0.0
115.92  0.0
117.6  28.184312948478194
119.28  20.79688566451708
120.96  0.0
122.64  0.0
124.32  0.0
126.0  29.405855509830676
127.67999999999999  18.274679862631885
129.35999999999999  0.0
131.04  0.0
132.72  1.9717866736578333
134.4  30.308301057537285
136.07999999999998  15.55416676213606
137.76  0.0
139.44  0.0
141.12  5.192747421540346
142.79999999999998  30.88185672299203
144.48  12.66486795289257
146.16  0.0
147.84  0.0
149.51999999999998  8.357359181572397
151.2  31.120298579129226
152.88  9.638136599282657
154.56  0.0
156.23999999999998  0.0
157.92  11.431281236763564
159.6  31.021039179234325
161.28  6.506817212010064
162.96  0.0
164.64  0.0
166.32  14.381156987517922
168.0  30.585155634567432
