0.0  34.30894169299475
1.68  34.68775961481792
3.36  34.8604956494979
5.04  34.800867253280835
6.72  34.51794714764867
8.4  34.05478286503375
10.08  33.48184687833729
11.76  32.88631390571465
13.44  0.0
15.12  0.0
16.8  0.0
18.48  0.0
20.16  0.0
21.84  0.0
23.52  0.0
25.2  0.44569113361006935
26.88  0.9734637177872972
28.56  1.3531195363867459
30.24  1.5268922948293486
31.919999999999998  1.4683417073029623
33.6  1.1863765019796022
35.28  0.7238989190299673
36.96  0.15127694699546101
38.64  0.0
40.32  0.0
42.0  0.0
43.68  0.0
45.36  0.0
47.04  0.0
48.72  0.0
50.4  0.0
52.08  0.4430334518978316
53.76  0.9713158876627443
55.44  1.3518083596045258
57.12  1.5266172726759857
58.8  1.4691446856028816
60.48  1.1881353040697817
62.16  0.7263459354739878
63.839999999999996  0.15403985353061034
65.52  0.0
67.2  0.0
68.88  0.0
70.56  0.0
72.24  0.0
73.92  0.0
75.6  0.0
77.28  0.0
78.96  0.44037431917969516
80.64  0.9691648763222458
82.32  1.3504927554322401
84.0  1.5263372506052169
85.67999999999999  1.4699428522173719
87.36  1.1898902148255062
89.03999999999999  0.7287905730181055
90.72  0.1568022555604338
92.39999999999999  0.0
94.08  0.0
95.75999999999999  0.0
97.44  0.0
99.11999999999999  0.0
100.8  0.0
102.47999999999999  0.0
104.16  0.0
105.83999999999999  0.43771374416474523
107.52  0.9670106908107039
109.2  1.3491727281787056
110.88  1.5260522295341583
112.56  1.4707362045323087
114.24  1.1916412284991666
115.92  0.731232823655731
117.6  0.1595641440376223
119.28  0.0
120.96  0.0
122.64  0.0
124.32  0.0
126.0  0.0
127.67999999999999  0.0
129.35999999999999  0.0
131.04  0.0
132.72  0.4350517355668013
134.4  0.9648533381834316
136.07999999999998  1.347848282167217
137.76  1.5257622103963007
139.44  1.471524739949336
141.12  1.1933883393559048
142.79999999999998  0.7336726793881098
144.48  0.1623255099165436
146.16  0.0
147.84  0.0
149.51999999999998  0.0
151.2  0.0
152.88  0.0
154.56  0.0
156.23999999999998  0.0
157.92  0.0
159.6  0.4323883021043598
161.28  0.9626928255061018
162.96  1.3465194217355623
164.64  1.5254671941415037
166.32  1.4723084558858766
168.0  1.1951315416736545
