0.0  30.163040011320653
1.68  40.28384526892296
3.36  29.4093826903179
5.04  30.38791676715681
6.72  40.263609825830116
8.4  29.205159833269544
10.08  30.61659826207464
11.76  40.23442220459018
13.44  0.0
15.12  0.0
16.8  6.8629867749521285
18.48  0.0
20.16  0.0
21.84  6.816019421929738
23.52  0.0
25.2  0.0
26.88  6.760247482223811
28.56  0.0
30.24  0.0
31.919999999999998  6.6957429991850335
33.6  0.0
35.28  0.0
36.96  6.622589296418772
38.64  0.0
40.32  0.0
42.0  6.540880870151852
43.68  0.0
45.36  0.0
47.04  6.4507232671671115
48.72  0.0
50.4  0.0
52.08  6.35223294846349
53.76  0.0
55.44  0.0
57.12  6.245537138817579
58.8  0.0
60.48  0.0
62.16  6.130773662441317
63.839999999999996  0.0
65.52  0.0
67.2  6.008090764947385
68.88  0.0
70.56  0.21293949410263924
72.24  5.877646921853488
73.92  0.0
75.6  0.46294820125654645
77.28  5.739610633871166
78.96  0.0
80.64  0.7123588955065929
82.32  5.594160209245871
84.0  0.0
85.67999999999999  0.9608494008225459
87.36  5.441483533426825
89.03999999999999  0.0
90.72  1.2080987298280537
92.39999999999999  5.2817778263667385
94.08  0.0
95.75999999999999  1.453787498434409
97.44  5.115249387762384
99.11999999999999  0.0
100.8  1.6975983384057263
102.47999999999999  4.942113330568042
104.16  0.0
105.83999999999999  1.9392163073186661
107.52  4.762593303122841
109.2  0.0
110.88  2.178329295388734
112.56  4.5769212002533965
114.24  0.0
115.92  2.4146284286383697
117.6  4.385336863724568
119.28  0.0
120.96  2.6478084678842406
122.64  4.188087772422438
124.32  0.0
126.0  2.8775682030299388
127.67999999999999  3.9854287226758105
129.35999999999999  0.0
131.04  3.1036108421529462
132.72  3.77762149912161
134.4  0.0
136.07999999999998  3.3256443948871195
137.76  3.564934536545596
139.44  0.0
141.12  3.543382049599339
142.79999999999998  3.3476425731318225
144.48  0.0
146.16  3.7565425438783864
147.84  3.126026295569672
149.51999999999998  0.0
151.2  3.9648505278562487
152.88  2.900371976477972
154.56  0.0
156.23999999999998  4.168036919890361
157.92  2.6709711046108406
159.6  0.0
161.28  4.365839254149892
162.96  2.438120008328945
164.64  0.0
166.32  4.558002019654967
168.0  2.202119472817475
