0.0  28.471752558773815
1.68  29.594561791783732
3.36  34.9582532955873
5.04  38.47880081939647
6.72  36.16285322867771
8.4  30.637385980052706
10.08  28.16992727954621
11.76  31.55931138076347
13.44  3.6276322654606954
15.12  4.914469306623871
16.8  0.6268320796474751
18.48  0.0
20.16  0.0
21.84  0.5527561766084466
23.52  4.890045717495095
25.2  3.6805646263093497
26.88  0.0
28.56  0.0
30.24  0.0
31.919999999999998  2.766732143776639
33.6  5.15453684390973
35.28  1.6955590721645726
36.96  0.0
38.64  0.0
40.32  0.0
42.0  4.416095030660821
43.68  4.367130362012835
45.36  0.0
47.04  0.0
48.72  0.0
50.4  1.7821908503242168
52.08  5.164255745265035
53.76  2.6885140348679375
55.44  0.0
57.12  0.0
58.8  0.0
60.48  3.744795581511573
62.16  4.858535494099885
63.839999999999996  0.46124676801132636
65.52  0.0
67.2  0.0
68.88  0.7180060808871078
70.56  4.943191687347507
72.24  3.5613232775259025
73.92  0.0
75.6  0.0
77.28  0.0
78.96  2.9061467506115415
80.64  5.132819853249118
82.32  1.5373440299857863
84.0  0.0
85.67999999999999  0.0
87.36  0.0
89.03999999999999  4.5012236962920795
90.72  4.274982244625121
92.39999999999999  0.0
94.08  0.0
95.75999999999999  0.0
97.44  1.937626515143253
99.11999999999999  5.177726076694433
100.8  2.5447396586250175
102.47999999999999  0.0
104.16  0.0
105.83999999999999  0.0
107.52  3.858102668628872
109.2  4.797598571328784
110.88  0.29518648435239636
112.56  0.0
114.24  0.0
115.92  0.8825166134795828
117.6  4.991247371657219
119.28  3.438414631672195
120.96  0.0
122.64  0.0
124.32  0.0
126.0  3.042568732898358
127.67999999999999  5.105817306141416
129.35999999999999  1.3775458972483714
131.04  0.0
132.72  0.0
134.4  0.0
136.07999999999998  4.581717195950672
137.76  4.178431934951254
139.44  0.0
141.12  0.0
142.79999999999998  0.0
144.48  2.091066895769198
146.16  5.185864609185157
147.84  2.398344819265614
149.51999999999998  0.0
151.2  0.0
152.88  0.0
154.56  3.967436848062578
156.23999999999998  4.7317212885248034
157.92  0.12882223038668172
159.6  0.0
161.28  0.0
162.96  1.0461183685366622
164.64  5.034163284753713
166.32  3.3119652547693677
168.0  0.0
