0.0  37.63972189107244
1.68  33.078951645730164
3.36  28.664159671047113
5.04  26.92879758398783
6.72  28.868712054268844
8.4  33.37067295016708
10.08  37.851206310365605
11.76  39.73913447771706
13.44  4.617726600790352
15.12  0.17974533666289272
16.8  0.0
18.48  0.0
20.16  0.0
21.84  0.0
23.52  4.199885657054103
25.2  6.386268680334128
26.88  4.90785779999559
28.56  0.6130468830225735
30.24  0.0
31.919999999999998  0.0
33.6  0.0
35.28  0.0
36.96  3.862610421831011
38.64  6.337407368050133
40.32  5.175449731942106
42.0  1.043533020276767
43.68  0.0
45.36  0.0
47.04  0.0
48.72  0.0
50.4  3.507596203091727
52.08  6.259441602414616
53.76  5.419273484482025
55.44  1.4692267469526836
57.12  0.0
58.8  0.0
60.48  0.0
62.16  0.0
63.839999999999996  3.1364733985948585
65.52  6.152729440099195
67.2  5.638209300493919
68.88  1.8881730706551165
70.56  0.0
72.24  0.0
73.92  0.0
75.6  0.0
77.28  2.7509463845504394
78.96  6.017760955194088
80.64  5.831251720351485
82.32  2.298447986341131
84.0  0.0
85.67999999999999  0.0
87.36  0.0
89.03999999999999  0.0
90.72  2.352785688296268
92.39999999999999  5.85515598854977
94.08  5.997514199482556
95.75999999999999  2.698167312286043
97.44  0.0
99.11999999999999  0.0
100.8  0.0
102.47999999999999  0.0
104.16  1.9438198571763188
105.83999999999999  5.665661301166667
107.52  6.136233179812532
109.2  3.0854953431611563
110.88  0.0
112.56  0.0
114.24  0.0
115.92  0.0
117.6  1.5259270609630144
119.28  5.450147144705974
120.96  6.246771596393947
122.64  3.45865328048443
124.32  0.0
126.0  0.0
127.67999999999999  0.0
129.35999999999999  0.0
131.04  1.1010264663891687
132.72  5.209603264871039
134.4  6.328621803118214
136.07999999999998  3.8159274017272975
137.76  0.0
139.44  0.0
141.12  0.0
142.79999999999998  0.0
144.48  0.6710694234021926
146.16  4.945134356014493
147.84  6.381407904073161
149.51999999999998  4.155676930560924
151.2  0.0
152.88  0.0
154.56  0.0
156.23999999999998  0.0
157.92  0.23803050361690392
159.6  4.657954987845004
161.28  6.404887479839665
162.96  4.476341572098223
164.64  0.0
166.32  0.0
168.0  0.0
