0.0  29.818218558741126
1.68  34.36112666728227
3.36  38.715528497071546
5.04  42.082788701866555
6.72  43.84532233552217
8.4  43.67986532783968
10.08  41.61676393986342
11.76  38.034408994426414
13.44  0.256502359365693
15.12  0.0
16.8  0.0
18.48  0.0
20.16  0.0
21.84  0.0
23.52  0.0
25.2  0.0
26.88  3.0267583565944345
28.56  7.035469500084803
30.24  9.75381405826399
31.919999999999998  10.683223885083642
33.6  9.65323709671732
35.28  6.852762270624394
36.96  2.79543096167865
38.64  0.0
40.32  0.0
42.0  0.0
43.68  0.0
45.36  0.0
47.04  0.0
48.72  0.0
50.4  0.4967784742975958
52.08  4.915771534066742
53.76  8.43316913833614
55.44  10.403849829931065
57.12  10.466373549347132
58.8  8.609272900083942
60.48  5.173156369370407
62.16  0.7882377552216666
63.839999999999996  0.0
65.52  0.0
67.2  0.0
68.88  0.0
70.56  0.0
72.24  0.0
73.92  0.0
75.6  2.512597393468522
77.28  6.6262114371173215
78.96  9.524520400478284
80.64  10.67594909298545
82.32  9.869315430747736
84.0  7.252563076135685
85.67999999999999  3.3056272773065545
87.36  0.0
89.03999999999999  0.0
90.72  0.0
92.39999999999999  0.0
94.08  0.0
95.75999999999999  0.0
97.44  0.0
99.11999999999999  0.0
100.8  4.437142187968354
102.47999999999999  8.095943596706526
104.16  10.269878203928736
105.83999999999999  10.560227405883307
107.52  8.913738621734009
109.2  5.632392282229699
110.88  1.3180159798684663
112.56  0.0
114.24  0.0
115.92  0.0
117.6  0.0
119.28  0.0
120.96  0.0
122.64  0.0
124.32  1.9921977247666551
126.0  6.200500685650024
127.67999999999999  9.271577638110495
129.35999999999999  10.642166232659436
131.04  10.060888544256636
132.72  7.634355980412689
134.4  3.807615817434599
136.07999999999998  0.0
137.76  0.0
139.44  0.0
141.12  0.0
142.79999999999998  0.0
144.48  0.0
146.16  0.0
147.84  0.0
149.51999999999998  3.9474955480601777
151.2  7.738616064765718
152.88  10.11040677179676
154.56  10.627860527743962
156.23999999999998  9.196071792030438
157.92  6.077643130379355
159.6  1.8445216095248245
161.28  0.0
162.96  0.0
164.64  0.0
166.32  0.0
168.0  0.0
