0.0  56.13475176404185
1.68  51.06493976655244
3.36  42.74299620271355
5.04  32.69523824289933
6.72  22.764512498623425
8.4  14.772200850391293
10.08  10.184163094787625
11.76  9.84188544846161
13.44  0.0
15.12  0.0
16.8  0.0
18.48  7.920211130828486
20.16  16.621435837331706
21.84  22.27414396592519
23.52  23.841579450000186
25.2  21.036260924843614
26.88  14.372708322063863
28.56  5.073075418034623
30.24  0.0
31.919999999999998  0.0
33.6  0.0
35.28  0.0
36.96  0.0
38.64  0.0
40.32  0.0
42.0  2.3191798488486777
43.68  12.052100819953843
45.36  19.574561184175224
47.04  23.506875976180723
48.72  23.127824300837847
50.4  18.50692754772302
52.08  10.491698560765247
53.76  0.5522003767331247
55.44  0.0
57.12  0.0
58.8  0.0
60.48  0.0
62.16  0.0
63.839999999999996  0.0
65.52  0.0
67.2  6.787761282447626
68.88  15.746178643298759
70.56  21.816609244004347
72.24  23.885683066329236
73.92  21.573913890791225
75.6  15.305300385429593
77.28  6.229561045001639
78.96  0.0
80.64  0.0
82.32  0.0
84.0  0.0
85.67999999999999  0.0
87.36  0.0
89.03999999999999  0.0
90.72  1.1319941554009194
92.39999999999999  11.009766415703911
94.08  18.868251307234445
95.75999999999999  23.266134030023245
97.44  23.39680446209691
99.11999999999999  19.23629650435795
100.8  11.54768367258565
102.47999999999999  1.7411247465735853
104.16  0.0
105.83999999999999  0.0
107.52  0.0
109.2  0.0
110.88  0.0
112.56  0.0
114.24  0.0
115.92  5.638457622042906
117.6  14.831824149890597
119.28  21.304904521711347
120.96  23.870479232718647
122.64  22.057999461804954
124.32  16.199889837193233
126.0  7.370578854749535
127.67999999999999  0.0
129.35999999999999  0.0
131.04  0.0
132.72  0.0
134.4  0.0
136.07999999999998  0.0
137.76  0.0
139.44  0.0
141.12  9.940095084612512
142.79999999999998  18.11509211613569
144.48  22.967622955997747
146.16  23.607691044640628
147.84  19.917902301413587
149.51999999999998  12.574996224805135
151.2  2.925725954775321
152.88  0.0
154.56  0.0
156.23999999999998  0.0
157.92  0.0
159.6  0.0
161.28  0.0
162.96  0.0
164.64  4.475153836867733
166.32  13.880642672475243
168.0  20.74030034685167
