0.0  43.8474592543494
1.68  46.52479540074466
3.36  46.782702131237755
5.04  44.57387709775496
6.72  40.303438113111845
8.4  34.7546210040471
10.08  28.945127316342976
11.76  23.940468958209628
13.44  0.0
15.12  0.0
16.8  0.0
18.48  0.0
20.16  0.0
21.84  2.80451185321726
23.52  8.135697422772763
25.2  11.974724991725491
26.88  13.617483356835157
28.56  12.762676278802822
30.24  9.567082845416031
31.919999999999998  4.616802816844673
33.6  0.0
35.28  0.0
36.96  0.0
38.64  0.0
40.32  0.0
42.0  0.0
43.68  0.0
45.36  0.0
47.04  5.288110346477875
48.72  10.067445402259434
50.4  13.000322997545476
52.08  13.548827752599156
53.76  11.612359102270274
55.44  7.546082318735338
57.12  2.0957880969915834
58.8  0.0
60.48  0.0
62.16  0.0
63.839999999999996  0.0
65.52  0.0
67.2  0.0
68.88  0.0
70.56  2.1355755561998366
72.24  7.579609761591787
73.92  11.63347730277769
75.6  13.553663448244425
77.28  12.987989279490858
78.96  10.040204382173572
80.64  5.250958265488331
82.32  0.0
84.0  0.0
85.67999999999999  0.0
87.36  0.0
89.03999999999999  0.0
90.72  0.0
92.39999999999999  0.0
94.08  0.0
95.75999999999999  4.65468326649033
97.44  9.59576771207771
99.11999999999999  12.7769045072739
100.8  13.614645365681573
102.47999999999999  11.955341293324425
104.16  8.103323156794152
105.83999999999999  2.7650847429420544
107.52  0.0
109.2  0.0
110.88  0.0
112.56  0.0
114.24  0.0
115.92  0.0
117.6  0.0
119.28  1.4613366877616567
120.96  7.004702151856293
122.64  11.263344031163374
124.32  13.456190191151027
126.0  13.181053484033058
127.67999999999999  10.488396386159275
129.35999999999999  5.872075738889723
131.04  0.17876508835336402
132.72  0.0
134.4  0.0
136.07999999999998  0.0
137.76  0.0
139.44  0.0
141.12  0.0
142.79999999999998  0.0
144.48  4.009698744580609
146.16  9.100264012330543
147.84  12.521761338149979
149.51999999999998  13.646658213950328
151.2  12.268638722871172
152.88  8.640443681310678
154.56  3.4275157646389838
156.23999999999998  0.0
157.92  0.0
159.6  0.0
161.28  0.0
162.96  0.0
164.64  0.0
166.32  0.0
168.0  0.7834693632222329
