0.0  55.45685401280006
1.68  32.012808190195344
3.36  11.297974684031637
5.04  36.12500195604216
6.72  55.18231221197718
8.4  29.082964476870114
10.08  11.768121219209796
11.76  39.02345734387299
13.44  21.185323183369956
15.12  0.0
16.8  0.0
18.48  8.487242565837095
20.16  20.1443728028446
21.84  0.0
23.52  0.0
25.2  11.133209709149273
26.88  18.744666281076903
28.56  0.0
30.24  0.0
31.919999999999998  13.580902754082373
33.6  17.011131339348378
35.28  0.0
36.96  0.0
38.64  15.78673012693289
40.32  14.974640932230162
42.0  0.0
43.68  0.0
45.36  17.711407699856558
47.04  12.67146342346239
48.72  0.0
50.4  0.0
52.08  19.320658411663207
53.76  10.142616673652261
55.44  0.0
57.12  0.0
58.8  20.58582271651807
60.48  7.433137543000341
62.16  0.0
63.839999999999996  0.0
65.52  21.484368988915
67.2  4.59127981866622
68.88  0.0
70.56  0.0
72.24  22.000294794994858
73.92  1.667654851081278
75.6  0.0
77.28  0.0
78.96  22.124411883866543
80.64  0.0
82.32  0.0
84.0  2.7570281350956747
85.67999999999999  21.85450982345045
87.36  0.0
89.03999999999999  0.0
90.72  5.656374802685657
92.39999999999999  21.19539536661285
94.08  0.0
95.75999999999999  0.0
97.44  8.454985685771828
99.11999999999999  20.158806846509428
100.8  0.0
102.47999999999999  0.0
104.16  11.103019627665855
105.83999999999999  18.763205125693112
107.52  0.0
109.2  0.0
110.88  13.553317133844365
112.56  17.03344482202505
114.24  0.0
115.92  0.0
117.6  15.762240247106536
119.28  15.00033166660913
120.96  0.0
122.64  0.0
124.32  17.690449706797285
126.0  12.700073876871125
127.67999999999999  0.0
129.35999999999999  0.0
131.04  19.30360555147771
132.72  10.173637315416025
134.4  0.0
136.07999999999998  0.0
137.76  20.572978687831068
139.44  7.466015918801296
141.12  0.0
142.79999999999998  0.0
144.48  21.47596253422527
146.16  4.625430389339272
147.84  0.0
149.51999999999998  0.0
151.2  21.99647562694303
152.88  1.70246942062654
154.56  0.0
156.23999999999998  0.0
157.92  22.125248018965532
159.6  0.0
161.28  0.0
162.96  2.722380785035381
164.64  21.859986370762446
166.32  0.0
168.0  0.0
